   1.0000000e+00   0.0000000e+00   0.0000000e+00   0.0000000e+00   0.0000000e+00   0.0000000e+00  -0.0000000e+00   0.0000000e+00   0.0000000e+00   0.0000000e+00   0.0000000e+00   0.0000000e+00   0.0000000e+00   0.0000000e+00   0.0000000e+00   0.0000000e+00   0.0000000e+00   0.0000000e+00   0.0000000e+00   0.0000000e+00   0.0000000e+00   0.0000000e+00   0.0000000e+00   0.0000000e+00   0.0000000e+00
   1.0000000e+00   2.1708666e-02   4.3576737e-04   2.2340161e-02  -8.3993746e-04  -2.5539027e-05   2.1221108e-04   4.7126618e-04   1.8989320e-07   4.9908279e-04   7.0549494e-07   6.5224190e-10   4.5033542e-08   2.1708666e-02   4.3576737e-04   2.2340161e-02  -8.3993746e-04  -2.5539027e-05   2.1221108e-04   4.7126618e-04   1.8989320e-07   4.9908279e-04   7.0549494e-07   6.5224190e-10   4.5033542e-08
   1.0000000e+00  -3.7477047e-03   6.0501896e-03   5.3403999e-02  -1.7148167e-03  -1.1308369e-04   4.7461861e-05   1.4045291e-05   3.6604794e-05   2.8519871e-03   2.9405963e-06   1.2787921e-08   2.2526282e-09  -2.5456371e-02   5.6144222e-03   3.1063838e-02  -8.7487924e-04  -8.7544663e-05  -1.6474922e-04   6.4802681e-04   3.1521737e-05   9.6496203e-04   7.6541368e-07   7.6640680e-09   2.7142305e-08
   1.0000000e+00   1.5910113e-02   3.6149005e-03  -7.4104122e-03  -9.7098799e-04  -1.0763971e-04   2.0269246e-04   2.5313170e-04   1.3067506e-05   5.4914209e-05   9.4281768e-07   1.1586307e-08   4.1084233e-08   1.9657818e-02  -2.4352891e-03  -6.0814411e-02   7.4382871e-04   5.4439800e-06   1.5523060e-04   3.8642980e-04   5.9306330e-06   3.6983926e-03   5.5328115e-07   2.9636918e-11   2.4096539e-08
   1.0000000e+00   2.9580307e-03  -2.5684368e-02  -1.8262441e-02  -5.1718543e-04  -3.7329436e-04   1.0805161e-04   8.7499456e-06   6.5968676e-04   3.3351675e-04   2.6748077e-07   1.3934868e-07   1.1675150e-08  -1.2952082e-02  -2.9299268e-02  -1.0852029e-02   4.5380256e-04  -2.6565465e-04  -9.4640850e-05   1.6775644e-04   8.5844713e-04   1.1776653e-04   2.0593676e-07   7.0572393e-08   8.9568905e-09
   1.0000000e+00   1.1782582e-02  -9.6274566e-03  -2.4719730e-02  -5.5777566e-04  -6.1523165e-04   3.8087210e-05   1.3882924e-04   9.2687921e-05   6.1106505e-04   3.1111369e-07   3.7850998e-07   1.4506356e-09   8.8245513e-03   1.6056911e-02  -6.4572890e-03  -4.0590230e-05  -2.4193729e-04  -6.9964400e-05   7.7872706e-05   2.5782440e-04   4.1696581e-05   1.6475668e-09   5.8533652e-08   4.8950173e-09
   1.0000000e+00  -2.3598263e-02  -4.0123742e-02   2.4867060e-02  -1.1111507e-03  -4.7606165e-04  -4.3793559e-04   5.5687802e-04   1.6099147e-03   6.1837067e-04   1.2346559e-06   2.2663469e-07   1.9178758e-07  -3.5380845e-02  -3.0496285e-02   4.9586790e-02  -5.5337504e-04   1.3917000e-04  -4.7602280e-04   1.2518042e-03   9.3002342e-04   2.4588497e-03   3.0622393e-07   1.9368289e-08   2.2659771e-07
   1.0000000e+00  -2.1534092e-02  -3.2042148e-02  -1.2307801e-02  -3.9628830e-04  -9.8067068e-04  -2.9516959e-04   4.6371712e-04   1.0266992e-03   1.5148197e-04   1.5704442e-07   9.6171498e-07   8.7125087e-08   2.0641710e-03   8.0815940e-03  -3.7174861e-02   7.1486240e-04  -5.0460903e-04   1.4276600e-04   4.2608019e-06   6.5312162e-05   1.3819703e-03   5.1102825e-07   2.5463027e-07   2.0382131e-08
   1.0000000e+00  -4.0218768e-02  -5.6934184e-02   2.6143045e-02  -1.1126879e-03  -6.3261184e-04  -6.3541085e-04   1.6175493e-03   3.2415013e-03   6.8345880e-04   1.2380744e-06   4.0019774e-07   4.0374695e-07  -1.8684676e-02  -2.4892036e-02   3.8450846e-02  -7.1639960e-04   3.4805884e-04  -3.4024126e-04   3.4911712e-04   6.1961346e-04   1.4784676e-03   5.1322839e-07   1.2114496e-07   1.1576412e-07
   1.0000000e+00  -4.5822798e-02  -6.8059689e-02   1.6535728e-02  -1.5050098e-03  -1.1121248e-03  -6.3753491e-04   2.0997288e-03   4.6321213e-03   2.7343030e-04   2.2650545e-06   1.2368216e-06   4.0645076e-07  -5.6040300e-03  -1.1125505e-02  -9.6073170e-03  -3.9232190e-04  -4.7951296e-04  -2.1240600e-06   3.1405152e-05   1.2377686e-04   9.2300540e-05   1.5391647e-07   2.2993268e-07   4.5116309e-12
   1.0000000e+00  -3.9417672e-02  -6.6329621e-02   2.0483944e-02  -9.5027548e-04  -7.1592230e-04  -3.5003365e-04   1.5537529e-03   4.3996186e-03   4.1959196e-04   9.0302349e-07   5.1254474e-07   1.2252356e-07   6.4051260e-03   1.7300680e-03   3.9482160e-03   5.5473432e-04   3.9620250e-04   2.8750126e-04   4.1025639e-05   2.9931353e-06   1.5588410e-05   3.0773017e-07   1.5697642e-07   8.2656975e-08
   1.0000000e+00  -4.4729369e-02  -6.8705610e-02   1.0840956e-02  -1.9386288e-03  -4.0089207e-04  -4.5843829e-04   2.0007165e-03   4.7204608e-03   1.1752633e-04   3.7582816e-06   1.6071445e-07   2.1016567e-07  -5.3116970e-03  -2.3759890e-03  -9.6429880e-03  -9.8835332e-04   3.1503023e-04  -1.0840464e-04   2.8214125e-05   5.6453237e-06   9.2987218e-05   9.7684229e-07   9.9244046e-08   1.1751566e-08
   1.0000000e+00  -3.5244967e-02  -5.9732389e-02  -4.3242977e-02  -5.9545552e-04  -9.6279473e-04  -4.8940418e-04   1.2422077e-03   3.5679583e-03   1.8699551e-03   3.5456728e-07   9.2697369e-07   2.3951645e-07   9.4844020e-03   8.9732210e-03  -5.4083933e-02   1.3431733e-03  -5.6190266e-04  -3.0965890e-05   8.9953881e-05   8.0518695e-05   2.9250718e-03   1.8041145e-06   3.1573460e-07   9.5888634e-10
   1.0000000e+00  -3.6895618e-02  -1.0117129e-01   4.6929256e-02  -1.7812644e-03  -3.2301662e-04  -4.9760357e-04   1.3612866e-03   1.0235630e-02   2.2023551e-03   3.1729029e-06   1.0433974e-07   2.4760931e-07  -1.6506510e-03  -4.1438901e-02   9.0172233e-02  -1.1858089e-03   6.3977811e-04  -8.1993900e-06   2.7246487e-06   1.7171825e-03   8.1310316e-03   1.4061427e-06   4.0931603e-07   6.7229996e-11
   1.0000000e+00  -2.7776673e-02  -6.5261570e-02   2.7838648e-02  -1.4445650e-03  -8.2607601e-04  -4.8138075e-04   7.7154356e-04   4.2590725e-03   7.7499032e-04   2.0867680e-06   6.8240157e-07   2.3172743e-07   9.1189450e-03   3.5909720e-02  -1.9090608e-02   3.3669940e-04  -5.0305939e-04   1.6222820e-05   8.3155158e-05   1.2895080e-03   3.6445131e-04   1.1336649e-07   2.5306875e-07   2.6317989e-10
   1.0000000e+00  -4.2793507e-02  -1.1047987e-01   2.5878798e-02  -1.3692064e-03  -1.7736278e-05  -5.4780292e-04   1.8312842e-03   1.2205802e-02   6.6971219e-04   1.8747262e-06   3.1457556e-10   3.0008804e-07  -1.5016834e-02  -4.5218300e-02  -1.9598500e-03   7.5358600e-05   8.0833973e-04  -6.6422170e-05   2.2550530e-04   2.0446947e-03   3.8410120e-06   5.6789186e-09   6.5341312e-07   4.4119047e-09
   1.0000000e+00  -1.4866467e-02  -9.9511764e-02   3.1066437e-02  -1.2174356e-03  -1.1266358e-03  -3.9747578e-04   2.2101184e-04   9.9025912e-03   9.6512351e-04   1.4821494e-06   1.2693082e-06   1.5798700e-07   2.7927040e-02   1.0968106e-02   5.1876390e-03   1.5177080e-04  -1.1088995e-03   1.5032714e-04   7.7991956e-04   1.2029935e-04   2.6911598e-05   2.3034376e-08   1.2296581e-06   2.2598249e-08
   1.0000000e+00  -2.7210286e-02  -8.9206905e-02  -4.5516503e-02  -2.6748160e-04  -3.4447952e-04  -4.2067034e-04   7.4039966e-04   7.9578719e-03   2.0717520e-03   7.1546406e-08   1.1866614e-07   1.7696353e-07  -1.2343819e-02   1.0304859e-02  -7.6582940e-02   9.4995400e-04   7.8215628e-04  -2.3194560e-05   1.5236987e-04   1.0619012e-04   5.8649467e-03   9.0241260e-07   6.1176845e-07   5.3798761e-10
   1.0000000e+00  -2.5582596e-02  -9.9837233e-02   1.6440716e-02  -1.8609120e-03  -8.6083442e-04  -4.0565986e-04   6.5446922e-04   9.9674731e-03   2.7029714e-04   3.4629935e-06   7.4103590e-07   1.6455992e-07   1.6276900e-03  -1.0630328e-02   6.1957219e-02  -1.5934304e-03  -5.1635490e-04   1.5010480e-05   2.6493747e-06   1.1300387e-04   3.8386970e-03   2.5390204e-06   2.6662238e-07   2.2531451e-10
   1.0000000e+00  -1.9856440e-02  -1.0593071e-01  -4.4910536e-03  -3.9522565e-04  -7.2543193e-04  -1.7753498e-04   3.9427821e-04   1.1221315e-02   2.0169562e-05   1.5620331e-07   5.2625149e-07   3.1518669e-08   5.7261560e-03  -6.0934770e-03  -2.0931770e-02   1.4656864e-03   1.3540249e-04   2.2812488e-04   3.2788863e-05   3.7130462e-05   4.3813898e-04   2.1482365e-06   1.8333834e-08   5.2040961e-08
   1.0000000e+00  -3.5795283e-02  -1.2405090e-01   3.1461832e-02  -1.3787039e-03  -8.4705365e-04  -5.0424371e-04   1.2813023e-03   1.5388626e-02   9.8984687e-04   1.9008244e-06   7.1749989e-07   2.5426172e-07  -1.5938843e-02  -1.8120190e-02   3.5952886e-02  -9.8347825e-04  -1.2162172e-04  -3.2670873e-04   2.5404672e-04   3.2834129e-04   1.2926100e-03   9.6722947e-07   1.4791843e-08   1.0673859e-07
   1.0000000e+00  -2.6766208e-02  -1.1677709e-01  -1.3952815e-02   2.1363035e-04  -9.7308280e-04  -2.3164534e-04   7.1642989e-04   1.3636889e-02   1.9468105e-04   4.5637926e-08   9.4689014e-07   5.3659564e-08   9.0290750e-03   7.2738100e-03  -4.5414647e-02   1.5923343e-03  -1.2602915e-04   2.7259837e-04   8.1524195e-05   5.2908312e-05   2.0624902e-03   2.5355284e-06   1.5883347e-08   7.4309871e-08
   1.0000000e+00  -1.1661136e-02  -1.2822326e-01   5.4601381e-02  -1.0359950e-03  -1.0330412e-03  -1.1548561e-04   1.3598209e-04   1.6441204e-02   2.9813108e-03   1.0732856e-06   1.0671741e-06   1.3336926e-08   1.5105072e-02  -1.1446170e-02   6.8554196e-02  -1.2496253e-03  -5.9958400e-05   1.1615973e-04   2.2816320e-04   1.3101481e-04   4.6996778e-03   1.5615635e-06   3.5950097e-09   1.3493083e-08
   1.0000000e+00   1.7042725e-03  -1.4344737e-01   6.6135307e-02  -1.6539046e-03  -9.0932891e-04   4.0361798e-05   2.9045448e-06   2.0577148e-02   4.3738788e-03   2.7354004e-06   8.2687907e-07   1.6290747e-09   1.3365409e-02  -1.5224110e-02   1.1533926e-02  -6.1790960e-04   1.2371229e-04   1.5584741e-04   1.7863414e-04   2.3177353e-04   1.3303145e-04   3.8181227e-07   1.5304731e-08   2.4288415e-08
   1.0000000e+00   3.3252231e-03  -1.5077603e-01   3.6205098e-02  -3.3452522e-04  -1.1133629e-03   1.3260192e-04   1.1057109e-05   2.2733411e-02   1.3108091e-03   1.1190712e-07   1.2395769e-06   1.7583269e-08   1.6209506e-03  -7.3286600e-03  -2.9930209e-02   1.3193794e-03  -2.0403399e-04   9.2240122e-05   2.6274808e-06   5.3709257e-05   8.9581741e-04   1.7407619e-06   4.1629869e-08   8.5082401e-09
   1.0000000e+00   1.5879812e-02  -1.7247014e-01   8.4517970e-02  -1.2705347e-03  -1.3225972e-03   1.3829810e-04   2.5216843e-04   2.9745949e-02   7.1432873e-03   1.6142584e-06   1.7492634e-06   1.9126364e-08   1.2554589e-02  -2.1694110e-02   4.8312872e-02  -9.3600948e-04  -2.0923430e-04   5.6961800e-06   1.5761770e-04   4.7063441e-04   2.3341336e-03   8.7611375e-07   4.3778992e-08   3.2446467e-11
   1.0000000e+00   2.2621691e-02  -1.3777605e-01   6.8879304e-02  -7.9149852e-04  -1.7072313e-03   1.9284497e-04   5.1174090e-04   1.8982240e-02   4.7443585e-03   6.2646991e-07   2.9146387e-06   3.7189182e-08   6.7418790e-03   3.4694090e-02  -1.5638666e-02   4.7903618e-04  -3.8463410e-04   5.4546870e-05   4.5452932e-05   1.2036799e-03   2.4456787e-04   2.2947566e-07   1.4794339e-07   2.9753610e-09
   1.0000000e+00   1.4073241e-02  -1.4023979e-01   5.5758258e-02  -3.2308877e-04  -1.3934528e-03   3.0913730e-05   1.9805611e-04   1.9667199e-02   3.1089833e-03   1.0438635e-07   1.9417107e-06   9.5565870e-10  -8.5484500e-03  -2.4637400e-03  -1.3121046e-02   4.6840975e-04   3.1377850e-04  -1.6193124e-04   7.3075997e-05   6.0700148e-06   1.7216185e-04   2.1940769e-07   9.8456947e-08   2.6221726e-08
   1.0000000e+00   1.1850120e-02  -1.5584530e-01   1.0249337e-01  -1.5992074e-03  -1.2395194e-03   4.0895508e-05   1.4042534e-04   2.4287758e-02   1.0504891e-02   2.5574643e-06   1.5364083e-06   1.6724426e-09  -2.2231210e-03  -1.5605510e-02   4.6735112e-02  -1.2761186e-03   1.5393340e-04   9.9817780e-06   4.9422670e-06   2.4353194e-04   2.1841707e-03   1.6284788e-06   2.3695492e-08   9.9635892e-11
   1.0000000e+00   1.8286721e-02  -1.5911267e-01   6.4299859e-02  -5.9534639e-04  -1.6791010e-03  -1.2486124e-04   3.3440416e-04   2.5316842e-02   4.1344719e-03   3.5443732e-07   2.8193802e-06   1.5590329e-08   6.4366010e-03  -3.2673700e-03  -3.8193511e-02   1.0038610e-03  -4.3958160e-04  -1.6575675e-04   4.1429832e-05   1.0675707e-05   1.4587443e-03   1.0077369e-06   1.9323198e-07   2.7475300e-08
   1.0000000e+00   2.6205583e-02  -1.6846467e-01   6.8783643e-02  -1.0488260e-03  -1.5904023e-03  -6.2784120e-05   6.8673258e-04   2.8380345e-02   4.7311895e-03   1.1000360e-06   2.5293795e-06   3.9418457e-09   7.9188620e-03  -9.3520000e-03   4.4837840e-03  -4.5347961e-04   8.8698700e-05   6.2077120e-05   6.2708375e-05   8.7459904e-05   2.0104319e-05   2.0564376e-07   7.8674594e-09   3.8535688e-09
   1.0000000e+00   1.4185778e-03  -1.5307942e-01   5.1147273e-02  -4.0050664e-04  -1.5991494e-03  -1.6543735e-04   2.0123630e-06   2.3433309e-02   2.6160435e-03   1.6040557e-07   2.5572788e-06   2.7369517e-08  -2.4787005e-02   1.5385250e-02  -1.7636370e-02   6.4831936e-04  -8.7471000e-06  -1.0265323e-04   6.1439563e-04   2.3670592e-04   3.1104155e-04   4.2031799e-07   7.6511758e-11   1.0537686e-08
   1.0000000e+00   4.8493055e-03  -1.9136941e-01   5.7377527e-02  -3.0594123e-04  -1.3415820e-03  -1.4750834e-04   2.3515764e-05   3.6622251e-02   3.2921806e-03   9.3600036e-08   1.7998423e-06   2.1758710e-08   3.4307277e-03  -3.8289990e-02   6.2302540e-03   9.4565410e-05   2.5756740e-04   1.7929010e-05   1.1769893e-05   1.4661233e-03   3.8816065e-05   8.9426168e-09   6.6340966e-08   3.2144940e-10
   1.0000000e+00   2.8495335e-02  -1.6689037e-01   4.2968802e-03  -2.0209768e-04  -2.2044093e-03   1.0582540e-04   8.1198412e-04   2.7852396e-02   1.8463179e-05   4.0843472e-08   4.8594204e-06   1.1199015e-08   2.3646029e-02   2.4479040e-02  -5.3080647e-02   1.0384355e-04  -8.6282730e-04   2.5333374e-04   5.5913471e-04   5.9922340e-04   2.8175551e-03   1.0783483e-08   7.4447095e-07   6.4177984e-08
   1.0000000e+00   1.9956478e-02  -1.6975214e-01  -3.8745195e-02  -4.7476740e-04  -1.2466656e-03  -5.4088538e-05   3.9826101e-04   2.8815789e-02   1.5011901e-03   2.2540408e-07   1.5541751e-06   2.9255699e-09  -8.5388570e-03  -2.8617700e-03  -4.3042075e-02  -2.7266972e-04   9.5774370e-04  -1.5991394e-04   7.2912079e-05   8.1897275e-06   1.8526202e-03   7.4348776e-08   9.1727299e-07   2.5572468e-08
   1.0000000e+00  -7.9864114e-03  -1.5516523e-01   1.0185207e-02  -7.3552220e-04  -1.0586578e-03  -4.3552710e-04   6.3782767e-05   2.4076249e-02   1.0373844e-04   5.4099291e-07   1.1207563e-06   1.8968385e-07  -2.7942889e-02   1.4586910e-02   4.8930402e-02  -2.6075480e-04   1.8800780e-04  -3.8143856e-04   7.8080507e-04   2.1277794e-04   2.3941842e-03   6.7993066e-08   3.5346933e-08   1.4549538e-07
   1.0000000e+00   4.5146874e-03  -1.6402743e-01   8.1056159e-02  -9.3047148e-04  -1.5512598e-03  -2.2649756e-04   2.0382402e-05   2.6904998e-02   6.5701009e-03   8.6577718e-07   2.4064070e-06   5.1301145e-08   1.2501099e-02  -8.8622000e-03   7.0870952e-02  -1.9494928e-04  -4.9260200e-04   2.0902954e-04   1.5627747e-04   7.8538589e-05   5.0226918e-03   3.8005222e-08   2.4265673e-07   4.3693349e-08
   1.0000000e+00  -6.5686645e-04  -1.9837444e-01   1.0915988e-01  -1.5441622e-03  -1.5888037e-03  -2.9342642e-04   4.3147353e-07   3.9352418e-02   1.1915879e-02   2.3844369e-06   2.5242972e-06   8.6099064e-08  -5.1715538e-03  -3.4347010e-02   2.8103721e-02  -6.1369072e-04  -3.7543900e-05  -6.6928860e-05   2.6744969e-05   1.1797171e-03   7.8981913e-04   3.7661630e-07   1.4095444e-09   4.4794723e-09
   1.0000000e+00   1.2230331e-02  -1.6715385e-01   2.7578540e-02  -1.6869170e-04  -1.8971223e-03  -3.3074113e-04   1.4958100e-04   2.7940410e-02   7.6057587e-04   2.8456890e-08   3.5990730e-06   1.0938970e-07   1.2887197e-02   3.1220590e-02  -8.1581340e-02   1.3754705e-03  -3.0831860e-04  -3.7314710e-05   1.6607986e-04   9.7472524e-04   6.6555150e-03   1.8919191e-06   9.5060359e-08   1.3923876e-09
   1.0000000e+00   2.4516085e-02  -2.2665247e-01   1.9719585e-02  -4.2553682e-05  -1.5559559e-03  -1.2520591e-04   6.0103842e-04   5.1371342e-02   3.8886203e-04   1.8108159e-09   2.4209988e-06   1.5676520e-08   1.2285754e-02  -5.9498620e-02  -7.8589550e-03   1.2613802e-04   3.4116640e-04   2.0553522e-04   1.5093975e-04   3.5400858e-03   6.1763174e-05   1.5910800e-08   1.1639451e-07   4.2244727e-08
   1.0000000e+00   3.5238270e-02  -2.0049452e-01  -3.0084046e-02   7.1306158e-04  -1.7708373e-03   3.4203777e-04   1.2417357e-03   4.0198053e-02   9.0504982e-04   5.0845682e-07   3.1358647e-06   1.1698984e-07   1.0722185e-02   2.6157950e-02  -4.9803631e-02   7.5561526e-04  -2.1488140e-04   4.6724368e-04   1.1496525e-04   6.8423835e-04   2.4804017e-03   5.7095442e-07   4.6174016e-08   2.1831666e-07
   1.0000000e+00   3.2905357e-02  -2.1252161e-01   3.3935390e-02   8.5542109e-05  -1.6199720e-03   1.7007736e-04   1.0827625e-03   4.5165435e-02   1.1516107e-03   7.3174524e-09   2.6243093e-06   2.8926308e-08  -2.3329130e-03  -1.2027090e-02   6.4019436e-02  -6.2751947e-04   1.5086530e-04  -1.7196041e-04   5.4424831e-06   1.4465089e-04   4.0984882e-03   3.9378069e-07   2.2760339e-08   2.9570383e-08
   1.0000000e+00   1.2052110e-02  -2.3174229e-01   7.1500650e-02  -9.8043731e-04  -1.7553590e-03  -2.3485471e-04   1.4525336e-04   5.3704489e-02   5.1123430e-03   9.6125732e-07   3.0812852e-06   5.5156735e-08  -2.0853247e-02  -1.9220680e-02   3.7565260e-02  -1.0659794e-03  -1.3538700e-04  -4.0493207e-04   4.3485791e-04   3.6943454e-04   1.4111488e-03   1.1363121e-06   1.8329640e-08   1.6396998e-07
   1.0000000e+00   1.7265613e-02  -2.1611984e-01   1.3901349e-02   4.8660327e-04  -1.7841864e-03  -1.4824715e-04   2.9810139e-04   4.6707785e-02   1.9324750e-04   2.3678274e-07   3.1833211e-06   2.1977217e-08   5.2135030e-03   1.5622450e-02  -5.7599301e-02   1.4670406e-03  -2.8827400e-05   8.6607560e-05   2.7180614e-05   2.4406094e-04   3.3176795e-03   2.1522081e-06   8.3101899e-10   7.5008694e-09
   1.0000000e+00   1.8606977e-02  -2.3251998e-01   4.2428163e-02  -3.5152832e-05  -1.6518215e-03  -5.4783290e-05   3.4621959e-04   5.4065541e-02   1.8001490e-03   1.2357216e-09   2.7285143e-06   3.0012089e-09   1.3413640e-03  -1.6400140e-02   2.8526814e-02  -5.2175610e-04   1.3236490e-04   9.3463860e-05   1.7992574e-06   2.6896459e-04   8.1377912e-04   2.7222943e-07   1.7520467e-08   8.7354931e-09
   1.0000000e+00   8.3109247e-03  -2.1583222e-01   6.2590325e-02   5.7724162e-05  -1.8139636e-03  -1.0835113e-04   6.9071469e-05   4.6583547e-02   3.9175488e-03   3.3320789e-09   3.2904639e-06   1.1739967e-08  -1.0296052e-02   1.6687760e-02   2.0162162e-02   9.2876994e-05  -1.6214210e-04  -5.3567840e-05   1.0600869e-04   2.7848133e-04   4.0651278e-04   8.6261360e-09   2.6290061e-08   2.8695135e-09
   1.0000000e+00   1.1313516e-03  -2.2634915e-01   9.2439848e-02  -7.5159715e-04  -1.2669735e-03  -4.9918380e-05   1.2799564e-06   5.1233938e-02   8.5451255e-03   5.6489828e-07   1.6052218e-06   2.4918447e-09  -7.1795731e-03  -1.0516930e-02   2.9849523e-02  -8.0932131e-04   5.4699010e-04   5.8432750e-05   5.1546270e-05   1.1060582e-04   8.9099402e-04   6.5500099e-07   2.9919817e-07   3.4143863e-09
   1.0000000e+00   2.1328288e-03  -2.1478585e-01   6.9174317e-02  -8.1846825e-05  -2.1561884e-03  -2.1579316e-04   4.5489587e-06   4.6132961e-02   4.7850861e-03   6.6989028e-09   4.6491484e-06   4.6566688e-08   1.0014772e-03   1.1563300e-02  -2.3265531e-02   6.6975032e-04  -8.8921490e-04  -1.6587478e-04   1.0029566e-06   1.3370991e-04   5.4128493e-04   4.4856550e-07   7.9070314e-07   2.7514443e-08
   1.0000000e+00  -9.1556850e-03  -1.9782707e-01   4.2855245e-02  -1.5851275e-05  -2.0928566e-03  -1.4912420e-04   8.3826568e-05   3.9135550e-02   1.8365720e-03   2.5126292e-10   4.3800487e-06   2.2238027e-08  -1.1288514e-02   1.6958780e-02  -2.6319072e-02   6.5995550e-05   6.3331800e-05   6.6668960e-05   1.2743054e-04   2.8760022e-04   6.9269355e-04   4.3554126e-09   4.0109169e-09   4.4447502e-09
   1.0000000e+00  -1.6730239e-02  -1.8263943e-01   2.0680330e-02  -2.1697014e-04  -1.9749215e-03  -3.4732611e-04   2.7990090e-04   3.3357161e-02   4.2767605e-04   4.7076042e-08   3.9003149e-06   1.2063543e-07  -7.5745540e-03   1.5187640e-02  -2.2174915e-02  -2.0111886e-04   1.1793510e-04  -1.9820191e-04   5.7373868e-05   2.3066441e-04   4.9172686e-04   4.0448798e-08   1.3908688e-08   3.9283997e-08
   1.0000000e+00  -1.5022346e-02  -1.9749354e-01   5.2536276e-02  -4.5876644e-04  -1.8236451e-03  -2.8910045e-04   2.2567088e-04   3.9003698e-02   2.7600603e-03   2.1046665e-07   3.3256815e-06   8.3579070e-08   1.7078930e-03  -1.4854110e-02   3.1855946e-02  -2.4179630e-04   1.5127640e-04   5.8225660e-05   2.9168985e-06   2.2064458e-04   1.0148013e-03   5.8465451e-08   2.2884549e-08   3.3902275e-09
   1.0000000e+00   3.0675732e-03  -2.0199929e-01  -6.1533755e-03  -4.6209378e-04  -2.1574706e-03  -2.9871904e-04   9.4100053e-06   4.0803713e-02   3.7864030e-05   2.1353066e-07   4.6546794e-06   8.9233065e-08   1.8089919e-02  -4.5057500e-03  -5.8689652e-02  -3.3273400e-06  -3.3382550e-04  -9.6185900e-06   3.2724518e-04   2.0301783e-05   3.4444752e-03   1.1071191e-11   1.1143946e-07   9.2517274e-11
   1.0000000e+00   4.9092197e-03  -2.1011702e-01   2.8829142e-02  -2.2882502e-04  -2.5442403e-03  -3.0173861e-04   2.4100438e-05   4.4149162e-02   8.3111943e-04   5.2360890e-08   6.4731587e-06   9.1046189e-08   1.8416465e-03  -8.1177300e-03   3.4982517e-02   2.3326876e-04  -3.8676970e-04  -3.0195700e-06   3.3916618e-06   6.5897540e-05   1.2237765e-03   5.4414314e-08   1.4959080e-07   9.1178030e-12
   1.0000000e+00  -1.6290779e-02  -2.0245540e-01   1.0316197e-02   2.3207275e-06  -2.5671120e-03  -7.0260555e-04   2.6538948e-04   4.0988189e-02   1.0642392e-04   5.3857761e-12   6.5900640e-06   4.9365456e-07  -2.1199999e-02   7.6616200e-03  -1.8512945e-02   2.3114575e-04  -2.2871700e-05  -4.0086694e-04   4.4943994e-04   5.8700421e-05   3.4272913e-04   5.3428357e-08   5.2311466e-10   1.6069430e-07
   1.0000000e+00  -2.3587788e-02  -2.0499803e-01  -3.4829131e-02   1.3608140e-03  -2.9211963e-03  -9.5123387e-04   5.5638374e-04   4.2024192e-02   1.2130684e-03   1.8518147e-06   8.5333878e-06   9.0484588e-07  -7.2970090e-03  -2.5426300e-03  -4.5145328e-02   1.3584933e-03  -3.5408430e-04  -2.4862832e-04   5.3246340e-05   6.4649673e-06   2.0381006e-03   1.8455040e-06   1.2537569e-07   6.1816042e-08
   1.0000000e+00  -2.7562330e-02  -1.9000210e-01  -3.3593121e-02   1.1317418e-03  -2.6907261e-03  -1.0381855e-03   7.5968204e-04   3.6100798e-02   1.1284978e-03   1.2808395e-06   7.2400069e-06   1.0778291e-06  -3.9745420e-03   1.4995930e-02   1.2360100e-03  -2.2907220e-04   2.3047020e-04  -8.6951630e-05   1.5796984e-05   2.2487792e-04   1.5277207e-06   5.2474073e-08   5.3116513e-08   7.5605860e-09
   1.0000000e+00  -5.9800844e-04  -1.8826885e-01  -5.5278858e-02   2.1371922e-03  -3.3079105e-03  -4.1935977e-04   3.5761409e-07   3.5445160e-02   3.0557521e-03   4.5675905e-06   1.0942272e-05   1.7586262e-07   2.6964322e-02   1.7332500e-03  -2.1685737e-02   1.0054504e-03  -6.1718440e-04   6.1882573e-04   7.2707464e-04   3.0041556e-06   4.7027119e-04   1.0109305e-06   3.8091658e-07   3.8294528e-07
   1.0000000e+00  -1.8219856e-02  -2.3049384e-01   2.2707955e-02   9.8306073e-05  -2.9105064e-03  -5.9412610e-04   3.3196315e-04   5.3127410e-02   5.1565122e-04   9.6640840e-09   8.4710475e-06   3.5298582e-07  -1.7621848e-02  -4.2224990e-02   7.7986813e-02  -2.0388861e-03   3.9740410e-04  -1.7476633e-04   3.1052951e-04   1.7829498e-03   6.0819430e-03   4.1570566e-06   1.5793002e-07   3.0543270e-08
   1.0000000e+00  -3.5092820e-03  -1.9525954e-01  -6.0858070e-04   1.0339393e-03  -3.2518914e-03  -3.3005004e-04   1.2315060e-05   3.8126288e-02   3.7037047e-07   1.0690305e-06   1.0574798e-05   1.0893303e-07   1.4710574e-02   3.5234300e-02  -2.3316536e-02   9.3563323e-04  -3.4138500e-04   2.6407606e-04   2.1640099e-04   1.2414559e-03   5.4366084e-04   8.7540954e-07   1.1654372e-07   6.9736165e-08
   1.0000000e+00  -3.0427026e-02  -1.8789388e-01   1.3857750e-03   9.4168459e-04  -2.5736718e-03  -5.9877678e-04   9.2580391e-04   3.5304110e-02   1.9203724e-06   8.8676987e-07   6.6237865e-06   3.5853363e-07  -2.6917744e-02   7.3656600e-03   1.9943557e-03  -9.2254710e-05   6.7821960e-04  -2.6872674e-04   7.2456494e-04   5.4252947e-05   3.9774547e-06   8.5109315e-09   4.5998183e-07   7.2214061e-08
   1.0000000e+00  -3.4518603e-02  -1.7285790e-01  -7.5038957e-04   1.1602290e-03  -3.2262164e-03  -7.6044914e-04   1.1915340e-03   2.9879854e-02   5.6308451e-07   1.3461313e-06   1.0408472e-05   5.7828289e-07  -4.0915770e-03   1.5035980e-02  -2.1361646e-03   2.1854441e-04  -6.5254460e-04  -1.6167236e-04   1.6741002e-05   2.2608069e-04   4.5631991e-06   4.7761659e-08   4.2581445e-07   2.6137952e-08
   1.0000000e+00  -2.5697447e-02  -1.9665663e-01   4.0198560e-02   6.8105307e-04  -2.6282377e-03  -6.1886268e-04   6.6035878e-04   3.8673830e-02   1.6159242e-03   4.6383328e-07   6.9076334e-06   3.8299102e-07   8.8211560e-03  -2.3798730e-02   4.0948950e-02  -4.7917593e-04   5.9797870e-04   1.4158646e-04   7.7812793e-05   5.6637955e-04   1.6768165e-03   2.2960957e-07   3.5757853e-07   2.0046726e-08
   1.0000000e+00  -2.4744309e-02  -2.1267420e-01   5.6139317e-02   4.7319018e-04  -2.6455752e-03  -4.9290414e-04   6.1228083e-04   4.5230315e-02   3.1516229e-03   2.2390895e-07   6.9990681e-06   2.4295449e-07   9.5313800e-04  -1.6017570e-02   1.5940757e-02  -2.0786289e-04  -1.7337500e-05   1.2595854e-04   9.0847205e-07   2.5656255e-04   2.5410773e-04   4.3206981e-08   3.0058891e-10   1.5865554e-08
   1.0000000e+00  -3.8227336e-02  -1.9806861e-01  -1.1543762e-02   2.0965100e-03  -2.8071646e-03  -8.6342542e-04   1.4613292e-03   3.9231174e-02   1.3325844e-04   4.3953542e-06   7.8801731e-06   7.4550346e-07  -1.3483027e-02   1.4605590e-02  -6.7683079e-02   1.6233198e-03  -1.6158940e-04  -3.7052128e-04   1.8179202e-04   2.1332326e-04   4.5809992e-03   2.6351672e-06   2.6111134e-08   1.3728602e-07
   1.0000000e+00  -4.9179626e-02  -2.1016672e-01   4.3371161e-02   1.0757589e-03  -2.5250720e-03  -7.7861694e-04   2.4186356e-03   4.4170050e-02   1.8810576e-03   1.1572572e-06   6.3759886e-06   6.0624434e-07  -1.0952290e-02  -1.2098110e-02   5.4914923e-02  -1.0207511e-03   2.8209260e-04   8.4808480e-05   1.1995266e-04   1.4636427e-04   3.0156488e-03   1.0419328e-06   7.9576235e-08   7.1924783e-09
   1.0000000e+00  -6.0539323e-02  -2.1193417e-01   6.8803433e-02   1.6084665e-04  -2.5104204e-03  -7.2139726e-04   3.6650096e-03   4.4916092e-02   4.7339124e-03   2.5871645e-08   6.3022106e-06   5.2041401e-07  -1.1359697e-02  -1.7674500e-03   2.5432272e-02  -9.1491225e-04   1.4651600e-05   5.7219680e-05   1.2904272e-04   3.1238795e-06   6.4680046e-04   8.3706443e-07   2.1466938e-10   3.2740918e-09
   1.0000000e+00  -5.6882100e-02  -2.2391074e-01   1.0580564e-01   2.4745455e-04  -2.8446307e-03  -6.9818035e-04   3.2355733e-03   5.0136019e-02   1.1194833e-02   6.1233754e-08   8.0919238e-06   4.8745580e-07   3.6572230e-03  -1.1976570e-02   3.7002207e-02   8.6607900e-05  -3.3421030e-04   2.3216910e-05   1.3375280e-05   1.4343823e-04   1.3691633e-03   7.5009283e-09   1.1169652e-07   5.3902491e-10
   1.0000000e+00  -4.6911142e-02  -2.6497061e-01   6.7386440e-02   1.7761532e-04  -2.6817929e-03  -3.7792351e-04   2.2006552e-03   7.0209424e-02   4.5409323e-03   3.1547202e-08   7.1920132e-06   1.4282618e-07   9.9709580e-03  -4.1059870e-02  -3.8419200e-02  -6.9839230e-05   1.6283780e-04   3.2025684e-04   9.9420003e-05   1.6859129e-03   1.4760349e-03   4.8775180e-09   2.6516149e-08   1.0256444e-07
   1.0000000e+00  -5.2146385e-02  -2.7257312e-01   8.0092650e-02   3.0110066e-04  -3.4788942e-03  -7.1298290e-04   2.7192455e-03   7.4296106e-02   6.4148326e-03   9.0661607e-08   1.2102705e-05   5.0834462e-07  -5.2352430e-03  -7.6025100e-03   1.2706210e-02   1.2348534e-04  -7.9710130e-04  -3.3505939e-04   2.7407769e-05   5.7798158e-05   1.6144777e-04   1.5248629e-08   6.3537048e-07   1.1226479e-07
   1.0000000e+00  -5.2504164e-02  -2.6939584e-01   6.9902182e-02   3.6794104e-04  -2.7960892e-03  -3.8484644e-04   2.7566872e-03   7.2574119e-02   4.8863150e-03   1.3538061e-07   7.8181148e-06   1.4810678e-07  -3.5777900e-04   3.1772800e-03  -1.0190468e-02   6.6840380e-05   6.8280500e-04   3.2813646e-04   1.2800581e-07   1.0095108e-05   1.0384564e-04   4.4676364e-09   4.6622267e-07   1.0767354e-07
   1.0000000e+00  -7.2665660e-02  -2.9080279e-01   9.2548091e-02  -1.7103143e-04  -2.5929660e-03  -6.8930439e-04   5.2802981e-03   8.4566263e-02   8.5651491e-03   2.9251750e-08   6.7234727e-06   4.7514054e-07  -2.0161496e-02  -2.1406950e-02   2.2645909e-02  -5.3897247e-04   2.0312320e-04  -3.0445795e-04   4.0648592e-04   4.5825751e-04   5.1283719e-04   2.9049132e-07   4.1259034e-08   9.2694643e-08
   1.0000000e+00  -8.7326351e-02  -3.0594771e-01   1.3287974e-01  -1.1341657e-04  -2.9504552e-03  -1.0442609e-03   7.6258916e-03   9.3604001e-02   1.7657025e-02   1.2863318e-08   8.7051859e-06   1.0904808e-06  -1.4660691e-02  -1.5144920e-02   4.0331649e-02   5.7614860e-05  -3.5748920e-04  -3.5495651e-04   2.1493586e-04   2.2936860e-04   1.6266419e-03   3.3194721e-09   1.2779853e-07   1.2599412e-07
   1.0000000e+00  -9.0012671e-02  -3.2996112e-01   1.6400218e-01  -7.5853180e-04  -2.4450156e-03  -9.9704799e-04   8.1022809e-03   1.0887434e-01   2.6896715e-02   5.7537049e-07   5.9781013e-06   9.9410469e-07  -2.6863200e-03  -2.4013410e-02   3.1122440e-02  -6.4511523e-04   5.0543960e-04   4.7212910e-05   7.2163151e-06   5.7664386e-04   9.6860627e-04   4.1617366e-07   2.5546919e-07   2.2290589e-09
   1.0000000e+00  -7.7827184e-02  -3.3012656e-01   1.8418240e-01  -9.0114327e-04  -3.1530935e-03  -1.0657664e-03   6.0570706e-03   1.0898355e-01   3.3923156e-02   8.1205919e-07   9.9419986e-06   1.1358580e-06   1.2185487e-02  -1.6544000e-04   2.0180220e-02  -1.4261147e-04  -7.0807790e-04  -6.8718410e-05   1.4848609e-04   2.7370394e-08   4.0724128e-04   2.0338031e-08   5.0137431e-07   4.7222199e-09
   1.0000000e+00  -8.4394384e-02  -3.3871640e-01   1.4989194e-01   1.7706875e-04  -3.0501358e-03  -1.2773414e-03   7.1224121e-03   1.1472880e-01   2.2467594e-02   3.1353342e-08   9.3033284e-06   1.6316011e-06  -6.5672000e-03  -8.5898400e-03  -3.4290460e-02   1.0782120e-03   1.0295770e-04  -2.1157500e-04   4.3128116e-05   7.3785351e-05   1.1758356e-03   1.1625412e-06   1.0600288e-08   4.4763981e-08
   1.0000000e+00  -9.5252284e-02  -3.6976775e-01   2.2440938e-01  -1.7779989e-03  -2.8188266e-03  -1.3335274e-03   9.0729976e-03   1.3672819e-01   5.0359570e-02   3.1612801e-06   7.9457834e-06   1.7782953e-06  -1.0857900e-02  -3.1051350e-02   7.4517440e-02  -1.9550677e-03   2.3130920e-04  -5.6186000e-05   1.1789399e-04   9.6418634e-04   5.5528489e-03   3.8222895e-06   5.3503946e-08   3.1568666e-09
   1.0000000e+00  -7.9682035e-02  -3.4868277e-01   2.5185345e-01  -1.5057804e-03  -3.4632512e-03  -1.0216421e-03   6.3492267e-03   1.2157967e-01   6.3430160e-02   2.2673746e-06   1.1994109e-05   1.0437526e-06   1.5570249e-02   2.1084980e-02   2.7444070e-02   2.7221850e-04  -6.4442460e-04   3.1188530e-04   2.4243265e-04   4.4457638e-04   7.5317698e-04   7.4102912e-08   4.1528307e-07   9.7272440e-08
   1.0000000e+00  -8.1118947e-02  -3.7282093e-01   2.8228853e-01  -1.9013967e-03  -3.1656474e-03  -1.0213565e-03   6.5802836e-03   1.3899545e-01   7.9686814e-02   3.6153094e-06   1.0021323e-05   1.0431691e-06  -1.4369120e-03  -2.4138160e-02   3.0435080e-02  -3.9561630e-04   2.9760380e-04   2.8560000e-07   2.0647161e-06   5.8265077e-04   9.2629409e-04   1.5651226e-07   8.8568022e-08   8.1567360e-14
   1.0000000e+00  -8.7970556e-02  -3.8201659e-01   2.4679872e-01  -1.4126120e-03  -3.6953938e-03  -1.1639852e-03   7.7388187e-03   1.4593668e-01   6.0909608e-02   1.9954727e-06   1.3655935e-05   1.3548615e-06  -6.8516090e-03  -9.1956600e-03  -3.5489810e-02   4.8878470e-04  -5.2974640e-04  -1.4262870e-04   4.6944546e-05   8.4560163e-05   1.2595266e-03   2.3891048e-07   2.8063125e-07   2.0342946e-08
   1.0000000e+00  -1.0275399e-01  -3.8226000e-01   2.9576216e-01  -1.7917759e-03  -3.5606392e-03  -1.5278985e-03   1.0558382e-02   1.4612271e-01   8.7475255e-02   3.2104609e-06   1.2678152e-05   2.3344738e-06  -1.4783434e-02  -2.4341000e-04   4.8963440e-02  -3.7916390e-04   1.3475460e-04  -3.6391330e-04   2.1854992e-04   5.9248428e-08   2.3974185e-03   1.4376526e-07   1.8158802e-08   1.3243289e-07
   1.0000000e+00  -1.0948083e-01  -4.1258140e-01   3.3503485e-01  -2.6538549e-03  -3.4807559e-03  -1.7079533e-03   1.1986052e-02   1.7022341e-01   1.1224835e-01   7.0429458e-06   1.2115662e-05   2.9171045e-06  -6.7268400e-03  -3.0321400e-02   3.9272690e-02  -8.6207900e-04   7.9883300e-05  -1.8005480e-04   4.5250376e-05   9.1938730e-04   1.5423442e-03   7.4318020e-07   6.3813416e-09   3.2419731e-08
   1.0000000e+00  -1.0895371e-01  -3.9458798e-01   2.9534381e-01  -1.7383526e-03  -3.2302641e-03  -1.6262101e-03   1.1870911e-02   1.5569967e-01   8.7227966e-02   3.0218698e-06   1.0434606e-05   2.6445593e-06   5.2712000e-04   1.7993420e-02  -3.9691040e-02   9.1550230e-04   2.5049180e-04   8.1743200e-05   2.7785549e-07   3.2376316e-04   1.5753787e-03   8.3814446e-07   6.2746142e-08   6.6819507e-09
   1.0000000e+00  -1.0190963e-01  -4.4357982e-01   3.8437516e-01  -2.9372535e-03  -3.2778346e-03  -1.5517723e-03   1.0385573e-02   1.9676306e-01   1.4774426e-01   8.6274581e-06   1.0744200e-05   2.4079973e-06   7.0440800e-03  -4.8991840e-02   8.9031350e-02  -1.1989009e-03  -4.7570500e-05   7.4437800e-05   4.9619063e-05   2.4002004e-03   7.9265813e-03   1.4373634e-06   2.2629525e-09   5.5409861e-09
   1.0000000e+00  -8.8924278e-02  -4.0010974e-01   3.4155297e-01  -2.4716254e-03  -3.4084757e-03  -1.0787580e-03   7.9075272e-03   1.6008780e-01   1.1665843e-01   6.1089321e-06   1.1617707e-05   1.1637188e-06   1.2985352e-02   4.3470080e-02  -4.2822190e-02   4.6562810e-04  -1.3064110e-04   4.7301430e-04   1.6861937e-04   1.8896479e-03   1.8337400e-03   2.1680953e-07   1.7067097e-08   2.2374253e-07
   1.0000000e+00  -9.1715969e-02  -4.3937611e-01   3.5838624e-01  -2.1898884e-03  -2.7152826e-03  -1.2565974e-03   8.4118190e-03   1.9305137e-01   1.2844070e-01   4.7956112e-06   7.3727596e-06   1.5790370e-06  -2.7916910e-03  -3.9266370e-02   1.6833270e-02   2.8173700e-04   6.9319310e-04  -1.7783940e-04   7.7935386e-06   1.5418478e-03   2.8335898e-04   7.9375737e-08   4.8051667e-07   3.1626852e-08
   1.0000000e+00  -6.2775653e-02  -4.0093766e-01   1.2945560e-01  -5.2365391e-04  -3.5379801e-03  -1.3606630e-03   3.9407826e-03   1.6075101e-01   1.6758752e-02   2.7421342e-07   1.2517303e-05   1.8514038e-06   2.8940316e-02   3.8438450e-02  -2.2893064e-01   1.6662345e-03  -8.2269750e-04  -1.0406560e-04   8.3754189e-04   1.4775144e-03   5.2409238e-02   2.7763374e-06   6.7683118e-07   1.0829649e-08
   1.0000000e+00  -6.4631825e-02  -3.9502987e-01   1.8350589e-01  -1.2618132e-03  -2.3996638e-03  -1.2456012e-03   4.1772728e-03   1.5604860e-01   3.3674412e-02   1.5921726e-06   5.7583864e-06   1.5515223e-06  -1.8561720e-03   5.9077900e-03   5.4050290e-02  -7.3815929e-04   1.1383163e-03   1.1506180e-04   3.4453745e-06   3.4901983e-05   2.9214338e-03   5.4487914e-07   1.2957640e-06   1.3239218e-08
   1.0000000e+00  -7.0593219e-02  -4.1751558e-01   2.9256038e-01  -1.9441556e-03  -3.3213809e-03  -1.2030381e-03   4.9834026e-03   1.7431926e-01   8.5591576e-02   3.7797410e-06   1.1031571e-05   1.4473007e-06  -5.9613940e-03  -2.2485710e-02   1.0905449e-01  -6.8234240e-04  -9.2171710e-04   4.2563100e-05   3.5538218e-05   5.0560715e-04   1.1892882e-02   4.6559115e-07   8.4956241e-07   1.8116175e-09
   1.0000000e+00  -5.6757983e-02  -3.9949323e-01   1.9312158e-01   2.1514368e-04  -3.4460106e-03  -9.8280490e-04   3.2214686e-03   1.5959484e-01   3.7295945e-02   4.6286803e-08   1.1874989e-05   9.6590547e-07   1.3835236e-02   1.8022350e-02  -9.9438800e-02   2.1592993e-03  -1.2462970e-04   2.2023320e-04   1.9141376e-04   3.2480510e-04   9.8880749e-03   4.6625734e-06   1.5532562e-08   4.8502662e-08
   1.0000000e+00  -6.6576755e-02  -4.1384852e-01   1.7840172e-01  -9.5696757e-04  -2.9606009e-03  -1.2146922e-03   4.4324643e-03   1.7127060e-01   3.1827174e-02   9.1578693e-07   8.7651577e-06   1.4754771e-06  -9.8187720e-03  -1.4355290e-02  -1.4719860e-02  -1.1721112e-03   4.8540970e-04  -2.3188730e-04   9.6408284e-05   2.0607435e-04   2.1667428e-04   1.3738448e-06   2.3562258e-07   5.3771720e-08
   1.0000000e+00  -7.3115296e-02  -4.1097658e-01   2.2444369e-01  -2.9230626e-04  -3.8973819e-03  -1.1901946e-03   5.3458465e-03   1.6890175e-01   5.0374970e-02   8.5442950e-08   1.5189586e-05   1.4165632e-06  -6.5385410e-03   2.8719400e-03   4.6041970e-02   6.6466131e-04  -9.3678100e-04   2.4497600e-05   4.2752518e-05   8.2480394e-06   2.1198630e-03   4.4177466e-07   8.7755864e-07   6.0013241e-10
   1.0000000e+00  -8.4150537e-02  -4.0955140e-01   2.2924389e-01  -8.9628707e-04  -3.8333223e-03  -1.4964137e-03   7.0813129e-03   1.6773235e-01   5.2552761e-02   8.0333051e-07   1.4694360e-05   2.2392540e-06  -1.1035241e-02   1.4251800e-03   4.8002000e-03  -6.0398081e-04   6.4059600e-05  -3.0621910e-04   1.2177654e-04   2.0311380e-06   2.3041920e-05   3.6479282e-07   4.1036324e-09   9.3770137e-08
   1.0000000e+00  -9.4437078e-02  -4.1663928e-01   1.8853285e-01   3.5679296e-04  -4.3873815e-03  -1.4678041e-03   8.9183617e-03   1.7358829e-01   3.5544636e-02   1.2730122e-07   1.9249116e-05   2.1544489e-06  -1.0286541e-02  -7.0878800e-03  -4.0711040e-02   1.2530800e-03  -5.5405920e-04   2.8609600e-05   1.0581293e-04   5.0238043e-05   1.6573888e-03   1.5702096e-06   3.0698160e-07   8.1850921e-10
   1.0000000e+00  -1.0943602e-01  -4.1245918e-01   2.2227626e-01  -6.5299351e-05  -4.6509054e-03  -1.9422863e-03   1.1976242e-02   1.7012258e-01   4.9406736e-02   4.2640052e-09   2.1630921e-05   3.7724761e-06  -1.4998942e-02   4.1801000e-03   3.3743410e-02  -4.2209231e-04  -2.6352390e-04  -4.7448220e-04   2.2496826e-04   1.7473236e-05   1.1386177e-03   1.7816192e-07   6.9444846e-08   2.2513336e-07
   1.0000000e+00  -1.3181217e-01  -3.8953733e-01   1.8153535e-01   9.5219336e-05  -4.4433923e-03  -2.3460055e-03   1.7374448e-02   1.5173933e-01   3.2955083e-02   9.0667219e-09   1.9743735e-05   5.5037418e-06  -2.2376150e-02   2.2921850e-02  -4.0740910e-02   1.6051869e-04   2.0751310e-04  -4.0371920e-04   5.0069209e-04   5.2541121e-04   1.6598217e-03   2.5766249e-08   4.3061687e-08   1.6298919e-07
   1.0000000e+00  -1.2012868e-01  -4.0106891e-01   1.9119769e-01   5.4601541e-04  -4.3962836e-03  -2.1818683e-03   1.4430900e-02   1.6085627e-01   3.6556557e-02   2.9813283e-07   1.9327309e-05   4.7605493e-06   1.1683490e-02  -1.1531580e-02   9.6623400e-03   4.5079607e-04   4.7108700e-05   1.6413720e-04   1.3650394e-04   1.3297734e-04   9.3360814e-05   2.0321710e-07   2.2192296e-09   2.6941020e-08
   1.0000000e+00  -1.1326192e-01  -4.0995476e-01   2.7078943e-01  -8.6141966e-04  -5.2339696e-03  -2.1853048e-03   1.2828263e-02   1.6806291e-01   7.3326915e-02   7.4204383e-07   2.7394438e-05   4.7755571e-06   6.8667600e-03  -8.8858500e-03   7.9591740e-02  -1.4074351e-03  -8.3768600e-04  -3.4365000e-06   4.7152393e-05   7.8958330e-05   6.3348451e-03   1.9808735e-06   7.0171783e-07   1.1809532e-11
   1.0000000e+00  -1.2303317e-01  -3.9048020e-01   2.4497092e-01  -3.6900171e-04  -4.5043006e-03  -2.1450587e-03   1.5137161e-02   1.5247479e-01   6.0010752e-02   1.3616226e-07   2.0288724e-05   4.6012768e-06  -9.7712500e-03   1.9474560e-02  -2.5818510e-02   4.9241795e-04   7.2966900e-04   4.0246100e-05   9.5477327e-05   3.7925849e-04   6.6659546e-04   2.4247544e-07   5.3241685e-07   1.6197486e-09
   1.0000000e+00  -1.1174265e-01  -4.2738068e-01   3.0846015e-01  -2.1739090e-03  -3.6979199e-03  -2.0812934e-03   1.2486420e-02   1.8265425e-01   9.5147664e-02   4.7258803e-06   1.3674612e-05   4.3317822e-06   1.1290520e-02  -3.6900480e-02   6.3489230e-02  -1.8049073e-03   8.0638070e-04   6.3765300e-05   1.2747584e-04   1.3616454e-03   4.0308823e-03   3.2576903e-06   6.5024983e-07   4.0660135e-09
   1.0000000e+00  -1.2064016e-01  -4.1477410e-01   2.5061288e-01  -1.3928879e-03  -4.6365835e-03  -1.9575996e-03   1.4554048e-02   1.7203755e-01   6.2806816e-02   1.9401367e-06   2.1497907e-05   3.8321962e-06  -8.8975100e-03   1.2606580e-02  -5.7847270e-02   7.8102110e-04  -9.3866360e-04   1.2369380e-04   7.9165684e-05   1.5892586e-04   3.3463066e-03   6.0999396e-07   8.8108935e-07   1.5300156e-08
   1.0000000e+00  -1.2549049e-01  -4.5704900e-01   2.7350512e-01  -1.4186135e-03  -3.9991322e-03  -2.2418665e-03   1.5747863e-02   2.0889379e-01   7.4805051e-02   2.0124643e-06   1.5993058e-05   5.0259654e-06  -4.8503300e-03  -4.2274900e-02   2.2892240e-02  -2.5725600e-05   6.3745130e-04  -2.8426690e-04   2.3525701e-05   1.7871672e-03   5.2405465e-04   6.6180650e-10   4.0634416e-07   8.0807670e-08
   1.0000000e+00  -1.3278254e-01  -4.4032005e-01   2.9075925e-01  -1.6882680e-03  -4.5731905e-03  -2.5206307e-03   1.7631203e-02   1.9388175e-01   8.4540941e-02   2.8502488e-06   2.0914071e-05   6.3535791e-06  -7.2920500e-03   1.6728950e-02   1.7254130e-02  -2.6965450e-04  -5.7405830e-04  -2.7876420e-04   5.3173993e-05   2.7985777e-04   2.9770500e-04   7.2713549e-08   3.2954293e-07   7.7709479e-08
   1.0000000e+00  -1.5528208e-01  -4.5011853e-01   2.4686816e-01  -1.9169778e-04  -4.1466977e-03  -2.7665743e-03   2.4112524e-02   2.0260669e-01   6.0943888e-02   3.6748039e-08   1.7195102e-05   7.6539334e-06  -2.2499540e-02  -9.7984800e-03  -4.3891090e-02   1.4965702e-03   4.2649280e-04  -2.4594360e-04   5.0622930e-04   9.6010210e-05   1.9264278e-03   2.2397224e-06   1.8189611e-07   6.0488254e-08
   1.0000000e+00  -1.5978727e-01  -4.3156362e-01   2.1329048e-01   2.8663628e-04  -4.3831198e-03  -2.6980725e-03   2.5531972e-02   1.8624716e-01   4.5492829e-02   8.2160357e-08   1.9211739e-05   7.2795952e-06  -4.5051900e-03   1.8554910e-02  -3.3577680e-02   4.7833406e-04  -2.3642210e-04   6.8501800e-05   2.0296737e-05   3.4428469e-04   1.1274606e-03   2.2880347e-07   5.5895409e-08   4.6924966e-09
   1.0000000e+00  -1.8773748e-01  -4.2035419e-01   1.7887518e-01   1.6430710e-03  -4.9338447e-03  -3.4822120e-03   3.5245361e-02   1.7669765e-01   3.1996330e-02   2.6996823e-06   2.4342824e-05   1.2125800e-05  -2.7950210e-02   1.1209430e-02  -3.4415300e-02   1.3564347e-03  -5.5072490e-04  -7.8413950e-04   7.8121424e-04   1.2565132e-04   1.1844129e-03   1.8399151e-06   3.0329792e-07   6.1487476e-07
   1.0000000e+00  -2.2104132e-01  -4.1508599e-01   1.9747556e-01   1.1703378e-03  -4.6476829e-03  -4.1131531e-03   4.8859265e-02   1.7229638e-01   3.8996597e-02   1.3696906e-06   2.1600956e-05   1.6918028e-05  -3.3303840e-02   5.2682000e-03   1.8600380e-02  -4.7273320e-04   2.8616180e-04  -6.3094110e-04   1.1091458e-03   2.7753931e-05   3.4597414e-04   2.2347668e-07   8.1888576e-08   3.9808667e-07
   1.0000000e+00  -2.4985532e-01  -4.1867989e-01   1.7540087e-01   2.1814921e-03  -5.3060041e-03  -4.5012616e-03   6.2427681e-02   1.7529285e-01   3.0765465e-02   4.7589078e-06   2.8153680e-05   2.0261356e-05  -2.8814000e-02  -3.5939000e-03  -2.2074690e-02   1.0111543e-03  -6.5832120e-04  -3.8810850e-04   8.3024660e-04   1.2916117e-05   4.8729194e-04   1.0224330e-06   4.3338680e-07   1.5062821e-07
   1.0000000e+00  -2.4542214e-01  -4.4210202e-01   2.1690660e-01   6.1628548e-04  -5.2077968e-03  -4.5272614e-03   6.0232027e-02   1.9545420e-01   4.7048473e-02   3.7980779e-07   2.7121148e-05   2.0496096e-05   4.4331800e-03  -2.3422130e-02   4.1505730e-02  -1.5652066e-03   9.8207300e-05  -2.5999800e-05   1.9653085e-05   5.4859617e-04   1.7227256e-03   2.4498718e-06   9.6446738e-09   6.7598960e-10
   1.0000000e+00  -2.1785412e-01  -4.0886235e-01   1.5094446e-01   1.6821615e-03  -5.2090094e-03  -3.9120389e-03   4.7460418e-02   1.6716842e-01   2.2784230e-02   2.8296673e-06   2.7133779e-05   1.5304048e-05   2.7568020e-02   3.3239670e-02  -6.5962140e-02   1.0658760e-03  -1.2126000e-06   6.1522250e-04   7.5999573e-04   1.1048757e-03   4.3510039e-03   1.1360917e-06   1.4703988e-12   3.7849872e-07
   1.0000000e+00  -2.1005660e-01  -4.2926083e-01   2.0382552e-01   1.7513553e-03  -5.0508240e-03  -3.6061736e-03   4.4123775e-02   1.8426486e-01   4.1544843e-02   3.0672454e-06   2.5510823e-05   1.3004488e-05   7.7975200e-03  -2.0398480e-02   5.2881060e-02   6.9193800e-05   1.5818540e-04   3.0586530e-04   6.0801318e-05   4.1609799e-04   2.7964065e-03   4.7877820e-09   2.5022621e-08   9.3553582e-08
   1.0000000e+00  -2.4021481e-01  -4.5499662e-01   2.6727920e-01   8.8130465e-04  -4.8756450e-03  -4.0416719e-03   5.7703155e-02   2.0702192e-01   7.1438171e-02   7.7669789e-07   2.3771914e-05   1.6335112e-05  -3.0158210e-02  -2.5735790e-02   6.3453680e-02  -8.7005065e-04   1.7517900e-04  -4.3549830e-04   9.0951763e-04   6.6233089e-04   4.0263695e-03   7.5698813e-07   3.0687682e-08   1.8965877e-07
   1.0000000e+00  -2.2403726e-01  -4.8404044e-01   2.4177470e-01   2.0030812e-03  -5.0023498e-03  -3.6496649e-03   5.0192694e-02   2.3429515e-01   5.8455006e-02   4.0123343e-06   2.5023504e-05   1.3320054e-05   1.6177550e-02  -2.9043820e-02  -2.5504500e-02   1.1217766e-03  -1.2670480e-04   3.9200700e-04   2.6171312e-04   8.4354348e-04   6.5047952e-04   1.2583826e-06   1.6054106e-08   1.5366949e-07
   1.0000000e+00  -1.9519237e-01  -5.3602256e-01   3.2122789e-01   1.0623358e-03  -5.3289812e-03  -3.3257192e-03   3.8100061e-02   2.8732018e-01   1.0318736e-01   1.1285574e-06   2.8398041e-05   1.1060408e-05   2.8844890e-02  -5.1982120e-02   7.9453190e-02  -9.4074540e-04  -3.2663140e-04   3.2394570e-04   8.3202768e-04   2.7021408e-03   6.3128094e-03   8.8500191e-07   1.0668807e-07   1.0494082e-07
   1.0000000e+00  -2.0514025e-01  -4.8833923e-01   2.6004843e-01   1.9742868e-03  -6.1615260e-03  -3.3676315e-03   4.2082522e-02   2.3847520e-01   6.7625186e-02   3.8978084e-06   3.7964403e-05   1.1340942e-05  -9.9478800e-03   4.7683330e-02  -6.1179460e-02   9.1195100e-04  -8.3254480e-04  -4.1912300e-05   9.8960316e-05   2.2737000e-03   3.7429263e-03   8.3165463e-07   6.9313084e-07   1.7566409e-09
   1.0000000e+00  -2.0656347e-01  -5.3146215e-01   3.0130461e-01   2.0569165e-03  -5.5356203e-03  -3.3228288e-03   4.2668467e-02   2.8245202e-01   9.0784468e-02   4.2309055e-06   3.0643092e-05   1.1041191e-05  -1.4232200e-03  -4.3122920e-02   4.1256180e-02   8.2629700e-05   6.2590570e-04   4.4802700e-05   2.0255552e-06   1.8595862e-03   1.7020724e-03   6.8276673e-09   3.9175795e-07   2.0072819e-09
   1.0000000e+00  -1.9936146e-01  -5.4527170e-01   3.6016488e-01   5.7272099e-04  -5.9862229e-03  -3.3431864e-03   3.9744992e-02   2.9732123e-01   1.2971874e-01   3.2800933e-07   3.5834865e-05   1.1176895e-05   7.2020100e-03  -1.3809550e-02   5.8860270e-02  -1.4841955e-03  -4.5060260e-04  -2.0357600e-05   5.1868948e-05   1.9070367e-04   3.4645314e-03   2.2028363e-06   2.0304270e-07   4.1443188e-10
   1.0000000e+00  -1.7453927e-01  -5.2709591e-01   3.3031309e-01   2.4704430e-03  -5.8541746e-03  -2.4932050e-03   3.0463957e-02   2.7783010e-01   1.0910674e-01   6.1030886e-06   3.4271360e-05   6.2160712e-06   2.4822190e-02   1.8175790e-02  -2.9851790e-02   1.8977220e-03   1.3204830e-04   8.4998140e-04   6.1614112e-04   3.3035934e-04   8.9112937e-04   3.6013488e-06   1.7436754e-08   7.2246838e-07
   1.0000000e+00  -2.1434890e-01  -5.2259651e-01   2.9574449e-01   2.9569893e-03  -5.6220716e-03  -3.3360055e-03   4.5945451e-02   2.7310711e-01   8.7464803e-02   8.7437857e-06   3.1607689e-05   1.1128933e-05  -3.9809630e-02   4.4994000e-03  -3.4568600e-02   4.8654630e-04   2.3210300e-04  -8.4280050e-04   1.5848066e-03   2.0244600e-05   1.1949881e-03   2.3672730e-07   5.3871803e-08   7.1031268e-07
   1.0000000e+00  -2.2242893e-01  -5.0466119e-01   3.1979822e-01   3.6755742e-03  -6.2805550e-03  -3.4468629e-03   4.9474629e-02   2.5468292e-01   1.0227090e-01   1.3509846e-05   3.9445371e-05   1.1880864e-05  -8.0800300e-03   1.7935320e-02   2.4053730e-02   7.1858490e-04  -6.5848340e-04  -1.1085740e-04   6.5286885e-05   3.2167570e-04   5.7858193e-04   5.1636426e-07   4.3360039e-07   1.2289363e-08
   1.0000000e+00  -2.6609396e-01  -4.9247683e-01   3.3802798e-01   2.0005556e-03  -5.5524403e-03  -3.8187671e-03   7.0805996e-02   2.4253343e-01   1.1426292e-01   4.0022227e-06   3.0829593e-05   1.4582982e-05  -4.3665030e-02   1.2184360e-02   1.8229760e-02  -1.6750186e-03   7.2811470e-04  -3.7190420e-04   1.9066348e-03   1.4845863e-04   3.3232415e-04   2.8056873e-06   5.3015102e-07   1.3831273e-07
   1.0000000e+00  -2.5109487e-01  -4.7333246e-01   3.0384776e-01   3.6938828e-03  -6.0107206e-03  -3.9139755e-03   6.3048634e-02   2.2404362e-01   9.2323461e-02   1.3644770e-05   3.6128762e-05   1.5319204e-05   1.4999090e-02   1.9144370e-02  -3.4180220e-02   1.6933272e-03  -4.5828030e-04  -9.5208400e-05   2.2497270e-04   3.6650690e-04   1.1682874e-03   2.8673570e-06   2.1002083e-07   9.0646394e-09
   1.0000000e+00  -2.6516504e-01  -4.8352387e-01   3.5833844e-01   1.5413259e-03  -5.8579115e-03  -3.6161656e-03   7.0312498e-02   2.3379533e-01   1.2840644e-01   2.3756855e-06   3.4315127e-05   1.3076654e-05  -1.4070170e-02  -1.0191410e-02   5.4490680e-02  -2.1525569e-03   1.5280910e-04   2.9780990e-04   1.9796968e-04   1.0386484e-04   2.9692342e-03   4.6335012e-06   2.3350621e-08   8.8690737e-08
   1.0000000e+00  -2.7756873e-01  -4.5936969e-01   3.2581357e-01   2.9517350e-03  -5.8933441e-03  -4.2131455e-03   7.7044400e-02   2.1102051e-01   1.0615448e-01   8.7127395e-06   3.4731505e-05   1.7750595e-05  -1.2403690e-02   2.4154180e-02  -3.2524870e-02   1.4104091e-03  -3.5432600e-05  -5.9697990e-04   1.5385153e-04   5.8342441e-04   1.0578672e-03   1.9892538e-06   1.2554691e-09   3.5638500e-07
   1.0000000e+00  -2.6942100e-01  -4.6616752e-01   3.3503785e-01   2.5034749e-03  -5.9207467e-03  -3.8443559e-03   7.2587675e-02   2.1731216e-01   1.1225036e-01   6.2673866e-06   3.5055241e-05   1.4779072e-05   8.1477300e-03  -6.7978300e-03   9.2242800e-03  -4.4826010e-04  -2.7402600e-05   3.6878960e-04   6.6385504e-05   4.6210493e-05   8.5087342e-05   2.0093712e-07   7.5090249e-10   1.3600577e-07
   1.0000000e+00  -2.6539074e-01  -4.8758308e-01   3.0401315e-01   2.9406055e-03  -5.9940739e-03  -3.8356260e-03   7.0432245e-02   2.3773726e-01   9.2423995e-02   8.6471607e-06   3.5928922e-05   1.4712027e-05   4.0302600e-03  -2.1415560e-02  -3.1024700e-02   4.3713060e-04  -7.3327200e-05   8.7299000e-06   1.6242996e-05   4.5862621e-04   9.6253201e-04   1.9108316e-07   5.3768783e-09   7.6211154e-11
   1.0000000e+00  -2.6898223e-01  -5.2252398e-01   3.5010049e-01   1.2827487e-03  -4.9398644e-03  -3.7459808e-03   7.2351440e-02   2.7303131e-01   1.2257035e-01   1.6454442e-06   2.4402260e-05   1.4032372e-05  -3.5914900e-03  -3.4940900e-02   4.6087340e-02  -1.6578568e-03   1.0542095e-03   8.9645200e-05   1.2898800e-05   1.2208665e-03   2.1240429e-03   2.7484892e-06   1.1113577e-06   8.0362619e-09
   1.0000000e+00  -2.3089338e-01  -4.5876216e-01   2.4744416e-01   2.8044977e-03  -5.4665070e-03  -3.1919006e-03   5.3311753e-02   2.1046272e-01   6.1228612e-02   7.8652073e-06   2.9882699e-05   1.0188229e-05   3.8088850e-02   6.3761820e-02  -1.0265633e-01   1.5217490e-03  -5.2664260e-04   5.5408020e-04   1.4507605e-03   4.0655697e-03   1.0538322e-02   2.3157200e-06   2.7735243e-07   3.0700487e-07
   1.0000000e+00  -2.1922476e-01  -4.9990951e-01   3.0558596e-01   2.8835764e-03  -5.2080123e-03  -3.2081695e-03   4.8059495e-02   2.4990952e-01   9.3382779e-02   8.3150129e-06   2.7123392e-05   1.0292352e-05   1.1668620e-02  -4.1147350e-02   5.8141800e-02   7.9078700e-05   2.5849470e-04  -1.6268900e-05   1.3615669e-04   1.6931044e-03   3.3804689e-03   6.2534408e-09   6.6819510e-08   2.6467711e-10
   1.0000000e+00  -2.0702179e-01  -5.0439554e-01   1.9635197e-01   3.6208648e-03  -5.0820731e-03  -3.0462770e-03   4.2858022e-02   2.5441486e-01   3.8554096e-02   1.3110662e-05   2.5827467e-05   9.2798036e-06   1.2202970e-02  -4.4860300e-03  -1.0923399e-01   7.3728840e-04   1.2593920e-04   1.6189250e-04   1.4891248e-04   2.0124465e-05   1.1932065e-02   5.4359418e-07   1.5860682e-08   2.6209182e-08
   1.0000000e+00  -2.1055384e-01  -5.1691236e-01   1.8947277e-01   3.3756935e-03  -4.8085549e-03  -3.0443073e-03   4.4332920e-02   2.6719839e-01   3.5899931e-02   1.1395307e-05   2.3122200e-05   9.2678069e-06  -3.5320500e-03  -1.2516820e-02  -6.8792000e-03  -2.4517130e-04   2.7351820e-04   1.9697000e-06   1.2475377e-05   1.5667078e-04   4.7323393e-05   6.0108966e-08   7.4812206e-08   3.8797181e-12
   1.0000000e+00  -2.0665761e-01  -5.0587660e-01   1.6922053e-01   3.4218092e-03  -5.1568092e-03  -3.2134574e-03   4.2707368e-02   2.5591113e-01   2.8635588e-02   1.1708778e-05   2.6592681e-05   1.0326308e-05   3.8962300e-03   1.1035760e-02  -2.0252240e-02   4.6115700e-05  -3.4825430e-04  -1.6915010e-04   1.5180608e-05   1.2178800e-04   4.1015323e-04   2.1266578e-09   1.2128106e-07   2.8611756e-08
   1.0000000e+00  -2.0321781e-01  -5.1896636e-01   2.1819520e-01   3.6504089e-03  -4.7197876e-03  -3.0474486e-03   4.1297478e-02   2.6932608e-01   4.7609145e-02   1.3325485e-05   2.2276395e-05   9.2869430e-06   3.4398000e-03  -1.3089760e-02   4.8974670e-02   2.2859970e-04   4.3702160e-04   1.6600880e-04   1.1832224e-05   1.7134182e-04   2.3985183e-03   5.2257823e-08   1.9098788e-07   2.7558922e-08
   1.0000000e+00  -2.0460878e-01  -4.6293018e-01   1.9687887e-01   2.8004476e-03  -4.9300872e-03  -3.0562557e-03   4.1864753e-02   2.1430435e-01   3.8761289e-02   7.8425068e-06   2.4305760e-05   9.3406989e-06  -1.3909700e-03   5.6036180e-02  -2.1316330e-02  -8.4996130e-04  -2.1029960e-04  -8.8071000e-06   1.9347975e-06   3.1400535e-03   4.5438592e-04   7.2243421e-07   4.4225922e-08   7.7565010e-11
   1.0000000e+00  -1.9944682e-01  -4.9853702e-01   1.6967669e-01   4.0530003e-03  -4.7080978e-03  -2.9575221e-03   3.9779034e-02   2.4853916e-01   2.8790179e-02   1.6426811e-05   2.2166185e-05   8.7469370e-06   5.1619600e-03  -3.5606840e-02  -2.7202180e-02   1.2525527e-03   2.2198940e-04   9.8733600e-05   2.6645831e-05   1.2678471e-03   7.3995860e-04   1.5688883e-06   4.9279294e-08   9.7483238e-09
   1.0000000e+00  -2.0265791e-01  -5.0195742e-01   2.1300068e-01   2.5209333e-03  -4.5640987e-03  -2.9986039e-03   4.1070228e-02   2.5196125e-01   4.5369290e-02   6.3551047e-06   2.0830997e-05   8.9916253e-06  -3.2110900e-03  -3.4204000e-03   4.3323990e-02  -1.5320670e-03   1.4399910e-04  -4.1081800e-05   1.0311099e-05   1.1699136e-05   1.8769681e-03   2.3472293e-06   2.0735741e-08   1.6877143e-09
   1.0000000e+00  -1.9910338e-01  -5.0140367e-01   2.4502985e-01   2.6522431e-03  -4.3989079e-03  -2.7711718e-03   3.9642156e-02   2.5140564e-01   6.0039627e-02   7.0343935e-06   1.9350391e-05   7.6793931e-06   3.5545300e-03   5.5375000e-04   3.2029170e-02   1.3130980e-04   1.6519080e-04   2.2743210e-04   1.2634684e-05   3.0663906e-07   1.0258677e-03   1.7242264e-08   2.7288000e-08   5.1725360e-08
   1.0000000e+00  -2.1976979e-01  -5.6143757e-01   3.4012745e-01   1.1240595e-03  -3.7747147e-03  -3.1738779e-03   4.8298761e-02   3.1521215e-01   1.1568668e-01   1.2635098e-06   1.4248471e-05   1.0073501e-05  -2.0666410e-02  -6.0033900e-02   9.5097600e-02  -1.5281836e-03   6.2419320e-04  -4.0270610e-04   4.2710050e-04   3.6040691e-03   9.0435535e-03   2.3353451e-06   3.8961715e-07   1.6217220e-07
   1.0000000e+00  -2.0511249e-01  -5.7132082e-01   3.5529303e-01   5.3003635e-04  -4.0008062e-03  -2.9853308e-03   4.2071134e-02   3.2640748e-01   1.2623314e-01   2.8093853e-07   1.6006450e-05   8.9122000e-06   1.4657300e-02  -9.8832500e-03   1.5165580e-02  -5.9402315e-04  -2.2609150e-04   1.8854710e-04   2.1483644e-04   9.7678631e-05   2.2999482e-04   3.5286350e-07   5.1117366e-08   3.5550009e-08
   1.0000000e+00  -1.9217021e-01  -5.7352908e-01   2.8809999e-01   1.8406913e-03  -3.6494556e-03  -2.8144579e-03   3.6929390e-02   3.2893561e-01   8.3001604e-02   3.3881445e-06   1.3318526e-05   7.9211733e-06   1.2942280e-02  -2.2082600e-03  -6.7193040e-02   1.3106550e-03   3.5135060e-04   1.7087290e-04   1.6750261e-04   4.8764122e-06   4.5149046e-03   1.7178164e-06   1.2344724e-07   2.9197548e-08
   1.0000000e+00  -1.9431900e-01  -5.8488120e-01   3.2962241e-01   8.0167794e-04  -4.1414826e-03  -3.0613067e-03   3.7759874e-02   3.4208602e-01   1.0865093e-01   6.4268752e-07   1.7151878e-05   9.3715987e-06  -2.1487900e-03  -1.1352120e-02   4.1522420e-02  -1.0390134e-03  -4.9202700e-04  -2.4684880e-04   4.6172985e-06   1.2887063e-04   1.7241114e-03   1.0795488e-06   2.4209057e-07   6.0934330e-08
   1.0000000e+00  -2.0333516e-01  -5.8290675e-01   3.0129897e-01   1.3395371e-03  -4.2341427e-03  -3.1561395e-03   4.1345187e-02   3.3978028e-01   9.0781069e-02   1.7943596e-06   1.7927964e-05   9.9612165e-06  -9.0161600e-03   1.9744500e-03  -2.8323440e-02   5.3785916e-04  -9.2660100e-05  -9.4832800e-05   8.1291141e-05   3.8984528e-06   8.0221725e-04   2.8929248e-07   8.5858941e-09   8.9932600e-09
   1.0000000e+00  -2.0247216e-01  -6.1937198e-01   3.3201117e-01   1.3121603e-03  -4.2740363e-03  -2.9761634e-03   4.0994976e-02   3.8362165e-01   1.1023142e-01   1.7217647e-06   1.8267386e-05   8.8575486e-06   8.6300000e-04  -3.6465230e-02   3.0712200e-02  -2.7376800e-05  -3.9893600e-05   1.7997610e-04   7.4476900e-07   1.3297130e-03   9.4323923e-04   7.4948918e-10   1.5914993e-09   3.2391397e-08
   1.0000000e+00  -1.9854601e-01  -6.0426127e-01   2.5965659e-01   2.2626510e-03  -4.5526099e-03  -3.0075866e-03   3.9420518e-02   3.6513168e-01   6.7421545e-02   5.1195895e-06   2.0726257e-05   9.0455772e-06   3.9261500e-03   1.5110710e-02  -7.2354580e-02   9.5049070e-04  -2.7857360e-04  -3.1423200e-05   1.5414654e-05   2.2833356e-04   5.2351852e-03   9.0343257e-07   7.7603251e-08   9.8741750e-10
   1.0000000e+00  -1.9703812e-01  -6.0588671e-01   2.9280822e-01   1.8690116e-03  -4.3470280e-03  -3.0538536e-03   3.8824021e-02   3.6709871e-01   8.5736654e-02   3.4932044e-06   1.8896652e-05   9.3260218e-06   1.5078900e-03  -1.6254400e-03   3.3151630e-02  -3.9363940e-04   2.0558190e-04  -4.6267000e-05   2.2737323e-06   2.6420552e-06   1.0990306e-03   1.5495198e-07   4.2263918e-08   2.1406353e-09
   1.0000000e+00  -1.9023333e-01  -6.1772682e-01   2.9105329e-01   1.9928734e-03  -4.1001572e-03  -2.9849495e-03   3.6188720e-02   3.8158642e-01   8.4712018e-02   3.9715444e-06   1.6811289e-05   8.9099235e-06   6.8047900e-03  -1.1840110e-02  -1.7549300e-03   1.2386180e-04   2.4687080e-04   6.8904100e-05   4.6305167e-05   1.4018820e-04   3.0797793e-06   1.5341745e-08   6.0945192e-08   4.7477750e-09
   1.0000000e+00  -2.0583215e-01  -6.4339863e-01   3.3733004e-01   8.8069245e-04  -4.0933661e-03  -3.1885086e-03   4.2366874e-02   4.1396180e-01   1.1379156e-01   7.7561919e-07   1.6755646e-05   1.0166587e-05  -1.5598820e-02  -2.5671810e-02   4.6276750e-02  -1.1121810e-03   6.7911000e-06  -2.0355910e-04   2.4332319e-04   6.5904183e-04   2.1415376e-03   1.2369465e-06   4.6119039e-11   4.1436307e-08
   1.0000000e+00  -1.9107881e-01  -6.2993901e-01   3.0961598e-01   2.4531363e-03  -4.4154466e-03  -3.0546873e-03   3.6511112e-02   3.9682316e-01   9.5862055e-02   6.0178777e-06   1.9496169e-05   9.3311145e-06   1.4753340e-02   1.3459620e-02  -2.7714060e-02   1.5724438e-03  -3.2208050e-04   1.3382130e-04   2.1766104e-04   1.8116137e-04   7.6806912e-04   2.4725797e-06   1.0373585e-07   1.7908140e-08
   1.0000000e+00  -1.8344311e-01  -6.3794675e-01   3.6415311e-01   1.5750930e-03  -4.4690938e-03  -2.8083886e-03   3.3651375e-02   4.0697606e-01   1.3260749e-01   2.4809180e-06   1.9972799e-05   7.8870465e-06   7.6357000e-03  -8.0077400e-03   5.4537130e-02  -8.7804330e-04  -5.3647200e-05   2.4629870e-04   5.8303914e-05   6.4123900e-05   2.9742985e-03   7.7096004e-07   2.8780221e-09   6.0663050e-08
   1.0000000e+00  -1.9265344e-01  -6.1291777e-01   3.2044547e-01   1.9586280e-03  -4.4564385e-03  -2.9360984e-03   3.7115348e-02   3.7566819e-01   1.0268530e-01   3.8362236e-06   1.9859844e-05   8.6206738e-06  -9.2103300e-03   2.5028980e-02  -4.3707640e-02   3.8353500e-04   1.2655300e-05  -1.2770980e-04   8.4830179e-05   6.2644984e-04   1.9103578e-03   1.4709910e-07   1.6015662e-10   1.6309793e-08
   1.0000000e+00  -2.0814444e-01  -6.1938798e-01   3.0632794e-01   2.5291251e-03  -4.0140784e-03  -3.2489657e-03   4.3324108e-02   3.8364147e-01   9.3836807e-02   6.3964738e-06   1.6112825e-05   1.0555778e-05  -1.5491000e-02  -6.4702100e-03  -1.4117530e-02   5.7049710e-04   4.4236010e-04  -3.1286730e-04   2.3997108e-04   4.1863617e-05   1.9930465e-04   3.2546694e-07   1.9568246e-07   9.7885947e-08
   1.0000000e+00  -2.1987674e-01  -6.2537040e-01   3.2157206e-01   2.2404089e-03  -3.8347836e-03  -3.2889929e-03   4.8345781e-02   3.9108814e-01   1.0340859e-01   5.0194320e-06   1.4705565e-05   1.0817474e-05  -1.1732300e-02  -5.9824200e-03   1.5244120e-02  -2.8871620e-04   1.7929480e-04  -4.0027200e-05   1.3764686e-04   3.5789349e-05   2.3238319e-04   8.3357044e-08   3.2146625e-08   1.6021767e-09
   1.0000000e+00  -2.1985532e-01  -5.9752529e-01   3.2466409e-01   2.2537390e-03  -4.1801158e-03  -3.2308468e-03   4.8336362e-02   3.5703647e-01   1.0540677e-01   5.0793395e-06   1.7473368e-05   1.0438371e-05   2.1420000e-05   2.7845110e-02   3.0920300e-03   1.3330100e-05  -3.4533220e-04   5.8146100e-05   4.5881640e-10   7.7535015e-04   9.5606495e-06   1.7769157e-10   1.1925433e-07   3.3809689e-09
   1.0000000e+00  -2.0524546e-01  -6.0608668e-01   2.9996743e-01   1.7950215e-03  -3.8436239e-03  -2.8471110e-03   4.2125699e-02   3.6734106e-01   8.9980459e-02   3.2221022e-06   1.4773445e-05   8.1060410e-06   1.4609860e-02  -8.5613900e-03  -2.4696660e-02  -4.5871750e-04   3.3649190e-04   3.8373580e-04   2.1344801e-04   7.3297399e-05   6.0992502e-04   2.1042174e-07   1.1322680e-07   1.4725316e-07
   1.0000000e+00  -2.1077245e-01  -6.0109356e-01   2.7733880e-01   2.5107619e-03  -4.4640191e-03  -2.8512920e-03   4.4425026e-02   3.6131347e-01   7.6916810e-02   6.3039253e-06   1.9927467e-05   8.1298661e-06  -5.5269900e-03   4.9931200e-03  -2.2628630e-02   7.1574040e-04  -6.2039520e-04  -4.1810000e-06   3.0547618e-05   2.4931247e-05   5.1205490e-04   5.1228432e-07   3.8489020e-07   1.7480761e-11
   1.0000000e+00  -2.2479136e-01  -6.1475894e-01   2.7671342e-01   3.4139702e-03  -4.7739892e-03  -3.0432480e-03   5.0531156e-02   3.7792855e-01   7.6570317e-02   1.1655193e-05   2.2790973e-05   9.2613584e-06  -1.4018910e-02  -1.3665380e-02  -6.2538000e-04   9.0320830e-04  -3.0997010e-04  -1.9195600e-04   1.9652984e-04   1.8674261e-04   3.9110014e-07   8.1578523e-07   9.6081463e-08   3.6847106e-08
   1.0000000e+00  -2.4490709e-01  -6.2200883e-01   3.1303731e-01   1.8251793e-03  -4.5205815e-03  -3.4167236e-03   5.9979483e-02   3.8689498e-01   9.7992357e-02   3.3312795e-06   2.0435657e-05   1.1674000e-05  -2.0115730e-02  -7.2498900e-03   3.6323890e-02  -1.5887909e-03   2.5340770e-04  -3.7347560e-04   4.0464259e-04   5.2560905e-05   1.3194250e-03   2.5242565e-06   6.4215462e-08   1.3948402e-07
   1.0000000e+00  -2.2889361e-01  -6.3034052e-01   2.9572047e-01   1.6329342e-03  -4.2145699e-03  -3.2140001e-03   5.2392285e-02   3.9732917e-01   8.7450596e-02   2.6664741e-06   1.7762599e-05   1.0329797e-05   1.6013480e-02  -8.3316900e-03  -1.7316840e-02  -1.9224510e-04   3.0601160e-04   2.0272350e-04   2.5643154e-04   6.9417058e-05   2.9987295e-04   3.6958178e-08   9.3643099e-08   4.1096817e-08
   1.0000000e+00  -2.2213206e-01  -6.7979925e-01   2.9582097e-01   8.8274450e-04  -4.0949302e-03  -2.9580614e-03   4.9342652e-02   4.6212702e-01   8.7510046e-02   7.7923785e-07   1.6768453e-05   8.7501272e-06   6.7615500e-03  -4.9458730e-02   1.0050000e-04  -7.5018970e-04   1.1963970e-04   2.5593870e-04   4.5718558e-05   2.4461660e-03   1.0100250e-08   5.6278459e-07   1.4313658e-08   6.5504618e-08
   1.0000000e+00  -2.0686184e-01  -6.3594877e-01   2.0667016e-01   2.4867140e-03  -3.9789667e-03  -2.8545575e-03   4.2791821e-02   4.0443084e-01   4.2712555e-02   6.1837465e-06   1.5832176e-05   8.1484985e-06   1.5270220e-02   4.3850480e-02  -8.9150810e-02   1.6039695e-03   1.1596350e-04   1.0350390e-04   2.3317962e-04   1.9228646e-03   7.9478669e-03   2.5727182e-06   1.3447533e-08   1.0713057e-08
   1.0000000e+00  -1.8805544e-01  -6.7957415e-01   2.9874745e-01   4.2905418e-04  -4.1802985e-03  -2.5883017e-03   3.5364849e-02   4.6182103e-01   8.9250039e-02   1.8408749e-07   1.7474896e-05   6.6993057e-06   1.8806400e-02  -4.3625380e-02   9.2077290e-02  -2.0576598e-03  -2.0133180e-04   2.6625580e-04   3.5368068e-04   1.9031738e-03   8.4782273e-03   4.2339639e-06   4.0534494e-08   7.0892151e-08
   1.0000000e+00  -2.0293346e-01  -6.4699032e-01   2.5218409e-01   1.2672795e-03  -4.0461248e-03  -2.8314414e-03   4.1181989e-02   4.1859647e-01   6.3596815e-02   1.6059973e-06   1.6371126e-05   8.0170604e-06  -1.4878020e-02   3.2583830e-02  -4.6563360e-02   8.3822532e-04   1.3417370e-04  -2.4313970e-04   2.2135548e-04   1.0617060e-03   2.1681465e-03   7.0262169e-07   1.8002582e-08   5.9116914e-08
   1.0000000e+00  -1.8887878e-01  -6.7419782e-01   2.3798110e-01   1.8142798e-03  -3.7559548e-03  -2.8108257e-03   3.5675194e-02   4.5454270e-01   5.6635004e-02   3.2916112e-06   1.4107196e-05   7.9007411e-06   1.4054680e-02  -2.7207500e-02  -1.4202990e-02   5.4700030e-04   2.9017000e-04   2.0615700e-05   1.9753403e-04   7.4024806e-04   2.0172492e-04   2.9920933e-07   8.4198629e-08   4.2500709e-10
   1.0000000e+00  -1.7961389e-01  -6.9463388e-01   2.8444914e-01   6.9115295e-04  -4.1776509e-03  -2.7735835e-03   3.2261149e-02   4.8251623e-01   8.0911313e-02   4.7769240e-07   1.7452767e-05   7.6927654e-06   9.2648900e-03  -2.0436060e-02   4.6468040e-02  -1.1231268e-03  -4.2169610e-04   3.7242200e-05   8.5838187e-05   4.1763255e-04   2.1592787e-03   1.2614139e-06   1.7782760e-07   1.3869815e-09
   1.0000000e+00  -1.6900251e-01  -6.8309062e-01   2.9483713e-01   1.6343824e-03  -4.2927804e-03  -2.5671154e-03   2.8561848e-02   4.6661280e-01   8.6928933e-02   2.6712058e-06   1.8427964e-05   6.5900815e-06   1.0611380e-02   1.1543260e-02   1.0387990e-02   9.4322945e-04  -1.1512950e-04   2.0646810e-04   1.1260139e-04   1.3324685e-04   1.0791034e-04   8.8968180e-07   1.3254802e-08   4.2629076e-08
   1.0000000e+00  -1.6651627e-01  -6.9974508e-01   3.3770728e-01   3.9008029e-04  -3.8509143e-03  -2.6275118e-03   2.7727668e-02   4.8964318e-01   1.1404621e-01   1.5216263e-07   1.4829541e-05   6.9038183e-06   2.4862400e-03  -1.6654460e-02   4.2870150e-02  -1.2443021e-03   4.4186610e-04  -6.0396400e-05   6.1813893e-06   2.7737104e-04   1.8378498e-03   1.5482877e-06   1.9524565e-07   3.6477251e-09
   1.0000000e+00  -1.6595741e-01  -7.1361324e-01   3.2430846e-01   1.5606200e-03  -3.7681900e-03  -2.4270882e-03   2.7541862e-02   5.0924386e-01   1.0517598e-01   2.4355348e-06   1.4199256e-05   5.8907571e-06   5.5886000e-04  -1.3868160e-02  -1.3398820e-02   1.1705397e-03   8.2724300e-05   2.0042360e-04   3.1232450e-07   1.9232586e-04   1.7952838e-04   1.3701632e-06   6.8433098e-09   4.0169619e-08
   1.0000000e+00  -1.3336038e-01  -7.3861468e-01   3.7412237e-01   8.6117722e-04  -3.5042678e-03  -2.1059818e-03   1.7784991e-02   5.4555165e-01   1.3996755e-01   7.4162620e-07   1.2279893e-05   4.4351593e-06   3.2597030e-02  -2.5001440e-02   4.9813910e-02  -6.9944278e-04   2.6392220e-04   3.2110640e-04   1.0625664e-03   6.2507200e-04   2.4814256e-03   4.8922020e-07   6.9654928e-08   1.0310932e-07
   1.0000000e+00  -1.3683588e-01  -7.3737702e-01   3.9904478e-01   5.6549626e-04  -4.0585910e-03  -2.0413158e-03   1.8724058e-02   5.4372487e-01   1.5923674e-01   3.1978602e-07   1.6472161e-05   4.1669702e-06  -3.4755000e-03   1.2376600e-03   2.4922410e-02  -2.9568096e-04  -5.5432320e-04   6.4666000e-05   1.2079100e-05   1.5318023e-06   6.2112652e-04   8.7427230e-08   3.0727421e-07   4.1816916e-09
   1.0000000e+00  -1.2910223e-01  -7.3874542e-01   3.4432923e-01   1.7935509e-03  -3.7178013e-03  -1.8555997e-03   1.6667386e-02   5.4574480e-01   1.1856262e-01   3.2168248e-06   1.3822047e-05   3.4432502e-06   7.7336500e-03  -1.3684000e-03  -5.4715550e-02   1.2280546e-03   3.4078970e-04   1.8571610e-04   5.9809342e-05   1.8725186e-06   2.9937914e-03   1.5081182e-06   1.1613762e-07   3.4490470e-08
   1.0000000e+00  -1.3298445e-01  -7.4734071e-01   3.8439877e-01   1.1029406e-03  -3.5635856e-03  -1.8440072e-03   1.7684864e-02   5.5851814e-01   1.4776241e-01   1.2164780e-06   1.2699142e-05   3.4003626e-06  -3.8822200e-03  -8.5952900e-03   4.0069540e-02  -6.9061030e-04   1.5421570e-04   1.1592500e-05   1.5071632e-05   7.3879010e-05   1.6055680e-03   4.7694259e-07   2.3782482e-08   1.3438606e-10
   1.0000000e+00  -1.4467536e-01  -7.3205031e-01   3.7956772e-01   1.7801621e-03  -3.4324774e-03  -2.0243771e-03   2.0930960e-02   5.3589766e-01   1.4407165e-01   3.1689771e-06   1.1781901e-05   4.0981026e-06  -1.1690910e-02   1.5290400e-02  -4.8310500e-03   6.7722150e-04   1.3110820e-04  -1.8036990e-04   1.3667738e-04   2.3379633e-04   2.3339044e-05   4.5862896e-07   1.7189360e-08   3.2533301e-08
   1.0000000e+00  -1.2393991e-01  -7.7113434e-01   4.4093553e-01   9.2325231e-04  -3.4201679e-03  -1.7823941e-03   1.5361101e-02   5.9464817e-01   1.9442414e-01   8.5239483e-07   1.1697548e-05   3.1769287e-06   2.0735450e-02  -3.9084030e-02   6.1367810e-02  -8.5690979e-04   1.2309500e-05   2.4198300e-04   4.2995889e-04   1.5275614e-03   3.7660081e-03   7.3429439e-07   1.5152379e-10   5.8555772e-08
   1.0000000e+00  -1.2672356e-01  -7.4711912e-01   3.7360292e-01   1.9176638e-03  -3.6148120e-03  -1.8803859e-03   1.6058861e-02   5.5818698e-01   1.3957914e-01   3.6774344e-06   1.3066866e-05   3.5358511e-06  -2.7836500e-03   2.4015220e-02  -6.7332610e-02   9.9441149e-04  -1.9464410e-04  -9.7991800e-05   7.7487073e-06   5.7673079e-04   4.5336804e-03   9.8885421e-07   3.7886326e-08   9.6023929e-09
   1.0000000e+00  -1.1686557e-01  -7.6870574e-01   3.7835769e-01   1.7459451e-03  -3.2539529e-03  -1.6093319e-03   1.3657561e-02   5.9090851e-01   1.4315454e-01   3.0483243e-06   1.0588209e-05   2.5899492e-06   9.8579900e-03  -2.1586620e-02   4.7547700e-03  -1.7171870e-04   3.6085910e-04   2.7105400e-04   9.7179967e-05   4.6598216e-04   2.2607838e-05   2.9487312e-08   1.3021929e-07   7.3470271e-08
   1.0000000e+00  -1.2116677e-01  -7.2721621e-01   3.4397557e-01   2.2157202e-03  -3.3062306e-03  -1.5414334e-03   1.4681386e-02   5.2884342e-01   1.1831919e-01   4.9094160e-06   1.0931161e-05   2.3760169e-06  -4.3012000e-03   4.1489530e-02  -3.4382120e-02   4.6977510e-04  -5.2277700e-05   6.7898500e-05   1.8500321e-05   1.7213811e-03   1.1821302e-03   2.2068864e-07   2.7329579e-09   4.6102063e-09
   1.0000000e+00  -1.1662187e-01  -7.4689256e-01   2.8096980e-01   2.7341762e-03  -3.4968737e-03  -1.5671611e-03   1.3600661e-02   5.5784850e-01   7.8944029e-02   7.4757195e-06   1.2228126e-05   2.4559939e-06   4.5449000e-03  -1.9676350e-02  -6.3005770e-02   5.1845600e-04  -1.9064310e-04  -2.5727700e-05   2.0656116e-05   3.8715875e-04   3.9697271e-03   2.6879662e-07   3.6344792e-08   6.6191455e-10
   1.0000000e+00  -1.2649085e-01  -7.1482317e-01   1.8381276e-01   2.7095570e-03  -3.6369339e-03  -1.6233592e-03   1.5999935e-02   5.1097216e-01   3.3787131e-02   7.3416991e-06   1.3227288e-05   2.6352951e-06  -9.8689800e-03   3.2069390e-02  -9.7157040e-02  -2.4619200e-05  -1.4006020e-04  -5.6198100e-05   9.7396766e-05   1.0284458e-03   9.4394904e-03   6.0610501e-10   1.9616860e-08   3.1582264e-09
   1.0000000e+00  -1.3010521e-01  -7.5035103e-01   2.7031168e-01   2.3840638e-03  -3.5612242e-03  -1.7120697e-03   1.6927366e-02   5.6302667e-01   7.3068404e-02   5.6837602e-06   1.2682318e-05   2.9311827e-06  -3.6143600e-03  -3.5527860e-02   8.6498920e-02  -3.2549320e-04   7.5709700e-05  -8.8710500e-05   1.3063598e-05   1.2622288e-03   7.4820632e-03   1.0594582e-07   5.7319587e-09   7.8695528e-09
   1.0000000e+00  -1.1210677e-01  -7.4668306e-01   3.3356686e-01   1.3595022e-03  -3.9051708e-03  -1.5398754e-03   1.2567928e-02   5.5753559e-01   1.1126685e-01   1.8482462e-06   1.5250359e-05   2.3712162e-06   1.7998440e-02   3.6679700e-03   6.3255180e-02  -1.0245616e-03  -3.4394660e-04   1.7219430e-04   3.2394384e-04   1.3454004e-05   4.0012178e-03   1.0497265e-06   1.1829926e-07   2.9650877e-08
   1.0000000e+00  -1.3150103e-01  -7.5730081e-01   3.1493928e-01   2.3207814e-03  -3.4207028e-03  -1.5243510e-03   1.7292521e-02   5.7350452e-01   9.9186750e-02   5.3860263e-06   1.1701208e-05   2.3236460e-06  -1.9394260e-02  -1.0617750e-02  -1.8627580e-02   9.6127920e-04   4.8446800e-04   1.5524400e-05   3.7613732e-04   1.1273662e-04   3.4698674e-04   9.2405770e-07   2.3470924e-07   2.4100700e-10
   1.0000000e+00  -1.3005832e-01  -7.8405240e-01   3.3094755e-01   2.2041311e-03  -3.4524029e-03  -1.3670627e-03   1.6915167e-02   6.1473817e-01   1.0952628e-01   4.8581939e-06   1.1919086e-05   1.8688604e-06   1.4427100e-03  -2.6751590e-02   1.6008270e-02  -1.1665030e-04  -3.1700100e-05   1.5728830e-04   2.0814121e-06   7.1564757e-04   2.5626471e-04   1.3607292e-08   1.0048963e-09   2.4739609e-08
   1.0000000e+00  -1.4660600e-01  -7.9538380e-01   3.1352537e-01   2.8435059e-03  -3.7434063e-03  -1.5890164e-03   2.1493319e-02   6.3263539e-01   9.8298158e-02   8.0855258e-06   1.4013091e-05   2.5249731e-06  -1.6547680e-02  -1.1331400e-02  -1.7422180e-02   6.3937480e-04  -2.9100340e-04  -2.2195370e-04   2.7382571e-04   1.2840063e-04   3.0353236e-04   4.0880013e-07   8.4682979e-08   4.9263445e-08
   1.0000000e+00  -1.0926208e-01  -7.8592157e-01   2.1377080e-01   4.0017324e-03  -3.7046959e-03  -1.2775260e-03   1.1938202e-02   6.1767271e-01   4.5697955e-02   1.6013862e-05   1.3724772e-05   1.6320727e-06   3.7343920e-02   9.4622300e-03  -9.9754570e-02   1.1582265e-03   3.8710400e-05   3.1149040e-04   1.3945684e-03   8.9533797e-05   9.9509742e-03   1.3414886e-06   1.4984951e-09   9.7026269e-08
   1.0000000e+00  -9.5891178e-02  -7.8136044e-01   1.6751265e-01   3.2336441e-03  -3.7994033e-03  -1.0784222e-03   9.1951180e-03   6.1052414e-01   2.8060488e-02   1.0456454e-05   1.4435465e-05   1.1629944e-06   1.3370902e-02   4.5611300e-03  -4.6258150e-02  -7.6808830e-04  -9.4707400e-05   1.9910380e-04   1.7878102e-04   2.0803907e-05   2.1398164e-03   5.8995964e-07   8.9694916e-09   3.9642323e-08
   1.0000000e+00  -1.0202245e-01  -7.6256393e-01   2.2982072e-01   3.0106637e-03  -3.6859387e-03  -1.1788803e-03   1.0408580e-02   5.8150375e-01   5.2817563e-02   9.0640959e-06   1.3586144e-05   1.3897588e-06  -6.1312720e-03   1.8796510e-02   6.2308070e-02  -2.2298040e-04   1.1346460e-04  -1.0045810e-04   3.7592496e-05   3.5330879e-04   3.8822956e-03   4.9720259e-08   1.2874215e-08   1.0091830e-08
   1.0000000e+00  -9.7521988e-02  -8.0317520e-01   3.0112816e-01   2.4530036e-03  -3.2538435e-03  -1.1232953e-03   9.5105381e-03   6.4509040e-01   9.0678169e-02   6.0172267e-06   1.0587498e-05   1.2617923e-06   4.5004620e-03  -4.0611270e-02   7.1307440e-02  -5.5766010e-04   4.3209520e-04   5.5585000e-05   2.0254158e-05   1.6492753e-03   5.0847510e-03   3.1098479e-07   1.8670626e-07   3.0896922e-09
   1.0000000e+00  -7.9960152e-02  -7.9535679e-01   3.1765816e-01   1.9971808e-03  -3.9071046e-03  -8.5969470e-04   6.3936259e-03   6.3259242e-01   1.0090671e-01   3.9887311e-06   1.5265466e-05   7.3907498e-07   1.7561836e-02   7.8184100e-03   1.6530000e-02  -4.5582280e-04  -6.5326110e-04   2.6360060e-04   3.0841808e-04   6.1127535e-05   2.7324090e-04   2.0777442e-07   4.2675006e-07   6.9485276e-08
   1.0000000e+00  -6.7109367e-02  -8.1093980e-01   2.9839480e-01   2.6835564e-03  -3.7912894e-03  -8.4914866e-04   4.5036671e-03   6.5762336e-01   8.9039457e-02   7.2014750e-06   1.4373875e-05   7.2105345e-07   1.2850785e-02  -1.5583010e-02  -1.9263360e-02   6.8637560e-04   1.1581520e-04   1.0546040e-05   1.6514268e-04   2.4283020e-04   3.7107704e-04   4.7111146e-07   1.3413161e-08   1.1121896e-10
   1.0000000e+00  -6.9862396e-02  -8.4611422e-01   3.1203214e-01   1.7735736e-03  -3.1755132e-03  -9.5169459e-04   4.8807544e-03   7.1590927e-01   9.7364056e-02   3.1455633e-06   1.0083884e-05   9.0572259e-07  -2.7530290e-03  -3.5174420e-02   1.3637340e-02  -9.0998280e-04   6.1577620e-04  -1.0254593e-04   7.5791687e-06   1.2372398e-03   1.8597704e-04   8.2806870e-07   3.7918033e-07   1.0515668e-08
   1.0000000e+00  -7.1001344e-02  -8.1846747e-01   2.9123371e-01   2.3174199e-03  -3.5307890e-03  -9.5254726e-04   5.0411908e-03   6.6988900e-01   8.4817074e-02   5.3704350e-06   1.2466471e-05   9.0734628e-07  -1.1389480e-03   2.7646750e-02  -2.0798430e-02   5.4384630e-04  -3.5527580e-04  -8.5267000e-07   1.2972025e-06   7.6434279e-04   4.3257469e-04   2.9576880e-07   1.2622089e-07   7.2704613e-13
   1.0000000e+00  -4.3643476e-02  -8.6265355e-01   3.2342804e-01   2.1230845e-03  -3.6756711e-03  -5.8952696e-04   1.9047530e-03   7.4417115e-01   1.0460570e-01   4.5074878e-06   1.3510558e-05   3.4754204e-07   2.7357868e-02  -4.4186080e-02   3.2194330e-02  -1.9433540e-04  -1.4488210e-04   3.6302030e-04   7.4845294e-04   1.9524097e-03   1.0364749e-03   3.7766248e-08   2.0990823e-08   1.3178374e-07
   1.0000000e+00  -5.8081776e-02  -8.5638866e-01   3.2887429e-01   2.3582360e-03  -3.8686561e-03  -8.1799291e-04   3.3734927e-03   7.3340154e-01   1.0815830e-01   5.5612770e-06   1.4966500e-05   6.6911240e-07  -1.4438300e-02   6.2648900e-03   5.4462500e-03   2.3515150e-04  -1.9298500e-04  -2.2846595e-04   2.0846451e-04   3.9248847e-05   2.9661639e-05   5.5296228e-08   3.7243210e-08   5.2196690e-08
   1.0000000e+00  -6.1819900e-02  -8.7149091e-01   3.1134317e-01   3.6931832e-03  -4.0931153e-03  -8.3878081e-04   3.8217000e-03   7.5949641e-01   9.6934570e-02   1.3639602e-05   1.6753593e-05   7.0355325e-07  -3.7381240e-03  -1.5102250e-02  -1.7531120e-02   1.3349472e-03  -2.2445920e-04  -2.0787900e-05   1.3973571e-05   2.2807796e-04   3.0734017e-04   1.7820840e-06   5.0381932e-08   4.3213679e-10
   1.0000000e+00  -5.5510380e-02  -8.8956620e-01   3.5592347e-01   1.8038787e-03  -4.0271605e-03  -6.7776437e-04   3.0814023e-03   7.9132802e-01   1.2668152e-01   3.2539784e-06   1.6218022e-05   4.5936454e-07   6.3095200e-03  -1.8075290e-02   4.4580300e-02  -1.8893045e-03   6.5954800e-05   1.6101644e-04   3.9810043e-05   3.2671611e-04   1.9874031e-03   3.5694715e-06   4.3500356e-09   2.5926294e-08
   1.0000000e+00  -4.8452601e-02  -8.6620254e-01   2.5185926e-01   2.5658301e-03  -4.0677429e-03  -7.5529125e-04   2.3476545e-03   7.5030684e-01   6.3433087e-02   6.5834841e-06   1.6546532e-05   5.7046487e-07   7.0577790e-03   2.3363660e-02  -1.0406421e-01   7.6195140e-04  -4.0582400e-05  -7.7526880e-05   4.9812244e-05   5.4586061e-04   1.0829360e-02   5.8056994e-07   1.6469312e-09   6.0104171e-09
   1.0000000e+00  -4.5062832e-02  -8.9417659e-01   2.8783183e-01   2.4561202e-03  -3.8582530e-03  -9.6955865e-04   2.0306588e-03   7.9955177e-01   8.2847162e-02   6.0325264e-06   1.4886116e-05   9.4004398e-07   3.3897690e-03  -2.7974050e-02   3.5972570e-02  -1.0970990e-04   2.0948990e-04  -2.1426740e-04   1.1490534e-05   7.8254747e-04   1.2940258e-03   1.2036262e-08   4.3886018e-08   4.5910519e-08
   1.0000000e+00  -5.6915391e-02  -8.5184802e-01   1.9157941e-01   4.6031692e-03  -3.9120205e-03  -9.0579578e-04   3.2393617e-03   7.2564505e-01   3.6702670e-02   2.1189167e-05   1.5303904e-05   8.2046600e-07  -1.1852559e-02   4.2328570e-02  -9.6252420e-02   2.1470490e-03  -5.3767500e-05   6.3762870e-05   1.4048315e-04   1.7917078e-03   9.2645284e-03   4.6098194e-06   2.8909441e-09   4.0657036e-09
   1.0000000e+00  -6.9046415e-02  -8.7056088e-01   2.5025363e-01   3.6306535e-03  -3.5702074e-03  -1.1600745e-03   4.7674074e-03   7.5787625e-01   6.2626879e-02   1.3181645e-05   1.2746381e-05   1.3457728e-06  -1.2131024e-02  -1.8712860e-02   5.8674220e-02  -9.7251570e-04   3.4181310e-04  -2.5427872e-04   1.4716174e-04   3.5017113e-04   3.4426641e-03   9.4578679e-07   1.1683620e-07   6.4657667e-08
   1.0000000e+00  -6.4618893e-02  -8.4011067e-01   2.6420196e-01   3.7073207e-03  -3.7233413e-03  -8.9016400e-04   4.1756013e-03   7.0578594e-01   6.9802676e-02   1.3744227e-05   1.3863270e-05   7.9239195e-07   4.4275220e-03   3.0450210e-02   1.3948330e-02   7.6667200e-05  -1.5313390e-04   2.6991050e-04   1.9602951e-05   9.2721529e-04   1.9455591e-04   5.8778596e-09   2.3449991e-08   7.2851678e-08
   1.0000000e+00  -5.8312272e-02  -8.7341723e-01   2.7643710e-01   3.3881744e-03  -3.7046350e-03  -6.5300863e-04   3.4003211e-03   7.6285766e-01   7.6417470e-02   1.1479726e-05   1.3724320e-05   4.2642027e-07   6.3066210e-03  -3.3306560e-02   1.2235140e-02  -3.1914630e-04   1.8706300e-05   2.3715537e-04   3.9773468e-05   1.1093269e-03   1.4969865e-04   1.0185436e-07   3.4992566e-10   5.6242670e-08
   1.0000000e+00  -8.3729400e-02  -8.5777731e-01   2.3264070e-01   3.2811278e-03  -3.8623653e-03  -1.1486821e-03   7.0106124e-03   7.3578191e-01   5.4121695e-02   1.0765800e-05   1.4917866e-05   1.3194706e-06  -2.5417128e-02   1.5639920e-02  -4.3796400e-02  -1.0704660e-04  -1.5773030e-04  -4.9567347e-04   6.4603040e-04   2.4460710e-04   1.9181247e-03   1.1458975e-08   2.4878848e-08   2.4569219e-07
   1.0000000e+00  -7.5565490e-02  -8.8937371e-01   2.2775937e-01   2.7581667e-03  -3.3257572e-03  -1.0008533e-03   5.7101433e-03   7.9098560e-01   5.1874331e-02   7.6074835e-06   1.1060661e-05   1.0017073e-06   8.1639100e-03  -3.1596400e-02  -4.8813300e-03  -5.2296110e-04   5.3660810e-04   1.4782880e-04   6.6649426e-05   9.9833249e-04   2.3827383e-05   2.7348831e-07   2.8794825e-07   2.1853354e-08
   1.0000000e+00  -5.9714474e-02  -9.1160565e-01   1.7358131e-01   3.8855381e-03  -3.2983402e-03  -7.7850452e-04   3.5658184e-03   8.3102486e-01   3.0130471e-02   1.5097406e-05   1.0879048e-05   6.0606929e-07   1.5851016e-02  -2.2231940e-02  -5.4178060e-02   1.1273714e-03   2.7417000e-05   2.2234878e-04   2.5125471e-04   4.9425916e-04   2.9352622e-03   1.2709663e-06   7.5169189e-10   4.9438980e-08
   1.0000000e+00  -8.5125647e-02  -9.0217445e-01   2.5758103e-01   2.8609196e-03  -3.5212662e-03  -9.9809326e-04   7.2463758e-03   8.1391874e-01   6.6347987e-02   8.1848610e-06   1.2399316e-05   9.9619016e-07  -2.5411173e-02   9.4312000e-03   8.3999720e-02  -1.0246185e-03  -2.2292600e-04  -2.1958874e-04   6.4572771e-04   8.8947533e-05   7.0559530e-03   1.0498431e-06   4.9696001e-08   4.8219215e-08
   1.0000000e+00  -7.5920551e-02  -9.1500737e-01   2.3915595e-01   3.2498421e-03  -3.4074907e-03  -8.0450924e-04   5.7639301e-03   8.3723849e-01   5.7195568e-02   1.0561474e-05   1.1610993e-05   6.4723512e-07   9.2050960e-03  -1.2832920e-02  -1.8425080e-02   3.8892250e-04   1.1377550e-04   1.9358402e-04   8.4733792e-05   1.6468384e-04   3.3948357e-04   1.5126071e-07   1.2944864e-08   3.7474773e-08
   1.0000000e+00  -7.2085996e-02  -9.3013158e-01   2.5964665e-01   2.7943315e-03  -3.2508003e-03  -7.1323934e-04   5.1963908e-03   8.6514476e-01   6.7416383e-02   7.8082885e-06   1.0567703e-05   5.0871036e-07   3.8345550e-03  -1.5124210e-02   2.0490700e-02  -4.5551060e-04   1.5669040e-04   9.1269900e-05   1.4703812e-05   2.2874173e-04   4.1986879e-04   2.0748991e-07   2.4551881e-08   8.3301946e-09
   1.0000000e+00  -6.4563622e-02  -8.9984953e-01   2.2042193e-01   3.6702912e-03  -3.8297006e-03  -6.5221322e-04   4.1684613e-03   8.0972918e-01   4.8585827e-02   1.3471037e-05   1.4666607e-05   4.2538208e-07   7.5223740e-03   3.0282050e-02  -3.9224720e-02   8.7595970e-04  -5.7890030e-04   6.1026120e-05   5.6586111e-05   9.1700255e-04   1.5385787e-03   7.6730540e-07   3.3512556e-07   3.7241873e-09
   1.0000000e+00  -4.5193939e-02  -9.2311513e-01   2.3078820e-01   2.9066633e-03  -3.7158695e-03  -3.7615839e-04   2.0424921e-03   8.5214154e-01   5.3263193e-02   8.4486915e-06   1.3807686e-05   1.4149513e-07   1.9369683e-02  -2.3265600e-02   1.0366270e-02  -7.6362790e-04   1.1383110e-04   2.7605483e-04   3.7518462e-04   5.4128814e-04   1.0745955e-04   5.8312757e-07   1.2957519e-08   7.6206269e-08
   1.0000000e+00  -5.7556520e-02  -8.8937512e-01   1.9141116e-01   4.4746719e-03  -3.5310647e-03  -4.8962193e-04   3.3127530e-03   7.9098810e-01   3.6638232e-02   2.0022689e-05   1.2468418e-05   2.3972963e-07  -1.2362581e-02   3.3740010e-02  -3.9377040e-02   1.5680086e-03   1.8480480e-04  -1.1346354e-04   1.5283341e-04   1.1383883e-03   1.5505513e-03   2.4586510e-06   3.4152814e-08   1.2873975e-08
   1.0000000e+00  -4.9007802e-02  -9.0734869e-01   1.5419766e-01   4.5289767e-03  -3.7785488e-03  -3.5984625e-04   2.4017647e-03   8.2328165e-01   2.3776918e-02   2.0511630e-05   1.4277431e-05   1.2948932e-07   8.5487180e-03  -1.7973570e-02  -3.7213500e-02   5.4304800e-05  -2.4748410e-04   1.2977568e-04   7.3080579e-05   3.2304922e-04   1.3848446e-03   2.9490113e-09   6.1248380e-08   1.6841727e-08
