   1.0000000e+00   0.0000000e+00   0.0000000e+00   0.0000000e+00   0.0000000e+00   0.0000000e+00   0.0000000e+00   0.0000000e+00   0.0000000e+00   0.0000000e+00   0.0000000e+00   0.0000000e+00   0.0000000e+00   0.0000000e+00   0.0000000e+00   0.0000000e+00   0.0000000e+00   0.0000000e+00   0.0000000e+00   0.0000000e+00   0.0000000e+00   0.0000000e+00   0.0000000e+00   0.0000000e+00   0.0000000e+00
   1.0000000e+00   1.0313961e-02   3.5921274e-02  -6.3023308e-02   2.8824042e-04  -5.3573506e-05  -7.4649368e-05   1.0637779e-04   1.2903379e-03   3.9719374e-03   8.3082540e-08   2.8701205e-09   5.5725281e-09   1.0313961e-02   3.5921274e-02  -6.3023308e-02   2.8824042e-04  -5.3573506e-05  -7.4649368e-05   1.0637779e-04   1.2903379e-03   3.9719374e-03   8.3082540e-08   2.8701205e-09   5.5725281e-09
   1.0000000e+00   5.0394935e-03   1.6676896e-03  -4.8503416e-03  -8.8998772e-04   3.8016638e-05  -3.4476423e-04   2.5396495e-05   2.7811886e-06   2.3525814e-05   7.9207814e-07   1.4452648e-09   1.1886237e-07  -5.2744675e-03  -3.4253584e-02   5.8172966e-02  -1.1782281e-03   9.1590144e-05  -2.7011486e-04   2.7820007e-05   1.1733080e-03   3.3840940e-03   1.3882215e-06   8.3887545e-09   7.2962039e-08
   1.0000000e+00   2.4229310e-03   5.0881321e-02  -3.2277971e-02  -4.4617085e-04   1.6851352e-04  -3.6377058e-04   5.8705946e-06   2.5889088e-03   1.0418674e-03   1.9906843e-07   2.8396806e-08   1.3232903e-07  -2.6165625e-03   4.9213631e-02  -2.7427629e-02   4.4381687e-04   1.3049688e-04  -1.9006350e-05   6.8463993e-06   2.4219815e-03   7.5227485e-04   1.9697341e-07   1.7029436e-08   3.6124134e-10
   1.0000000e+00   1.0510523e-02  -1.6098155e-02   5.1346154e-02  -6.7596092e-04  -3.7665502e-05  -1.9596788e-04   1.1047109e-04   2.5915059e-04   2.6364275e-03   4.5692317e-07   1.4186900e-09   3.8403410e-08   8.0875920e-03  -6.6979476e-02   8.3624125e-02  -2.2979007e-04  -2.0617902e-04   1.6780270e-04   6.5409144e-05   4.4862502e-03   6.9929943e-03   5.2803476e-08   4.2509789e-08   2.8157746e-08
   1.0000000e+00   2.7983303e-06   4.1167619e-02  -4.0437774e-02  -5.6078883e-05   3.5440553e-04  -2.1482694e-04   7.8306525e-12   1.6947729e-03   1.6352136e-03   3.1448411e-09   1.2560328e-07   4.6150614e-08  -1.0507725e-02   5.7265774e-02  -9.1783928e-02   6.1988204e-04   3.9207103e-04  -1.8859060e-05   1.1041228e-04   3.2793689e-03   8.4242894e-03   3.8425374e-07   1.5371969e-07   3.5566414e-10
   1.0000000e+00   3.3758227e-03   7.9704709e-03  -2.2652573e-02  -7.4371195e-04   2.0003935e-04  -8.2736114e-05   1.1396179e-05   6.3528406e-05   5.1313906e-04   5.5310746e-07   4.0015742e-08   6.8452646e-09   3.3730244e-03  -3.3197148e-02   1.7785201e-02  -6.8763307e-04  -1.5436618e-04   1.3209083e-04   1.1377293e-05   1.1020506e-03   3.1631337e-04   4.7283923e-07   2.3828918e-08   1.7447986e-08
   1.0000000e+00  -1.1345838e-02   5.2927567e-02  -8.1141837e-02   6.7597392e-05   5.0953444e-04  -2.8486217e-04   1.2872804e-04   2.8013273e-03   6.5839977e-03   4.5694074e-09   2.5962535e-07   8.1146456e-08  -1.4721661e-02   4.4957096e-02  -5.8489264e-02   8.1130934e-04   3.0949509e-04  -2.0212606e-04   2.1672729e-04   2.0211405e-03   3.4209940e-03   6.5822285e-07   9.5787211e-08   4.0854943e-08
   1.0000000e+00  -6.6476019e-03   1.0680830e-02  -7.0361326e-02  -3.6638371e-04   4.0654436e-04  -1.0921889e-04   4.4190611e-05   1.1408013e-04   4.9507162e-03   1.3423702e-07   1.6527832e-07   1.1928766e-08   4.6982361e-03  -4.2246737e-02   1.0780511e-02  -4.3398110e-04  -1.0299008e-04   1.7564328e-04   2.2073422e-05   1.7847868e-03   1.1621942e-04   1.8833960e-07   1.0606957e-08   3.0850562e-08
   1.0000000e+00  -1.0743783e-02   2.1241070e-02  -5.3296156e-02   6.6970570e-05   4.5206141e-04  -4.2631405e-04   1.1542887e-04   4.5118305e-04   2.8404802e-03   4.4850572e-09   2.0435952e-07   1.8174367e-07  -4.0961811e-03   1.0560240e-02   1.7065170e-02   4.3335428e-04   4.5517050e-05  -3.1709516e-04   1.6778700e-05   1.1151867e-04   2.9122003e-04   1.8779593e-07   2.0718018e-09   1.0054934e-07
   1.0000000e+00  -2.1180134e-02  -2.1084472e-02  -1.0538201e-02  -7.0942191e-04   4.9991704e-04  -6.7716547e-04   4.4859808e-04   4.4455496e-04   1.1105368e-04   5.0327945e-07   2.4991705e-07   4.5855307e-07  -1.0436351e-02  -4.2325542e-02   4.2757955e-02  -7.7639248e-04   4.7855630e-05  -2.5085142e-04   1.0891742e-04   1.7914515e-03   1.8282427e-03   6.0278528e-07   2.2901613e-09   6.2926435e-08
   1.0000000e+00  -2.1369354e-02   2.0759765e-02  -3.1320531e-02  -6.2197376e-04   5.8837058e-04  -8.5002571e-04   4.5664929e-04   4.3096784e-04   9.8097566e-04   3.8685136e-07   3.4617994e-07   7.2254371e-07  -1.8922000e-04   4.1844237e-02  -2.0782330e-02   8.7448150e-05   8.8453540e-05  -1.7286024e-04   3.5804208e-08   1.7509402e-03   4.3190524e-04   7.6471789e-09   7.8240287e-09   2.9880663e-08
   1.0000000e+00  -1.3993248e-02  -3.9729531e-02  -2.0378118e-02  -5.9770228e-04   4.2778328e-04  -5.4794882e-04   1.9581099e-04   1.5784356e-03   4.1526769e-04   3.5724802e-07   1.8299853e-07   3.0024791e-07   7.3761060e-03  -6.0489296e-02   1.0942413e-02   2.4271480e-05  -1.6058730e-04   3.0207689e-04   5.4406940e-05   3.6589549e-03   1.1973640e-04   5.8910474e-10   2.5788281e-08   9.1250447e-08
   1.0000000e+00  -1.2662991e-02   2.2689998e-02  -8.0193329e-02  -2.3459730e-04   4.6506158e-04  -6.7411184e-04   1.6035134e-04   5.1483601e-04   6.4309700e-03   5.5035893e-08   2.1628227e-07   4.5442677e-07   1.3302570e-03   6.2419529e-02  -5.9815211e-02   3.6310498e-04   3.7278300e-05  -1.2616302e-04   1.7695837e-06   3.8961976e-03   3.5778595e-03   1.3184523e-07   1.3896717e-09   1.5917108e-08
   1.0000000e+00  -1.3086861e-02  -1.5084687e-02  -4.0255902e-02  -7.9785593e-04   5.5560313e-04  -4.9708722e-04   1.7126593e-04   2.2754778e-04   1.6205376e-03   6.3657409e-07   3.0869484e-07   2.4709570e-07  -4.2387000e-04  -3.7774685e-02   3.9937427e-02  -5.6325863e-04   9.0541550e-05   1.7702462e-04   1.7966578e-07   1.4269268e-03   1.5949981e-03   3.1726028e-07   8.1977723e-09   3.1337716e-08
   1.0000000e+00  -1.6819243e-02   2.5994161e-02  -6.2323775e-02  -3.4718590e-04   5.4637640e-04  -7.7087417e-04   2.8288694e-04   6.7569641e-04   3.8842529e-03   1.2053805e-07   2.9852717e-07   5.9424699e-07  -3.7323820e-03   4.1078848e-02  -2.2067873e-02   4.5067003e-04  -9.2267300e-06  -2.7378695e-04   1.3930675e-05   1.6874718e-03   4.8699102e-04   2.0310348e-07   8.5132546e-11   7.4959294e-08
   1.0000000e+00  -1.2635151e-02  -1.1812550e-02  -3.8920938e-02  -1.1157257e-03   5.6286864e-04  -6.9672775e-04   1.5964704e-04   1.3953634e-04   1.5148394e-03   1.2448438e-06   3.1682111e-07   4.8542956e-07   4.1840920e-03  -3.7806711e-02   2.3402837e-02  -7.6853980e-04   1.6492240e-05   7.4146420e-05   1.7506626e-05   1.4293474e-03   5.4769278e-04   5.9065342e-07   2.7199398e-10   5.4976916e-09
   1.0000000e+00  -1.4226455e-02   1.7426959e-02  -4.7169888e-02  -7.1436158e-04   5.9589210e-04  -7.7637880e-04   2.0239202e-04   3.0369890e-04   2.2249983e-03   5.1031247e-07   3.5508739e-07   6.0276404e-07  -1.5913040e-03   2.9239509e-02  -8.2489500e-03   4.0136412e-04   3.3023460e-05  -7.9651050e-05   2.5322484e-06   8.5494889e-04   6.8045176e-05   1.6109316e-07   1.0905489e-09   6.3442898e-09
   1.0000000e+00  -1.1781098e-02  -2.0328881e-02  -4.7693368e-02  -7.1598818e-04   5.8230408e-04  -6.0162559e-04   1.3879427e-04   4.1326340e-04   2.2746574e-03   5.1263907e-07   3.3907804e-07   3.6195335e-07   2.4453570e-03  -3.7755840e-02  -5.2348000e-04  -1.6266000e-06  -1.3588020e-05   1.7475321e-04   5.9797709e-06   1.4255035e-03   2.7403131e-07   2.6458276e-12   1.8463429e-10   3.0538684e-08
   1.0000000e+00  -1.5655356e-02   3.3486960e-03  -5.3974437e-02  -7.4493050e-04   7.0694259e-04  -6.7660897e-04   2.4509017e-04   1.1213765e-05   2.9132398e-03   5.5492145e-07   4.9976783e-07   4.5779970e-07  -3.8742580e-03   2.3677577e-02  -6.2810690e-03  -2.8942320e-05   1.2463851e-04  -7.4983380e-05   1.5009875e-05   5.6062765e-04   3.9451828e-05   8.3765789e-10   1.5534758e-08   5.6225073e-09
   1.0000000e+00  -1.0916104e-02  -4.9555308e-02  -2.5166355e-02  -8.4373900e-04   7.1324216e-04  -6.1686924e-04   1.1916133e-04   2.4557286e-03   6.3334542e-04   7.1189550e-07   5.0871438e-07   3.8052766e-07   4.7392520e-03  -5.2904004e-02   2.8808082e-02  -9.8808500e-05   6.2995700e-06   5.9739730e-05   2.2460510e-05   2.7988336e-03   8.2990559e-04   9.7631197e-09   3.9684582e-11   3.5688353e-09
   1.0000000e+00  -1.3140021e-02   1.7280185e-02  -6.4757694e-02  -7.5973745e-04   7.0400851e-04  -6.4055045e-04   1.7266015e-04   2.9860479e-04   4.1935589e-03   5.7720099e-07   4.9562798e-07   4.1030488e-07  -2.2239170e-03   6.6835493e-02  -3.9591339e-02   8.4001550e-05  -9.2336500e-06  -2.3681210e-05   4.9458068e-06   4.4669831e-03   1.5674741e-03   7.0562604e-09   8.5260292e-11   5.6079971e-10
   1.0000000e+00  -8.4325182e-03  -4.6070095e-02  -3.4873249e-02  -5.2965075e-04   6.8441628e-04  -5.7419213e-04   7.1107363e-05   2.1224537e-03   1.2161435e-03   2.8052992e-07   4.6842564e-07   3.2969660e-07   4.7075028e-03  -6.3350280e-02   2.9884445e-02   2.3008670e-04  -1.9592230e-05   6.6358320e-05   2.2160583e-05   4.0132580e-03   8.9308005e-04   5.2939890e-08   3.8385548e-10   4.4034266e-09
   1.0000000e+00  -1.6187356e-02   1.1296806e-02  -8.2100580e-02  -3.8541468e-04   7.4909084e-04  -6.5597531e-04   2.6203049e-04   1.2761783e-04   6.7405052e-03   1.4854448e-07   5.6113709e-07   4.3030361e-07  -7.7548378e-03   5.7366901e-02  -4.7227331e-02   1.4423607e-04   6.4674560e-05  -8.1783180e-05   6.0137509e-05   3.2909613e-03   2.2304208e-03   2.0804044e-08   4.1827987e-09   6.6884885e-09
   1.0000000e+00  -9.7878704e-03  -6.2617394e-02  -7.7382092e-03  -6.0881485e-04   5.6376364e-04  -5.8552236e-04   9.5802407e-05   3.9209380e-03   5.9879882e-05   3.7065552e-07   3.1782944e-07   3.4283643e-07   6.3994856e-03  -7.3914200e-02   7.4362371e-02  -2.2340017e-04  -1.8532720e-04   7.0452950e-05   4.0953416e-05   5.4633090e-03   5.5297622e-03   4.9907636e-08   3.4346171e-08   4.9636182e-09
   1.0000000e+00  -3.6409687e-03   5.8695439e-03  -9.5360674e-02  -2.3732344e-04   7.6029355e-04  -4.7285731e-04   1.3256653e-05   3.4451546e-05   9.0936581e-03   5.6322415e-08   5.7804628e-07   2.2359404e-07   6.1469017e-03   6.8486938e-02  -8.7622465e-02   3.7149141e-04   1.9652991e-04   1.1266505e-04   3.7784401e-05   4.6904607e-03   7.6776963e-03   1.3800587e-07   3.8624006e-08   1.2693413e-08
   1.0000000e+00   2.2033176e-03  -2.6496580e-02  -4.0505399e-02   5.9956796e-05   5.8978829e-04  -4.4219665e-04   4.8546084e-06   7.0206875e-04   1.6406873e-03   3.5948174e-09   3.4785023e-07   1.9553788e-07   5.8442863e-03  -3.2366124e-02   5.4855275e-02   2.9728024e-04  -1.7050526e-04   3.0660660e-05   3.4155682e-05   1.0475660e-03   3.0091012e-03   8.8375539e-08   2.9072044e-08   9.4007607e-10
   1.0000000e+00  -7.7547962e-03   5.5687431e-03  -1.0188514e-01   3.3142434e-04   6.3875947e-04  -4.2142846e-04   6.0136864e-05   3.1010900e-05   1.0380582e-02   1.0984209e-07   4.0801366e-07   1.7760195e-07  -9.9581138e-03   3.2065323e-02  -6.1379741e-02   2.7146754e-04   4.8971180e-05   2.0768190e-05   9.9164030e-05   1.0281849e-03   3.7674726e-03   7.3694627e-08   2.3981765e-09   4.3131772e-10
   1.0000000e+00  -1.0639990e-02  -5.4918296e-02  -3.8066074e-02   4.7773913e-04   5.5097552e-04  -3.0609359e-04   1.1320939e-04   3.0160192e-03   1.4490260e-03   2.2823468e-07   3.0357402e-07   9.3693286e-08  -2.8851938e-03  -6.0487039e-02   6.3819066e-02   1.4631479e-04  -8.7783950e-05   1.1533487e-04   8.3243433e-06   3.6586819e-03   4.0728732e-03   2.1408018e-08   7.7060219e-09   1.3302132e-08
   1.0000000e+00  -1.3943431e-02  -5.5020019e-03  -9.3452052e-02   1.1467470e-04   3.4429294e-04  -4.5204491e-04   1.9441927e-04   3.0272025e-05   8.7332860e-03   1.3150287e-08   1.1853763e-07   2.0434460e-07  -3.3034410e-03   4.9416294e-02  -5.5385978e-02  -3.6306443e-04  -2.0668258e-04  -1.4595132e-04   1.0912722e-05   2.4419701e-03   3.0676066e-03   1.3181578e-07   4.2717689e-08   2.1301788e-08
   1.0000000e+00  -3.6695953e-03  -6.8888824e-02   1.7423459e-02  -1.6751991e-04   4.1556326e-04  -4.4694652e-04   1.3465930e-05   4.7456701e-03   3.0357692e-04   2.8062920e-08   1.7269282e-07   1.9976119e-07   1.0273836e-02  -6.3386822e-02   1.1087551e-01  -2.8219461e-04   7.1270320e-05   5.0983900e-06   1.0555170e-04   4.0178892e-03   1.2293379e-02   7.9633798e-08   5.0794585e-09   2.5993581e-11
   1.0000000e+00  -6.6000443e-03   7.6117786e-04  -7.8501625e-02  -4.9140772e-04   1.4317254e-04  -4.4475365e-04   4.3560585e-05   5.7939173e-07   6.1625051e-03   2.4148155e-07   2.0498376e-08   1.9780581e-07  -2.9304490e-03   6.9650002e-02  -9.5925084e-02  -3.2388781e-04  -2.7239072e-04   2.1928700e-06   8.5875313e-06   4.8511228e-03   9.2016217e-03   1.0490331e-07   7.4196704e-08   4.8086788e-12
   1.0000000e+00   1.1055642e-02  -7.3087138e-02  -5.1990286e-02   1.0332384e-03  -1.1032722e-04  -1.4082619e-04   1.2222722e-04   5.3417297e-03   2.7029898e-03   1.0675816e-06   1.2172095e-08   1.9832016e-08   1.7655686e-02  -7.3848316e-02   2.6511339e-02   1.5246461e-03  -2.5349976e-04   3.0392746e-04   3.1172326e-04   5.4535738e-03   7.0285110e-04   2.3245458e-06   6.4262128e-08   9.2371901e-08
   1.0000000e+00  -9.1955872e-03  -2.4470795e-02  -8.2274389e-02  -1.1696078e-03   1.1194791e-04  -4.4698739e-04   8.4558824e-05   5.9881981e-04   6.7690751e-03   1.3679824e-06   1.2532335e-08   1.9979773e-07  -2.0251229e-02   4.8616343e-02  -3.0284103e-02  -2.2028462e-03   2.2227513e-04  -3.0616120e-04   4.1011228e-04   2.3635488e-03   9.1712689e-04   4.8525314e-06   4.9406233e-08   9.3734680e-08
   1.0000000e+00  -5.8760527e-04  -4.4767776e-02   7.6493321e-03  -8.7860805e-04   1.3451971e-04  -3.1100632e-04   3.4527995e-07   2.0041538e-03   5.8512282e-05   7.7195211e-07   1.8095552e-08   9.6724931e-08   8.6079819e-03  -2.0296981e-02   8.9923721e-02   2.9099975e-04   2.2571800e-05   1.3598107e-04   7.4097353e-05   4.1196744e-04   8.0862756e-03   8.4680855e-08   5.0948616e-10   1.8490851e-08
   1.0000000e+00  -1.5587384e-02  -2.0192886e-02  -1.2274117e-01   1.1915280e-04   2.0110106e-04  -6.3165790e-04   2.4296654e-04   4.0775265e-04   1.5065395e-02   1.4197390e-08   4.0441636e-08   3.9899170e-07  -1.4999779e-02   2.4574890e-02  -1.3039050e-01   9.9776085e-04   6.6581350e-05  -3.2065158e-04   2.2499336e-04   6.0392522e-04   1.7001683e-02   9.9552671e-07   4.4330762e-09   1.0281744e-07
   1.0000000e+00  -5.5120667e-03  -4.9597267e-02  -3.8349156e-03  -1.1007746e-03   3.2482548e-04  -3.7745125e-04   3.0382879e-05   2.4598889e-03   1.4706578e-05   1.2117047e-06   1.0551159e-07   1.4246945e-07   1.0075317e-02  -2.9404381e-02   1.1890625e-01  -1.2199274e-03   1.2372442e-04   2.5420665e-04   1.0151202e-04   8.6461762e-04   1.4138697e-02   1.4882229e-06   1.5307732e-08   6.4621021e-08
   1.0000000e+00  -8.4170742e-03  -2.2344042e-02  -1.0237098e-01  -1.3079919e-04   1.9048138e-04  -6.5469023e-04   7.0847138e-05   4.9925621e-04   1.0479818e-02   1.7108428e-08   3.6283156e-08   4.2861930e-07  -2.9050075e-03   2.7253225e-02  -9.8536064e-02   9.6997541e-04  -1.3434410e-04  -2.7723898e-04   8.4390686e-06   7.4273827e-04   9.7093560e-03   9.4085230e-07   1.8048337e-08   7.6861452e-08
   1.0000000e+00  -3.4613568e-03  -6.3328373e-02  -2.5088182e-02  -7.2722862e-04   3.8441055e-04  -4.9020199e-04   1.1980991e-05   4.0104828e-03   6.2941688e-04   5.2886147e-07   1.4777147e-07   2.4029799e-07   4.9557174e-03  -4.0984331e-02   7.7282798e-02  -5.9642943e-04   1.9392917e-04   1.6448824e-04   2.4559135e-05   1.6797154e-03   5.9726309e-03   3.5572806e-07   3.7608523e-08   2.7056381e-08
   1.0000000e+00  -1.0985606e-02  -2.1560360e-02  -1.2296384e-01  -7.8546769e-04   4.4812697e-04  -6.2486708e-04   1.2068354e-04   4.6484912e-04   1.5120106e-02   6.1695949e-07   2.0081778e-07   3.9045887e-07  -7.5242492e-03   4.1768013e-02  -9.7875658e-02  -5.8239070e-05   6.3716420e-05  -1.3466509e-04   5.6614326e-05   1.7445669e-03   9.5796444e-03   3.3917893e-09   4.0597822e-09   1.8134686e-08
   1.0000000e+00   2.6272720e-03  -1.0595900e-01   1.2694514e-02  -6.5560523e-04   4.6165080e-04  -5.4051447e-04   6.9025582e-06   1.1227310e-02   1.6115069e-04   4.2981822e-07   2.1312146e-07   2.9215589e-07   1.3612878e-02  -8.4398640e-02   1.3565835e-01   1.2986246e-04   1.3523830e-05   8.4352610e-05   1.8531045e-04   7.1231304e-03   1.8403189e-02   1.6864259e-08   1.8289398e-10   7.1153628e-09
   1.0000000e+00  -4.2819915e-03  -1.3613366e-02  -1.4773782e-01  -9.9725724e-04   4.3744668e-04  -5.5272843e-04   1.8335451e-05   1.8532373e-04   2.1826463e-02   9.9452200e-07   1.9135960e-07   3.0550872e-07  -6.9092635e-03   9.2345634e-02  -1.6043233e-01  -3.4165201e-04  -2.4204120e-05  -1.2213960e-05   4.7737922e-05   8.5277161e-03   2.5738534e-02   1.1672610e-07   5.8583942e-10   1.4918082e-10
   1.0000000e+00  -1.5969031e-03  -8.7242697e-02  -1.1938545e-02  -2.8122363e-04   4.1347164e-04  -4.1138954e-04   2.5500995e-06   7.6112882e-03   1.4252886e-04   7.9086730e-08   1.7095880e-07   1.6924135e-07   2.6850884e-03  -7.3629331e-02   1.3579927e-01   7.1603361e-04  -2.3975040e-05   1.4133889e-04   7.2096997e-06   5.4212784e-03   1.8441443e-02   5.1270413e-07   5.7480254e-10   1.9976682e-08
   1.0000000e+00  -7.3659755e-03  -4.2929265e-02  -1.1913898e-01  -1.1390265e-03   4.7430012e-04  -5.7491702e-04   5.4257595e-05   1.8429218e-03   1.4194097e-02   1.2973814e-06   2.2496060e-07   3.3052958e-07  -5.7690724e-03   4.4313432e-02  -1.0720044e-01  -8.5780287e-04   6.0828480e-05  -1.6352748e-04   3.3282196e-05   1.9636803e-03   1.1491933e-02   7.3582576e-07   3.7001040e-09   2.6741237e-08
   1.0000000e+00  -5.1023411e-03  -5.0244537e-02  -3.6451126e-02  -5.7269598e-04   4.2217516e-04  -4.6036176e-04   2.6033885e-05   2.5245135e-03   1.3286846e-03   3.2798069e-07   1.7823187e-07   2.1193295e-07   2.2636344e-03  -7.3152720e-03   8.2687854e-02   5.6633052e-04  -5.2124960e-05   1.1455526e-04   5.1240407e-06   5.3513204e-05   6.8372812e-03   3.2073026e-07   2.7170115e-09   1.3122908e-08
   1.0000000e+00  -8.1908935e-03  -5.1497254e-02  -1.1272062e-01  -9.4704291e-04   4.2880994e-04  -4.8775845e-04   6.7090736e-05   2.6519672e-03   1.2705938e-02   8.9689027e-07   1.8387796e-07   2.3790831e-07  -3.0885524e-03  -1.2527170e-03  -7.6269494e-02  -3.7434693e-04   6.6347800e-06  -2.7396690e-05   9.5391559e-06   1.5692999e-06   5.8170357e-03   1.4013562e-07   4.4020306e-11   7.5057862e-10
   1.0000000e+00  -8.8103019e-03  -5.8757807e-02  -4.7509488e-02  -4.9641403e-04   4.5332176e-04  -5.6017997e-04   7.7621420e-05   3.4524799e-03   2.2571515e-03   2.4642689e-07   2.0550062e-07   3.1380160e-07  -6.1940840e-04  -7.2605530e-03   6.5211132e-02   4.5062888e-04   2.4511820e-05  -7.2421520e-05   3.8366677e-07   5.2715630e-05   4.2524917e-03   2.0306639e-07   6.0082932e-10   5.2448766e-09
   1.0000000e+00  -1.0972317e-02  -7.1724562e-02  -9.8468501e-02  -9.1641282e-04   4.5208907e-04  -6.4624151e-04   1.2039174e-04   5.1444128e-03   9.6960457e-03   8.3981246e-07   2.0438453e-07   4.1762809e-07  -2.1620151e-03  -1.2966755e-02  -5.0959013e-02  -4.1999879e-04  -1.2326900e-06  -8.6061540e-05   4.6743093e-06   1.6813674e-04   2.5968210e-03   1.7639898e-07   1.5195246e-12   7.4065887e-09
   1.0000000e+00  -1.3333929e-02  -6.9898328e-02  -5.1257232e-02  -6.6002557e-04   4.6311519e-04  -7.4972693e-04   1.7779366e-04   4.8857763e-03   2.6273038e-03   4.3563375e-07   2.1447568e-07   5.6209047e-07  -2.3616120e-03   1.8262340e-03   4.7211269e-02   2.5638725e-04   1.1026120e-05  -1.0348542e-04   5.5772112e-06   3.3351306e-06   2.2289039e-03   6.5734422e-08   1.2157532e-10   1.0709232e-08
   1.0000000e+00  -7.4016362e-03  -1.1142214e-01  -7.5903461e-02  -1.5283550e-03   5.5484643e-04  -6.5020986e-04   5.4784218e-05   1.2414893e-02   5.7613354e-03   2.3358690e-06   3.0785456e-07   4.2277286e-07   5.9322928e-03  -4.1523812e-02  -2.4646229e-02  -8.6832943e-04   9.1731240e-05   9.9517070e-05   3.5192098e-05   1.7242270e-03   6.0743660e-04   7.5399600e-07   8.4146204e-09   9.9036472e-09
   1.0000000e+00  -6.8537123e-03  -1.0849652e-01  -5.0456297e-02  -7.3376677e-04   6.0955131e-04  -6.8587864e-04   4.6973372e-05   1.1771495e-02   2.5458379e-03   5.3841367e-07   3.7155280e-07   4.7042951e-07   5.4792390e-04   2.9256200e-03   2.5447164e-02   7.9458823e-04   5.4704880e-05  -3.5668780e-05   3.0022060e-07   8.5592524e-06   6.4755816e-04   6.3137046e-07   2.9926239e-09   1.2722619e-09
   1.0000000e+00  -9.5681193e-03  -1.1191619e-01  -9.6355404e-02  -1.4433400e-03   6.8458388e-04  -6.3633299e-04   9.1548907e-05   1.2525234e-02   9.2843639e-03   2.0832304e-06   4.6865509e-07   4.0491967e-07  -2.7144070e-03  -3.4196700e-03  -4.5899107e-02  -7.0957323e-04   7.5032570e-05   4.9545650e-05   7.3680054e-06   1.1694143e-05   2.1067280e-03   5.0349417e-07   5.6298866e-09   2.4547714e-09
   1.0000000e+00  -1.3958692e-02  -1.1277604e-01  -7.6437188e-02  -6.0268111e-04   6.8602879e-04  -7.4410381e-04   1.9484508e-04   1.2718435e-02   5.8426437e-03   3.6322452e-07   4.7063550e-07   5.5369048e-07  -4.3905727e-03  -8.5985000e-04   1.9918216e-02   8.4065889e-04   1.4449100e-06  -1.0777082e-04   1.9277129e-05   7.3934202e-07   3.9673533e-04   7.0670737e-07   2.0877649e-12   1.1614550e-08
   1.0000000e+00  -1.7876292e-02  -1.0068966e-01  -9.8789112e-02  -1.0571526e-03   8.0126188e-04  -9.1130493e-04   3.1956182e-04   1.0138408e-02   9.7592886e-03   1.1175716e-06   6.4202060e-07   8.3047668e-07  -3.9176000e-03   1.2086380e-02  -2.2351924e-02  -4.5447149e-04   1.1523309e-04  -1.6720112e-04   1.5347590e-05   1.4608058e-04   4.9960851e-04   2.0654434e-07   1.3278665e-08   2.7956215e-08
   1.0000000e+00  -1.0487489e-02  -1.0067745e-01  -9.0698590e-02  -4.4435472e-04   7.9130398e-04  -6.8210815e-04   1.0998743e-04   1.0135949e-02   8.2262342e-03   1.9745112e-07   6.2616199e-07   4.6527153e-07   7.3888030e-03   1.2210000e-05   8.0905220e-03   6.1279788e-04  -9.9579000e-06   2.2919678e-04   5.4594410e-05   1.4908410e-10   6.5456546e-05   3.7552124e-07   9.9159772e-11   5.2531164e-08
   1.0000000e+00  -1.6406374e-02  -8.6485507e-02  -1.1010156e-01  -3.3141691e-04   7.6583857e-04  -8.8113544e-04   2.6916911e-04   7.4797429e-03   1.2122354e-02   1.0983717e-07   5.8650872e-07   7.7639966e-07  -5.9188850e-03   1.4191943e-02  -1.9402970e-02   1.1293781e-04  -2.5465410e-05  -1.9902729e-04   3.5033200e-05   2.0141125e-04   3.7647524e-04   1.2754949e-08   6.4848711e-10   3.9611862e-08
   1.0000000e+00  -1.0297449e-02  -9.5780019e-02  -8.9252981e-02  -2.0785114e-04   5.0538327e-04  -6.3519357e-04   1.0603746e-04   9.1738120e-03   7.9660946e-03   4.3202096e-08   2.5541225e-07   4.0347087e-07   6.1089250e-03  -9.2945120e-03   2.0848579e-02   1.2356577e-04  -2.6045530e-04   2.4594187e-04   3.7318965e-05   8.6387953e-05   4.3466325e-04   1.5268500e-08   6.7836963e-08   6.0487403e-08
   1.0000000e+00  -6.8656749e-03  -4.2655437e-02  -1.4239506e-01   5.0549437e-04   7.9528375e-04  -1.3105474e-04   4.7137492e-05   1.8194863e-03   2.0276353e-02   2.5552456e-07   6.3247624e-07   1.7175345e-08   3.4317741e-03   5.3124582e-02  -5.3142079e-02   7.1334551e-04   2.8990048e-04   5.0413883e-04   1.1777073e-05   2.8222212e-03   2.8240806e-03   5.0886182e-07   8.4042288e-08   2.5415596e-07
   1.0000000e+00  -4.6528544e-03  -9.0031090e-02  -1.1485410e-01  -5.0712080e-06   5.0718007e-04  -5.5263912e-04   2.1649054e-05   8.1055972e-03   1.3191464e-02   2.5717151e-11   2.5723162e-07   3.0541000e-07   2.2128205e-03  -4.7375653e-02   2.7540960e-02  -5.1056558e-04  -2.8810368e-04  -4.2158438e-04   4.8965746e-06   2.2444525e-03   7.5850448e-04   2.6067721e-07   8.3003730e-08   1.7773339e-07
   1.0000000e+00  -1.1392149e-02  -9.1240442e-02  -1.4798808e-01  -1.3141300e-04   6.8082862e-04  -6.3623554e-04   1.2978106e-04   8.3248183e-03   2.1900472e-02   1.7269377e-08   4.6352761e-07   4.0479566e-07  -6.7392946e-03  -1.2093520e-03  -3.3133980e-02  -1.2634179e-04   1.7364855e-04  -8.3596420e-05   4.5418092e-05   1.4625323e-06   1.0978606e-03   1.5962248e-08   3.0153819e-08   6.9883614e-09
   1.0000000e+00  -3.7458837e-03  -1.3212213e-01  -9.2517837e-02  -6.4401226e-04   4.9053072e-04  -5.1569169e-04   1.4031645e-05   1.7456257e-02   8.5595502e-03   4.1475179e-07   2.4062039e-07   2.6593792e-07   7.6462653e-03  -4.0881688e-02   5.5470243e-02  -5.1259926e-04  -1.9029790e-04   1.2054385e-04   5.8465373e-05   1.6713124e-03   3.0769479e-03   2.6275800e-07   3.6213291e-08   1.4530820e-08
   1.0000000e+00  -1.1162672e-02  -9.9800850e-02  -1.0988772e-01  -6.8131330e-04   6.6915041e-04  -7.9265534e-04   1.2460525e-04   9.9602097e-03   1.2075311e-02   4.6418781e-07   4.4776227e-07   6.2830249e-07  -7.4167883e-03   3.2321280e-02  -1.7369883e-02  -3.7301040e-05   1.7861969e-04  -2.7696365e-04   5.5008749e-05   1.0446651e-03   3.0171284e-04   1.3913676e-09   3.1904994e-08   7.6708863e-08
   1.0000000e+00  -7.7706512e-03  -1.2576590e-01  -5.8500773e-02  -1.3420616e-03   5.4149914e-04  -6.7312249e-04   6.0383020e-05   1.5817062e-02   3.4223404e-03   1.8011293e-06   2.9322132e-07   4.5309389e-07   3.3920208e-03  -2.5965050e-02   5.1386947e-02  -6.6074830e-04  -1.2765127e-04   1.1953285e-04   1.1505805e-05   6.7418382e-04   2.6406183e-03   4.3658832e-07   1.6294847e-08   1.4288102e-08
   1.0000000e+00  -1.7007382e-02  -1.2345263e-01  -6.9851758e-02  -1.0870085e-03   7.0552328e-04  -8.7330248e-04   2.8925104e-04   1.5240552e-02   4.8792681e-03   1.1815875e-06   4.9776310e-07   7.6265722e-07  -9.2367308e-03   2.3132700e-03  -1.1350985e-02   2.5505310e-04   1.6402414e-04  -2.0017999e-04   8.5317196e-05   5.3512181e-06   1.2884486e-04   6.5052084e-08   2.6903919e-08   4.0072028e-08
   1.0000000e+00  -8.1109014e-03  -1.2430051e-01  -5.9898277e-02  -1.7879501e-03   4.2528654e-04  -6.4215073e-04   6.5786722e-05   1.5450617e-02   3.5878036e-03   3.1967656e-06   1.8086864e-07   4.1235756e-07   8.8964806e-03  -8.4788000e-04   9.9534810e-03  -7.0094160e-04  -2.8023674e-04   2.3115175e-04   7.9147367e-05   7.1890049e-07   9.9071784e-05   4.9131913e-07   7.8532630e-08   5.3431132e-08
   1.0000000e+00  -2.0033710e-02  -1.2724075e-01  -4.0404528e-02  -8.5980014e-04   8.9202550e-04  -8.2465621e-04   4.0134954e-04   1.6190208e-02   1.6325259e-03   7.3925628e-07   7.9570949e-07   6.8005786e-07  -1.1922809e-02  -2.9402400e-03   1.9493749e-02   9.2814996e-04   4.6673896e-04  -1.8250548e-04   1.4215336e-04   8.6450113e-06   3.8000625e-04   8.6146235e-07   2.1784526e-07   3.3308250e-08
   1.0000000e+00  -3.1512091e-02  -1.2600460e-01  -2.2114484e-02  -1.8656778e-03   1.2199598e-03  -8.0770898e-04   9.9301188e-04   1.5877159e-02   4.8905040e-04   3.4807537e-06   1.4883019e-06   6.5239380e-07  -1.1478381e-02   1.2361500e-03   1.8290044e-02  -1.0058777e-03   3.2793430e-04   1.6947230e-05   1.3175323e-04   1.5280668e-06   3.3452571e-04   1.0117899e-06   1.0754091e-07   2.8720860e-10
   1.0000000e+00  -2.4103308e-02  -1.0650567e-01  -1.1440685e-01  -6.6456580e-04   9.1875685e-04  -8.8757775e-04   5.8096946e-04   1.1343458e-02   1.3088927e-02   4.4164770e-07   8.4411415e-07   7.8779426e-07   7.4087830e-03   1.9498930e-02  -9.2292366e-02   1.2011120e-03  -3.0120295e-04  -7.9868770e-05   5.4890066e-05   3.8020827e-04   8.5178808e-03   1.4426700e-06   9.0723217e-08   6.3790204e-09
   1.0000000e+00  -1.8347104e-02  -1.1948995e-01  -7.3507872e-02  -1.1857541e-03   9.5790752e-04  -7.2663874e-04   3.3661623e-04   1.4277848e-02   5.4034072e-03   1.4060128e-06   9.1758682e-07   5.2800386e-07   5.7562040e-03  -1.2984280e-02   4.0898978e-02  -5.2118830e-04   3.9150670e-05   1.6093901e-04   3.3133884e-05   1.6859153e-04   1.6727264e-03   2.7163724e-07   1.5327750e-09   2.5901365e-08
   1.0000000e+00  -1.9548675e-02  -1.1761596e-01  -1.2428324e-01  -3.4266054e-04   1.0970977e-03  -9.2266853e-04   3.8215069e-04   1.3833514e-02   1.5446324e-02   1.1741625e-07   1.2036234e-06   8.5131722e-07  -1.2015710e-03   1.8739900e-03  -5.0775368e-02   8.4309356e-04   1.3919018e-04  -1.9602979e-04   1.4437729e-06   3.5118385e-06   2.5781380e-03   7.1080675e-07   1.9373906e-08   3.8427679e-08
   1.0000000e+00  -1.4375217e-02  -1.3509202e-01  -6.4414547e-02  -9.1209779e-04   8.5868564e-04  -7.4453689e-04   2.0664686e-04   1.8249854e-02   4.1492339e-03   8.3192238e-07   7.3734103e-07   5.5433518e-07   5.1734580e-03  -1.7476060e-02   5.9868693e-02  -5.6943725e-04  -2.3841206e-04   1.7813164e-04   2.6764668e-05   3.0541267e-04   3.5842604e-03   3.2425878e-07   5.6840310e-08   3.1730881e-08
   1.0000000e+00  -1.3576039e-02  -1.0177221e-01  -1.2286488e-01  -3.2628593e-04   8.1711647e-04  -7.9870102e-04   1.8430883e-04   1.0357583e-02   1.5095779e-02   1.0646251e-07   6.6767933e-07   6.3792332e-07   7.9917800e-04   3.3319810e-02  -5.8450333e-02   5.8581186e-04  -4.1569170e-05  -5.4164130e-05   6.3868548e-07   1.1102097e-03   3.4164414e-03   3.4317554e-07   1.7279959e-09   2.9337530e-09
   1.0000000e+00  -1.1286113e-02  -1.2681376e-01  -6.3975687e-02  -9.8823851e-04   6.2500055e-04  -7.7919849e-04   1.2737635e-04   1.6081730e-02   4.0928885e-03   9.7661535e-07   3.9062569e-07   6.0715029e-07   2.2899260e-03  -2.5041550e-02   5.8889193e-02  -6.6195258e-04  -1.9211592e-04   1.9502530e-05   5.2437611e-06   6.2707923e-04   3.4679371e-03   4.3818122e-07   3.6908527e-08   3.8034868e-10
   1.0000000e+00  -1.7208469e-02  -1.1053468e-01  -1.0571056e-01  -4.3341369e-04   7.6250228e-04  -8.4604104e-04   2.9613141e-04   1.2217915e-02   1.1174722e-02   1.8784743e-07   5.8140973e-07   7.1578544e-07  -5.9223560e-03   1.6279080e-02  -4.1734873e-02   5.5482482e-04   1.3750173e-04  -6.6842550e-05   3.5074301e-05   2.6500845e-04   1.7417996e-03   3.0783058e-07   1.8906726e-08   4.4679265e-09
   1.0000000e+00  -1.0406336e-02  -1.4152139e-01  -5.1135855e-02  -1.1952182e-03   6.1594684e-04  -7.4523528e-04   1.0829183e-04   2.0028304e-02   2.6148757e-03   1.4285465e-06   3.7939051e-07   5.5537562e-07   6.8021330e-03  -3.0986710e-02   5.4574705e-02  -7.6180451e-04  -1.4655544e-04   1.0080576e-04   4.6269013e-05   9.6017620e-04   2.9783984e-03   5.8034611e-07   2.1478497e-08   1.0161801e-08
   1.0000000e+00  -1.3662481e-02  -1.1892479e-01  -1.0262211e-01  -5.2200121e-04   7.6940686e-04  -7.4452736e-04   1.8666339e-04   1.4143106e-02   1.0531297e-02   2.7248526e-07   5.9198692e-07   5.5432099e-07  -3.2561450e-03   2.2596600e-02  -5.1486255e-02   6.7321699e-04   1.5346002e-04   7.0792000e-07   1.0602480e-05   5.1060633e-04   2.6508345e-03   4.5322112e-07   2.3549978e-08   5.0115073e-13
   1.0000000e+00  -8.0163404e-03  -1.5751738e-01  -4.7631077e-02  -1.2676331e-03   5.8847783e-04  -7.8899071e-04   6.4261713e-05   2.4811725e-02   2.2687195e-03   1.6068937e-06   3.4630616e-07   6.2250634e-07   5.6461406e-03  -3.8592590e-02   5.4991033e-02  -7.4563189e-04  -1.8092903e-04  -4.4463350e-05   3.1878904e-05   1.4893880e-03   3.0240137e-03   5.5596692e-07   3.2735314e-08   1.9769895e-09
   1.0000000e+00  -1.2784390e-02  -1.2829777e-01  -1.0462717e-01  -4.8823254e-04   8.0592338e-04  -7.9209801e-04   1.6344063e-04   1.6460318e-02   1.0946845e-02   2.3837101e-07   6.4951249e-07   6.2741926e-07  -4.7680496e-03   2.9219610e-02  -5.6996093e-02   7.7940056e-04   2.1744555e-04  -3.1073000e-06   2.2734297e-05   8.5378561e-04   3.2485546e-03   6.0746523e-07   4.7282567e-08   9.6553133e-12
   1.0000000e+00  -6.8280908e-03  -1.7028295e-01  -5.2108947e-02  -1.3558743e-03   6.3070671e-04  -8.0624313e-04   4.6622824e-05   2.8996283e-02   2.7153424e-03   1.8383951e-06   3.9779095e-07   6.5002798e-07   5.9562992e-03  -4.1985180e-02   5.2518223e-02  -8.6764176e-04  -1.7521667e-04  -1.4145120e-05   3.5477500e-05   1.7627553e-03   2.7581637e-03   7.5280222e-07   3.0700881e-08   2.0008442e-10
   1.0000000e+00  -9.4830082e-03  -1.6594594e-01  -8.2199170e-02  -3.4666188e-04   7.1660683e-04  -8.2161067e-04   8.9927445e-05   2.7538055e-02   6.7567035e-03   1.2017446e-07   5.1352535e-07   6.7504409e-07  -2.6549174e-03   4.3370100e-03  -3.0090223e-02   1.0092124e-03   8.5900120e-05  -1.5367540e-05   7.0485864e-06   1.8809656e-05   9.0542152e-04   1.0185097e-06   7.3788306e-09   2.3616129e-10
   1.0000000e+00  -5.7516085e-03  -1.7456418e-01  -5.7850213e-02  -1.3139286e-03   5.7490422e-04  -8.3377340e-04   3.3081000e-05   3.0472653e-02   3.3466471e-03   1.7264084e-06   3.3051486e-07   6.9517808e-07   3.7313997e-03  -8.6182400e-03   2.4348957e-02  -9.6726672e-04  -1.4170261e-04  -1.2162730e-05   1.3923344e-05   7.4274061e-05   5.9287171e-04   9.3560491e-07   2.0079630e-08   1.4793200e-10
   1.0000000e+00  -1.5799818e-02  -1.4362554e-01  -1.0670440e-01  -5.8618405e-04   6.7879279e-04  -8.6950468e-04   2.4963425e-04   2.0628296e-02   1.1385829e-02   3.4361174e-07   4.6075965e-07   7.5603839e-07  -1.0048210e-02   3.0938640e-02  -4.8854187e-02   7.2774455e-04   1.0388857e-04  -3.5731280e-05   1.0096651e-04   9.5719945e-04   2.3867316e-03   5.2961213e-07   1.0792835e-08   1.2767244e-09
   1.0000000e+00  -1.3505874e-02  -1.8544110e-01  -5.2975985e-02  -1.4943699e-03   6.9013297e-04  -7.1148757e-04   1.8240863e-04   3.4388402e-02   2.8064550e-03   2.2331414e-06   4.7628352e-07   5.0621456e-07   2.2939440e-03  -4.1815560e-02   5.3728415e-02  -9.0818585e-04   1.1340180e-05   1.5801711e-04   5.2621791e-06   1.7485411e-03   2.8867426e-03   8.2480154e-07   1.2859968e-10   2.4969407e-08
   1.0000000e+00  -1.3821046e-02  -1.5960215e-01  -1.1551579e-01  -1.6501984e-04   8.8647379e-04  -6.6702603e-04   1.9102131e-04   2.5472846e-02   1.3343898e-02   2.7231548e-08   7.8583578e-07   4.4492372e-07  -3.1517200e-04   2.5838950e-02  -6.2539805e-02   1.3293501e-03   1.9634082e-04   4.4461540e-05   9.9333390e-08   6.6765134e-04   3.9112272e-03   1.7671716e-06   3.8549718e-08   1.9768285e-09
   1.0000000e+00  -5.4297458e-03  -1.6683356e-01  -9.2127995e-02  -1.4914850e-03   7.3461883e-04  -6.2430432e-04   2.9482139e-05   2.7833437e-02   8.4875675e-03   2.2245275e-06   5.3966483e-07   3.8975588e-07   8.3913002e-03  -7.2314100e-03   2.3387795e-02  -1.3264652e-03  -1.5185496e-04   4.2721710e-05   7.0413919e-05   5.2293291e-05   5.4698895e-04   1.7595098e-06   2.3059929e-08   1.8251445e-09
   1.0000000e+00  -1.1419136e-02  -1.6004133e-01  -1.4772328e-01  -3.0295040e-04   9.3601130e-04  -6.5283684e-04   1.3039667e-04   2.5613227e-02   2.1822167e-02   9.1778945e-08   8.7611715e-07   4.2619594e-07  -5.9893902e-03   6.7922300e-03  -5.5595285e-02   1.1885346e-03   2.0139247e-04  -2.8532520e-05   3.5872795e-05   4.6134388e-05   3.0908357e-03   1.4126145e-06   4.0558927e-08   8.1410470e-10
   1.0000000e+00  -7.9890820e-03  -1.9416617e-01  -6.4460022e-02  -1.3145734e-03   7.8241720e-04  -5.4887559e-04   6.3825431e-05   3.7700502e-02   4.1550944e-03   1.7281032e-06   6.1217667e-07   3.0126441e-07   3.4300540e-03  -3.4124840e-02   8.3263258e-02  -1.0116230e-03  -1.5359410e-04   1.0396125e-04   1.1765270e-05   1.1645047e-03   6.9327701e-03   1.0233811e-06   2.3591148e-08   1.0807942e-08
   1.0000000e+00  -1.0763372e-02  -1.7688645e-01  -1.2075072e-01  -1.4569024e-04   6.6870816e-04  -7.8714345e-04   1.1585018e-04   3.1288816e-02   1.4580736e-02   2.1225646e-08   4.4717060e-07   6.1959481e-07  -2.7742900e-03   1.7279720e-02  -5.6290698e-02   1.1688832e-03  -1.1370904e-04  -2.3826786e-04   7.6966850e-06   2.9858872e-04   3.1686427e-03   1.3662878e-06   1.2929746e-08   5.6771573e-08
   1.0000000e+00  -7.7993362e-03  -1.7342812e-01  -6.4934457e-02  -1.4159542e-03   6.6033675e-04  -5.9096979e-04   6.0829645e-05   3.0077313e-02   4.2164837e-03   2.0049263e-06   4.3604462e-07   3.4924529e-07   2.9640358e-03   3.4583300e-03   5.5816263e-02  -1.2702640e-03  -8.3714100e-06   1.9617366e-04   8.7855082e-06   1.1960046e-05   3.1154552e-03   1.6135705e-06   7.0080505e-11   3.8484105e-08
   1.0000000e+00  -1.6464548e-02  -1.8783608e-01  -8.1420232e-02  -5.3349169e-04   4.6800798e-04  -7.6879138e-04   2.7108134e-04   3.5282393e-02   6.6292542e-03   2.8461338e-07   2.1903147e-07   5.9104019e-07  -8.6652118e-03  -1.4407960e-02  -1.6485775e-02   8.8246251e-04  -1.9232877e-04  -1.7782159e-04   7.5085896e-05   2.0758931e-04   2.7178078e-04   7.7874008e-07   3.6990356e-08   3.1620518e-08
   1.0000000e+00  -1.3893977e-02  -1.8587702e-01  -6.7299298e-02  -1.2136261e-03   3.6088197e-04  -7.0188025e-04   1.9304260e-04   3.4550267e-02   4.5291955e-03   1.4728883e-06   1.3023580e-07   4.9263589e-07   2.5705710e-03   1.9590600e-03   1.4120934e-02  -6.8013441e-04  -1.0712601e-04   6.6911130e-05   6.6078353e-06   3.8379161e-06   1.9940078e-04   4.6258282e-07   1.1475982e-08   4.4770993e-09
   1.0000000e+00  -2.0966508e-02  -1.8912290e-01  -9.1061675e-02  -4.4000685e-04   4.9403881e-04  -8.2869215e-04   4.3959446e-04   3.5767471e-02   8.2922287e-03   1.9360603e-07   2.4407435e-07   6.8673068e-07  -7.0725310e-03  -3.2458800e-03  -2.3762377e-02   7.7361925e-04   1.3315684e-04  -1.2681190e-04   5.0020695e-05   1.0535737e-05   5.6465056e-04   5.9848674e-07   1.7730744e-08   1.6081258e-08
   1.0000000e+00  -1.1223320e-02  -1.8838759e-01  -6.0131231e-02  -1.2923400e-03   5.1791478e-04  -7.1652989e-04   1.2596291e-04   3.5489884e-02   3.6157649e-03   1.6701427e-06   2.6823572e-07   5.1341508e-07   9.7431880e-03   7.3531000e-04   3.0930444e-02  -8.5233315e-04   2.3875970e-05   1.1216226e-04   9.4929712e-05   5.4068080e-07   9.5669237e-04   7.2647180e-07   5.7006194e-10   1.2580373e-08
   1.0000000e+00  -1.0104948e-02  -1.7984422e-01  -9.4767306e-02  -2.7033146e-04   6.8684629e-04  -8.8196337e-04   1.0210997e-04   3.2343943e-02   8.9808423e-03   7.3079098e-08   4.7175783e-07   7.7785939e-07   1.1183720e-03   8.5433700e-03  -3.4636075e-02   1.0220085e-03   1.6893151e-04  -1.6543348e-04   1.2507559e-06   7.2989171e-05   1.1996577e-03   1.0445015e-06   2.8537855e-08   2.7368236e-08
   1.0000000e+00  -4.0900706e-03  -1.8404988e-01  -7.1344223e-02  -1.5592531e-03   6.5889042e-04  -6.3507297e-04   1.6728678e-05   3.3874358e-02   5.0899982e-03   2.4312702e-06   4.3413659e-07   4.0331768e-07   6.0148774e-03  -4.2056600e-03   2.3423083e-02  -1.2889216e-03  -2.7955870e-05   2.4689040e-04   3.6178750e-05   1.7687576e-05   5.4864082e-04   1.6613190e-06   7.8153067e-10   6.0954870e-08
   1.0000000e+00  -8.5798312e-03  -1.9907241e-01  -8.7211315e-02  -3.7405138e-04   8.0697680e-04  -8.4791119e-04   7.3613503e-05   3.9629824e-02   7.6058135e-03   1.3991443e-07   6.5121156e-07   7.1895339e-07  -4.4897606e-03  -1.5022530e-02  -1.5867092e-02   1.1852017e-03   1.4808638e-04  -2.1283822e-04   2.0157950e-05   2.2567641e-04   2.5176461e-04   1.4047031e-06   2.1929576e-08   4.5300108e-08
   1.0000000e+00  -3.3537478e-03  -1.9758025e-01  -8.7540893e-02  -1.5075997e-03   7.0578947e-04  -7.3469499e-04   1.1247624e-05   3.9037955e-02   7.6634079e-03   2.2728569e-06   4.9813878e-07   5.3977673e-07   5.2260834e-03   1.4921600e-03  -3.2957800e-04  -1.1335483e-03  -1.0118733e-04   1.1321620e-04   2.7311948e-05   2.2265415e-06   1.0862166e-07   1.2849318e-06   1.0238876e-08   1.2817908e-08
   1.0000000e+00  -1.2477311e-02  -2.0363219e-01  -7.1257404e-02  -4.7896209e-04   8.5087323e-04  -9.8582641e-04   1.5568329e-04   4.1466069e-02   5.0776176e-03   2.2940468e-07   7.2398525e-07   9.7185371e-07  -9.1235632e-03  -6.0519400e-03   1.6283489e-02   1.0286376e-03   1.4508376e-04  -2.5113142e-04   8.3239405e-05   3.6625978e-05   2.6515201e-04   1.0580953e-06   2.1049297e-08   6.3066990e-08
   1.0000000e+00  -7.9643496e-03  -2.1551891e-01  -6.6525899e-02  -1.5277111e-03   7.5414747e-04  -8.4033735e-04   6.3430865e-05   4.6448401e-02   4.4256952e-03   2.3339012e-06   5.6873841e-07   7.0616686e-07   4.5129614e-03  -1.1886720e-02   4.7315050e-03  -1.0487490e-03  -9.6725760e-05   1.4548906e-04   2.0366821e-05   1.4129411e-04   2.2387140e-05   1.0998745e-06   9.3558726e-09   2.1167067e-08
   1.0000000e+00  -1.4202169e-02  -1.8954438e-01  -1.0120664e-01  -6.8247721e-04   8.0605866e-04  -1.0450142e-03   2.0170160e-04   3.5927072e-02   1.0242784e-02   4.6577514e-07   6.4973056e-07   1.0920547e-06  -6.2378194e-03   2.5974530e-02  -3.4680741e-02   8.4523389e-04   5.1911190e-05  -2.0467685e-04   3.8910391e-05   6.7467621e-04   1.2027538e-03   7.1442033e-07   2.6947716e-09   4.1892613e-08
   1.0000000e+00  -1.7614281e-02  -2.3207851e-01  -5.9731603e-02  -1.7554458e-03   1.0075140e-03  -1.1300132e-03   3.1026290e-04   5.3860435e-02   3.5678644e-03   3.0815900e-06   1.0150845e-06   1.2769298e-06  -3.4121120e-03  -4.2534130e-02   4.1475037e-02  -1.0729686e-03   2.0145534e-04  -8.4999000e-05   1.1642508e-05   1.8091522e-03   1.7201787e-03   1.1512616e-06   4.0584254e-08   7.2248300e-09
   1.0000000e+00  -2.0242081e-02  -1.9758674e-01  -1.1405982e-01  -8.1164461e-04   9.5154980e-04  -1.2241928e-03   4.0974184e-04   3.9040520e-02   1.3009643e-02   6.5876697e-07   9.0544702e-07   1.4986480e-06  -2.6278000e-03   3.4491770e-02  -5.4328217e-02   9.4380119e-04  -5.5964200e-05  -9.4179600e-05   6.9053328e-06   1.1896822e-03   2.9515552e-03   8.9076069e-07   3.1319917e-09   8.8697971e-09
   1.0000000e+00  -9.9462769e-03  -2.1874485e-01  -8.8427294e-02  -1.5809668e-03   8.9126942e-04  -8.8116738e-04   9.8928424e-05   4.7849309e-02   7.8193863e-03   2.4994560e-06   7.9436118e-07   7.7645595e-07   1.0295804e-02  -2.1158110e-02   2.5632526e-02  -7.6932219e-04  -6.0280380e-05   3.4302542e-04   1.0600358e-04   4.4766562e-04   6.5702639e-04   5.9185663e-07   3.6337242e-09   1.1766644e-07
   1.0000000e+00  -9.5274716e-03  -1.9799614e-01  -1.4821504e-01  -3.6010939e-04   8.7972644e-04  -9.6763444e-04   9.0772715e-05   3.9202471e-02   2.1967698e-02   1.2967877e-07   7.7391861e-07   9.3631641e-07   4.1880530e-04   2.0748710e-02  -5.9787746e-02   1.2208574e-03  -1.1542980e-05  -8.6467060e-05   1.7539788e-07   4.3050897e-04   3.5745746e-03   1.4904928e-06   1.3324039e-10   7.4765525e-09
   1.0000000e+00  -9.5278371e-03  -2.1394585e-01  -1.3125083e-01  -1.9071543e-03   9.4358188e-04  -8.6111087e-04   9.0779680e-05   4.5772827e-02   1.7226780e-02   3.6372375e-06   8.9034676e-07   7.4151193e-07  -3.6550000e-07  -1.5949710e-02   1.6964210e-02  -1.5470449e-03   6.3855440e-05   1.0652357e-04   1.3359025e-13   2.5439325e-04   2.8778442e-04   2.3933480e-06   4.0775172e-09   1.1347271e-08
   1.0000000e+00  -9.7224947e-03  -2.1258253e-01  -1.5391547e-01  -2.6040073e-04   8.1736369e-04  -9.5016363e-04   9.4526903e-05   4.5191332e-02   2.3689972e-02   6.7808540e-08   6.6808340e-07   9.0281092e-07  -1.9465760e-04   1.3633200e-03  -2.2664640e-02   1.6467536e-03  -1.2621819e-04  -8.9052760e-05   3.7891581e-08   1.8586414e-06   5.1368591e-04   2.7117973e-06   1.5931031e-08   7.9303941e-09
   1.0000000e+00  -1.7120859e-02  -2.0237486e-01  -1.2793891e-01  -1.6551265e-03   7.7424459e-04  -8.2867524e-04   2.9312381e-04   4.0955584e-02   1.6368365e-02   2.7394437e-06   5.9945469e-07   6.8670265e-07  -7.3983643e-03   1.0207670e-02   2.5976560e-02  -1.3947258e-03  -4.3119100e-05   1.2148839e-04   5.4735794e-05   1.0419653e-04   6.7478167e-04   1.9452600e-06   1.8592568e-09   1.4759429e-08
   1.0000000e+00  -1.7037553e-02  -2.0601770e-01  -1.5602991e-01   7.5076113e-05   7.3685245e-04  -8.0156941e-04   2.9027821e-04   4.2443293e-02   2.4345333e-02   5.6364227e-09   5.4295153e-07   6.4251352e-07   8.3306000e-05  -3.6428400e-03  -2.8091000e-02   1.7302026e-03  -3.7392140e-05   2.7105830e-05   6.9398896e-09   1.3270283e-05   7.8910428e-04   2.9936011e-06   1.3981721e-09   7.3472602e-10
   1.0000000e+00  -1.3045995e-02  -2.2086405e-01  -1.5063927e-01  -7.4283716e-04   6.6637119e-04  -7.8784313e-04   1.7019799e-04   4.8780929e-02   2.2692190e-02   5.5180705e-07   4.4405056e-07   6.2069680e-07   3.9915580e-03  -1.4846350e-02   5.3906400e-03  -8.1791327e-04  -7.0481260e-05   1.3726280e-05   1.5932535e-05   2.2041411e-04   2.9059000e-05   6.6898212e-07   4.9676080e-09   1.8841076e-10
   1.0000000e+00  -1.5783991e-02  -2.0722962e-01  -1.7032458e-01   4.0175727e-04   7.4455738e-04  -7.3378030e-04   2.4913437e-04   4.2944115e-02   2.9010463e-02   1.6140890e-07   5.5436569e-07   5.3843353e-07  -2.7379960e-03   1.3634430e-02  -1.9685310e-02   1.1445944e-03   7.8186190e-05   5.4062830e-05   7.4966221e-06   1.8589768e-04   3.8751143e-04   1.3100964e-06   6.1130803e-09   2.9227896e-09
   1.0000000e+00  -1.3917329e-02  -2.3929031e-01  -1.4223247e-01  -6.6612352e-04   6.4169678e-04  -7.4088045e-04   1.9369205e-04   5.7259852e-02   2.0230076e-02   4.4372054e-07   4.1177476e-07   5.4890384e-07   1.8666620e-03  -3.2060690e-02   2.8092110e-02  -1.0678808e-03  -1.0286060e-04  -7.1001500e-06   3.4844270e-06   1.0278878e-03   7.8916664e-04   1.1403694e-06   1.0580303e-08   5.0412130e-11
   1.0000000e+00  -1.2157143e-02  -2.2926005e-01  -1.4428672e-01   1.1199934e-04   7.2461444e-04  -8.1276706e-04   1.4779613e-04   5.2560171e-02   2.0818658e-02   1.2543852e-08   5.2506609e-07   6.6059029e-07   1.7601860e-03   1.0030260e-02  -2.0542500e-03   7.7812286e-04   8.2917660e-05  -7.1886610e-05   3.0982548e-06   1.0060612e-04   4.2199431e-06   6.0547519e-07   6.8753383e-09   5.1676847e-09
   1.0000000e+00  -1.2049674e-02  -2.4404499e-01  -1.2060442e-01  -1.2439022e-03   7.2446958e-04  -6.8598777e-04   1.4519464e-04   5.9557957e-02   1.4545426e-02   1.5472927e-06   5.2485617e-07   4.7057922e-07   1.0746900e-04  -1.4784940e-02   2.3682300e-02  -1.3559015e-03  -1.4486000e-07   1.2677929e-04   1.1549586e-08   2.1859445e-04   5.6085133e-04   1.8384690e-06   2.0984420e-14   1.6072988e-08
   1.0000000e+00  -4.4995660e-03  -2.4138836e-01  -1.1962089e-01  -6.3696672e-05   7.9448814e-04  -6.6179620e-04   2.0246094e-05   5.8268340e-02   1.4309157e-02   4.0572660e-09   6.3121140e-07   4.3797421e-07   7.5501080e-03   2.6566300e-03   9.8353000e-04   1.1802055e-03   7.0018560e-05   2.4191570e-05   5.7004131e-05   7.0576830e-06   9.6733126e-07   1.3928851e-06   4.9025987e-09   5.8523206e-10
   1.0000000e+00  -1.0831645e-02  -2.3437340e-01  -1.2408574e-01  -1.6115297e-03   7.8230736e-04  -7.0399271e-04   1.1732453e-04   5.4930891e-02   1.5397271e-02   2.5970280e-06   6.1200481e-07   4.9560574e-07  -6.3320790e-03   7.0149600e-03  -4.4648500e-03  -1.5478330e-03  -1.2180780e-05  -4.2196510e-05   4.0095224e-05   4.9209664e-05   1.9934886e-05   2.3957871e-06   1.4837140e-10   1.7805455e-09
   1.0000000e+00  -1.0243378e-02  -2.3630072e-01  -1.4378859e-01  -1.1076804e-04   9.0988365e-04  -7.1587263e-04   1.0492679e-04   5.5838030e-02   2.0675159e-02   1.2269559e-08   8.2788826e-07   5.1247362e-07   5.8826700e-04  -1.9273200e-03  -1.9702850e-02   1.5007617e-03   1.2757629e-04  -1.1879920e-05   3.4605806e-07   3.7145624e-06   3.8820230e-04   2.2522856e-06   1.6275710e-08   1.4113250e-10
   1.0000000e+00  -8.3468894e-03  -2.3951029e-01  -1.3330193e-01  -1.6912401e-03   9.4183516e-04  -7.7885537e-04   6.9670563e-05   5.7365179e-02   1.7769405e-02   2.8602931e-06   8.8705347e-07   6.0661569e-07   1.8964886e-03  -3.2095700e-03   1.0486660e-02  -1.5804721e-03   3.1951510e-05  -6.2982740e-05   3.5966690e-06   1.0301340e-05   1.0997004e-04   2.4978919e-06   1.0208990e-09   3.9668255e-09
   1.0000000e+00  -1.1765315e-02  -2.4020558e-01  -1.3475292e-01  -1.8970371e-04   1.0063387e-03  -8.2352463e-04   1.3842264e-04   5.7698721e-02   1.8158349e-02   3.5987498e-08   1.0127176e-06   6.7819282e-07  -3.4184256e-03  -6.9529000e-04  -1.4509900e-03   1.5015364e-03   6.4503540e-05  -4.4669260e-05   1.1685634e-05   4.8342818e-07   2.1053720e-06   2.2546115e-06   4.1607067e-09   1.9953428e-09
   1.0000000e+00  -6.9252911e-03  -2.4046064e-01  -1.4193236e-01  -1.6381327e-03   8.4072367e-04  -8.4985218e-04   4.7959657e-05   5.7821319e-02   2.0144795e-02   2.6834787e-06   7.0681629e-07   7.2224873e-07   4.8400239e-03  -2.5506000e-04  -7.1794400e-03  -1.4484290e-03  -1.6561503e-04  -2.6327550e-05   2.3425831e-05   6.5055604e-08   5.1544359e-05   2.0979465e-06   2.7428338e-08   6.9313989e-10
   1.0000000e+00  -9.2259194e-03  -2.4010502e-01  -1.1562993e-01  -1.1835010e-04   8.8459537e-04  -8.4948707e-04   8.5117589e-05   5.7650421e-02   1.3370281e-02   1.4006746e-08   7.8250897e-07   7.2162828e-07  -2.3006283e-03   3.5562000e-04   2.6302430e-02   1.5197826e-03   4.3871700e-05   3.6511000e-07   5.2928906e-06   1.2646558e-07   6.9181782e-04   2.3097392e-06   1.9247261e-09   1.3330531e-13
   1.0000000e+00  -1.1967524e-02  -2.3937872e-01  -1.4578870e-01  -1.8284285e-03   7.9967250e-04  -1.0045582e-03   1.4322163e-04   5.7302172e-02   2.1254345e-02   3.3431508e-06   6.3947611e-07   1.0091372e-06  -2.7416046e-03   7.2630000e-04  -3.0158770e-02  -1.7100784e-03  -8.4922870e-05  -1.5507113e-04   7.5163958e-06   5.2751169e-07   9.0955141e-04   2.9243681e-06   7.2118938e-09   2.4047055e-08
   1.0000000e+00  -8.5923016e-03  -3.0229030e-01  -5.6392004e-02  -2.8480499e-05   9.6221351e-04  -1.0081726e-03   7.3827647e-05   9.1379425e-02   3.1800581e-03   8.1113882e-10   9.2585484e-07   1.0164120e-06   3.3752224e-03  -6.2911580e-02   8.9396696e-02   1.7999480e-03   1.6254101e-04  -3.6144000e-06   1.1392126e-05   3.9578669e-03   7.9917693e-03   3.2398128e-06   2.6419580e-08   1.3063887e-11
   1.0000000e+00  -1.0884310e-02  -2.9160319e-01  -1.6706171e-01  -1.4701492e-03   9.8289138e-04  -1.0424491e-03   1.1846820e-04   8.5032420e-02   2.7909615e-02   2.1613387e-06   9.6607546e-07   1.0867001e-06  -2.2920084e-03   1.0687110e-02  -1.1066971e-01  -1.4416687e-03   2.0677870e-05  -3.4276500e-05   5.2533025e-06   1.1421432e-04   1.2247784e-02   2.0784086e-06   4.2757431e-10   1.1748785e-09
   1.0000000e+00  -2.9196332e-03  -3.0942178e-01  -5.2090921e-02  -8.3297080e-04   8.4822399e-04  -9.0157289e-04   8.5242580e-06   9.5741838e-02   2.7134641e-03   6.9384035e-07   7.1948394e-07   8.1283368e-07   7.9646768e-03  -1.7818590e-02   1.1497079e-01   6.3717840e-04  -1.3466739e-04   1.4087621e-04   6.3436077e-05   3.1750215e-04   1.3218282e-02   4.0599631e-07   1.8135306e-08   1.9846107e-08
   1.0000000e+00  -1.4853455e-02  -2.9126052e-01  -1.8187597e-01  -1.2980347e-03   9.1578305e-04  -1.0850547e-03   2.2062513e-04   8.4832691e-02   3.3078868e-02   1.6848941e-06   8.3865859e-07   1.1773437e-06  -1.1933822e-02   1.8161260e-02  -1.2978505e-01  -4.6506390e-04   6.7559060e-05  -1.8348181e-04   1.4241610e-04   3.2983136e-04   1.6844159e-02   2.1628443e-07   4.5642266e-09   3.3665575e-08
   1.0000000e+00  -9.9197849e-03  -3.2308966e-01  -1.0035668e-01  -6.9191823e-04   7.9332620e-04  -9.1535595e-04   9.8402132e-05   1.0438693e-01   1.0071463e-02   4.7875084e-07   6.2936646e-07   8.3787652e-07   4.9336701e-03  -3.1829140e-02   8.1519290e-02   6.0611647e-04  -1.2245685e-04   1.6969875e-04   2.4341101e-05   1.0130942e-03   6.6453946e-03   3.6737718e-07   1.4995680e-08   2.8797666e-08
   1.0000000e+00  -7.4620467e-03  -2.9632616e-01  -1.7581598e-01  -1.1407238e-03   8.9486596e-04  -9.9524817e-04   5.5682141e-05   8.7809193e-02   3.0911259e-02   1.3012508e-06   8.0078509e-07   9.9051892e-07   2.4577382e-03   2.6763500e-02  -7.5459300e-02  -4.4880557e-04   1.0153976e-04  -7.9892220e-05   6.0404771e-06   7.1628493e-04   5.6941060e-03   2.0142644e-07   1.0310323e-08   6.3827668e-09
   1.0000000e+00  -1.3000685e-02  -3.2459714e-01  -1.0017474e-01  -4.2348006e-04   8.7361695e-04  -9.6569775e-04   1.6901781e-04   1.0536330e-01   1.0034979e-02   1.7933536e-07   7.6320658e-07   9.3257214e-07  -5.5386383e-03  -2.8270980e-02   7.5641240e-02   7.1724374e-04  -2.1249010e-05   2.9550420e-05   3.0676514e-05   7.9924831e-04   5.7215972e-03   5.1443858e-07   4.5152043e-10   8.7322732e-10
   1.0000000e+00  -1.4907017e-02  -2.9481710e-01  -1.6958840e-01  -8.6884646e-04   9.7127920e-04  -7.6268066e-04   2.2221916e-04   8.6917122e-02   2.8760225e-02   7.5489417e-07   9.4338328e-07   5.8168179e-07  -1.9063320e-03   2.9780040e-02  -6.9413660e-02  -4.4536640e-04   9.7662250e-05   2.0301709e-04   3.6341017e-06   8.8685078e-04   4.8182562e-03   1.9835123e-07   9.5379151e-09   4.1215939e-08
   1.0000000e+00  -1.5099420e-02  -3.0185048e-01  -1.0448038e-01  -2.6177103e-04   6.1058809e-04  -9.0199657e-04   2.2799248e-04   9.1113712e-02   1.0916150e-02   6.8524072e-08   3.7281782e-07   8.1359781e-07  -1.9240300e-04  -7.0333800e-03   6.5108020e-02   6.0707543e-04  -3.6069111e-04  -1.3931591e-04   3.7018914e-08   4.9468434e-05   4.2390543e-03   3.6854058e-07   1.3009808e-07   1.9408923e-08
   1.0000000e+00  -2.0166265e-02  -2.9425637e-01  -1.3227292e-01  -1.2148388e-03   7.9778597e-04  -9.5824067e-04   4.0667824e-04   8.6586811e-02   1.7496125e-02   1.4758333e-06   6.3646245e-07   9.1822518e-07  -5.0668450e-03   7.5941100e-03  -2.7792540e-02  -9.5306777e-04   1.8719788e-04  -5.6244100e-05   2.5672918e-05   5.7670507e-05   7.7242528e-04   9.0833817e-07   3.5043046e-08   3.1633988e-09
   1.0000000e+00  -1.9796319e-02  -2.7813416e-01  -1.1462989e-01  -3.7148477e-04   6.2551458e-04  -1.0730165e-03   3.9189425e-04   7.7358611e-02   1.3140012e-02   1.3800093e-07   3.9126849e-07   1.1513644e-06   3.6994600e-04   1.6122210e-02   1.7643030e-02   8.4335403e-04  -1.7227139e-04  -1.1477583e-04   1.3686004e-07   2.5992566e-04   3.1127651e-04   7.1124602e-07   2.9677432e-08   1.3173491e-08
   1.0000000e+00  -1.2320891e-02  -2.8920158e-01  -1.4533782e-01  -1.4718912e-03   8.3077051e-04  -9.8887456e-04   1.5180436e-04   8.3637554e-02   2.1123082e-02   2.1664637e-06   6.9017964e-07   9.7787290e-07   7.4754280e-03  -1.1067420e-02  -3.0707930e-02  -1.1004064e-03   2.0525593e-04   8.4141940e-05   5.5882024e-05   1.2248779e-04   9.4297696e-04   1.2108943e-06   4.2129997e-08   7.0798661e-09
   1.0000000e+00  -1.1322558e-02  -2.9893505e-01  -1.2376751e-01  -4.6232167e-04   6.3396109e-04  -1.1172936e-03   1.2820032e-04   8.9362164e-02   1.5318397e-02   2.1374133e-07   4.0190666e-07   1.2483450e-06   9.9833300e-04  -9.7334700e-03   2.1570310e-02   1.0095695e-03  -1.9680942e-04  -1.2841904e-04   9.9666878e-07   9.4740438e-05   4.6527827e-04   1.0192306e-06   3.8733948e-08   1.6491450e-08
   1.0000000e+00  -8.6744720e-03  -2.8706329e-01  -1.5480750e-01  -1.1774420e-03   8.5384881e-04  -9.6490402e-04   7.5246464e-05   8.2405332e-02   2.3965362e-02   1.3863697e-06   7.2905779e-07   9.3103977e-07   2.6480860e-03   1.1871760e-02  -3.1039990e-02  -7.1512033e-04   2.1988772e-04   1.5238958e-04   7.0123595e-06   1.4093869e-04   9.6348098e-04   5.1139709e-07   4.8350609e-08   2.3222584e-08
   1.0000000e+00  -5.7338607e-03  -2.7627022e-01  -1.4131289e-01  -4.2457903e-04   6.9914277e-04  -1.0161959e-03   3.2877159e-05   7.6325234e-02   1.9969333e-02   1.8026735e-07   4.8880061e-07   1.0326541e-06   2.9406113e-03   1.0793070e-02   1.3494610e-02   7.5286297e-04  -1.5470604e-04  -5.1291880e-05   8.6471948e-06   1.1649036e-04   1.8210450e-04   5.6680265e-07   2.3933959e-08   2.6308570e-09
   1.0000000e+00  -4.6770307e-03  -2.9787921e-01  -1.2399685e-01  -1.3023448e-03   7.7172457e-04  -9.3065678e-04   2.1874616e-05   8.8732024e-02   1.5375219e-02   1.6961020e-06   5.9555881e-07   8.6612204e-07   1.0568300e-03  -2.1608990e-02   1.7316040e-02  -8.7776577e-04   7.2581800e-05   8.5539120e-05   1.1168896e-06   4.6694845e-04   2.9984524e-04   7.7047275e-07   5.2681177e-09   7.3169411e-09
   1.0000000e+00  -4.3347339e-03  -3.0912964e-01  -1.1209943e-01  -6.8081812e-04   5.3364688e-04  -9.6159101e-04   1.8789918e-05   9.5561134e-02   1.2566282e-02   4.6351331e-07   2.8477899e-07   9.2465727e-07   3.4229680e-04  -1.1250430e-02   1.1897420e-02   6.2152668e-04  -2.3807769e-04  -3.0934230e-05   1.1716710e-07   1.2657218e-04   1.4154860e-04   3.8629541e-07   5.6680986e-08   9.5692659e-10
   1.0000000e+00  -6.1691225e-03  -2.9639140e-01  -1.4505008e-01  -1.1313005e-03   6.0644348e-04  -9.8159669e-04   3.8058072e-05   8.7847862e-02   2.1039526e-02   1.2798408e-06   3.6777369e-07   9.6353206e-07  -1.8343886e-03   1.2738240e-02  -3.2950650e-02  -4.5048238e-04   7.2796600e-05  -2.0005680e-05   3.3649815e-06   1.6226276e-04   1.0857453e-03   2.0293437e-07   5.2993450e-09   4.0022723e-10
   1.0000000e+00  -9.5491858e-03  -3.1721367e-01  -1.3045455e-01  -6.8688071e-04   5.1935394e-04  -9.9375228e-04   9.1186949e-05   1.0062451e-01   1.7018390e-02   4.7180511e-07   2.6972851e-07   9.8754359e-07  -3.3800633e-03  -2.0822270e-02   1.4595530e-02   4.4441979e-04  -8.7089540e-05  -1.2155590e-05   1.1424828e-05   4.3356693e-04   2.1302950e-04   1.9750895e-07   7.5845880e-09   1.4775837e-10
   1.0000000e+00  -9.8144296e-03  -3.2845393e-01  -1.2331928e-01  -1.2952872e-03   7.4968824e-04  -9.2450518e-04   9.6323028e-05   1.0788198e-01   1.5207645e-02   1.6777689e-06   5.6203246e-07   8.5470983e-07  -2.6524380e-04  -1.1240260e-02   7.1352700e-03  -6.0840649e-04   2.3033430e-04   6.9247100e-05   7.0354273e-08   1.2634344e-04   5.0912078e-05   3.7015846e-07   5.3053890e-08   4.7951609e-09
   1.0000000e+00  -1.0623865e-02  -3.2626802e-01  -1.5156358e-01  -7.6221245e-04   6.9716387e-04  -1.1125282e-03   1.1286651e-04   1.0645082e-01   2.2971519e-02   5.8096782e-07   4.8603746e-07   1.2377190e-06  -8.0943540e-04   2.1859100e-03  -2.8244300e-02   5.3307475e-04  -5.2524370e-05  -1.8802302e-04   6.5518567e-07   4.7782025e-06   7.9774048e-04   2.8416869e-07   2.7588094e-09   3.5352656e-08
   1.0000000e+00  -1.3881314e-02  -3.5141410e-01  -1.3038104e-01  -1.2818239e-03   8.9710559e-04  -1.0266194e-03   1.9269088e-04   1.2349187e-01   1.6999216e-02   1.6430725e-06   8.0479844e-07   1.0539474e-06  -3.2574490e-03  -2.5146080e-02   2.1182540e-02  -5.1961145e-04   1.9994172e-04   8.5908800e-05   1.0610974e-05   6.3232534e-04   4.4870000e-04   2.6999606e-07   3.9976691e-08   7.3803219e-09
   1.0000000e+00  -1.6405329e-02  -3.2228055e-01  -1.5724629e-01  -6.3691075e-04   7.8938055e-04  -1.1200762e-03   2.6913482e-04   1.0386475e-01   2.4726396e-02   4.0565530e-07   6.2312165e-07   1.2545707e-06  -2.5240150e-03   2.9133550e-02  -2.6865250e-02   6.4491315e-04  -1.0772504e-04  -9.3456800e-05   6.3706517e-06   8.4876374e-04   7.2174166e-04   4.1591297e-07   1.1604684e-08   8.7341735e-09
   1.0000000e+00  -1.4003381e-02  -3.4626763e-01  -1.4153285e-01  -1.2280082e-03   8.4961758e-04  -9.1520578e-04   1.9609468e-04   1.1990127e-01   2.0031548e-02   1.5080041e-06   7.2185003e-07   8.3760162e-07   2.4019480e-03  -2.3987080e-02   1.5713440e-02  -5.9109745e-04   6.0237030e-05   2.0487042e-04   5.7693542e-06   5.7538001e-04   2.4691220e-04   3.4939620e-07   3.6284998e-09   4.1971889e-08
   1.0000000e+00  -1.8039122e-02  -3.3148488e-01  -1.4547136e-01  -5.8925706e-04   7.7829635e-04  -1.1307012e-03   3.2540992e-04   1.0988223e-01   2.1161917e-02   3.4722388e-07   6.0574521e-07   1.2784852e-06  -4.0357410e-03   1.4782750e-02  -3.9385100e-03   6.3875114e-04  -7.1321230e-05  -2.1549542e-04   1.6287205e-05   2.1852970e-04   1.5511861e-05   4.0800302e-07   5.0867178e-09   4.6438276e-08
   1.0000000e+00  -1.8747778e-02  -3.6721999e-01  -1.4237111e-01  -1.3004524e-03   8.6722331e-04  -1.1093280e-03   3.5147918e-04   1.3485052e-01   2.0269533e-02   1.6911764e-06   7.5207627e-07   1.2306086e-06  -7.0865600e-04  -3.5735110e-02   3.1002500e-03  -7.1119534e-04   8.8926960e-05   2.1373200e-05   5.0219333e-07   1.2769981e-03   9.6115501e-06   5.0579881e-07   7.9080042e-09   4.5681368e-10
   1.0000000e+00  -2.0545732e-02  -3.3930248e-01  -1.4269002e-01  -6.4753205e-04   9.3928823e-04  -1.3544716e-03   4.2212710e-04   1.1512617e-01   2.0360442e-02   4.1929776e-07   8.8226238e-07   1.8345933e-06  -1.7979540e-03   2.7917510e-02  -3.1891000e-04   6.5292035e-04   7.2064920e-05  -2.4514360e-04   3.2326386e-06   7.7938736e-04   1.0170359e-07   4.2630498e-07   5.1933527e-09   6.0095385e-08
   1.0000000e+00  -1.1672025e-02  -3.6438106e-01  -1.4890367e-01  -8.9399504e-04   1.0425898e-03  -1.0311600e-03   1.3623617e-04   1.3277356e-01   2.2172303e-02   7.9922713e-07   1.0869935e-06   1.0632909e-06   8.8737070e-03  -2.5078580e-02  -6.2136500e-03  -2.4646299e-04   1.0330157e-04   3.2331160e-04   7.8742676e-05   6.2893517e-04   3.8609446e-05   6.0744005e-08   1.0671214e-08   1.0453039e-07
   1.0000000e+00  -1.7838663e-03  -3.5627591e-01  -1.4238139e-01  -3.6393866e-04   9.7588360e-04  -9.5200456e-04   3.1821790e-06   1.2693252e-01   2.0272460e-02   1.3245135e-07   9.5234880e-07   9.0631268e-07   9.8881587e-03   8.1051500e-03   6.5222800e-03   5.3005638e-04  -6.6706200e-05   7.9155440e-05   9.7775682e-05   6.5693457e-05   4.2540136e-05   2.8095977e-07   4.4497171e-09   6.2655837e-09
   1.0000000e+00  -1.8396509e-03  -4.0156203e-01  -1.4048918e-01  -5.8389888e-04   1.0079196e-03  -9.0880230e-04   3.3843154e-06   1.6125206e-01   1.9737210e-02   3.4093790e-07   1.0159019e-06   8.2592162e-07  -5.5784600e-05  -4.5286120e-02   1.8922100e-03  -2.1996022e-04   3.2036000e-05   4.3202260e-05   3.1119216e-09   2.0508327e-03   3.5804587e-06   4.8382498e-08   1.0263053e-09   1.8664353e-09
   1.0000000e+00  -9.5343756e-03  -3.7348046e-01  -1.4628936e-01  -5.6299647e-04   1.0322246e-03  -1.2186425e-03   9.0904318e-05   1.3948765e-01   2.1400577e-02   3.1696503e-07   1.0654876e-06   1.4850895e-06  -7.6947247e-03   2.8081570e-02  -5.8001800e-03   2.0902410e-05   2.4305000e-05  -3.0984020e-04   5.9208788e-05   7.8857457e-04   3.3642088e-05   4.3691074e-10   5.9073303e-10   9.6000950e-08
   1.0000000e+00  -7.4590174e-03  -4.0860950e-01  -1.3566448e-01  -7.1891094e-04   1.0447039e-03  -1.0714670e-03   5.5636941e-05   1.6696172e-01   1.8404851e-02   5.1683294e-07   1.0914062e-06   1.1480415e-06   2.0753582e-03  -3.5129040e-02   1.0624880e-02  -1.5591447e-04   1.2479300e-05   1.4717550e-04   4.3071117e-06   1.2340495e-03   1.1288808e-04   2.4309322e-08   1.5573293e-10   2.1660628e-08
   1.0000000e+00  -1.1213657e-02  -3.8490827e-01  -1.4367524e-01  -6.7770163e-04   1.0295692e-03  -1.2793544e-03   1.2574610e-04   1.4815438e-01   2.0642575e-02   4.5927950e-07   1.0600127e-06   1.6367477e-06  -3.7546396e-03   2.3701230e-02  -8.0107600e-03   4.1209310e-05  -1.5134700e-05  -2.0788740e-04   1.4097319e-05   5.6174830e-04   6.4172276e-05   1.6982072e-09   2.2905914e-10   4.3217171e-08
   1.0000000e+00  -7.9118064e-03  -4.2613073e-01  -1.1129986e-01  -1.1513087e-03   9.4482951e-04  -1.1996541e-03   6.2596681e-05   1.8158740e-01   1.2387659e-02   1.3255117e-06   8.9270280e-07   1.4391700e-06   3.3018506e-03  -4.1222460e-02   3.2375380e-02  -4.7360707e-04  -8.4739690e-05   7.9700300e-05   1.0902217e-05   1.6992912e-03   1.0481652e-03   2.2430366e-07   7.1808151e-09   6.3521378e-09
   1.0000000e+00  -1.6383400e-02  -3.7495323e-01  -1.3365606e-01  -7.8772034e-04   9.8515689e-04  -1.3696467e-03   2.6841580e-04   1.4058992e-01   1.7863942e-02   6.2050333e-07   9.7053410e-07   1.8759321e-06  -8.4715936e-03   5.1177500e-02  -2.2356200e-02   3.6358836e-04   4.0327380e-05  -1.6999260e-04   7.1767898e-05   2.6191365e-03   4.9979968e-04   1.3219650e-07   1.6262976e-09   2.8897484e-08
   1.0000000e+00  -8.0493176e-03  -3.8864470e-01  -1.2227440e-01  -1.2918726e-03   9.4103246e-04  -1.0797659e-03   6.4791514e-05   1.5104470e-01   1.4951029e-02   1.6689348e-06   8.8554209e-07   1.1658944e-06   8.3340824e-03  -1.3691470e-02   1.1381660e-02  -5.0415226e-04  -4.4124430e-05   2.8988080e-04   6.9456929e-05   1.8745635e-04   1.2954218e-04   2.5416950e-07   1.9469653e-09   8.4030878e-08
   1.0000000e+00  -1.4190969e-02  -3.7670615e-01  -1.5704512e-01  -6.3896871e-04   8.3989064e-04  -1.1719126e-03   2.0138360e-04   1.4190752e-01   2.4663170e-02   4.0828101e-07   7.0541629e-07   1.3733791e-06  -6.1416514e-03   1.1938550e-02  -3.4770720e-02   6.5290389e-04  -1.0114182e-04  -9.2146700e-05   3.7719882e-05   1.4252898e-04   1.2090030e-03   4.2628349e-07   1.0229668e-08   8.4910143e-09
   1.0000000e+00  -1.1360889e-02  -4.0749523e-01  -1.2599674e-01  -1.4442004e-03   9.9465301e-04  -1.0160219e-03   1.2906980e-04   1.6605236e-01   1.5875178e-02   2.0857148e-06   9.8933461e-07   1.0323005e-06   2.8300800e-03  -3.0789080e-02   3.1048380e-02  -8.0523169e-04   1.5476237e-04   1.5589070e-04   8.0093528e-06   9.4796745e-04   9.6400190e-04   6.4839807e-07   2.3951391e-08   2.4301910e-08
   1.0000000e+00  -9.9091042e-03  -3.8631979e-01  -1.5780872e-01  -6.0802265e-04   7.8600580e-04  -1.1100744e-03   9.8190346e-05   1.4924298e-01   2.4903592e-02   3.6969154e-07   6.1780512e-07   1.2322652e-06   1.4517848e-03   2.1175440e-02  -3.1811980e-02   8.3617775e-04  -2.0864721e-04  -9.4052500e-05   2.1076791e-06   4.4839926e-04   1.0120021e-03   6.9919323e-07   4.3533658e-08   8.8458728e-09
   1.0000000e+00  -1.0418004e-02  -3.8410445e-01  -1.6354196e-01  -1.1642097e-03   8.9368460e-04  -9.9518211e-04   1.0853481e-04   1.4753623e-01   2.6745973e-02   1.3553842e-06   7.9867216e-07   9.9038743e-07  -5.0889980e-04   2.2153400e-03  -5.7332400e-03  -5.5618705e-04   1.0767880e-04   1.1489229e-04   2.5897901e-07   4.9077313e-06   3.2870041e-05   3.0934403e-07   1.1594724e-08   1.3200238e-08
   1.0000000e+00  -1.8808947e-02  -3.9678581e-01  -1.4791892e-01  -6.6860250e-04   8.0828776e-04  -1.1029234e-03   3.5377649e-04   1.5743898e-01   2.1880007e-02   4.4702930e-07   6.5332910e-07   1.2164400e-06  -8.3909430e-03  -1.2681360e-02   1.5623040e-02   4.9560720e-04  -8.5396840e-05  -1.0774129e-04   7.0407924e-05   1.6081689e-04   2.4407938e-04   2.4562650e-07   7.2926203e-09   1.1608186e-08
   1.0000000e+00  -1.1945347e-02  -4.0759024e-01  -1.5316585e-01  -5.8741139e-04   9.8424740e-04  -7.9467231e-04   1.4269131e-04   1.6612980e-01   2.3459778e-02   3.4505214e-07   9.6874294e-07   6.3150408e-07   6.8636000e-03  -1.0804430e-02  -5.2469300e-03   8.1191110e-05   1.7595964e-04   3.0825109e-04   4.7109005e-05   1.1673571e-04   2.7530274e-05   6.5919963e-09   3.0961795e-08   9.5018734e-08
   1.0000000e+00  -1.0098114e-02  -3.8678067e-01  -1.7911171e-01  -5.0232319e-04   8.1408693e-04  -1.0349018e-03   1.0197191e-04   1.4959929e-01   3.2081005e-02   2.5232859e-07   6.6273753e-07   1.0710217e-06   1.8472330e-03   2.0809570e-02  -2.5945860e-02   8.5088200e-05  -1.7016047e-04  -2.4022949e-04   3.4122698e-06   4.3303820e-04   6.7318765e-04   7.2400018e-09   2.8954586e-08   5.7710208e-08
   1.0000000e+00  -6.5227744e-03  -4.2541973e-01  -1.2375878e-01  -7.6431627e-04   1.0918545e-03  -8.6314892e-04   4.2546586e-05   1.8098195e-01   1.5316236e-02   5.8417936e-07   1.1921462e-06   7.4502606e-07   3.5753396e-03  -3.8639060e-02   5.5352930e-02  -2.6199308e-04   2.7776757e-04   1.7175288e-04   1.2783053e-05   1.4929770e-03   3.0639469e-03   6.8640374e-08   7.7154823e-08   2.9499052e-08
   1.0000000e+00  -7.2368789e-04  -3.7676005e-01  -1.7949080e-01  -4.1995175e-04   8.8240126e-04  -9.8981722e-04   5.2372416e-07   1.4194814e-01   3.2216947e-02   1.7635947e-07   7.7863198e-07   9.7973813e-07   5.7990865e-03   4.8659680e-02  -5.5732020e-02   3.4436452e-04  -2.0945324e-04  -1.2666830e-04   3.3629404e-05   2.3677645e-03   3.1060581e-03   1.1858692e-07   4.3870660e-08   1.6044858e-08
   1.0000000e+00  -1.0265898e-03  -4.2048883e-01  -8.6624614e-02  -7.7836906e-04   9.2925775e-04  -8.7979623e-04   1.0538866e-06   1.7681086e-01   7.5038238e-03   6.0585839e-07   8.6351997e-07   7.7404141e-07  -3.0290191e-04  -4.3728780e-02   9.2866186e-02  -3.5841731e-04   4.6856490e-05   1.1002099e-04   9.1749567e-08   1.9122062e-03   8.6241285e-03   1.2846297e-07   2.1955307e-09   1.2104618e-08
   1.0000000e+00   1.6384538e-03  -3.9774783e-01  -1.6293183e-01  -7.4266259e-04   8.2175338e-04  -7.6386863e-04   2.6845309e-06   1.5820334e-01   2.6546781e-02   5.5154772e-07   6.7527862e-07   5.8349528e-07   2.6650436e-03   2.2741000e-02  -7.6307216e-02   3.5706470e-05  -1.0750437e-04   1.1592760e-04   7.1024574e-06   5.1715308e-04   5.8227912e-03   1.2749520e-09   1.1557190e-08   1.3439208e-08
   1.0000000e+00   8.8065625e-03  -4.5298964e-01  -5.9510546e-02  -9.9548042e-04   7.4354128e-04  -6.3270412e-04   7.7555543e-05   2.0519961e-01   3.5415051e-03   9.9098127e-07   5.5285364e-07   4.0031450e-07   7.1681087e-03  -5.5241810e-02   1.0342128e-01  -2.5281783e-04  -7.8212100e-05   1.3116451e-04   5.1381782e-05   3.0516576e-03   1.0695962e-02   6.3916855e-08   6.1171326e-09   1.7204129e-08
   1.0000000e+00   2.2308020e-03  -4.0306653e-01  -1.5634263e-01  -1.0627929e-03   8.8759665e-04  -7.8448070e-04   4.9764776e-06   1.6246263e-01   2.4443018e-02   1.1295287e-06   7.8782781e-07   6.1540997e-07  -6.5757605e-03   4.9923110e-02  -9.6832084e-02  -6.7312480e-05   1.4405537e-04  -1.5177658e-04   4.3240626e-05   2.4923169e-03   9.3764525e-03   4.5309700e-09   2.0751950e-08   2.3036130e-08
   1.0000000e+00   2.8215734e-03  -4.6040959e-01  -6.7060440e-02  -1.0442076e-03   6.8378562e-04  -8.3916577e-04   7.9612765e-06   2.1197699e-01   4.4971026e-03   1.0903695e-06   4.6756277e-07   7.0419919e-07   5.9077140e-04  -5.7343060e-02   8.9282190e-02   1.8585300e-05  -2.0381103e-04  -5.4685070e-05   3.4901085e-07   3.2882265e-03   7.9713095e-03   3.4541338e-10   4.1538936e-08   2.9904569e-09
   1.0000000e+00  -1.8057649e-03  -3.9474529e-01  -1.5936896e-01  -1.1058737e-03   8.0534370e-04  -8.2319696e-04   3.2607869e-06   1.5582384e-01   2.5398465e-02   1.2229566e-06   6.4857848e-07   6.7765323e-07  -4.6273383e-03   6.5664300e-02  -9.2308520e-02  -6.1666100e-05   1.2155808e-04   1.5968810e-05   2.1412260e-05   4.3118003e-03   8.5208629e-03   3.8027079e-09   1.4776367e-08   2.5500289e-10
   1.0000000e+00  -3.1544228e-03  -4.5301756e-01  -9.1090097e-02  -1.3757003e-03   8.4223767e-04  -8.9691228e-04   9.9503832e-06   2.0522491e-01   8.2974058e-03   1.8925513e-06   7.0936429e-07   8.0445164e-07  -1.3486579e-03  -5.8272270e-02   6.8278863e-02  -2.6982660e-04   3.6893970e-05  -7.3715320e-05   1.8188781e-06   3.3956575e-03   4.6620031e-03   7.2806394e-08   1.3611650e-09   5.4339484e-09
   1.0000000e+00  -6.8281491e-03  -4.2698693e-01  -1.5072727e-01  -6.9847946e-04   7.4360935e-04  -1.0323008e-03   4.6623620e-05   1.8231784e-01   2.2718710e-02   4.8787356e-07   5.5295487e-07   1.0656449e-06  -3.6737263e-03   2.6030630e-02  -5.9637173e-02   6.7722084e-04  -9.8628320e-05  -1.3538852e-04   1.3496265e-05   6.7759370e-04   3.5565924e-03   4.5862807e-07   9.7275455e-09   1.8330051e-08
   1.0000000e+00  -1.2112190e-02  -4.5478219e-01  -1.2856609e-01  -1.3275348e-03   8.9751427e-04  -1.0942806e-03   1.4670515e-04   2.0682684e-01   1.6529239e-02   1.7623486e-06   8.0553186e-07   1.1974500e-06  -5.2840409e-03  -2.7795260e-02   2.2161180e-02  -6.2905534e-04   1.5390492e-04  -6.1979800e-05   2.7921088e-05   7.7257648e-04   4.9111790e-04   3.9571062e-07   2.3686724e-08   3.8414956e-09
   1.0000000e+00  -1.7757694e-02  -4.2798239e-01  -1.7956852e-01  -1.0988028e-03   9.6325959e-04  -1.1824913e-03   3.1533570e-04   1.8316893e-01   3.2244853e-02   1.2073676e-06   9.2786904e-07   1.3982857e-06  -5.6455040e-03   2.6799800e-02  -5.1002430e-02   2.2873200e-04   6.5745320e-05  -8.8210700e-05   3.1871715e-05   7.1822928e-04   2.6012479e-03   5.2318328e-08   4.3224471e-09   7.7811276e-09
   1.0000000e+00  -2.7058467e-02  -4.6014587e-01  -1.4736862e-01  -1.2333611e-03   1.0297604e-03  -1.1827126e-03   7.3216064e-04   2.1173422e-01   2.1717510e-02   1.5211796e-06   1.0604065e-06   1.3988091e-06  -9.3007730e-03  -3.2163480e-02   3.2199900e-02  -1.3455830e-04   6.6500810e-05  -2.2130000e-07   8.6504378e-05   1.0344894e-03   1.0368336e-03   1.8105936e-08   4.4223577e-09   4.8973690e-14
   1.0000000e+00  -1.8188794e-02  -4.1733224e-01  -1.6400561e-01  -1.0035691e-03   1.1128919e-03  -1.1575081e-03   3.3083223e-04   1.7416620e-01   2.6897840e-02   1.0071509e-06   1.2385284e-06   1.3398250e-06   8.8696730e-03   4.2813630e-02  -1.6636990e-02   2.2979200e-04   8.3131500e-05   2.5204500e-05   7.8671099e-05   1.8330069e-03   2.7678944e-04   5.2804363e-08   6.9108463e-09   6.3526682e-10
   1.0000000e+00  -1.1335282e-02  -4.7162312e-01  -1.6767617e-01  -9.0673462e-04   1.0333869e-03  -1.0473498e-03   1.2848862e-04   2.2242837e-01   2.8115298e-02   8.2216767e-07   1.0678885e-06   1.0969416e-06   6.8535120e-03  -5.4290880e-02  -3.6705600e-03   9.6834480e-05  -7.9505000e-05   1.1015830e-04   4.6970627e-05   2.9474997e-03   1.3473011e-05   9.3769165e-09   6.3210450e-09   1.2134851e-08
   1.0000000e+00  -9.3876881e-03  -4.6680086e-01  -1.3041014e-01  -1.3201698e-03   1.2859407e-03  -9.6546968e-04   8.8128688e-05   2.1790304e-01   1.7006805e-02   1.7428483e-06   1.6536435e-06   9.3213170e-07   1.9475939e-03   4.8222600e-03   3.7266030e-02  -4.1343518e-04   2.5255380e-04   8.1880120e-05   3.7931220e-06   2.3254192e-05   1.3887570e-03   1.7092865e-07   6.3783422e-08   6.7043541e-09
   1.0000000e+00  -7.5967161e-03  -4.8922347e-01  -1.8693745e-01  -1.0421531e-04   9.3541897e-04  -1.1113366e-03   5.7710096e-05   2.3933960e-01   3.4945610e-02   1.0860831e-08   8.7500865e-07   1.2350690e-06   1.7909720e-03  -2.2422610e-02  -5.6527310e-02   1.2159545e-03  -3.5052173e-04  -1.4586692e-04   3.2075807e-06   5.0277344e-04   3.1953368e-03   1.4785453e-06   1.2286548e-07   2.1277158e-08
   1.0000000e+00  -1.1973384e-02  -4.7419317e-01  -1.1209253e-01  -1.6971002e-03   1.0341709e-03  -1.0842877e-03   1.4336192e-04   2.2485916e-01   1.2564735e-02   2.8801491e-06   1.0695095e-06   1.1756798e-06  -4.3766679e-03   1.5030300e-02   7.4844920e-02  -1.5928849e-03   9.8751930e-05   2.7048900e-05   1.9155222e-05   2.2590992e-04   5.6017620e-03   2.5372823e-06   9.7519437e-09   7.3164299e-10
   1.0000000e+00  -2.5476708e-02  -4.9486190e-01  -1.9184263e-01   9.9393139e-05   9.0874398e-04  -1.3040195e-03   6.4906265e-04   2.4488830e-01   3.6803595e-02   9.8789961e-09   8.2581562e-07   1.7004669e-06  -1.3503324e-02  -2.0668730e-02  -7.9750100e-02   1.7964933e-03  -1.2542692e-04  -2.1973180e-04   1.8233976e-04   4.2719640e-04   6.3600785e-03   3.2273883e-06   1.5731912e-08   4.8282064e-08
   1.0000000e+00  -1.7936460e-02  -4.5480655e-01  -1.3391460e-01  -5.5639886e-04   8.8053705e-04  -1.0632229e-03   3.2171660e-04   2.0684900e-01   1.7933120e-02   3.0957969e-07   7.7534550e-07   1.1304429e-06   7.5402480e-03   4.0055350e-02   5.7928030e-02  -6.5579200e-04  -2.8206930e-05   2.4079660e-04   5.6855340e-05   1.6044311e-03   3.3556567e-03   4.3006315e-07   7.9563090e-10   5.7983003e-08
   1.0000000e+00  -2.1911387e-02  -4.6306217e-01  -1.7735571e-01  -8.1253803e-05   8.2104132e-04  -1.2668826e-03   4.8010888e-04   2.1442657e-01   3.1455048e-02   6.6021805e-09   6.7410885e-07   1.6049915e-06  -3.9749270e-03  -8.2556200e-03  -4.3441110e-02   4.7514506e-04  -5.9495730e-05  -2.0365970e-04   1.5800045e-05   6.8155262e-05   1.8871300e-03   2.2576283e-07   3.5397419e-09   4.1477273e-08
   1.0000000e+00  -1.6755743e-02  -4.3495490e-01  -1.2777721e-01  -7.8781310e-04   8.8346254e-04  -1.0726778e-03   2.8075492e-04   1.8918577e-01   1.6327015e-02   6.2064948e-07   7.8050606e-07   1.1506377e-06   5.1556440e-03   2.8107270e-02   4.9578500e-02  -7.0655930e-04   6.2421220e-05   1.9420480e-04   2.6580665e-05   7.9001863e-04   2.4580277e-03   4.9922604e-07   3.8964087e-09   3.7715504e-08
   1.0000000e+00  -1.2543688e-02  -4.7561413e-01  -1.4639612e-01  -3.1797722e-04   5.8646822e-04  -1.2129822e-03   1.5734411e-04   2.2620880e-01   2.1431824e-02   1.0110951e-07   3.4394497e-07   1.4713258e-06   4.2120550e-03  -4.0659230e-02  -1.8618910e-02   4.6983588e-04  -2.9699432e-04  -1.4030440e-04   1.7741407e-05   1.6531730e-03   3.4666381e-04   2.2074575e-07   8.8205626e-08   1.9685325e-08
   1.0000000e+00  -1.7179312e-02  -4.6170877e-01  -1.1406012e-01  -9.7928625e-04   7.8103904e-04  -1.2264627e-03   2.9512876e-04   2.1317499e-01   1.3009711e-02   9.5900156e-07   6.1002198e-07   1.5042108e-06  -4.6356240e-03   1.3905360e-02   3.2336000e-02  -6.6130903e-04   1.9457082e-04  -1.3480500e-05   2.1489010e-05   1.9335904e-04   1.0456169e-03   4.3732963e-07   3.7857804e-08   1.8172388e-10
   1.0000000e+00  -7.9337093e-03  -5.2438776e-01  -1.0426017e-01  -1.0884756e-03   6.6316765e-04  -1.1991161e-03   6.2943743e-05   2.7498252e-01   1.0870183e-02   1.1847791e-06   4.3979133e-07   1.4378794e-06   9.2456027e-03  -6.2678990e-02   9.7999500e-03  -1.0918935e-04  -1.1787139e-04   2.7346600e-05   8.5481169e-05   3.9286558e-03   9.6039020e-05   1.1922314e-08   1.3893665e-08   7.4783653e-10
   1.0000000e+00  -1.3269082e-02  -4.5753292e-01  -1.4163500e-01  -1.0937023e-03   8.8058286e-04  -1.2593064e-03   1.7606854e-04   2.0933637e-01   2.0060473e-02   1.1961847e-06   7.7542617e-07   1.5858526e-06  -5.3353727e-03   6.6854840e-02  -3.7374830e-02  -5.2267000e-06   2.1741521e-04  -6.0190300e-05   2.8466202e-05   4.4695696e-03   1.3968779e-03   2.7318393e-11   4.7269374e-08   3.6228722e-09
   1.0000000e+00  -5.7139538e-03  -5.2031066e-01  -1.1598186e-01  -1.1100118e-03   8.0076018e-04  -1.2086413e-03   3.2649268e-05   2.7072318e-01   1.3451792e-02   1.2321262e-06   6.4121687e-07   1.4608138e-06   7.5551282e-03  -6.2777740e-02   2.5653140e-02  -1.6309500e-05  -7.9822680e-05   5.0665100e-05   5.7079962e-05   3.9410446e-03   6.5808359e-04   2.6599979e-10   6.3716602e-09   2.5669524e-09
   1.0000000e+00  -1.2787498e-02  -4.7358006e-01  -1.4275891e-01  -1.0097175e-03   1.1022217e-03  -1.2997923e-03   1.6352011e-04   2.2427807e-01   2.0380106e-02   1.0195294e-06   1.2148927e-06   1.6894600e-06  -7.0735442e-03   4.6730600e-02  -2.6777050e-02   1.0029430e-04   3.0146152e-04  -9.1151000e-05   5.0035028e-05   2.1837490e-03   7.1701041e-04   1.0058947e-08   9.0879048e-08   8.3085048e-09
   1.0000000e+00  -7.4429796e-03  -5.2533724e-01  -1.2953305e-01  -9.9306665e-04   1.0507084e-03  -1.1813108e-03   5.5397945e-05   2.7597922e-01   1.6778811e-02   9.8618137e-07   1.1039881e-06   1.3954952e-06   5.3445184e-03  -5.1757180e-02   1.3225860e-02   1.6650850e-05  -5.1513300e-05   1.1848150e-04   2.8563877e-05   2.6788057e-03   1.7492337e-04   2.7725081e-10   2.6536201e-09   1.4037866e-08
   1.0000000e+00  -1.4861379e-02  -4.7452537e-01  -1.6356100e-01  -1.0092763e-03   1.1014334e-03  -1.3333574e-03   2.2086059e-04   2.2517433e-01   2.6752201e-02   1.0186386e-06   1.2131555e-06   1.7778420e-06  -7.4183994e-03   5.0811870e-02  -3.4027950e-02  -1.6209650e-05   5.0725000e-05  -1.5204660e-04   5.5032650e-05   2.5818461e-03   1.1579014e-03   2.6275275e-10   2.5730256e-09   2.3118169e-08
   1.0000000e+00  -1.4219442e-02  -5.0811219e-01  -1.6211168e-01  -8.4795600e-04   1.1885535e-03  -1.1469425e-03   2.0219253e-04   2.5817800e-01   2.6280197e-02   7.1902938e-07   1.4126594e-06   1.3154771e-06   6.4193700e-04  -3.3586820e-02   1.4493200e-03   1.6132030e-04   8.7120100e-05   1.8641490e-04   4.1208311e-07   1.1280745e-03   2.1005285e-06   2.6024239e-08   7.5899118e-09   3.4750515e-08
   1.0000000e+00  -1.0358489e-02  -4.6882737e-01  -1.8532164e-01  -1.0560275e-03   1.0465556e-03  -1.4505200e-03   1.0729829e-04   2.1979910e-01   3.4344110e-02   1.1151941e-06   1.0952786e-06   2.1040083e-06   3.8609530e-03   3.9284820e-02  -2.3209960e-02  -2.0807150e-04  -1.4199790e-04  -3.0357750e-04   1.4906958e-05   1.5432971e-03   5.3870224e-04   4.3293749e-08   2.0163404e-08   9.2159299e-08
   1.0000000e+00  -1.0642653e-02  -5.2939111e-01  -1.0305257e-01  -1.4267051e-03   1.1209738e-03  -1.3541452e-03   1.1326606e-04   2.8025495e-01   1.0619832e-02   2.0354874e-06   1.2565823e-06   1.8337092e-06  -2.8416400e-04  -6.0563740e-02   8.2269070e-02  -3.7067760e-04   7.4418200e-05   9.6374800e-05   8.0749179e-08   3.6679666e-03   6.7681999e-03   1.3740188e-07   5.5380685e-09   9.2881021e-09
   1.0000000e+00  -1.6678549e-02  -5.0794645e-01  -1.3817393e-01  -1.8873185e-03   9.8515303e-04  -1.3792971e-03   2.7817400e-04   2.5800960e-01   1.9092035e-02   3.5619711e-06   9.7052649e-07   1.9024605e-06  -6.0358960e-03   2.1444660e-02  -3.5121360e-02  -4.6061340e-04  -1.3582077e-04  -2.5151900e-05   3.6432041e-05   4.5987344e-04   1.2335099e-03   2.1216470e-07   1.8447282e-08   6.3261807e-10
   1.0000000e+00  -3.3527610e-02  -4.9023655e-01  -2.1722533e-01  -6.9386661e-04   1.2689786e-03  -1.3858394e-03   1.1241006e-03   2.4033187e-01   4.7186844e-02   4.8145087e-07   1.6103067e-06   1.9205508e-06  -1.6849061e-02   1.7709900e-02  -7.9051400e-02   1.1934519e-03   2.8382557e-04  -6.5423000e-06   2.8389086e-04   3.1364056e-04   6.2491238e-03   1.4243274e-06   8.0556954e-08   4.2801689e-11
   1.0000000e+00  -3.2040155e-02  -5.1983477e-01  -2.0123079e-01  -9.4573543e-04   1.1508029e-03  -1.4646495e-03   1.0265715e-03   2.7022819e-01   4.0493831e-02   8.9441550e-07   1.3243473e-06   2.1451982e-06   1.4874550e-03  -2.9598220e-02   1.5994540e-02  -2.5186882e-04  -1.1817570e-04  -7.8810100e-05   2.2125224e-06   8.7605463e-04   2.5582531e-04   6.3437902e-08   1.3965496e-08   6.2110319e-09
   1.0000000e+00  -2.8329919e-02  -5.2909995e-01  -2.4748813e-01   3.6876733e-04   1.2911721e-03  -1.5290622e-03   8.0258431e-04   2.7994676e-01   6.1250374e-02   1.3598934e-07   1.6671254e-06   2.3380312e-06   3.7102360e-03  -9.2651800e-03  -4.6257340e-02   1.3145028e-03   1.4036920e-04  -6.4412700e-05   1.3765851e-05   8.5843560e-05   2.1397415e-03   1.7279175e-06   1.9703512e-08   4.1489959e-09
   1.0000000e+00  -1.4249147e-02  -5.4834611e-01  -1.7198142e-01  -8.1094172e-04   1.0764025e-03  -1.1946441e-03   2.0303819e-04   3.0068346e-01   2.9577609e-02   6.5762647e-07   1.1586423e-06   1.4271745e-06   1.4080772e-02  -1.9246160e-02   7.5506710e-02  -1.1797090e-03  -2.1476960e-04   3.3441810e-04   1.9826814e-04   3.7041467e-04   5.7012633e-03   1.3917134e-06   4.6125981e-08   1.1183547e-07
   1.0000000e+00  -1.7348463e-02  -5.5365200e-01  -2.1511988e-01   1.8328971e-04   9.4625834e-04  -1.4234510e-03   3.0096917e-04   3.0653054e-01   4.6276563e-02   3.3595118e-08   8.9540485e-07   2.0262127e-06  -3.0993160e-03  -5.3058900e-03  -4.3138460e-02   9.9423143e-04  -1.3014416e-04  -2.2880690e-04   9.6057597e-06   2.8152469e-05   1.8609267e-03   9.8849614e-07   1.6937502e-08   5.2352597e-08
   1.0000000e+00  -1.4566089e-02  -5.4827003e-01  -1.7591228e-01  -1.0549804e-03   1.0385688e-03  -1.2692824e-03   2.1217095e-04   3.0060003e-01   3.0945130e-02   1.1129836e-06   1.0786252e-06   1.6110778e-06   2.7823740e-03   5.3819700e-03   3.9207600e-02  -1.2382701e-03   9.2310460e-05   1.5416860e-04   7.7416051e-06   2.8965601e-05   1.5372359e-03   1.5333129e-06   8.5212210e-09   2.3767957e-08
   1.0000000e+00  -4.6053436e-03  -5.8053884e-01  -1.7050408e-01  -3.1346120e-04   8.6952081e-04  -1.3616500e-03   2.1209190e-05   3.3702534e-01   2.9071641e-02   9.8257924e-08   7.5606644e-07   1.8540907e-06   9.9607454e-03  -3.2268810e-02   5.4082000e-03   7.4151920e-04  -1.6904799e-04  -9.2367600e-05   9.9216449e-05   1.0412761e-03   2.9248627e-05   5.4985072e-07   2.8577223e-08   8.5317735e-09
   1.0000000e+00  -1.0491903e-02  -5.3947961e-01  -1.5015486e-01  -1.2916581e-03   9.5407600e-04  -1.2375282e-03   1.1008003e-04   2.9103825e-01   2.2546482e-02   1.6683806e-06   9.1026101e-07   1.5314760e-06  -5.8865594e-03   4.1059230e-02   2.0349220e-02  -9.7819690e-04   8.4555190e-05   1.2412180e-04   3.4651582e-05   1.6858604e-03   4.1409075e-04   9.5686918e-07   7.1495802e-09   1.5406221e-08
   1.0000000e+00  -5.3064103e-03  -5.6853874e-01  -1.5465061e-01  -6.8819892e-04   7.8892561e-04  -1.2077681e-03   2.8157990e-05   3.2323630e-01   2.3916811e-02   4.7361775e-07   6.2240362e-07   1.4587038e-06   5.1854927e-03  -2.9059130e-02  -4.4957500e-03   6.0345918e-04  -1.6515039e-04   2.9760100e-05   2.6889335e-05   8.4443304e-04   2.0211768e-05   3.6416298e-07   2.7274651e-08   8.8566355e-10
   1.0000000e+00  -1.4963401e-02  -5.2585795e-01  -1.6731312e-01  -1.2024622e-03   8.4199785e-04  -1.2350450e-03   2.2390337e-04   2.7652658e-01   2.7993680e-02   1.4459153e-06   7.0896038e-07   1.5253362e-06  -9.6569907e-03   4.2680790e-02  -1.2662510e-02  -5.1426328e-04   5.3072240e-05  -2.7276900e-05   9.3257469e-05   1.8216498e-03   1.6033916e-04   2.6446672e-07   2.8166627e-09   7.4402927e-10
   1.0000000e+00  -9.1657507e-03  -5.5935984e-01  -1.3930507e-01  -7.8307803e-04   8.6125569e-04  -1.2280794e-03   8.4010986e-05   3.1288343e-01   1.9405903e-02   6.1321120e-07   7.4176136e-07   1.5081790e-06   5.7976503e-03  -3.3501890e-02   2.8008050e-02   4.1938417e-04   1.9257840e-05   6.9656000e-06   3.3612749e-05   1.1223766e-03   7.8445086e-04   1.7588308e-07   3.7086440e-10   4.8519583e-11
   1.0000000e+00  -1.3197569e-02  -5.2327872e-01  -1.8866360e-01  -1.2564998e-03   8.7125390e-04  -1.3214446e-03   1.7417583e-04   2.7382062e-01   3.5593954e-02   1.5787917e-06   7.5908336e-07   1.7462158e-06  -4.0318183e-03   3.6081120e-02  -4.9358530e-02  -4.7342177e-04   9.9982100e-06  -9.3365200e-05   1.6255559e-05   1.3018472e-03   2.4362645e-03   2.2412817e-07   9.9964203e-11   8.7170606e-09
