   1.0000000e+00   0.0000000e+00   0.0000000e+00   1.4210855e-14   0.0000000e+00   0.0000000e+00   0.0000000e+00   0.0000000e+00   0.0000000e+00   2.0194840e-28   0.0000000e+00   0.0000000e+00   0.0000000e+00   0.0000000e+00   0.0000000e+00   0.0000000e+00   0.0000000e+00   0.0000000e+00   0.0000000e+00   0.0000000e+00   0.0000000e+00   0.0000000e+00   0.0000000e+00   0.0000000e+00   0.0000000e+00
   1.0000000e+00   8.8399229e-03  -4.1043938e-02   3.4300236e-02  -4.1335567e-04  -1.3563571e-04   3.3443981e-04   7.8144237e-05   1.6846048e-03   1.1765062e-03   1.7086291e-07   1.8397046e-08   1.1184999e-07   8.8399229e-03  -4.1043938e-02   3.4300236e-02  -4.1335567e-04  -1.3563571e-04   3.3443981e-04   7.8144237e-05   1.6846048e-03   1.1765062e-03   1.7086291e-07   1.8397046e-08   1.1184999e-07
   1.0000000e+00   4.0737668e-03  -2.4593089e-02   1.8025405e-02  -8.1657468e-04   2.7219353e-05   2.2100445e-04   1.6595576e-05   6.0482003e-04   3.2491523e-04   6.6679421e-07   7.4089318e-10   4.8842967e-08  -4.7661561e-03   1.6450849e-02  -1.6274831e-02  -4.0321901e-04   1.6285506e-04  -1.1343536e-04   2.2716244e-05   2.7063043e-04   2.6487012e-04   1.6258557e-07   2.6521772e-08   1.2867581e-08
   1.0000000e+00  -3.7221639e-03  -3.5636689e-03   2.1546126e-02   5.8247480e-06   1.2346967e-04   1.1022486e-04   1.3854504e-05   1.2699736e-05   4.6423555e-04   3.3927689e-11   1.5244759e-08   1.2149520e-08  -7.7959307e-03   2.1029420e-02   3.5207210e-03   8.2239943e-04   9.6250317e-05  -1.1077959e-04   6.0776535e-05   4.4223651e-04   1.2395476e-05   6.7634082e-07   9.2641235e-09   1.2272118e-08
   1.0000000e+00   1.6874901e-02  -1.5625291e-02   7.2578599e-03  -6.9293880e-04  -7.0976432e-05   3.6942104e-04   2.8476228e-04   2.4414972e-04   5.2676530e-05   4.8016418e-07   5.0376539e-09   1.3647190e-07   2.0597065e-02  -1.2061622e-02  -1.4288266e-02  -6.9876355e-04  -1.9444610e-04   2.5919618e-04   4.2423908e-04   1.4548273e-04   2.0415455e-04   4.8827050e-07   3.7809287e-08   6.7182660e-08
   1.0000000e+00  -8.3741862e-03   3.0212449e-02   1.5640834e-02  -4.3933104e-04   7.8648341e-05  -2.1109286e-04   7.0126995e-05   9.1279207e-04   2.4463569e-04   1.9301176e-07   6.1855615e-09   4.4560196e-08  -2.5249087e-02   4.5837740e-02   8.3829741e-03   2.5360776e-04   1.4962477e-04  -5.8051390e-04   6.3751640e-04   2.1010984e-03   7.0274255e-05   6.4316896e-08   2.2387573e-08   3.3699639e-07
   1.0000000e+00   1.2291193e-03   1.2458345e-04   2.3315708e-02  -5.5096875e-04   1.0793072e-04   1.2032055e-04   1.5107343e-06   1.5521036e-08   5.4362224e-04   3.0356656e-07   1.1649040e-08   1.4477035e-08   9.6033055e-03  -3.0087866e-02   7.6748740e-03  -1.1163771e-04   2.9282379e-05   3.3141341e-04   9.2223477e-05   9.0527965e-04   5.8903691e-05   1.2462978e-08   8.5745772e-10   1.0983485e-07
   1.0000000e+00   1.1107982e-02  -1.6623225e-02   4.1642331e-02  -1.3302909e-03  -1.8013570e-04   2.3201015e-04   1.2338726e-04   2.7633161e-04   1.7340837e-03   1.7696739e-06   3.2448870e-08   5.3828710e-08   9.8788627e-03  -1.6747808e-02   1.8326623e-02  -7.7932215e-04  -2.8806642e-04   1.1168960e-04   9.7591928e-05   2.8048909e-04   3.3586511e-04   6.0734301e-07   8.2982262e-08   1.2474567e-08
   1.0000000e+00   1.6733008e-02   4.0503544e-03   1.2159047e-02  -3.4006465e-04   1.2875461e-04   4.1903059e-04   2.7999356e-04   1.6405371e-05   1.4784242e-04   1.1564397e-07   1.6577750e-08   1.7558664e-07   5.6250260e-03   2.0673579e-02  -2.9483284e-02   9.9022625e-04   3.0889031e-04   1.8702044e-04   3.1640918e-05   4.2739689e-04   8.6926404e-04   9.8054803e-07   9.5413224e-08   3.4976645e-08
   1.0000000e+00   5.3890264e-03  -3.8360731e-02   2.9091880e-02  -8.9769319e-04   8.8111458e-05   2.3197112e-04   2.9041606e-05   1.4715457e-03   8.4633748e-04   8.0585306e-07   7.7636290e-09   5.3810601e-08  -1.1343982e-02  -4.2411085e-02   1.6932833e-02  -5.5762854e-04  -4.0643152e-05  -1.8705947e-04   1.2868592e-04   1.7987002e-03   2.8672083e-04   3.1094959e-07   1.6518658e-09   3.4991245e-08
   1.0000000e+00   1.6940663e-02  -2.4472244e-02   1.4389712e-02  -1.3865776e-03   1.1543794e-05   4.0171830e-04   2.8698606e-04   5.9889073e-04   2.0706381e-04   1.9225974e-06   1.3325918e-10   1.6137759e-07   1.1551637e-02   1.3888487e-02  -1.4702168e-02  -4.8888441e-04  -7.6567664e-05   1.6974718e-04   1.3344031e-04   1.9289007e-04   2.1615374e-04   2.3900797e-07   5.8626072e-09   2.8814105e-08
   1.0000000e+00   5.2619853e-03   7.8235470e-04   2.9613003e-02  -9.3876962e-04   1.8220530e-04   5.6808582e-05   2.7688489e-05   6.1207888e-07   8.7692995e-04   8.8128840e-07   3.3198771e-08   3.2272150e-09  -1.1678678e-02   2.5254599e-02   1.5223291e-02   4.4780798e-04   1.7066151e-04  -3.4490972e-04   1.3639151e-04   6.3779476e-04   2.3174859e-04   2.0053199e-07   2.9125350e-08   1.1896271e-07
   1.0000000e+00   1.6898338e-02  -3.5717011e-02   2.4124589e-02  -7.8018231e-04   5.4335255e-05   2.4011014e-04   2.8555383e-04   1.2757049e-03   5.8199579e-04   6.0868444e-07   2.9523199e-09   5.7652879e-08   1.1636353e-02  -3.6499366e-02  -5.4884140e-03   1.5858731e-04  -1.2787005e-04   1.8330156e-04   1.3540470e-04   1.3322037e-03   3.0122688e-05   2.5149935e-08   1.6350748e-08   3.3599461e-08
   1.0000000e+00   3.7947291e-02  -3.3959768e-02   6.6164643e-02  -1.7675249e-03  -3.6423792e-04   6.4664040e-04   1.4399969e-03   1.1532658e-03   4.3777600e-03   3.1241443e-06   1.3266926e-07   4.1814381e-07   2.1048953e-02   1.7572430e-03   4.2040054e-02  -9.8734259e-04  -4.1857317e-04   4.0653026e-04   4.4305842e-04   3.0879030e-06   1.7673661e-03   9.7484539e-07   1.7520350e-07   1.6526685e-07
   1.0000000e+00   3.1607254e-02   5.4192863e-04   6.3365100e-03   1.6587002e-05  -3.5077618e-05   7.0616375e-04   9.9901851e-04   2.9368664e-07   4.0151359e-05   2.7512864e-10   1.2304393e-09   4.9866724e-07  -6.3400370e-03   3.4501697e-02  -5.9828133e-02   1.7841119e-03   3.2916030e-04   5.9523350e-05   4.0196069e-05   1.1903671e-03   3.5794055e-03   3.1830553e-06   1.0834650e-07   3.5430292e-09
   1.0000000e+00   3.3725292e-02  -1.9953788e-02   5.9667775e-02  -4.0141645e-04  -2.9079376e-04   1.0128404e-03   1.1373953e-03   3.9815366e-04   3.5602434e-03   1.6113517e-07   8.4561011e-08   1.0258457e-06   2.1180380e-03  -2.0495717e-02   5.3331265e-02  -4.1800345e-04  -2.5571614e-04   3.0667665e-04   4.4860850e-06   4.2007440e-04   2.8442238e-03   1.7472689e-07   6.5390745e-08   9.4050568e-08
   1.0000000e+00   1.8319547e-02  -5.7313364e-03   6.3391408e-02  -1.2466419e-03   1.3479707e-04   8.0384058e-04   3.3560580e-04   3.2848217e-05   4.0184706e-03   1.5541160e-06   1.8170250e-08   6.4615968e-07  -1.5405745e-02   1.4222452e-02   3.7236330e-03  -8.4522545e-04   4.2559083e-04  -2.0899982e-04   2.3733698e-04   2.0227813e-04   1.3865443e-05   7.1440606e-07   1.8112755e-07   4.3680925e-08
   1.0000000e+00   2.7240281e-02   2.4023216e-02   5.6771551e-02   2.5922626e-05   9.2218781e-05   9.4944242e-04   7.4203291e-04   5.7711491e-04   3.2230090e-03   6.7198254e-10   8.5043036e-09   9.0144091e-07   8.9207340e-03   2.9754552e-02  -6.6198570e-03   1.2725645e-03  -4.2578289e-05   1.4560184e-04   7.9579495e-05   8.8533339e-04   4.3822507e-05   1.6194205e-06   1.8129107e-09   2.1199896e-08
   1.0000000e+00   2.0839689e-02   3.1859066e-02   1.3349890e-01  -2.1823583e-03   2.3734335e-04   1.1189289e-03   4.3429264e-04   1.0150001e-03   1.7821956e-02   4.7626877e-06   5.6331866e-08   1.2520019e-06  -6.4005920e-03   7.8358500e-03   7.6727349e-02  -2.2082809e-03   1.4512457e-04   1.6948648e-04   4.0967578e-05   6.1400545e-05   5.8870861e-03   4.8765046e-06   2.1061141e-08   2.8725667e-08
   1.0000000e+00  -8.2114304e-02  -2.8528056e-02   1.4636613e-01  -2.0282467e-03   1.1886368e-03  -8.2844279e-04   6.7427589e-03   8.1384998e-04   2.1423044e-02   4.1137847e-06   1.4128574e-06   6.8631746e-07  -1.0295399e-01  -6.0387122e-02   1.2867230e-02   1.5411160e-04   9.5129345e-04  -1.9473717e-03   1.0599525e-02   3.6466045e-03   1.6556561e-04   2.3750385e-08   9.0495923e-07   3.7922565e-06
   1.0000000e+00  -3.8683296e-02  -3.4209777e-02   8.1597878e-02  -1.6739287e-03   1.0658258e-03  -9.2587960e-06   1.4963974e-03   1.1703088e-03   6.6582137e-03   2.8020373e-06   1.1359846e-06   8.5725303e-11   4.3431008e-02  -5.6817210e-03  -6.4768252e-02   3.5431800e-04  -1.2281100e-04   8.1918399e-04   1.8862525e-03   3.2281954e-05   4.1949265e-03   1.2554125e-07   1.5082542e-08   6.7106242e-07
   1.0000000e+00  -7.7455327e-02  -1.3642841e-01   1.1728434e-01  -2.2514412e-03   7.5641677e-04  -4.6124634e-04   5.9993277e-03   1.8612711e-02   1.3755616e-02   5.0689875e-06   5.7216633e-07   2.1274819e-07  -3.8772031e-02  -1.0221863e-01   3.5686462e-02  -5.7751250e-04  -3.0940903e-04  -4.5198754e-04   1.5032704e-03   1.0448649e-02   1.2735236e-03   3.3352069e-07   9.5733948e-08   2.0429274e-07
   1.0000000e+00   1.0728855e-01  -3.5810576e-01  -1.0021469e-01  -2.2753736e-04   4.9172299e-04   2.7427572e-03   1.1510833e-02   1.2823974e-01   1.0042984e-02   5.1773250e-08   2.4179150e-07   7.5227171e-06   1.8474388e-01  -2.2167735e-01  -2.1749903e-01   2.0239038e-03  -2.6469378e-04   3.2040035e-03   3.4130300e-02   4.9140848e-02   4.7305828e-02   4.0961868e-06   7.0062797e-08   1.0265639e-05
   1.0000000e+00   9.4004316e-02  -1.9469250e-01  -3.4908554e-01  -8.2484619e-04   1.3295702e-03   2.6222597e-03   8.8368114e-03   3.7905170e-02   1.2186071e-01   6.8037124e-07   1.7677569e-06   6.8762459e-06  -1.3284234e-02   1.6341326e-01  -2.4887085e-01  -5.9730883e-04   8.3784721e-04  -1.2049750e-04   1.7647087e-04   2.6703894e-02   6.1936700e-02   3.5677784e-07   7.0198795e-07   1.4519648e-08
   1.0000000e+00  -1.3904973e-02  -1.2203358e-01  -5.4896267e-02  -3.1705655e-03   8.3388333e-04  -6.9778306e-04   1.9334827e-04   1.4892195e-02   3.0136001e-03   1.0052486e-05   6.9536141e-07   4.8690120e-07  -1.0790929e-01   7.2658920e-02   2.9418927e-01  -2.3457193e-03  -4.9568687e-04  -3.3200428e-03   1.1644415e-02   5.2793187e-03   8.6547328e-02   5.5023991e-06   2.4570547e-07   1.1022684e-05
   1.0000000e+00  -1.7636954e-02  -1.3573012e-01   3.8682228e-02  -2.8087354e-03   1.1670315e-03  -5.4456944e-04   3.1106215e-04   1.8422665e-02   1.4963148e-03   7.8889945e-06   1.3619625e-06   2.9655587e-07  -3.7319810e-03  -1.3696540e-02   9.3578495e-02   3.6183010e-04   3.3314817e-04   1.5321362e-04   1.3927682e-05   1.8759521e-04   8.7569347e-03   1.3092102e-07   1.1098770e-07   2.3474413e-08
   1.0000000e+00  -4.6110345e-02  -1.1285637e-01   7.7547295e-02  -3.2417517e-03   9.6326890e-04  -9.8206089e-04   2.1261639e-03   1.2736560e-02   6.0135830e-03   1.0508954e-05   9.2788697e-07   9.6444359e-07  -2.8473391e-02   2.2873750e-02   3.8865067e-02  -4.3301630e-04  -2.0376260e-04  -4.3749145e-04   8.1073400e-04   5.2320844e-04   1.5104934e-03   1.8750312e-07   4.1519197e-08   1.9139877e-07
   1.0000000e+00  -4.2955485e-02  -8.2105949e-02   9.9086397e-02  -2.5009447e-03   1.5140921e-03  -7.9130143e-04   1.8451737e-03   6.7413869e-03   9.8181141e-03   6.2547244e-06   2.2924749e-06   6.2615795e-07   3.1548600e-03   3.0750421e-02   2.1539102e-02   7.4080700e-04   5.5082320e-04   1.9075946e-04   9.9531416e-06   9.4558839e-04   4.6393291e-04   5.4879501e-07   3.0340620e-07   3.6389172e-08
   1.0000000e+00  -5.1725152e-02  -8.0370204e-02   1.6561393e-01  -3.6933276e-03   1.2485247e-03  -8.7541623e-04   2.6754913e-03   6.4593697e-03   2.7427974e-02   1.3640669e-05   1.5588139e-06   7.6635358e-07  -8.7696670e-03   1.7357450e-03   6.6527533e-02  -1.1923829e-03  -2.6556740e-04  -8.4114800e-05   7.6907059e-05   3.0128107e-06   4.4259126e-03   1.4217770e-06   7.0526044e-08   7.0752996e-09
   1.0000000e+00  -9.4968132e-02  -6.2943821e-02   1.4006159e-01  -2.9193237e-03   1.5386898e-03  -1.6355622e-03   9.0189461e-03   3.9619246e-03   1.9617249e-02   8.5224509e-06   2.3675663e-06   2.6750637e-06  -4.3242980e-02   1.7426383e-02  -2.5552340e-02   7.7400390e-04   2.9016510e-04  -7.6014597e-04   1.8699553e-03   3.0367882e-04   6.5292208e-04   5.9908204e-07   8.4195785e-08   5.7782190e-07
   1.0000000e+00  -7.6978403e-02  -6.1057331e-02   1.7273089e-01  -3.5669983e-03   1.3180939e-03  -1.2948658e-03   5.9256745e-03   3.7279977e-03   2.9835960e-02   1.2723477e-05   1.7373715e-06   1.6766774e-06   1.7989729e-02   1.8864900e-03   3.2669300e-02  -6.4767460e-04  -2.2059590e-04   3.4069640e-04   3.2363035e-04   3.5588445e-06   1.0672832e-03   4.1948239e-07   4.8662551e-08   1.1607404e-07
   1.0000000e+00  -8.0788809e-02  -7.2072338e-02   2.0661117e-01  -4.6587619e-03   1.5105263e-03  -1.4223048e-03   6.5268317e-03   5.1944219e-03   4.2688176e-02   2.1704062e-05   2.2816897e-06   2.0229509e-06  -3.8104060e-03  -1.1015007e-02   3.3880280e-02  -1.0917636e-03   1.9243240e-04  -1.2743900e-04   1.4519194e-05   1.2133038e-04   1.1478734e-03   1.1919478e-06   3.7030229e-08   1.6240699e-08
   1.0000000e+00  -9.8458366e-02  -7.1193122e-02   1.4344467e-01  -3.1920256e-03   1.4098760e-03  -1.7049838e-03   9.6940498e-03   5.0684606e-03   2.0576373e-02   1.0189027e-05   1.9877503e-06   2.9069698e-06  -1.7669557e-02   8.7921600e-04  -6.3166500e-02   1.4667363e-03  -1.0065030e-04  -2.8267900e-04   3.1221324e-04   7.7302077e-07   3.9900067e-03   2.1513154e-06   1.0130483e-08   7.9907417e-08
   1.0000000e+00  -1.1896942e-01  -5.4867656e-02   1.4106592e-01  -3.2789008e-03   1.6156108e-03  -2.0487812e-03   1.4153723e-02   3.0104597e-03   1.9899594e-02   1.0751190e-05   2.6101983e-06   4.1975044e-06  -2.0511054e-02   1.6325466e-02  -2.3787500e-03  -8.6875200e-05   2.0573480e-04  -3.4379740e-04   4.2070334e-04   2.6652084e-04   5.6584516e-06   7.5473004e-09   4.2326808e-08   1.1819665e-07
   1.0000000e+00  -1.0653861e-01  -5.5032057e-02   1.5191622e-01  -3.6509106e-03   1.5517599e-03  -1.7959941e-03   1.1350475e-02   3.0285273e-03   2.3078538e-02   1.3329148e-05   2.4079588e-06   3.2255948e-06   1.2430810e-02  -1.6440100e-04   1.0850300e-02  -3.7200980e-04  -6.3850900e-05   2.5278710e-04   1.5452504e-04   2.7027689e-08   1.1772901e-04   1.3839129e-07   4.0769374e-09   6.3901318e-08
   1.0000000e+00  -8.9815676e-02   4.8504067e-03   1.2669473e-01  -3.1839863e-03   1.7235700e-03  -1.5836548e-03   8.0668557e-03   2.3526445e-05   1.6051555e-02   1.0137769e-05   2.9706935e-06   2.5079625e-06   1.6722934e-02   5.9882464e-02  -2.5221490e-02   4.6692430e-04   1.7181010e-04   2.1233930e-04   2.7965652e-04   3.5859095e-03   6.3612356e-04   2.1801830e-07   2.9518710e-08   4.5087978e-08
   1.0000000e+00  -1.1673239e-01  -1.5230160e-02   1.5649801e-01  -3.4105885e-03   1.6150017e-03  -1.8604446e-03   1.3626451e-02   2.3195777e-04   2.4491627e-02   1.1632114e-05   2.6082305e-06   3.4612541e-06  -2.6916714e-02  -2.0080567e-02   2.9803280e-02  -2.2660220e-04  -1.0856830e-04  -2.7678980e-04   7.2450949e-04   4.0322916e-04   8.8823550e-04   5.1348557e-08   1.1787076e-08   7.6612593e-08
   1.0000000e+00  -1.3921198e-01  -2.9853653e-02   1.4753358e-01  -3.5173697e-03   1.5609801e-03  -1.8486873e-03   1.9379975e-02   8.9124060e-04   2.1766157e-02   1.2371890e-05   2.4366589e-06   3.4176447e-06  -2.2479590e-02  -1.4623493e-02  -8.9644300e-03  -1.0678120e-04  -5.4021600e-05   1.1757300e-05   5.0533197e-04   2.1384655e-04   8.0361005e-05   1.1402225e-08   2.9183333e-09   1.3823410e-10
   1.0000000e+00  -1.7864703e-01  -5.3182644e-02   1.7436452e-01  -3.4843629e-03   1.3408279e-03  -2.4452896e-03   3.1914761e-02   2.8283936e-03   3.0402986e-02   1.2140785e-05   1.7978195e-06   5.9794412e-06  -3.9435050e-02  -2.3328991e-02   2.6830940e-02   3.3006800e-05  -2.2015220e-04  -5.9660230e-04   1.5551232e-03   5.4424182e-04   7.1989934e-04   1.0894488e-09   4.8466991e-08   3.5593430e-07
   1.0000000e+00  -1.4219907e-01  -8.9558111e-02   1.8037588e-01  -3.2927645e-03   9.7918533e-04  -1.6148874e-03   2.0220576e-02   8.0206552e-03   3.2535458e-02   1.0842298e-05   9.5880391e-07   2.6078613e-06   3.6447960e-02  -3.6375467e-02   6.0113600e-03   1.9159840e-04  -3.6164257e-04   8.3040220e-04   1.3284538e-03   1.3231746e-03   3.6136449e-05   3.6709947e-08   1.3078535e-07   6.8956781e-07
   1.0000000e+00  -1.9678069e-01  -2.8833354e-02   1.4665989e-01  -2.8752377e-03   1.5262342e-03  -2.6759919e-03   3.8722640e-02   8.3136230e-04   2.1509123e-02   8.2669918e-06   2.3293908e-06   7.1609326e-06  -5.4581620e-02   6.0724757e-02  -3.3715990e-02   4.1752680e-04   5.4704887e-04  -1.0611045e-03   2.9791532e-03   3.6874961e-03   1.1367680e-03   1.7432863e-07   2.9926247e-07   1.1259428e-06
   1.0000000e+00  -1.9464775e-01  -8.9594334e-02   1.3087883e-01  -2.2252388e-03   1.3249796e-03  -2.2078925e-03   3.7887747e-02   8.0271447e-03   1.7129268e-02   4.9516877e-06   1.7555709e-06   4.8747893e-06   2.1329400e-03  -6.0760980e-02  -1.5781060e-02   6.4999890e-04  -2.0125460e-04   4.6809940e-04   4.5494330e-06   3.6918967e-03   2.4904185e-04   4.2249857e-07   4.0503414e-08   2.1911705e-07
   1.0000000e+00  -1.8177978e-01  -3.9705924e-02   1.3449272e-01  -2.3536938e-03   1.4159962e-03  -2.2097246e-03   3.3043888e-02   1.5765604e-03   1.8088292e-02   5.5398745e-06   2.0050452e-06   4.8828828e-06   1.2867970e-02   4.9888410e-02   3.6138900e-03  -1.2845500e-04   9.1016600e-05  -1.8321000e-06   1.6558465e-04   2.4888535e-03   1.3060201e-05   1.6500687e-08   8.2840215e-09   3.3565904e-12
   1.0000000e+00  -1.5630699e-01  -7.3052611e-02   1.3586366e-01  -6.8884210e-04   1.2042070e-03  -1.2098811e-03   2.4431875e-02   5.3366840e-03   1.8458934e-02   4.7450344e-07   1.4501145e-06   1.4638123e-06   2.5472790e-02  -3.3346687e-02   1.3709400e-03   1.6648517e-03  -2.1178920e-04   9.9984350e-04   6.4886303e-04   1.1120015e-03   1.8794765e-06   2.7717312e-06   4.4854665e-08   9.9968702e-07
   1.0000000e+00  -1.5211627e-01  -6.7897062e-02   1.5342569e-01  -2.4843149e-03   8.8890162e-04  -1.1255807e-03   2.3139360e-02   4.6100110e-03   2.3539442e-02   6.1718205e-06   7.9014609e-07   1.2669319e-06   4.1907200e-03   5.1555490e-03   1.7562030e-02  -1.7954728e-03  -3.1530538e-04   8.4300400e-05   1.7562134e-05   2.6579685e-05   3.0842490e-04   3.2237226e-06   9.9417483e-08   7.1065574e-09
   1.0000000e+00  -1.9574845e-01  -8.6521910e-02   1.1156300e-01  -3.7233815e-04   1.6989717e-03  -1.6841166e-03   3.8317456e-02   7.4860409e-03   1.2446303e-02   1.3863570e-07   2.8865048e-06   2.8362487e-06  -4.3632180e-02  -1.8624848e-02  -4.1862690e-02   2.1119767e-03   8.1007008e-04  -5.5853590e-04   1.9037671e-03   3.4688496e-04   1.7524848e-03   4.4604458e-06   6.5621353e-07   3.1196235e-07
   1.0000000e+00  -1.3214412e-01  -9.0050384e-02   1.3500871e-01  -1.6601840e-03   8.7877706e-04  -5.7981681e-04   1.7462068e-02   8.1090717e-03   1.8227352e-02   2.7562109e-06   7.7224912e-07   3.3618753e-07   6.3604330e-02  -3.5284740e-03   2.3445710e-02  -1.2878459e-03  -8.2019464e-04   1.1042998e-03   4.0455108e-03   1.2450129e-05   5.4970132e-04   1.6585469e-06   6.7271925e-07   1.2194780e-06
   1.0000000e+00  -7.6946498e-02  -8.6050362e-02   9.0120198e-02  -6.7218266e-05   1.4818505e-03  -2.1163632e-04   5.9207636e-03   7.4046648e-03   8.1216501e-03   4.5182953e-09   2.1958809e-06   4.4789932e-08   5.5197622e-02   4.0000220e-03  -4.4888512e-02   1.5929657e-03   6.0307344e-04   3.6818049e-04   3.0467775e-03   1.6000176e-05   2.0149785e-03   2.5375398e-06   3.6369757e-07   1.3555687e-07
   1.0000000e+00  -8.3840625e-02  -1.2383810e-01   3.7445829e-02   1.7043013e-03   1.5352393e-03  -3.7741803e-04   7.0292504e-03   1.5335875e-02   1.4021901e-03   2.9046429e-06   2.3569597e-06   1.4244437e-07  -6.8941270e-03  -3.7787738e-02  -5.2674369e-02   1.7715196e-03   5.3388800e-05  -1.6578171e-04   4.7528987e-05   1.4279131e-03   2.7745891e-03   3.1382816e-06   2.8503640e-09   2.7483575e-08
   1.0000000e+00  -1.2668887e-01  -1.8026282e-01   2.9695916e-02   2.1696068e-03   2.0615252e-03  -1.1310585e-03   1.6050070e-02   3.2494684e-02   8.8184743e-04   4.7071937e-06   4.2498862e-06   1.2792933e-06  -4.2848245e-02  -5.6424720e-02  -7.7499130e-03   4.6530550e-04   5.2628590e-04  -7.5364047e-04   1.8359721e-03   3.1837490e-03   6.0061152e-05   2.1650921e-07   2.7697685e-07   5.6797396e-07
   1.0000000e+00  -1.3957226e-01  -9.0460532e-02  -1.8496394e-02   2.8289042e-03   2.8461005e-03  -1.5768406e-03   1.9480416e-02   8.1831078e-03   3.4211659e-04   8.0026990e-06   8.1002881e-06   2.4864263e-06  -1.2883390e-02   8.9802288e-02  -4.8192310e-02   6.5929740e-04   7.8457530e-04  -4.4578210e-04   1.6598174e-04   8.0644509e-03   2.3224987e-03   4.3467306e-07   6.1555840e-07   1.9872168e-07
   1.0000000e+00  -8.6724501e-02  -1.3699173e-01  -2.8596226e-02   3.7479827e-03   2.2405381e-03  -6.4111564e-04   7.5211391e-03   1.8766734e-02   8.1774414e-04   1.4047374e-05   5.0200110e-06   4.1102926e-07   5.2847759e-02  -4.6531198e-02  -1.0099832e-02   9.1907850e-04  -6.0556240e-04   9.3572496e-04   2.7928856e-03   2.1651524e-03   1.0200661e-04   8.4470529e-07   3.6670582e-07   8.7558120e-07
   1.0000000e+00  -1.0630482e-02  -8.4750654e-02  -7.6200355e-02   3.2274704e-03   2.0806492e-03   4.3087719e-04   1.1300715e-04   7.1826734e-03   5.8064941e-03   1.0416565e-05   4.3291011e-06   1.8565515e-07   7.6094019e-02   5.2241076e-02  -4.7604129e-02  -5.2051230e-04  -1.5988890e-04   1.0719928e-03   5.7902997e-03   2.7291300e-03   2.2661531e-03   2.7093305e-07   2.5564460e-08   1.1491686e-06
   1.0000000e+00   9.4749597e-03  -1.2629439e-01  -9.2869223e-02   5.3796541e-03   1.9754228e-03   5.5335707e-04   8.9774861e-05   1.5950273e-02   8.6246926e-03   2.8940678e-05   3.9022952e-06   3.0620405e-07   2.0105442e-02  -4.1543736e-02  -1.6668868e-02   2.1521837e-03  -1.0522640e-04   1.2247988e-04   4.0422879e-04   1.7258820e-03   2.7785116e-04   4.6318947e-06   1.1072595e-08   1.5001321e-08
   1.0000000e+00  -1.6776352e-02  -1.3026221e-01  -1.3192309e-01   4.7462731e-03   2.0300170e-03  -3.1475002e-04   2.8144599e-04   1.6968243e-02   1.7403702e-02   2.2527108e-05   4.1209690e-06   9.9067575e-08  -2.6251312e-02  -3.9678200e-03  -3.9053867e-02  -6.3338100e-04   5.4594200e-05  -8.6810709e-04   6.8913137e-04   1.5743596e-05   1.5252045e-03   4.0117149e-07   2.9805267e-09   7.5360992e-07
   1.0000000e+00   1.8399435e-02  -1.3564483e-01  -7.0080196e-02   4.9981540e-03   2.1705814e-03  -7.0508194e-05   3.3853921e-04   1.8399520e-02   4.9112339e-03   2.4981543e-05   4.7114236e-06   4.9714054e-09   3.5175787e-02  -5.3826200e-03   6.1842894e-02   2.5188090e-04   1.4056440e-04   2.4424183e-04   1.2373360e-03   2.8972598e-05   3.8245435e-03   6.3443988e-08   1.9758351e-08   5.9654070e-08
   1.0000000e+00  -5.6589807e-02  -1.5390313e-01  -3.4055998e-02   3.6490629e-03   2.3681691e-03  -8.9022200e-04   3.2024063e-03   2.3686173e-02   1.1598110e-03   1.3315660e-05   5.6082249e-06   7.9249521e-07  -7.4989242e-02  -1.8258300e-02   3.6024198e-02  -1.3490911e-03   1.9758770e-04  -8.1971381e-04   5.6233864e-03   3.3336552e-04   1.2977428e-03   1.8200468e-06   3.9040899e-08   6.7193072e-07
   1.0000000e+00  -9.6085231e-02  -1.2338505e-01  -4.4653294e-02   4.3692519e-03   2.4492351e-03  -1.3806549e-03   9.2323716e-03   1.5223871e-02   1.9939167e-03   1.9090362e-05   5.9987526e-06   1.9062080e-06  -3.9495424e-02   3.0518080e-02  -1.0597296e-02   7.2018900e-04   8.1066000e-05  -4.9043290e-04   1.5598885e-03   9.3135321e-04   1.1230268e-04   5.1867220e-07   6.5716964e-09   2.4052443e-07
   1.0000000e+00  -3.8830523e-02  -9.0404600e-02  -1.0350675e-01   4.6298785e-03   2.3983261e-03  -6.7858251e-04   1.5078095e-03   8.1729917e-03   1.0713647e-02   2.1435775e-05   5.7519681e-06   4.6047422e-07   5.7254708e-02   3.2980450e-02  -5.8853456e-02   2.6062660e-04  -5.0909000e-05   7.0207239e-04   3.2781016e-03   1.0877101e-03   3.4637293e-03   6.7926225e-08   2.5917263e-09   4.9290564e-07
   1.0000000e+00  -6.2995327e-02  -1.5538529e-01  -1.6971959e-02   4.4517744e-03   2.5554188e-03  -8.9771105e-04   3.9684112e-03   2.4144588e-02   2.8804739e-04   1.9818295e-05   6.5301652e-06   8.0588513e-07  -2.4164804e-02  -6.4980690e-02   8.6534791e-02  -1.7810410e-04   1.5709270e-04  -2.1912854e-04   5.8393775e-04   4.2224901e-03   7.4882701e-03   3.1721070e-08   2.4678116e-08   4.8017317e-08
   1.0000000e+00  -1.0365228e-02  -1.4839337e-01  -2.2240343e-02   4.3380074e-03   1.8923821e-03  -3.2381484e-05   1.0743795e-04   2.2020592e-02   4.9463286e-04   1.8818308e-05   3.5811100e-06   1.0485605e-09   5.2630099e-02   6.9919200e-03  -5.2683840e-03  -1.1376700e-04  -6.6303670e-04   8.6532957e-04   2.7699273e-03   4.8886945e-05   2.7755870e-05   1.2942930e-08   4.3961767e-07   7.4879526e-07
   1.0000000e+00  -1.5967764e-02  -1.7472195e-01   7.7899192e-02   3.2891860e-03   1.7722235e-03  -1.0124828e-04   2.5496949e-04   3.0527760e-02   6.0682841e-03   1.0818745e-05   3.1407761e-06   1.0251214e-08  -5.6025360e-03  -2.6328580e-02   1.0013954e-01  -1.0488214e-03  -1.2015860e-04  -6.8866796e-05   3.1388410e-05   6.9319412e-04   1.0027926e-02   1.1000263e-06   1.4438089e-08   4.7426356e-09
   1.0000000e+00  -7.6882939e-02  -1.7047345e-01  -2.4973606e-02   4.7125218e-03   1.9279627e-03  -8.1778081e-04   5.9109863e-03   2.9061197e-02   6.2368100e-04   2.2207862e-05   3.7170402e-06   6.6876545e-07  -6.0915175e-02   4.2485000e-03  -1.0287280e-01   1.4233358e-03   1.5573920e-04  -7.1653253e-04   3.7106585e-03   1.8049752e-05   1.0582813e-02   2.0258848e-06   2.4254698e-08   5.1341887e-07
   1.0000000e+00  -1.9544004e-02  -1.5445928e-01   7.7843766e-02   3.0423489e-03   1.7117203e-03  -3.2726963e-04   3.8196809e-04   2.3857669e-02   6.0596519e-03   9.2558868e-06   2.9299864e-06   1.0710541e-07   5.7338935e-02   1.6014170e-02   1.0281737e-01  -1.6701729e-03  -2.1624240e-04   4.9051118e-04   3.2877535e-03   2.5645364e-04   1.0571412e-02   2.7894775e-06   4.6760776e-08   2.4060122e-07
   1.0000000e+00   9.2015654e-03  -1.2294334e-01   5.3170293e-03   3.8998122e-03   1.5466789e-03  -1.1988125e-04   8.4668806e-05   1.5115065e-02   2.8270801e-05   1.5208535e-05   2.3922156e-06   1.4371514e-08   2.8745569e-02   3.1515940e-02  -7.2526737e-02   8.5746330e-04  -1.6504140e-04   2.0738838e-04   8.2630776e-04   9.9325447e-04   5.2601275e-03   7.3524331e-07   2.7238664e-08   4.3009940e-08
   1.0000000e+00   3.3241289e-02  -1.8221524e-01  -4.0917990e-02   6.5345938e-03   1.4098794e-03   5.4554947e-04   1.1049833e-03   3.3202394e-02   1.6742819e-03   4.2700916e-05   1.9877599e-06   2.9762422e-07   2.4039724e-02  -5.9271900e-02  -4.6235019e-02   2.6347816e-03  -1.3679950e-04   6.6543072e-04   5.7790831e-04   3.5131581e-03   2.1376770e-03   6.9420741e-06   1.8714103e-08   4.4279804e-07
   1.0000000e+00  -1.6807464e-02  -1.9005755e-01  -5.7001198e-02   5.1931569e-03   1.7101257e-03  -3.6178594e-05   2.8249085e-04   3.6121872e-02   3.2491366e-03   2.6968879e-05   2.9245299e-06   1.3088907e-09  -5.0048753e-02  -7.8423100e-03  -1.6083208e-02  -1.3414369e-03   3.0024630e-04  -5.8172806e-04   2.5048777e-03   6.1501826e-05   2.5866958e-04   1.7994530e-06   9.0147841e-08   3.3840754e-07
   1.0000000e+00  -4.2822120e-02  -1.5660528e-01  -3.9694666e-02   5.4220635e-03   2.1072545e-03  -4.9191241e-04   1.8337340e-03   2.4525214e-02   1.5756665e-03   2.9398773e-05   4.4405215e-06   2.4197782e-07  -2.6014656e-02   3.3452270e-02   1.7306532e-02   2.2890660e-04   3.9712880e-04  -4.5573382e-04   6.7676233e-04   1.1190544e-03   2.9951605e-04   5.2398232e-08   1.5771128e-07   2.0769331e-07
   1.0000000e+00  -1.4285687e-03  -1.2352804e-01  -9.1830944e-02   4.6153687e-03   1.6662478e-03  -1.8040003e-04   2.0408085e-06   1.5259177e-02   8.4329223e-03   2.1301628e-05   2.7763817e-06   3.2544171e-08   4.1393551e-02   3.3077240e-02  -5.2136278e-02  -8.0669480e-04  -4.4100670e-04   3.1151238e-04   1.7134261e-03   1.0941038e-03   2.7181915e-03   6.5075650e-07   1.9448691e-07   9.7039963e-08
   1.0000000e+00  -1.7755733e-02  -1.4327261e-01  -6.0386727e-02   4.1970801e-03   1.3877382e-03  -8.3173181e-04   3.1526605e-04   2.0527041e-02   3.6465568e-03   1.7615481e-05   1.9258173e-06   6.9177780e-07  -1.6327164e-02  -1.9744570e-02   3.1444217e-02  -4.1828860e-04  -2.7850960e-04  -6.5133178e-04   2.6657629e-04   3.8984804e-04   9.8873878e-04   1.7496535e-07   7.7567597e-08   4.2423309e-07
   1.0000000e+00  -2.5265443e-02  -2.2869102e-01   1.7105563e-02   4.7761261e-03   1.7954564e-03   2.6503667e-05   6.3834261e-04   5.2299583e-02   2.9260029e-04   2.2811381e-05   3.2236637e-06   7.0244436e-10  -7.5097100e-03  -8.5418410e-02   7.7492290e-02   5.7904600e-04   4.0771820e-04   8.5823548e-04   5.6395744e-05   7.2963048e-03   6.0050550e-03   3.3529427e-07   1.6623413e-07   7.3656813e-07
   1.0000000e+00  -7.6117359e-04  -1.5444944e-01   3.9128194e-03   4.4637677e-03   1.8211935e-03   5.1478599e-05   5.7938523e-07   2.3854630e-02   1.5310156e-05   1.9925222e-05   3.3167458e-06   2.6500462e-09   2.4504269e-02   7.4241580e-02  -1.3192744e-02  -3.1235840e-04   2.5737100e-05   2.4974932e-05   6.0045922e-04   5.5118122e-03   1.7404848e-04   9.7567770e-08   6.6239832e-10   6.2374723e-10
   1.0000000e+00  -1.4766128e-02  -1.8028083e-01  -3.5180165e-02   6.1912800e-03   1.5995622e-03   1.9688667e-05   2.1803854e-04   3.2501178e-02   1.2376440e-03   3.8331948e-05   2.5585992e-06   3.8764361e-10  -1.4004954e-02  -2.5831390e-02  -3.9092984e-02   1.7275123e-03  -2.2163130e-04  -3.1789932e-05   1.9613875e-04   6.6726071e-04   1.5282614e-03   2.9842987e-06   4.9120433e-08   1.0105998e-09
   1.0000000e+00  -2.9801970e-02  -1.2085978e-01   8.9263692e-02   3.1704002e-03   1.4316678e-03  -6.9138858e-04   8.8815742e-04   1.4607086e-02   7.9680067e-03   1.0051437e-05   2.0496727e-06   4.7801817e-07  -1.5035842e-02   5.9421050e-02   1.2444386e-01  -3.0208798e-03  -1.6789440e-04  -7.1107725e-04   2.2607654e-04   3.5308612e-03   1.5486274e-02   9.1257148e-06   2.8188530e-08   5.0563085e-07
   1.0000000e+00  -4.8654121e-03  -1.6569221e-01   7.6648663e-02   4.4385438e-03   1.4474873e-03  -1.0483137e-04   2.3672235e-05   2.7453908e-02   5.8750175e-03   1.9700671e-05   2.0952195e-06   1.0989616e-08   2.4936558e-02  -4.4832430e-02  -1.2615029e-02   1.2681436e-03   1.5819500e-05   5.8655721e-04   6.2183192e-04   2.0099468e-03   1.5913896e-04   1.6081882e-06   2.5025658e-10   3.4404936e-07
   1.0000000e+00  -2.3838202e-02  -1.4604165e-01  -1.3080692e-02   4.6263957e-03   1.5335253e-03  -7.6873001e-04   5.6825987e-04   2.1328164e-02   1.7110450e-04   2.1403537e-05   2.3516998e-06   5.9094583e-07  -1.8972790e-02   1.9650560e-02  -8.9729355e-02   1.8785190e-04   8.6038000e-05  -6.6389864e-04   3.5996676e-04   3.8614451e-04   8.0513571e-03   3.5288336e-08   7.4025374e-09   4.4076140e-07
   1.0000000e+00  -2.7959568e-02  -2.2927144e-01   3.7026991e-02   6.2751946e-03   1.5097371e-03  -4.4655042e-04   7.8173744e-04   5.2565393e-02   1.3709981e-03   3.9378067e-05   2.2793061e-06   1.9940728e-07  -4.1213660e-03  -8.3229790e-02   5.0107683e-02   1.6487989e-03  -2.3788200e-05   3.2217959e-04   1.6985658e-05   6.9271979e-03   2.5107799e-03   2.7185378e-06   5.6587846e-10   1.0379969e-07
   1.0000000e+00  -3.5674874e-02  -2.2861712e-01  -6.4658254e-02   4.6795886e-03   1.3124028e-03  -7.8620031e-04   1.2726966e-03   5.2265788e-02   4.1806898e-03   2.1898549e-05   1.7224011e-06   6.1811093e-07  -7.7153060e-03   6.5432000e-04  -1.0168525e-01  -1.5956060e-03  -1.9733430e-04  -3.3964989e-04   5.9525947e-05   4.2813466e-07   1.0339889e-02   2.5459585e-06   3.8940826e-08   1.1536205e-07
   1.0000000e+00  -5.0751455e-02  -4.5026380e-01   2.2147258e-01   4.6500960e-03  -3.4897034e-04  -3.2233777e-04   2.5757102e-03   2.0273749e-01   4.9050104e-02   2.1623393e-05   1.2178030e-07   1.0390164e-07  -1.5076581e-02  -2.2164668e-01   2.8613083e-01  -2.9492600e-05  -1.6613731e-03   4.6386254e-04   2.2730329e-04   4.9127251e-02   8.1870854e-02   8.6981345e-10   2.7601607e-06   2.1516846e-07
   1.0000000e+00   2.1227694e-02  -2.9087920e-01  -2.0264308e-01   4.2410716e-03  -1.1724935e-03   8.6367796e-04   4.5061499e-04   8.4610709e-02   4.1064218e-02   1.7986688e-05   1.3747410e-06   7.4593962e-07   7.1979149e-02   1.5938460e-01  -4.2411566e-01  -4.0902440e-04  -8.2352316e-04   1.1860157e-03   5.1809979e-03   2.5403451e-02   1.7987409e-01   1.6730096e-07   6.7819040e-07   1.4066333e-06
   1.0000000e+00  -4.9453853e-02  -2.2186030e-01  -1.3843240e-01   1.7642220e-04  -9.2792315e-04  -1.6657703e-03   2.4456836e-03   4.9221993e-02   1.9163529e-02   3.1124793e-08   8.6104137e-07   2.7747907e-06  -7.0681547e-02   6.9018900e-02   6.4210680e-02  -4.0646494e-03   2.4457035e-04  -2.5294483e-03   4.9958811e-03   4.7636086e-03   4.1230114e-03   1.6521375e-05   5.9814656e-08   6.3981085e-06
   1.0000000e+00  -5.6325160e-02  -2.3926062e-01  -1.7004320e-01   1.4810360e-03   1.3483253e-04  -1.5503024e-03   3.1725236e-03   5.7245644e-02   2.8914690e-02   2.1934676e-06   1.8179811e-08   2.4034375e-06  -6.8713070e-03  -1.7400320e-02  -3.1610800e-02   1.3046138e-03   1.0627557e-03   1.1546790e-04   4.7214860e-05   3.0277114e-04   9.9924268e-04   1.7020172e-06   1.1294496e-06   1.3332836e-08
   1.0000000e+00  -6.9703045e-02  -2.5334130e-01  -1.0844688e-01   1.6951699e-03   3.2539530e-04  -1.7575507e-03   4.8585145e-03   6.4181814e-02   1.1760726e-02   2.8736010e-06   1.0588210e-07   3.0889845e-06  -1.3377885e-02  -1.4080680e-02   6.1596320e-02   2.1413390e-04   1.9056277e-04  -2.0724830e-04   1.7896781e-04   1.9826555e-04   3.7941066e-03   4.5853327e-08   3.6314169e-08   4.2951858e-08
   1.0000000e+00  -7.0255616e-02  -2.3979323e-01  -1.0048577e-02   7.5551007e-04   5.2876186e-04  -1.6126282e-03   4.9358516e-03   5.7500793e-02   1.0097390e-04   5.7079547e-07   2.7958910e-07   2.6005697e-06  -5.5257100e-04   1.3548070e-02   9.8398303e-02  -9.3965983e-04   2.0336656e-04   1.4492250e-04   3.0533471e-07   1.8355020e-04   9.6822260e-03   8.8296060e-07   4.1357958e-08   2.1002531e-08
   1.0000000e+00  -7.1596572e-02  -2.5685314e-01   1.7946180e-02  -5.7943102e-05   2.3488228e-04  -1.6161094e-03   5.1260691e-03   6.5973536e-02   3.2206538e-04   3.3574031e-09   5.5169685e-08   2.6118096e-06  -1.3409560e-03  -1.7059910e-02   2.7994757e-02  -8.1345317e-04  -2.9387958e-04  -3.4812000e-06   1.7981630e-06   2.9104053e-04   7.8370642e-04   6.6170606e-07   8.6365208e-08   1.2118753e-11
   1.0000000e+00  -8.1308996e-02  -2.2890324e-01   1.1616465e-02   9.5448782e-04   6.7170393e-04  -1.7061165e-03   6.6111528e-03   5.2396693e-02   1.3494226e-04   9.1104700e-07   4.5118617e-07   2.9108335e-06  -9.7124240e-03   2.7949900e-02  -6.3297150e-03   1.0124309e-03   4.3682165e-04  -9.0007100e-05   9.4331180e-05   7.8119691e-04   4.0065292e-05   1.0250164e-06   1.9081315e-07   8.1012781e-09
   1.0000000e+00  -7.6624036e-02  -2.5672035e-01   2.4911834e-02   9.3536736e-04   6.7191803e-04  -1.7099998e-03   5.8712429e-03   6.5905338e-02   6.2059947e-04   8.7491210e-07   4.5147384e-07   2.9240993e-06   4.6849600e-03  -2.7817110e-02   1.3295369e-02  -1.9120460e-05   2.1410000e-07  -3.8833000e-06   2.1948850e-05   7.7379161e-04   1.7676684e-04   3.6559199e-10   4.5838810e-14   1.5080019e-11
   1.0000000e+00  -8.3172737e-02  -2.2941631e-01   6.3654671e-02  -2.7747574e-04   7.0468048e-04  -1.7062362e-03   6.9177042e-03   5.2631843e-02   4.0519171e-03   7.6992786e-08   4.9657458e-07   2.9112420e-06  -6.5487010e-03   2.7304040e-02   3.8742837e-02  -1.2128431e-03   3.2762450e-05   3.7636000e-06   4.2885485e-05   7.4551060e-04   1.5010074e-03   1.4709884e-06   1.0733781e-09   1.4164685e-11
   1.0000000e+00  -1.0014690e-01  -2.7811768e-01   9.2081803e-02   4.3788348e-05   8.8099179e-04  -2.0191993e-03   1.0029402e-02   7.7349444e-02   8.4790584e-03   1.9174194e-09   7.7614653e-07   4.0771658e-06  -1.6974163e-02  -4.8701370e-02   2.8427132e-02   3.2126409e-04   1.7631131e-04  -3.1296310e-04   2.8812221e-04   2.3718234e-03   8.0810183e-04   1.0321061e-07   3.1085678e-08   9.7945902e-08
   1.0000000e+00  -8.4653159e-02  -2.7939930e-01   7.3931429e-02  -3.1917836e-04   7.2766347e-04  -1.6703012e-03   7.1661573e-03   7.8063969e-02   5.4658562e-03   1.0187483e-07   5.2949413e-07   2.7899061e-06   1.5493741e-02  -1.2816200e-03  -1.8150374e-02  -3.6296671e-04  -1.5332832e-04   3.4889810e-04   2.4005601e-04   1.6425498e-06   3.2943608e-04   1.3174483e-07   2.3509574e-08   1.2172988e-07
   1.0000000e+00  -9.4224198e-02  -2.6137852e-01   1.0363930e-01  -8.4481789e-04   7.3288341e-04  -1.8788937e-03   8.8781995e-03   6.8318731e-02   1.0741105e-02   7.1371727e-07   5.3711809e-07   3.5302415e-06  -9.5710390e-03   1.8020780e-02   2.9707871e-02  -5.2563953e-04   5.2199400e-06  -2.0859250e-04   9.1604788e-05   3.2474851e-04   8.8255760e-04   2.7629692e-07   2.7247774e-11   4.3510831e-08
   1.0000000e+00  -9.3259363e-02  -2.5704359e-01   5.7089990e-02  -2.9618290e-05   7.4719523e-04  -1.7956304e-03   8.6973088e-03   6.6071407e-02   3.2592670e-03   8.7724310e-10   5.5830071e-07   3.2242885e-06   9.6483500e-04   4.3349300e-03  -4.6549310e-02   8.1519960e-04   1.4311820e-05   8.3263300e-05   9.3090658e-07   1.8791618e-05   2.1668383e-03   6.6455039e-07   2.0482819e-10   6.9327771e-09
   1.0000000e+00  -7.7454234e-02  -2.7606411e-01   6.9026557e-02  -2.9202912e-04   5.0166559e-04  -1.4375882e-03   5.9991584e-03   7.6211393e-02   4.7646656e-03   8.5281007e-08   2.5166836e-07   2.0666598e-06   1.5805129e-02  -1.9020520e-02   1.1936567e-02  -2.6241083e-04  -2.4552964e-04   3.5804220e-04   2.4980210e-04   3.6178018e-04   1.4248163e-04   6.8859444e-08   6.0284804e-08   1.2819422e-07
   1.0000000e+00  -1.0121603e-01  -2.2570017e-01   6.2491186e-02   5.7052777e-04   9.9103477e-04  -1.9162699e-03   1.0244685e-02   5.0940567e-02   3.9051483e-03   3.2550194e-07   9.8214992e-07   3.6720903e-06  -2.3761796e-02   5.0363940e-02  -6.5353710e-03   8.6255689e-04   4.8936918e-04  -4.7868170e-04   5.6462295e-04   2.5365265e-03   4.2711074e-05   7.4400439e-07   2.3948219e-07   2.2913617e-07
   1.0000000e+00  -6.3018714e-02  -2.5665520e-01   7.7751872e-02  -5.9940248e-06   4.0485173e-04  -1.2307257e-03   3.9713583e-03   6.5871892e-02   6.0453536e-03   3.5928333e-11   1.6390492e-07   1.5146857e-06   3.8197316e-02  -3.0955030e-02   1.5260686e-02  -5.7652179e-04  -5.8618304e-04   6.8554420e-04   1.4590349e-03   9.5821388e-04   2.3288854e-04   3.3237738e-07   3.4361056e-07   4.6997085e-07
   1.0000000e+00  -3.9928232e-02  -1.9051958e-01   5.9295782e-02   1.7104666e-04   6.3106714e-04  -7.1585685e-04   1.5942637e-03   3.6297710e-02   3.5159898e-03   2.9256960e-08   3.9824574e-07   5.1245103e-07   2.3090482e-02   6.6135620e-02  -1.8456090e-02   1.7704068e-04   2.2621541e-04   5.1486885e-04   5.3317036e-04   4.3739202e-03   3.4062726e-04   3.1343404e-08   5.1173412e-08   2.6508993e-07
   1.0000000e+00  -9.0266932e-03  -1.8584206e-01   3.5558150e-02   2.8143342e-04   4.4635975e-04  -1.4120697e-04   8.1481190e-05   3.4537271e-02   1.2643820e-03   7.9204770e-08   1.9923703e-07   1.9939408e-08   3.0901539e-02   4.6775200e-03  -2.3737632e-02   1.1038676e-04  -1.8470739e-04   5.7464988e-04   9.5490510e-04   2.1879193e-05   5.6347517e-04   1.2185237e-08   3.4116820e-08   3.3022248e-07
   1.0000000e+00   2.3964222e-03  -2.1155151e-01   7.5923892e-02  -6.9635914e-04   4.2727715e-04  -1.9731751e-04   5.7428394e-06   4.4754041e-02   5.7644374e-03   4.8491605e-07   1.8256576e-07   3.8934200e-08   1.1423115e-02  -2.5709450e-02   4.0365742e-02  -9.7779256e-04  -1.9082600e-05  -5.6110540e-05   1.3048757e-04   6.6097582e-04   1.6293931e-03   9.5607829e-07   3.6414562e-10   3.1483927e-09
   1.0000000e+00  -8.6136306e-02  -2.5511677e-01   9.7146705e-02  -1.6980353e-05   1.2362765e-03  -1.6745416e-03   7.4194632e-03   6.5084566e-02   9.4374823e-03   2.8833239e-10   1.5283796e-06   2.8040896e-06  -8.8532728e-02  -4.3565260e-02   2.1222813e-02   6.7937879e-04   8.0899935e-04  -1.4772241e-03   7.8380440e-03   1.8979319e-03   4.5040779e-04   4.6155554e-07   6.5447995e-07   2.1821910e-06
   1.0000000e+00  -7.3142942e-02  -2.6853659e-01   8.9110015e-02  -1.1153596e-03   4.0423706e-04  -1.7151536e-03   5.3498900e-03   7.2111900e-02   7.9405948e-03   1.2440270e-06   1.6340760e-07   2.9417519e-06   1.2993364e-02  -1.3419820e-02  -8.0366900e-03  -1.0983792e-03  -8.3203944e-04  -4.0612000e-05   1.6882751e-04   1.8009157e-04   6.4588386e-05   1.2064370e-06   6.9228963e-07   1.6493345e-09
   1.0000000e+00  -9.9817632e-02  -2.6378928e-01   1.0345011e-01  -9.9097021e-05   1.1481563e-03  -2.0969214e-03   9.9635597e-03   6.9584784e-02   1.0701925e-02   9.8202196e-09   1.3182629e-06   4.3970794e-06  -2.6674690e-02   4.7473100e-03   1.4340095e-02   1.0162626e-03   7.4391924e-04  -3.8176780e-04   7.1153909e-04   2.2536952e-05   2.0563832e-04   1.0327896e-06   5.5341584e-07   1.4574665e-07
   1.0000000e+00  -8.8836128e-02  -2.8674380e-01  -3.4854792e-03   6.7356354e-05   7.4610480e-04  -2.0605761e-03   7.8918576e-03   8.2222007e-02   1.2148565e-05   4.5368784e-09   5.5667237e-07   4.2459739e-06   1.0981504e-02  -2.2954520e-02  -1.0693559e-01   1.6645338e-04  -4.0205150e-04   3.6345300e-05   1.2059343e-04   5.2690999e-04   1.1435220e-02   2.7706726e-08   1.6164541e-07   1.3209808e-09
   1.0000000e+00  -9.1887502e-02  -2.5556805e-01  -1.8604059e-02   1.9382530e-03   1.2006503e-03  -2.0279490e-03   8.4433130e-03   6.5315028e-02   3.4611101e-04   3.7568247e-06   1.4415611e-06   4.1125771e-06  -3.0513740e-03   3.1175750e-02  -1.5118580e-02   1.8708966e-03   4.5454550e-04   3.2627100e-05   9.3108833e-06   9.7192739e-04   2.2857146e-04   3.5002543e-06   2.0661161e-07   1.0645277e-09
   1.0000000e+00  -3.3443060e-02  -2.7737920e-01  -1.5870015e-02   2.8688300e-03   5.0681614e-04  -5.9346586e-04   1.1184383e-03   7.6939221e-02   2.5185738e-04   8.2301856e-06   2.5686260e-07   3.5220173e-07   5.8444442e-02  -2.1811150e-02   2.7340440e-03   9.3057700e-04  -6.9383416e-04   1.4344831e-03   3.4157528e-03   4.7572626e-04   7.4749966e-06   8.6597355e-07   4.8140584e-07   2.0577419e-06
   1.0000000e+00  -4.0396056e-02  -2.4554161e-01  -2.9333480e-02   2.7309506e-03   8.0860938e-04  -8.5781056e-04   1.6318413e-03   6.0290682e-02   8.6045305e-04   7.4580912e-06   6.5384913e-07   7.3583896e-07  -6.9529960e-03   3.1837590e-02  -1.3463465e-02  -1.3787940e-04   3.0179324e-04  -2.6434470e-04   4.8344153e-05   1.0136321e-03   1.8126489e-04   1.9010729e-08   9.1079160e-08   6.9878120e-08
   1.0000000e+00  -6.3097778e-02  -2.7959048e-01   3.6406320e-02   2.5259967e-03   7.6603330e-04  -1.1781485e-03   3.9813296e-03   7.8170837e-02   1.3254201e-03   6.3806593e-06   5.8680702e-07   1.3880339e-06  -2.2701722e-02  -3.4048870e-02   6.5739800e-02  -2.0495390e-04  -4.2576080e-05  -3.2033794e-04   5.1536818e-04   1.1593255e-03   4.3217213e-03   4.2006101e-08   1.8127226e-09   1.0261640e-07
   1.0000000e+00  -6.5904980e-02  -2.8449569e-01   1.0164186e-01   9.1768700e-04   8.5167736e-04  -5.8581407e-04   4.3434664e-03   8.0937798e-02   1.0331068e-02   8.4214943e-07   7.2535433e-07   3.4317812e-07  -2.8072020e-03  -4.9052100e-03   6.5235540e-02  -1.6083097e-03   8.5644060e-05   5.9233443e-04   7.8803831e-06   2.4061085e-05   4.2556757e-03   2.5866601e-06   7.3349050e-09   3.5086008e-07
   1.0000000e+00  -7.6283509e-02  -2.7948529e-01   1.1207287e-01   2.5724471e-03   1.3484356e-03  -6.1470525e-04   5.8191737e-03   7.8112027e-02   1.2560328e-02   6.6174841e-06   1.8182786e-06   3.7786254e-07  -1.0378529e-02   5.0104000e-03   1.0431010e-02   1.6547601e-03   4.9675824e-04  -2.8891180e-05   1.0771386e-04   2.5104108e-05   1.0880597e-04   2.7382310e-06   2.4676875e-07   8.3470028e-10
   1.0000000e+00  -1.0029920e-02  -2.8302880e-01   7.9531134e-02   1.8804631e-03   3.7802803e-04   1.9795469e-04   1.0059930e-04   8.0105302e-02   6.3252013e-03   3.5361415e-06   1.4290519e-07   3.9186059e-08   6.6253589e-02  -3.5435100e-03  -3.2541736e-02  -6.9198400e-04  -9.7040757e-04   8.1265994e-04   4.3895381e-03   1.2556463e-05   1.0589646e-03   4.7884186e-07   9.4169085e-07   6.6041618e-07
   1.0000000e+00  -1.6398500e-02  -2.9420138e-01   5.6523331e-02   3.2362459e-03   6.3411321e-04   9.8039754e-07   2.6891080e-04   8.6554452e-02   3.1948869e-03   1.0473288e-05   4.0209956e-07   9.6117934e-13  -6.3685800e-03  -1.1172580e-02  -2.3007803e-02   1.3557828e-03   2.5608518e-04  -1.9697429e-04   4.0558811e-05   1.2482654e-04   5.2935900e-04   1.8381470e-06   6.5579619e-08   3.8798872e-08
   1.0000000e+00  -8.8730465e-02  -3.4764217e-01   1.2435612e-01   2.7348556e-03   1.0734076e-03  -1.1899504e-03   7.8730954e-03   1.2085508e-01   1.5464445e-02   7.4794352e-06   1.1522039e-06   1.4159820e-06  -7.2331965e-02  -5.3440790e-02   6.7832789e-02  -5.0139030e-04   4.3929439e-04  -1.1909308e-03   5.2319132e-03   2.8559180e-03   4.6012873e-03   2.5139223e-07   1.9297956e-07   1.4183162e-06
   1.0000000e+00  -5.4703311e-02  -3.0505962e-01   1.2469693e-01   1.9984733e-03   1.0567941e-03  -3.8812065e-04   2.9924522e-03   9.3061372e-02   1.5549324e-02   3.9938955e-06   1.1168138e-06   1.5063764e-07   3.4027154e-02   4.2582550e-02   3.4081000e-04  -7.3638230e-04  -1.6613500e-05   8.0182975e-04   1.1578472e-03   1.8132736e-03   1.1615146e-07   5.4225889e-07   2.7600838e-10   6.4293095e-07
   1.0000000e+00  -3.6582225e-03  -3.3176421e-01  -1.5410581e-02   4.8724054e-03   1.3160994e-03   1.9230143e-04   1.3382592e-05   1.1006749e-01   2.3748601e-04   2.3740334e-05   1.7321176e-06   3.6979840e-08   5.1045088e-02  -2.6704590e-02  -1.4010751e-01   2.8739321e-03   2.5930530e-04   5.8042208e-04   2.6056011e-03   7.1313513e-04   1.9630115e-02   8.2594857e-06   6.7239239e-08   3.3688979e-07
   1.0000000e+00  -5.2951140e-02  -3.1604870e-01   6.2103813e-02   2.5528590e-03   1.2880733e-03  -7.0423896e-04   2.8038232e-03   9.9886781e-02   3.8568836e-03   6.5170891e-06   1.6591328e-06   4.9595251e-07  -4.9292917e-02   1.5715510e-02   7.7514394e-02  -2.3195464e-03  -2.8026100e-05  -8.9654039e-04   2.4297917e-03   2.4697725e-04   6.0084813e-03   5.3802955e-06   7.8546228e-10   8.0378467e-07
   1.0000000e+00  -7.2804832e-02  -4.4194427e-01   5.1342147e-02   2.2424002e-03   3.5283474e-04  -7.3754442e-04   5.3005436e-03   1.9531474e-01   2.6360161e-03   5.0283587e-06   1.2449235e-07   5.4397177e-07  -1.9853692e-02  -1.2589557e-01  -1.0761666e-02  -3.1045880e-04  -9.3523856e-04  -3.3305460e-05   3.9416909e-04   1.5849695e-02   1.1581346e-04   9.6384666e-08   8.7467116e-07   1.1092537e-09
   1.0000000e+00  -8.7923934e-02  -3.5785501e-01  -2.1566554e-01   1.5949309e-03   3.0740830e-04  -1.6174743e-03   7.7306182e-03   1.2806021e-01   4.6511625e-02   2.5438046e-06   9.4499863e-08   2.6162231e-06  -1.5119102e-02   8.4089260e-02  -2.6700769e-01  -6.4746930e-04  -4.5426440e-05  -8.7992988e-04   2.2858725e-04   7.0710036e-03   7.1293105e-02   4.1921649e-07   2.0635615e-09   7.7427659e-07
   1.0000000e+00  -8.6240012e-02  -3.4800811e-01  -1.4136841e-02   6.0261037e-04  -2.0754681e-05  -1.4501788e-03   7.4373397e-03   1.2110964e-01   1.9985027e-04   3.6313926e-07   4.3075678e-10   2.1030186e-06   1.6839220e-03   9.8469000e-03   2.0152870e-01  -9.9232053e-04  -3.2816298e-04   1.6729550e-04   2.8355933e-06   9.6961440e-05   4.0613817e-02   9.8470003e-07   1.0769094e-07   2.7987784e-08
   1.0000000e+00  -9.2074977e-02  -3.9238011e-01  -2.8842707e-02   1.4625200e-03   4.6276972e-05  -1.5373115e-03   8.4778014e-03   1.5396215e-01   8.3190175e-04   2.1389648e-06   2.1415581e-09   2.3633266e-06  -5.8349650e-03  -4.4372000e-02  -1.4705866e-02   8.5990963e-04   6.7031653e-05  -8.7132700e-05   3.4046817e-05   1.9688744e-03   2.1626249e-04   7.3944457e-07   4.4932425e-09   7.5921074e-09
   1.0000000e+00  -1.0909916e-01  -3.5079154e-01   3.1508659e-02  -2.8711259e-05   2.0153577e-04  -1.6900001e-03   1.1902627e-02   1.2305470e-01   9.9279559e-04   8.2433639e-10   4.0616667e-08   2.8561003e-06  -1.7024183e-02   4.1588570e-02   6.0351366e-02  -1.4912313e-03   1.5525880e-04  -1.5268860e-04   2.8982281e-04   1.7296092e-03   3.6422874e-03   2.2237707e-06   2.4105294e-08   2.3313809e-08
   1.0000000e+00  -1.2953909e-01  -3.4881770e-01   1.8738696e-02   1.5818052e-03   3.4648271e-04  -1.8950363e-03   1.6780376e-02   1.2167379e-01   3.5113873e-04   2.5021077e-06   1.2005027e-07   3.5911626e-06  -2.0439930e-02   1.9738400e-03  -1.2769963e-02   1.6105165e-03   1.4494694e-04  -2.0503620e-04   4.1779074e-04   3.8960443e-06   1.6307196e-04   2.5937633e-06   2.1009615e-08   4.2039843e-08
   1.0000000e+00  -1.2250205e-01  -3.4971742e-01   7.1474626e-02   1.6021647e-04   3.7294143e-04  -1.7060107e-03   1.5006752e-02   1.2230227e-01   5.1086222e-03   2.5669317e-08   1.3908531e-07   2.9104725e-06   7.0370400e-03  -8.9972000e-04   5.2735930e-02  -1.4215887e-03   2.6458720e-05   1.8902560e-04   4.9519932e-05   8.0949608e-07   2.7810783e-03   2.0209145e-06   7.0006386e-10   3.5730677e-08
   1.0000000e+00  -1.5678391e-01  -3.4477418e-01   5.7581794e-02   5.7106796e-04   8.2027413e-04  -2.1834651e-03   2.4581194e-02   1.1886924e-01   3.3156630e-03   3.2611861e-07   6.7284965e-07   4.7675198e-06  -3.4281860e-02   4.9432400e-03  -1.3892832e-02   4.1085149e-04   4.4733270e-04  -4.7745440e-04   1.1752459e-03   2.4435622e-05   1.9301078e-04   1.6879895e-07   2.0010654e-07   2.2796270e-07
   1.0000000e+00  -1.4479344e-01  -3.5212092e-01   6.2129680e-02   1.0548731e-03   8.6809477e-04  -1.8182019e-03   2.0965140e-02   1.2398914e-01   3.8600971e-03   1.1127573e-06   7.5358853e-07   3.3058581e-06   1.1990470e-02  -7.3467400e-03   4.5478860e-03   4.8380514e-04   4.7820640e-05   3.6526320e-04   1.4377137e-04   5.3974589e-05   2.0683267e-05   2.3406741e-07   2.2868136e-09   1.3341721e-07
   1.0000000e+00  -9.3165989e-02  -3.0883404e-01   1.2302731e-01  -3.3742590e-04   3.0883041e-04  -8.2861550e-04   8.6799015e-03   9.5378464e-02   1.5135719e-02   1.1385624e-07   9.5376222e-08   6.8660365e-07   5.1627451e-02   4.3286880e-02   6.0897630e-02  -1.3922990e-03  -5.5926436e-04   9.8958640e-04   2.6653937e-03   1.8737540e-03   3.7085213e-03   1.9384965e-06   3.1277662e-07   9.7928124e-07
   1.0000000e+00  -1.2392530e-01  -2.8185987e-01   1.2675706e-01   5.8420841e-04   9.6308890e-04  -1.2533069e-03   1.5357480e-02   7.9444986e-02   1.6067352e-02   3.4129947e-07   9.2754023e-07   1.5707782e-06  -3.0759311e-02   2.6974170e-02   3.7297500e-03   9.2163431e-04   6.5425849e-04  -4.2469140e-04   9.4613521e-04   7.2760585e-04   1.3911035e-05   8.4940980e-07   4.2805417e-07   1.8036279e-07
   1.0000000e+00  -1.3718404e-01  -3.6345656e-01   1.9912403e-01  -5.9235282e-04   9.2745895e-04  -1.6161911e-03   1.8819461e-02   1.3210067e-01   3.9650379e-02   3.5088186e-07   8.6018010e-07   2.6120737e-06  -1.3258740e-02  -8.1596690e-02   7.2366970e-02  -1.1765612e-03  -3.5629950e-05  -3.6288420e-04   1.7579419e-04   6.6580198e-03   5.2369783e-03   1.3842963e-06   1.2694933e-09   1.3168494e-07
   1.0000000e+00  -1.0520290e-01  -3.1001926e-01   1.7053916e-01  -5.5900469e-04   1.1320620e-03  -1.2044399e-03   1.1067650e-02   9.6111942e-02   2.9083605e-02   3.1248624e-07   1.2815644e-06   1.4506755e-06   3.1981140e-02   5.3437300e-02  -2.8584870e-02   3.3348130e-05   2.0460305e-04   4.1175120e-04   1.0227933e-03   2.8555450e-03   8.1709479e-04   1.1120978e-09   4.1862408e-08   1.6953905e-07
   1.0000000e+00  -2.3192044e-02  -3.0604103e-01   1.1527688e-01   8.5323445e-04   8.9619070e-04   2.6591801e-05   5.3787090e-04   9.3661112e-02   1.3288759e-02   7.2800903e-07   8.0315777e-07   7.0712388e-10   8.2010856e-02   3.9782300e-03  -5.5262280e-02   1.4122391e-03  -2.3587130e-04   1.2310317e-03   6.7257805e-03   1.5826314e-05   3.0539196e-03   1.9944194e-06   5.5635270e-08   1.5154390e-06
   1.0000000e+00  -4.0002115e-02  -3.0027052e-01   1.6363140e-01  -5.2741608e-04   1.3754217e-03  -9.6085617e-05   1.6001692e-03   9.0162385e-02   2.6775235e-02   2.7816772e-07   1.8917849e-06   9.2324458e-09  -1.6810071e-02   5.7705100e-03   4.8354520e-02  -1.3806505e-03   4.7923100e-04  -1.2267742e-04   2.8257849e-04   3.3298786e-05   2.3381596e-03   1.9061959e-06   2.2966235e-07   1.5049749e-08
   1.0000000e+00  -5.5058645e-02  -3.1959077e-01   1.1346245e-01   1.0506384e-03   1.5898105e-03  -1.1641302e-05   3.0314544e-03   1.0213826e-01   1.2873728e-02   1.1038410e-06   2.5274974e-06   1.3551991e-10  -1.5056530e-02  -1.9320250e-02  -5.0168950e-02   1.5780545e-03   2.1438880e-04   8.4444315e-05   2.2669910e-04   3.7327206e-04   2.5169235e-03   2.4902559e-06   4.5962558e-08   7.1308423e-09
   1.0000000e+00  -6.7449250e-02  -3.6163865e-01   2.0864907e-01  -2.6780639e-04   2.2333945e-03   9.9949792e-05   4.5494013e-03   1.3078251e-01   4.3534434e-02   7.1720263e-08   4.9880510e-06   9.9899609e-09  -1.2390605e-02  -4.2047880e-02   9.5186620e-02  -1.3184448e-03   6.4358400e-04   1.1159109e-04   1.5352709e-04   1.7680242e-03   9.0604926e-03   1.7382967e-06   4.1420037e-07   1.2452572e-08
   1.0000000e+00  -1.3408063e-01  -3.4767779e-01   1.9700867e-01   8.1411394e-04   2.8095959e-03  -9.6421233e-04   1.7977615e-02   1.2087985e-01   3.8812416e-02   6.6278151e-07   7.8938291e-06   9.2970542e-07  -6.6631380e-02   1.3960860e-02  -1.1640400e-02   1.0819203e-03   5.7620140e-04  -1.0641621e-03   4.4397408e-03   1.9490561e-04   1.3549891e-04   1.1705516e-06   3.3200805e-07   1.1324410e-06
   1.0000000e+00  -3.5378614e-02  -3.4711287e-01   1.4226460e-01   1.5132185e-03   1.2745408e-03   6.2732548e-04   1.2516463e-03   1.2048734e-01   2.0239216e-02   2.2898302e-06   1.6244543e-06   3.9353726e-07   9.8702016e-02   5.6492000e-04  -5.4744070e-02   6.9910456e-04  -1.5350551e-03   1.5915378e-03   9.7420880e-03   3.1913461e-07   2.9969132e-03   4.8874719e-07   2.3563942e-06   2.5329926e-06
   1.0000000e+00  -4.8050650e-02  -3.6482149e-01   1.0952689e-01   2.8774341e-03   1.8041399e-03   2.7495231e-04   2.3088650e-03   1.3309472e-01   1.1996140e-02   8.2796270e-06   3.2549208e-06   7.5598773e-08  -1.2672036e-02  -1.7708620e-02  -3.2737710e-02   1.3642156e-03   5.2959910e-04  -3.5237317e-04   1.6058050e-04   3.1359522e-04   1.0717577e-03   1.8610842e-06   2.8047521e-07   1.2416685e-07
   1.0000000e+00  -1.0725713e-01  -4.7499436e-01   1.0471360e-01   2.9630288e-03   2.0276587e-03  -4.7481364e-04   1.1504092e-02   2.2561964e-01   1.0964938e-02   8.7795397e-06   4.1113998e-06   2.2544799e-07  -5.9206480e-02  -1.1017287e-01  -4.8132900e-03   8.5594700e-05   2.2351880e-04  -7.4976595e-04   3.5054073e-03   1.2138061e-02   2.3167761e-05   7.3264527e-09   4.9960654e-08   5.6214898e-07
   1.0000000e+00  -8.7087542e-02  -3.6373953e-01   4.7853533e-02   3.5116518e-03   2.1418733e-03  -1.7094323e-04   7.5842400e-03   1.3230645e-01   2.2899606e-03   1.2331698e-05   4.5876212e-06   2.9221588e-08   2.0169588e-02   1.1125483e-01  -5.6860067e-02   5.4862300e-04   1.1421460e-04   3.0387041e-04   4.0681228e-04   1.2377637e-02   3.2330672e-03   3.0098720e-07   1.3044975e-08   9.2337226e-08
   1.0000000e+00  -9.8238657e-02  -4.3028322e-01   6.2015104e-02   4.3938419e-03   1.8994896e-03  -4.1067432e-04   9.6508337e-03   1.8514365e-01   3.8458731e-03   1.9305847e-05   3.6080607e-06   1.6865340e-07  -1.1151115e-02  -6.6543690e-02   1.4161571e-02   8.8219010e-04  -2.4238370e-04  -2.3973109e-04   1.2434737e-04   4.4280627e-03   2.0055009e-04   7.7825937e-07   5.8749858e-08   5.7470996e-08
   1.0000000e+00  -4.9056455e-02  -3.2023789e-01   1.0294428e-01   2.3642756e-03   1.8006254e-03  -3.2760034e-05   2.4065358e-03   1.0255231e-01   1.0597525e-02   5.5897991e-06   3.2422518e-06   1.0732198e-09   4.9182202e-02   1.1004533e-01   4.0929176e-02  -2.0295663e-03  -9.8864200e-05   3.7791429e-04   2.4188890e-03   1.2109975e-02   1.6751974e-03   4.1191394e-06   9.7741300e-09   1.4281921e-07
   1.0000000e+00  -2.2644887e-02  -4.2879114e-01   1.8429223e-01   2.0000481e-03   1.4046365e-03   1.5441083e-04   5.1279091e-04   1.8386184e-01   3.3963626e-02   4.0001924e-06   1.9730037e-06   2.3842704e-08   2.6411568e-02  -1.0855325e-01   8.1347950e-02  -3.6422750e-04  -3.9598890e-04   1.8717086e-04   6.9757092e-04   1.1783808e-02   6.6174890e-03   1.3266167e-07   1.5680721e-07   3.5032932e-08
   1.0000000e+00  -2.7962292e-02  -3.6641342e-01   1.0055797e-01   2.6926976e-03   1.4313056e-03  -3.7087972e-05   7.8188977e-04   1.3425879e-01   1.0111905e-02   7.2506204e-06   2.0486357e-06   1.3755177e-09  -5.3174050e-03   6.2377720e-02  -8.3734260e-02   6.9264950e-04   2.6669100e-05  -1.9149880e-04   2.8274796e-05   3.8909800e-03   7.0114263e-03   4.7976333e-07   7.1124089e-10   3.6671791e-08
   1.0000000e+00  -6.1728404e-03  -4.5969159e-01   1.0811229e-01   3.8948817e-03   1.2199757e-03   6.8462114e-04   3.8103959e-05   2.1131636e-01   1.1688267e-02   1.5170103e-05   1.4883407e-06   4.6870611e-07   2.1789452e-02  -9.3278170e-02   7.5543200e-03   1.2021841e-03  -2.1132990e-04   7.2170911e-04   4.7478020e-04   8.7008170e-03   5.7067751e-05   1.4452466e-06   4.4660327e-08   5.2086404e-07
   1.0000000e+00  -3.0158798e-02  -3.5825122e-01   3.7917647e-02   3.1155187e-03   1.9773556e-03  -2.4425103e-04   9.0955310e-04   1.2834394e-01   1.4377480e-03   9.7064568e-06   3.9099352e-06   5.9658566e-08  -2.3985958e-02   1.0144037e-01  -7.0194643e-02  -7.7936300e-04   7.5737990e-04  -9.2887217e-04   5.7532616e-04   1.0290149e-02   4.9272879e-03   6.0740669e-07   5.7362431e-07   8.6280351e-07
   1.0000000e+00  -1.2215527e-02  -4.2607032e-01   2.4704888e-01   1.5994138e-03   1.7989838e-03   6.6081925e-04   1.4921910e-04   1.8153592e-01   6.1033149e-02   2.5581245e-06   3.2363427e-06   4.3668208e-07   1.7943271e-02  -6.7819100e-02   2.0913123e-01  -1.5161049e-03  -1.7837180e-04   9.0507028e-04   3.2196097e-04   4.5994303e-03   4.3735873e-02   2.2985741e-06   3.1816499e-08   8.1915221e-07
   1.0000000e+00  -2.5709575e-02  -3.7806142e-01   4.9021179e-02   2.6408793e-03   2.5376136e-03   5.0085706e-04   6.6098225e-04   1.4293044e-01   2.4030760e-03   6.9742435e-06   6.4394828e-06   2.5085779e-07  -1.3494048e-02   4.8008900e-02  -1.9802770e-01   1.0414655e-03   7.3862980e-04  -1.5996219e-04   1.8208933e-04   2.3048545e-03   3.9214970e-02   1.0846504e-06   5.4557398e-07   2.5587902e-08
   1.0000000e+00  -4.7551644e-02  -4.6987988e-01   1.5080071e-01   3.2257442e-03   1.7476253e-03   1.9798123e-04   2.2611588e-03   2.2078710e-01   2.2740854e-02   1.0405426e-05   3.0541942e-06   3.9196567e-08  -2.1842069e-02  -9.1818460e-02   1.0177953e-01   5.8486490e-04  -7.8998830e-04  -3.0287583e-04   4.7707598e-04   8.4306296e-03   1.0359073e-02   3.4206695e-07   6.2408151e-07   9.1733768e-08
   1.0000000e+00  -4.2826619e-02  -3.9902528e-01   2.5382129e-02   2.9919862e-03   2.1241785e-03  -2.6275434e-04   1.8341193e-03   1.5922117e-01   6.4425247e-04   8.9519814e-06   4.5121343e-06   6.9039843e-08   4.7250250e-03   7.0854600e-02  -1.2541858e-01  -2.3375800e-04   3.7655320e-04  -4.6073557e-04   2.2325861e-05   5.0203743e-03   1.5729820e-02   5.4642803e-08   1.4179231e-07   2.1227727e-07
   1.0000000e+00  -5.7021109e-02  -4.1147685e-01   2.3123261e-01   2.1576326e-03   2.1227406e-03   3.9840351e-04   3.2514069e-03   1.6931320e-01   5.3468520e-02   4.6553784e-06   4.5060277e-06   1.5872536e-07  -1.4194490e-02  -1.2451570e-02   2.0585048e-01  -8.3435360e-04  -1.4379000e-06   6.6115785e-04   2.0148355e-04   1.5504160e-04   4.2374421e-02   6.9614593e-07   2.0675564e-12   4.3712970e-07
   1.0000000e+00  -1.3531689e-01  -3.8243642e-01  -2.0303049e-02   4.8210537e-03   3.5445962e-03   3.7478933e-04   1.8310661e-02   1.4625762e-01   4.1221380e-04   2.3242559e-05   1.2564162e-05   1.4046704e-07  -7.8295781e-02   2.9040430e-02  -2.5153566e-01   2.6634211e-03   1.4218556e-03  -2.3614180e-05   6.1302293e-03   8.4334657e-04   6.3270188e-02   7.0938120e-06   2.0216733e-06   5.5762950e-10
   1.0000000e+00  -1.4067358e-01  -4.0068289e-01   2.2232258e-01   3.2769831e-03   4.0324367e-03   1.2720550e-04   1.9789056e-02   1.6054678e-01   4.9427330e-02   1.0738618e-05   1.6260546e-05   1.6181239e-08  -5.3566900e-03  -1.8246470e-02   2.4262563e-01  -1.5440706e-03   4.8784050e-04  -2.4758383e-04   2.8694128e-05   3.3293367e-04   5.8867196e-02   2.3841540e-06   2.3798835e-07   6.1297753e-08
   1.0000000e+00  -1.1418145e-01  -4.1349836e-01   5.7622626e-02   3.7339787e-03   3.5683226e-03   6.5987125e-04   1.3037404e-02   1.7098089e-01   3.3203670e-03   1.3942597e-05   1.2732926e-05   4.3543007e-07   2.6492130e-02  -1.2815470e-02  -1.6469995e-01   4.5699560e-04  -4.6411410e-04   5.3266575e-04   7.0183295e-04   1.6423627e-04   2.7126075e-02   2.0884498e-07   2.1540190e-07   2.8373280e-07
   1.0000000e+00  -1.4211664e-01  -4.3079197e-01   1.7970815e-01   2.5314270e-03   3.4807890e-03  -3.0785425e-04   2.0197139e-02   1.8558172e-01   3.2295019e-02   6.4081227e-06   1.2115892e-05   9.4774239e-08  -2.7935190e-02  -1.7293610e-02   1.2208552e-01  -1.2025517e-03  -8.7533600e-05  -9.6772550e-04   7.8037484e-04   2.9906895e-04   1.4904875e-02   1.4461306e-06   7.6621311e-09   9.3649264e-07
   1.0000000e+00  -1.4533985e-01  -4.2411608e-01   1.1182465e-01   3.3165743e-03   2.5525924e-03  -4.4322678e-04   2.1123672e-02   1.7987445e-01   1.2504752e-02   1.0999665e-05   6.5157280e-06   1.9644998e-07  -3.2232100e-03   6.6758900e-03  -6.7883500e-02   7.8514730e-04  -9.2819660e-04  -1.3537253e-04   1.0389083e-05   4.4567507e-05   4.6081696e-03   6.1645628e-07   8.6154893e-07   1.8325722e-08
   1.0000000e+00  -1.2908463e-01  -4.5328616e-01   1.3020017e-01   3.6364527e-03   2.3417380e-03  -1.3142178e-04   1.6662842e-02   2.0546834e-01   1.6952084e-02   1.3223788e-05   5.4837369e-06   1.7271684e-08   1.6255220e-02  -2.9170080e-02   1.8375520e-02   3.1987840e-04  -2.1085440e-04   3.1180500e-04   2.6423218e-04   8.5089357e-04   3.3765974e-04   1.0232219e-07   4.4459578e-08   9.7222358e-08
   1.0000000e+00  -1.2749433e-01  -4.4513629e-01   1.3270853e-01   4.3749864e-03   2.6426222e-03   7.4048966e-05   1.6254804e-02   1.9814632e-01   1.7611554e-02   1.9140506e-05   6.9834521e-06   5.4832494e-09   1.5903000e-03   8.1498700e-03   2.5083600e-03   7.3853370e-04   3.0088420e-04   2.0547075e-04   2.5290541e-06   6.6420381e-05   6.2918699e-06   5.4543203e-07   9.0531302e-08   4.2218227e-08
   1.0000000e+00  -1.3988355e-01  -4.4251608e-01   2.0190740e-01   3.4280854e-03   2.7026189e-03   9.9685203e-05   1.9567408e-02   1.9582048e-01   4.0766598e-02   1.1751770e-05   7.3041489e-06   9.9371397e-09  -1.2389220e-02   2.6202100e-03   6.9198870e-02  -9.4690100e-04   5.9996700e-05   2.5636237e-05   1.5349277e-04   6.8655004e-06   4.7884836e-03   8.9662150e-07   3.5996040e-09   6.5721665e-10
   1.0000000e+00  -1.3919383e-01  -4.3657311e-01   1.4319088e-01   5.1121065e-03   2.6895698e-03   2.1328383e-04   1.9374922e-02   1.9059608e-01   2.0503628e-02   2.6133633e-05   7.2337857e-06   4.5489992e-08   6.8972000e-04   5.9429700e-03  -5.8716520e-02   1.6840211e-03  -1.3049100e-05   1.1359863e-04   4.7571368e-07   3.5318892e-05   3.4476297e-03   2.8359271e-06   1.7027901e-10   1.2904648e-08
   1.0000000e+00  -1.7422171e-01  -4.7119991e-01   1.6453976e-01   4.1792660e-03   2.3141789e-03  -3.9189340e-04   3.0353204e-02   2.2202936e-01   2.7073333e-02   1.7466264e-05   5.3554240e-06   1.5358044e-07  -3.5027880e-02  -3.4626800e-02   2.1348880e-02  -9.3284050e-04  -3.7539090e-04  -6.0517723e-04   1.2269524e-03   1.1990153e-03   4.5577468e-04   8.7019140e-07   1.4091833e-07   3.6623948e-07
   1.0000000e+00  -1.7219263e-01  -4.6506215e-01   1.0119264e-01   5.9309549e-03   1.5762093e-03  -3.7512802e-04   2.9650302e-02   2.1628280e-01   1.0239950e-02   3.5176226e-05   2.4844358e-06   1.4072103e-07   2.0290800e-03   6.1377600e-03  -6.3347120e-02   1.7516889e-03  -7.3796960e-04   1.6765380e-05   4.1171656e-06   3.7672098e-05   4.0128576e-03   3.0684140e-06   5.4459913e-07   2.8107797e-10
   1.0000000e+00  -1.6472503e-01  -4.0685758e-01   1.3479724e-01   5.3083508e-03   1.2500119e-03   4.0030328e-04   2.7134336e-02   1.6553309e-01   1.8170296e-02   2.8178588e-05   1.5625298e-06   1.6024272e-07   7.4676000e-03   5.8204570e-02   3.3604600e-02  -6.2260410e-04  -3.2619740e-04   7.7543130e-04   5.5765050e-05   3.3877720e-03   1.1292691e-03   3.8763587e-07   1.0640474e-07   6.0129370e-07
   1.0000000e+00  -1.1590926e-01  -4.7056136e-01   3.3233429e-02   7.4457065e-03   8.7491118e-05   1.1807818e-03   1.3434957e-02   2.2142799e-01   1.1044608e-03   5.5438545e-05   7.6546957e-09   1.3942457e-06   4.8815770e-02  -6.3703780e-02  -1.0156381e-01   2.1373557e-03  -1.1625208e-03   7.8047852e-04   2.3829794e-03   4.0581716e-03   1.0315208e-02   4.5682894e-06   1.3514546e-06   6.0914672e-07
   1.0000000e+00  -1.4911425e-01  -4.6122074e-01   9.6341257e-02   5.6777417e-03  -1.6570392e-04   7.1693804e-04   2.2235060e-02   2.1272457e-01   9.2816378e-03   3.2236751e-05   2.7457789e-08   5.1400015e-07  -3.3204990e-02   9.3406200e-03   6.3107828e-02  -1.7679648e-03  -2.5319504e-04  -4.6384376e-04   1.1025714e-03   8.7247182e-05   3.9825980e-03   3.1256995e-06   6.4107727e-08   2.1515103e-07
   1.0000000e+00  -1.4536384e-01  -4.4555854e-01   1.0533279e-01   7.3288732e-03   1.4865859e-03   7.5141419e-04   2.1130646e-02   1.9852241e-01   1.1094997e-02   5.3712382e-05   2.2099376e-06   5.6462328e-07   3.7504100e-03   1.5662200e-02   8.9915330e-03   1.6511315e-03   1.6522898e-03   3.4476150e-05   1.4065575e-05   2.4530451e-04   8.0847666e-05   2.7262352e-06   2.7300616e-06   1.1886049e-09
   1.0000000e+00  -1.5157096e-01  -4.6180474e-01   3.0242062e-01   2.5700410e-03   1.2258138e-03   4.5844485e-04   2.2973756e-02   2.1326362e-01   9.1458231e-02   6.6051107e-06   1.5026195e-06   2.1017168e-07  -6.2071200e-03  -1.6246200e-02   1.9708783e-01  -4.7588322e-03  -2.6077210e-04  -2.9296934e-04   3.8528339e-05   2.6393901e-04   3.8843613e-02   2.2646484e-05   6.8002088e-08   8.5831034e-08
   1.0000000e+00  -1.8293834e-01  -4.2614395e-01   2.5922172e-01   5.6344819e-03   1.4781896e-03  -2.7992647e-04   3.3466436e-02   1.8159867e-01   6.7195900e-02   3.1747386e-05   2.1850445e-06   7.8358829e-08  -3.1367380e-02   3.5660790e-02  -4.3198900e-02   3.0644409e-03   2.5237580e-04  -7.3837132e-04   9.8391253e-04   1.2716919e-03   1.8661450e-03   9.3907980e-06   6.3693544e-08   5.4519221e-07
   1.0000000e+00  -1.9567810e-01  -4.6953714e-01   2.4150364e-01   4.0348980e-03   2.0453140e-03  -7.9685469e-04   3.8289919e-02   2.2046513e-01   5.8324008e-02   1.6280402e-05   4.1833094e-06   6.3497740e-07  -1.2739760e-02  -4.3393190e-02  -1.7718080e-02  -1.5995839e-03   5.6712440e-04  -5.1692822e-04   1.6230148e-04   1.8829689e-03   3.1393036e-04   2.5586687e-06   3.2163009e-07   2.6721478e-07
   1.0000000e+00  -1.9473219e-01  -4.4589387e-01   1.5375606e-01   6.7511176e-03   2.0007493e-03  -5.0226264e-04   3.7920626e-02   1.9882134e-01   2.3640926e-02   4.5577589e-05   4.0029978e-06   2.5226776e-07   9.4591000e-04   2.3643270e-02  -8.7747580e-02   2.7162196e-03  -4.4564700e-05   2.9459205e-04   8.9474573e-07   5.5900422e-04   7.6996378e-03   7.3778489e-06   1.9860125e-09   8.6784476e-08
   1.0000000e+00  -1.6341898e-01  -4.8378933e-01   2.3171281e-01   4.4788403e-03   1.4464045e-03   2.2884036e-04   2.6705763e-02   2.3405212e-01   5.3690826e-02   2.0060010e-05   2.0920860e-06   5.2367910e-08   3.1313210e-02  -3.7895460e-02   7.7956750e-02  -2.2722773e-03  -5.5434480e-04   7.3110300e-04   9.8051712e-04   1.4360659e-03   6.0772549e-03   5.1632441e-06   3.0729816e-07   5.3451160e-07
   1.0000000e+00  -1.4957236e-01  -4.4350144e-01   1.6791623e-01   6.9302113e-03   2.6957859e-03   1.2199660e-03   2.2371891e-02   1.9669353e-01   2.8195860e-02   4.8027829e-05   7.2672616e-06   1.4883170e-06   1.3846620e-02   4.0287890e-02  -6.3796580e-02   2.4513710e-03   1.2493814e-03   9.9112564e-04   1.9172889e-04   1.6231141e-03   4.0700036e-03   6.0092198e-06   1.5609539e-06   9.8233003e-07
   1.0000000e+00  -1.5176211e-01  -4.6403262e-01   3.3277723e-01   4.0950306e-03   3.1553381e-03   8.5651537e-04   2.3031738e-02   2.1532627e-01   1.1074068e-01   1.6769276e-05   9.9561585e-06   7.3361858e-07  -2.1897500e-03  -2.0531180e-02   1.6486100e-01  -2.8351807e-03   4.5955220e-04  -3.6345063e-04   4.7950051e-06   4.2152935e-04   2.7179149e-02   8.0382496e-06   2.1118822e-07   1.3209636e-07
   1.0000000e+00  -2.0477033e-01  -5.1535011e-01   2.2801621e-01   6.1425199e-03   2.9705175e-03   5.8222858e-04   4.1930888e-02   2.6558574e-01   5.1991392e-02   3.7730551e-05   8.8239742e-06   3.3899012e-07  -5.3008220e-02  -5.1317490e-02  -1.0476102e-01   2.0474893e-03  -1.8482060e-04  -2.7428679e-04   2.8098714e-03   2.6334848e-03   1.0974871e-02   4.1922124e-06   3.4158654e-08   7.5233243e-08
   1.0000000e+00  -1.7746761e-01  -6.0348252e-01   1.7173385e-01   3.9856146e-03   1.7699296e-03   1.4402421e-04   3.1494753e-02   3.6419115e-01   2.9492515e-02   1.5885124e-05   3.1326508e-06   2.0742973e-08   2.7302720e-02  -8.8132410e-02  -5.6282360e-02  -2.1569053e-03  -1.2005879e-03  -4.3820437e-04   7.4543852e-04   7.7673217e-03   3.1677040e-03   4.6522405e-06   1.4414113e-06   1.9202307e-07
   1.0000000e+00  -1.4804512e-01  -5.1203899e-01   2.4543020e-02   6.4465115e-03   1.5912677e-03   5.5588747e-04   2.1917358e-02   2.6218393e-01   6.0235983e-04   4.1557511e-05   2.5321329e-06   3.0901088e-07   2.9422490e-02   9.1443530e-02  -1.4719083e-01   2.4608969e-03  -1.7866190e-04   4.1186326e-04   8.6568292e-04   8.3619192e-03   2.1665140e-02   6.0560136e-06   3.1920075e-08   1.6963134e-07
   1.0000000e+00  -2.0237361e-01  -5.3839086e-01   1.2352225e-01   6.2072541e-03   1.8389870e-03  -5.8659462e-04   4.0955078e-02   2.8986472e-01   1.5257746e-02   3.8530003e-05   3.3818732e-06   3.4409325e-07  -5.4328490e-02  -2.6351870e-02   9.8979230e-02  -2.3925740e-04   2.4771930e-04  -1.1424821e-03   2.9515848e-03   6.9442105e-04   9.7968880e-03   5.7244103e-08   6.1364852e-08   1.3052653e-06
   1.0000000e+00  -1.7237405e-01  -5.2558039e-01   2.4912151e-01   4.6542139e-03   1.8498031e-03  -7.2734423e-05   2.9712813e-02   2.7623475e-01   6.2061527e-02   2.1661707e-05   3.4217715e-06   5.2902963e-09   2.9999560e-02   1.2810470e-02   1.2559926e-01  -1.5530402e-03   1.0816100e-05   5.1386020e-04   8.9997360e-04   1.6410814e-04   1.5775174e-02   2.4119339e-06   1.1698802e-10   2.6405230e-07
   1.0000000e+00  -1.6291683e-01  -5.2371966e-01   3.2018103e-01   5.3240846e-03   1.7042886e-03   2.8291823e-04   2.6541893e-02   2.7428228e-01   1.0251589e-01   2.8345877e-05   2.9045996e-06   8.0042725e-08   9.4572200e-03   1.8607300e-03   7.1059520e-02   6.6987070e-04  -1.4551450e-04   3.5565265e-04   8.9439010e-05   3.4623161e-06   5.0494554e-03   4.4872675e-07   2.1174470e-08   1.2648881e-07
   1.0000000e+00  -1.7059851e-01  -5.5959766e-01   3.1649639e-01   4.8036507e-03   1.6086761e-03   1.1277602e-04   2.9103852e-02   3.1314954e-01   1.0016996e-01   2.3075060e-05   2.5878388e-06   1.2718431e-08  -7.6816800e-03  -3.5878000e-02  -3.6846400e-03  -5.2043390e-04  -9.5612500e-05  -1.7014221e-04   5.9008208e-05   1.2872309e-03   1.3576572e-05   2.7085144e-07   9.1417502e-09   2.8948372e-08
   1.0000000e+00  -1.7270677e-01  -6.3296271e-01   2.0504537e-01   5.9610632e-03   1.0001894e-03  -4.5177204e-05   2.9827628e-02   4.0064179e-01   4.2043604e-02   3.5534274e-05   1.0003788e-06   2.0409798e-09  -2.1082600e-03  -7.3365050e-02  -1.1145102e-01   1.1574125e-03  -6.0848670e-04  -1.5795322e-04   4.4447602e-06   5.3824306e-03   1.2421330e-02   1.3396037e-06   3.7025606e-07   2.4949221e-08
   1.0000000e+00  -1.0699983e-01  -5.6387521e-01   2.8445376e-01   4.7639965e-03   7.2100375e-04   1.1503321e-03   1.1448964e-02   3.1795525e-01   8.0913942e-02   2.2695663e-05   5.1984641e-07   1.3232639e-06   6.5706940e-02   6.9087500e-02   7.9408390e-02  -1.1970667e-03  -2.7918565e-04   1.1955093e-03   4.3174020e-03   4.7730827e-03   6.3056924e-03   1.4329687e-06   7.7944627e-08   1.4292425e-06
   1.0000000e+00  -1.0057798e-01  -5.3622051e-01   2.7940464e-01   6.1836348e-03   1.0939321e-03   1.0722281e-03   1.0115930e-02   2.8753244e-01   7.8066953e-02   3.8237339e-05   1.1966874e-06   1.1496731e-06   6.4218500e-03   2.7654700e-02  -5.0491200e-03   1.4196383e-03   3.7292835e-04  -7.8104000e-05   4.1240157e-05   7.6478243e-04   2.5493613e-05   2.0153729e-06   1.3907555e-07   6.1002348e-09
   1.0000000e+00  -1.3602457e-01  -5.2051409e-01   4.0228823e-01   3.8120110e-03   1.6225935e-03   6.6703372e-04   1.8502684e-02   2.7093492e-01   1.6183582e-01   1.4531428e-05   2.6328097e-06   4.4493398e-07  -3.5446590e-02   1.5706420e-02   1.2288359e-01  -2.3716238e-03   5.2866140e-04  -4.0519438e-04   1.2564607e-03   2.4669163e-04   1.5100377e-02   5.6245994e-06   2.7948288e-07   1.6418249e-07
   1.0000000e+00  -1.4323309e-01  -5.2970419e-01   2.9798421e-01   5.7423917e-03   1.5351411e-03   2.7573236e-04   2.0515718e-02   2.8058653e-01   8.8794589e-02   3.2975062e-05   2.3566582e-06   7.6028334e-08  -7.2085200e-03  -9.1901000e-03  -1.0430402e-01   1.9303807e-03  -8.7452400e-05  -3.9130136e-04   5.1962761e-05   8.4457938e-05   1.0879329e-02   3.7263696e-06   7.6479223e-09   1.5311675e-07
   1.0000000e+00  -1.4541921e-01  -5.9572909e-01   3.7225993e-01   4.3304674e-03   1.2286191e-03   4.8858539e-04   2.1146747e-02   3.5489315e-01   1.3857746e-01   1.8752948e-05   1.5095049e-06   2.3871568e-07  -2.1861200e-03  -6.6024900e-02   7.4275720e-02  -1.4119243e-03  -3.0652200e-04   2.1285303e-04   4.7791207e-06   4.3592874e-03   5.5168826e-03   1.9935302e-06   9.3955736e-08   4.5306412e-08
   1.0000000e+00  -1.4060194e-01  -5.6902427e-01   3.9059839e-01   4.6637788e-03   1.4104513e-03   4.1801789e-04   1.9768906e-02   3.2378862e-01   1.5256710e-01   2.1750833e-05   1.9893729e-06   1.7473896e-07   4.8172700e-03   2.6704820e-02   1.8338460e-02   3.3331140e-04   1.8183220e-04  -7.0567500e-05   2.3206090e-05   7.1314741e-04   3.3629912e-04   1.1109649e-07   3.3062949e-08   4.9797721e-09
   1.0000000e+00  -1.5813611e-01  -5.3654076e-01   4.0387319e-01   3.5804340e-03   1.8684772e-03   3.5579498e-05   2.5007029e-02   2.8787599e-01   1.6311355e-01   1.2819508e-05   3.4912070e-06   1.2659007e-09  -1.7534170e-02   3.2483510e-02   1.3274800e-02  -1.0833448e-03   4.5802590e-04  -3.8243839e-04   3.0744712e-04   1.0551784e-03   1.7622032e-04   1.1736360e-06   2.0978773e-07   1.4625912e-07
   1.0000000e+00  -1.3558327e-01  -5.3121931e-01   3.5385358e-01   4.7023978e-03   1.7964119e-03   3.2755593e-04   1.8382823e-02   2.8219396e-01   1.2521236e-01   2.2112545e-05   3.2270957e-06   1.0729289e-07   2.2552840e-02   5.3214500e-03  -5.0019610e-02   1.1219638e-03  -7.2065300e-05   2.9197643e-04   5.0863059e-04   2.8317830e-05   2.5019614e-03   1.2588028e-06   5.1934075e-09   8.5250237e-08
   1.0000000e+00  -1.4806640e-01  -5.5838551e-01   3.9075844e-01   3.1834452e-03   1.4842106e-03  -8.5893130e-05   2.1923659e-02   3.1179438e-01   1.5269216e-01   1.0134323e-05   2.2028811e-06   7.3776298e-09  -1.2483130e-02  -2.7166200e-02   3.6904860e-02  -1.5189526e-03  -3.1220130e-04  -4.1344906e-04   1.5582853e-04   7.3800242e-04   1.3619687e-03   2.3072170e-06   9.7469652e-08   1.7094013e-07
   1.0000000e+00  -1.2485356e-01  -5.5067909e-01   3.7117687e-01   4.6454461e-03   1.4365989e-03   5.7036197e-04   1.5588411e-02   3.0324746e-01   1.3777227e-01   2.1580169e-05   2.0638164e-06   3.2531278e-07   2.3212840e-02   7.7064200e-03  -1.9581570e-02   1.4620009e-03  -4.7611700e-05   6.5625510e-04   5.3883594e-04   5.9388909e-05   3.8343788e-04   2.1374466e-06   2.2668740e-09   4.3067076e-07
   1.0000000e+00  -1.2788562e-01  -5.6453974e-01   3.5181984e-01   3.4837382e-03   1.6442818e-03   1.0377658e-04   1.6354732e-02   3.1870512e-01   1.2377720e-01   1.2136432e-05   2.7036626e-06   1.0769579e-08  -3.0320600e-03  -1.3860650e-02  -1.9357030e-02  -1.1617079e-03   2.0768290e-04  -4.6658539e-04   9.1933878e-06   1.9211762e-04   3.7469461e-04   1.3495652e-06   4.3132187e-08   2.1770193e-07
   1.0000000e+00  -1.7757096e-01  -5.7942761e-01   2.3680968e-01   5.8063785e-03   1.4620410e-03  -9.1129787e-04   3.1531446e-02   3.3573636e-01   5.6078825e-02   3.3714031e-05   2.1375639e-06   8.3046381e-07  -4.9685340e-02  -1.4887870e-02  -1.1501016e-01   2.3226403e-03  -1.8224080e-04  -1.0150745e-03   2.4686330e-03   2.2164867e-04   1.3227337e-02   5.3946580e-06   3.3211709e-08   1.0303761e-06
   1.0000000e+00  -1.4853591e-01  -7.1020967e-01   1.9678921e-01   5.0284635e-03   2.7694611e-04  -5.8450467e-05   2.2062917e-02   5.0439778e-01   3.8725993e-02   2.5285445e-05   7.6699148e-08   3.4164571e-09   2.9035050e-02  -1.3078206e-01  -4.0020470e-02  -7.7791500e-04  -1.1850949e-03   8.5284740e-04   8.4303413e-04   1.7103947e-02   1.6016380e-03   6.0515175e-07   1.4044499e-06   7.2734869e-07
   1.0000000e+00  -1.6008089e-01  -6.1915830e-01   7.7424113e-02   7.1173568e-03   7.0801125e-04  -7.7838923e-04   2.5625891e-02   3.8335700e-01   5.9944933e-03   5.0656768e-05   5.0127993e-07   6.0588979e-07  -1.1544980e-02   9.1051370e-02  -1.1936510e-01   2.0888933e-03   4.3106514e-04  -7.1993876e-04   1.3328656e-04   8.2903520e-03   1.4248026e-02   4.3634752e-06   1.8581715e-07   5.1831182e-07
   1.0000000e+00  -1.5221841e-01  -6.0043941e-01   2.1438676e-01   5.4844492e-03   9.2253668e-04  -3.0612009e-04   2.3170444e-02   3.6052749e-01   4.5961683e-02   3.0079183e-05   8.5107393e-07   9.3709510e-08   7.8624800e-03   1.8718890e-02   1.3696265e-01  -1.6329076e-03   2.1452543e-04   4.7226914e-04   6.1818592e-05   3.5039684e-04   1.8758767e-02   2.6663872e-06   4.6021160e-08   2.2303814e-07
   1.0000000e+00  -1.4831563e-01  -6.0101574e-01   2.3070050e-01   6.5118299e-03   9.0101829e-04  -3.5085256e-04   2.1997526e-02   3.6121992e-01   5.3222721e-02   4.2403929e-05   8.1183396e-07   1.2309752e-07   3.9027800e-03  -5.7633000e-04   1.6313740e-02   1.0273807e-03  -2.1518390e-05  -4.4732470e-05   1.5231692e-05   3.3215627e-07   2.6613811e-04   1.0555111e-06   4.6304111e-10   2.0009939e-09
   1.0000000e+00  -1.5577069e-01  -6.3743039e-01   2.5373670e-01   6.3856854e-03   7.0736982e-04   3.2844989e-04   2.4264508e-02   4.0631750e-01   6.4382313e-02   4.0776978e-05   5.0037206e-07   1.0787933e-07  -7.4550600e-03  -3.6414650e-02   2.3036200e-02  -1.2614450e-04  -1.9364847e-04   6.7930245e-04   5.5577920e-05   1.3260267e-03   5.3066651e-04   1.5912435e-08   3.7499730e-08   4.6145182e-07
   1.0000000e+00  -1.9587752e-01  -5.9102649e-01   2.2089516e-01   7.5341486e-03   1.4259363e-03  -1.0021075e-03   3.8368003e-02   3.4931231e-01   4.8794672e-02   5.6763395e-05   2.0332943e-06   1.0042194e-06  -4.0106830e-02   4.6403900e-02  -3.2841540e-02   1.1484632e-03   7.1856648e-04  -1.3305574e-03   1.6085578e-03   2.1533219e-03   1.0785667e-03   1.3189677e-06   5.1633779e-07   1.7703830e-06
   1.0000000e+00  -1.6981776e-01  -5.8541938e-01   1.9979093e-01   6.5853486e-03   8.1358362e-04  -7.1449636e-04   2.8838072e-02   3.4271585e-01   3.9916416e-02   4.3366816e-05   6.6191831e-07   5.1050505e-07   2.6059760e-02   5.6071100e-03  -2.1104230e-02  -9.4880000e-04  -6.1235268e-04   2.8761114e-04   6.7911109e-04   3.1439683e-05   4.4538852e-04   9.0022144e-07   3.7497580e-07   8.2720168e-08
   1.0000000e+00  -1.8293536e-01  -5.8650576e-01   2.6239801e-01   6.3099567e-03   5.4961384e-04  -9.1039040e-04   3.3465346e-02   3.4398901e-01   6.8852716e-02   3.9815554e-05   3.0207537e-07   8.2881068e-07  -1.3117600e-02  -1.0863800e-03   6.2607080e-02  -2.7539190e-04  -2.6396978e-04  -1.9589404e-04   1.7207143e-04   1.1802215e-06   3.9196465e-03   7.5840699e-08   6.9680045e-08   3.8374475e-08
   1.0000000e+00  -1.7517416e-01  -6.4720012e-01   3.0155667e-01   5.3028441e-03   9.3289489e-04  -7.1070035e-04   3.0685986e-02   4.1886800e-01   9.0936425e-02   2.8120156e-05   8.7029288e-07   5.0509499e-07   7.7612000e-03  -6.0694360e-02   3.9158660e-02  -1.0071126e-03   3.8328105e-04   1.9969005e-04   6.0236225e-05   3.6838053e-03   1.5334007e-03   1.0142758e-06   1.4690436e-07   3.9876116e-08
   1.0000000e+00  -1.8760105e-01  -6.3636707e-01   2.8675137e-01   6.7219670e-03   2.8805034e-04  -1.1585984e-03   3.5194154e-02   4.0496305e-01   8.2226348e-02   4.5184840e-05   8.2972998e-08   1.3423503e-06  -1.2426890e-02   1.0833050e-02  -1.4805300e-02   1.4191229e-03  -6.4484455e-04  -4.4789805e-04   1.5442760e-04   1.1735497e-04   2.1919691e-04   2.0139098e-06   4.1582449e-07   2.0061266e-07
   1.0000000e+00  -1.7198850e-01  -6.0810709e-01   2.1232656e-01   6.7626104e-03  -1.2818684e-05  -1.1847971e-03   2.9580044e-02   3.6979423e-01   4.5082568e-02   4.5732899e-05   1.6431866e-10   1.4037442e-06   1.5612550e-02   2.8259980e-02  -7.4424810e-02   4.0643400e-05  -3.0086902e-04  -2.6198700e-05   2.4375172e-04   7.9862647e-04   5.5390523e-03   1.6518860e-09   9.0522170e-08   6.8637188e-10
   1.0000000e+00  -1.4876577e-01  -5.8532071e-01   3.2624050e-01   5.1591177e-03   9.7976128e-04  -1.0102357e-03   2.2131254e-02   3.4260033e-01   1.0643286e-01   2.6616495e-05   9.5993217e-07   1.0205762e-06   2.3222730e-02   2.2786380e-02   1.1391394e-01  -1.6034927e-03   9.9257996e-04   1.7456140e-04   5.3929519e-04   5.1921911e-04   1.2976386e-02   2.5711888e-06   9.8521498e-07   3.0471682e-08
   1.0000000e+00  -1.6478726e-01  -6.1969837e-01   3.7375085e-01   3.6945380e-03   9.4937547e-04  -9.2941871e-04   2.7154841e-02   3.8402607e-01   1.3968970e-01   1.3649611e-05   9.0131378e-07   8.6381914e-07  -1.6021490e-02  -3.4377660e-02   4.7510350e-02  -1.4645797e-03  -3.0385810e-05   8.0816990e-05   2.5668814e-04   1.1818235e-03   2.2572334e-03   2.1449937e-06   9.2329745e-10   6.5313859e-09
   1.0000000e+00  -1.8023297e-01  -5.9002794e-01   2.6591745e-01   5.7793298e-03   3.1661915e-04  -1.1262316e-03   3.2483923e-02   3.4813297e-01   7.0712090e-02   3.3400653e-05   1.0024769e-07   1.2683976e-06  -1.5445710e-02   2.9670430e-02  -1.0783340e-01   2.0847918e-03  -6.3275632e-04  -1.9681289e-04   2.3856996e-04   8.8033442e-04   1.1628042e-02   4.3463568e-06   4.0038056e-07   3.8735314e-08
   1.0000000e+00  -1.6081540e-01  -6.2108003e-01   3.2887016e-01   6.0232587e-03  -5.7520374e-04  -1.7663965e-03   2.5861593e-02   3.8574040e-01   1.0815558e-01   3.6279645e-05   3.3085934e-07   3.1201566e-06   1.9417570e-02  -3.1052090e-02   6.2952710e-02   2.4392890e-04  -8.9182289e-04  -6.4016490e-04   3.7704202e-04   9.6423229e-04   3.9630437e-03   5.9501308e-08   7.9534807e-07   4.0981110e-07
   1.0000000e+00  -1.7303268e-01  -6.0294466e-01   3.0171609e-01   7.0929595e-03  -5.2883401e-04  -1.6794115e-03   2.9940308e-02   3.6354226e-01   9.1032599e-02   5.0310074e-05   2.7966541e-07   2.8204230e-06  -1.2217280e-02   1.8135370e-02  -2.7154070e-02   1.0697008e-03   4.6369730e-05   8.6985000e-05   1.4926193e-04   3.2889165e-04   7.3734352e-04   1.1442598e-06   2.1501519e-09   7.5663902e-09
   1.0000000e+00  -1.4837925e-01  -6.1451076e-01   2.9121749e-01   6.2665660e-03  -4.7753733e-04  -7.3807465e-04   2.2016402e-02   3.7762347e-01   8.4807626e-02   3.9269849e-05   2.2804190e-07   5.4475419e-07   2.4653430e-02  -1.1566100e-02  -1.0498600e-02  -8.2639350e-04   5.1296680e-05   9.4133685e-04   6.0779161e-04   1.3377467e-04   1.1022060e-04   6.8292622e-07   2.6313494e-09   8.8611507e-07
   1.0000000e+00  -1.4052342e-01  -6.2549854e-01   2.6060387e-01   7.4842317e-03  -6.9579441e-04  -6.8015972e-04   1.9746832e-02   3.9124842e-01   6.7914377e-02   5.6013724e-05   4.8412986e-07   4.6261724e-07   7.8558300e-03  -1.0987780e-02  -3.0613620e-02   1.2176657e-03  -2.1825708e-04   5.7914930e-05   6.1714065e-05   1.2073131e-04   9.3719373e-04   1.4827098e-06   4.7636153e-08   3.3541391e-09
   1.0000000e+00  -1.3508588e-01  -5.9015816e-01   2.4458957e-01   7.2192398e-03  -2.5370657e-04  -6.4809275e-04   1.8248195e-02   3.4828665e-01   5.9824058e-02   5.2117423e-05   6.4367024e-08   4.2002421e-07   5.4375400e-03   3.5340380e-02  -1.6014300e-02  -2.6499190e-04   4.4208784e-04   3.2066970e-05   2.9566841e-05   1.2489425e-03   2.5645780e-04   7.0220707e-08   1.9544166e-07   1.0282906e-09
   1.0000000e+00  -1.5413430e-01  -6.3052254e-01   2.8155922e-01   6.6548635e-03  -3.1745836e-04  -9.1870681e-04   2.3757382e-02   3.9755867e-01   7.9275594e-02   4.4287208e-05   1.0077981e-07   8.4402220e-07  -1.9048420e-02  -4.0364380e-02   3.6969650e-02  -5.6437630e-04  -6.3751790e-05  -2.7061406e-04   3.6284230e-04   1.6292832e-03   1.3667550e-03   3.1852061e-07   4.0642907e-09   7.3231969e-08
   1.0000000e+00  -1.5995864e-01  -6.5734751e-01   2.4918824e-01   7.4670429e-03  -4.4267664e-04  -8.6225262e-04   2.5586767e-02   4.3210575e-01   6.2094779e-02   5.5756730e-05   1.9596261e-07   7.4347958e-07  -5.8243400e-03  -2.6824970e-02  -3.2370980e-02   8.1217940e-04  -1.2521828e-04   5.6454190e-05   3.3922936e-05   7.1957902e-04   1.0478803e-03   6.5963538e-07   1.5679618e-08   3.1870756e-09
