   1.0000000e+00   0.0000000e+00   0.0000000e+00   0.0000000e+00   0.0000000e+00   0.0000000e+00  -0.0000000e+00   0.0000000e+00   0.0000000e+00   0.0000000e+00   0.0000000e+00   0.0000000e+00   0.0000000e+00   0.0000000e+00   0.0000000e+00   0.0000000e+00   0.0000000e+00   0.0000000e+00   0.0000000e+00   0.0000000e+00   0.0000000e+00   0.0000000e+00   0.0000000e+00   0.0000000e+00   0.0000000e+00
   1.0000000e+00   1.9449758e-02  -2.8962718e-03   2.8881530e-02  -8.2063202e-04   3.0487787e-04   1.2366914e-04   3.7829309e-04   8.3883903e-06   8.3414278e-04   6.7343691e-07   9.2950516e-08   1.5294056e-08   1.9449758e-02  -2.8962718e-03   2.8881530e-02  -8.2063202e-04   3.0487787e-04   1.2366914e-04   3.7829309e-04   8.3883903e-06   8.3414278e-04   6.7343691e-07   9.2950516e-08   1.5294056e-08
   1.0000000e+00   1.2164703e-02  -1.0876139e-02  -2.4035876e-02  -1.3043365e-04   3.4788152e-04  -2.7446453e-04   1.4798000e-04   1.1829040e-04   5.7772334e-04   1.7012937e-08   1.2102155e-07   7.5330778e-08  -7.2850550e-03  -7.9798672e-03  -5.2917406e-02   6.9019837e-04   4.3003650e-05  -3.9813367e-04   5.3072026e-05   6.3678281e-05   2.8002519e-03   4.7637379e-07   1.8493139e-09   1.5851042e-07
   1.0000000e+00   1.3255496e-02   2.2690429e-03  -3.1506055e-02   2.9305311e-04   2.8378677e-04  -8.4045001e-05   1.7570817e-04   5.1485557e-06   9.9263150e-04   8.5880125e-08   8.0534931e-08   7.0635622e-09   1.0907930e-03   1.3145182e-02  -7.4701790e-03   4.2348676e-04  -6.4094750e-05   1.9041953e-04   1.1898294e-06   1.7279581e-04   5.5803574e-05   1.7934104e-07   4.1081370e-09   3.6259597e-08
   1.0000000e+00   5.1651759e-02  -2.9810314e-02  -6.3583036e-03   2.1415115e-04   7.2190322e-04   4.5713899e-04   2.6679042e-03   8.8865482e-04   4.0428025e-05   4.5860715e-08   5.2114426e-07   2.0897606e-07   3.8396263e-02  -3.2079357e-02   2.5147751e-02  -7.8901960e-05   4.3811645e-04   5.4118399e-04   1.4742730e-03   1.0290851e-03   6.3240940e-04   6.2255193e-09   1.9194602e-07   2.9288011e-07
   1.0000000e+00   6.9406357e-02  -5.3444619e-04   1.3123411e-02  -1.3787102e-04   6.4859984e-04   4.1717404e-04   4.8172424e-03   2.8563273e-07   1.7222392e-04   1.9008418e-08   4.2068175e-07   1.7403418e-07   1.7754598e-02   2.9275868e-02   1.9481715e-02  -3.5202217e-04  -7.3303380e-05  -3.9964950e-05   3.1522575e-04   8.5707644e-04   3.7953720e-04   1.2391961e-07   5.3733855e-09   1.5971972e-09
   1.0000000e+00   4.1976667e-02  -2.4342500e-02   1.2115401e-02  -7.3930005e-05   6.4779613e-04  -5.7261690e-05   1.7620406e-03   5.9255731e-04   1.4678294e-04   5.4656456e-09   4.1963983e-07   3.2789011e-09  -2.7429690e-02  -2.3808054e-02  -1.0080100e-03   6.3941015e-05  -8.0371000e-07  -4.7443573e-04   7.5238789e-04   5.6682343e-04   1.0160842e-06   4.0884534e-09   6.4594976e-13   2.2508926e-07
   1.0000000e+00   2.0985128e-02  -2.1444848e-02  -1.8272939e-02   2.4389031e-04   1.0296385e-03  -5.4790436e-04   4.4037560e-04   4.5988151e-04   3.3390030e-04   5.9482483e-08   1.0601554e-06   3.0019919e-07  -2.0991539e-02   2.8976520e-03  -3.0388340e-02   3.1782032e-04   3.8184237e-04  -4.9064267e-04   4.4064471e-04   8.3963871e-06   9.2345121e-04   1.0100975e-07   1.4580360e-07   2.4073023e-07
   1.0000000e+00   4.7569716e-02  -2.2667448e-02   4.5826402e-02  -5.0536825e-04   3.9348228e-04   1.9277965e-04   2.2628779e-03   5.1381320e-04   2.1000591e-03   2.5539707e-07   1.5482830e-07   3.7163993e-08   2.6584588e-02  -1.2226000e-03   6.4099341e-02  -7.4925856e-04  -6.3615622e-04   7.4068401e-04   7.0674032e-04   1.4947508e-06   4.1087255e-03   5.6138839e-07   4.0469474e-07   5.4861280e-07
   1.0000000e+00   3.2864034e-02  -3.7495225e-02  -1.1392085e-02  -7.0292722e-05   6.1331781e-04  -2.6619915e-04   1.0800447e-03   1.4058919e-03   1.2977960e-04   4.9410668e-09   3.7615874e-07   7.0861987e-08  -1.4705682e-02  -1.4827777e-02  -5.7218487e-02   4.3507553e-04   2.1983553e-04  -4.5897880e-04   2.1625708e-04   2.1986297e-04   3.2739553e-03   1.8929072e-07   4.8327660e-08   2.1066154e-07
   1.0000000e+00   3.4109190e-02  -9.4491560e-03   1.5910355e-02  -5.9058721e-04   6.8111661e-04   1.2608056e-04   1.1634368e-03   8.9286549e-05   2.5313940e-04   3.4879325e-07   4.6391984e-07   1.5896308e-08   1.2451560e-03   2.8046069e-02   2.7302440e-02  -5.2029449e-04   6.7798800e-05   3.9227971e-04   1.5504135e-06   7.8658199e-04   7.4542323e-04   2.7070635e-07   4.5966773e-09   1.5388337e-07
   1.0000000e+00   6.6130910e-02  -2.9294727e-02  -5.6954494e-03  -7.3611860e-04   7.8902207e-04   8.7753553e-05   4.3732973e-03   8.5818103e-04   3.2438144e-05   5.4187059e-07   6.2255583e-07   7.7006861e-09   3.2021720e-02  -1.9845571e-02  -2.1605804e-02  -1.4553139e-04   1.0790546e-04  -3.8327007e-05   1.0253906e-03   3.9384669e-04   4.6681078e-04   2.1179385e-08   1.1643588e-08   1.4689595e-09
   1.0000000e+00   8.1567836e-02  -2.0213855e-02  -3.1539648e-02  -1.4483584e-04   6.4648073e-04   3.5292816e-04   6.6533119e-03   4.0859993e-04   9.9474940e-04   2.0977421e-08   4.1793733e-07   1.2455829e-07   1.5436926e-02   9.0808720e-03  -2.5844199e-02   5.9128276e-04  -1.4254134e-04   2.6517461e-04   2.3829868e-04   8.2462236e-05   6.6792260e-04   3.4961530e-07   2.0318034e-08   7.0317572e-08
   1.0000000e+00   7.7077417e-02  -3.4043446e-02  -5.4318129e-02  -1.4692367e-03   7.1051500e-04  -6.7396242e-05   5.9409282e-03   1.1589562e-03   2.9504591e-03   2.1586565e-06   5.0483157e-07   4.5422534e-09  -4.4904190e-03  -1.3829591e-02  -2.2778481e-02  -1.3244009e-03   6.4034270e-05  -4.2032440e-04   2.0163863e-05   1.9125759e-04   5.1885920e-04   1.7540376e-06   4.1003877e-09   1.7667260e-07
   1.0000000e+00   7.0789615e-02  -2.5801110e-02  -8.0610014e-02   5.1267218e-04   6.6584157e-04   5.4947354e-04   5.0111696e-03   6.6569728e-04   6.4979744e-03   2.6283276e-07   4.4334500e-07   3.0192117e-07  -6.2878020e-03   8.2423360e-03  -2.6291885e-02   1.9819089e-03  -4.4673430e-05   6.1686978e-04   3.9536454e-05   6.7936103e-05   6.9126322e-04   3.9279628e-06   1.9957153e-09   3.8052833e-07
   1.0000000e+00   6.6916810e-02  -4.3083123e-02  -4.1739587e-02  -1.2761834e-03   4.8892847e-04   2.4660965e-04   4.4778595e-03   1.8561555e-03   1.7421931e-03   1.6286441e-06   2.3905105e-07   6.0816319e-08  -3.8728050e-03  -1.7282013e-02   3.8870427e-02  -1.7888556e-03  -1.7691310e-04  -3.0286389e-04   1.4998619e-05   2.9866797e-04   1.5109101e-03   3.2000043e-06   3.1298245e-08   9.1726536e-08
   1.0000000e+00   3.7580097e-02  -4.1110020e-02  -5.7884269e-02  -1.0742454e-03   4.4107084e-04  -2.6053878e-04   1.4122637e-03   1.6900337e-03   3.3505886e-03   1.1540032e-06   1.9454349e-07   6.7880456e-08  -2.9336713e-02   1.9731030e-03  -1.6144682e-02   2.0193800e-04  -4.7857630e-05  -5.0714843e-04   8.6064273e-04   3.8931354e-06   2.6065076e-04   4.0778956e-08   2.2903527e-09   2.5719953e-07
   1.0000000e+00  -4.7465762e-02  -3.9852241e-02  -9.2543442e-02   1.5161205e-03   3.8543267e-04  -1.2397397e-03   2.2529986e-03   1.5882011e-03   8.5642887e-03   2.2986214e-06   1.4855834e-07   1.5369545e-06  -8.5045859e-02   1.2577790e-03  -3.4659173e-02   2.5903659e-03  -5.5638170e-05  -9.7920092e-04   7.2327981e-03   1.5820080e-06   1.2012583e-03   6.7099955e-06   3.0956060e-09   9.5883444e-07
   1.0000000e+00  -7.7608040e-03  -1.8362416e-02  -5.9032924e-02  -4.3281284e-05   3.9300760e-04  -5.5278989e-04   6.0230079e-05   3.3717832e-04   3.4848861e-03   1.8732695e-09   1.5445497e-07   3.0557666e-07   3.9704958e-02   2.1489825e-02   3.3510518e-02  -1.5594018e-03   7.5749300e-06   6.8694981e-04   1.5764837e-03   4.6181258e-04   1.1229548e-03   2.4317339e-06   5.7379565e-11   4.7190004e-07
   1.0000000e+00   7.7801808e-03  -3.1089198e-02  -4.2514499e-02   3.0249324e-04   6.8148294e-04  -3.8779052e-04   6.0531213e-05   9.6653823e-04   1.8074826e-03   9.1502160e-08   4.6441900e-07   1.5038149e-07   1.5540985e-02  -1.2726782e-02   1.6518425e-02   3.4577452e-04   2.8847534e-04   1.6499937e-04   2.4152221e-04   1.6197098e-04   2.7285836e-04   1.1956002e-07   8.3218022e-08   2.7224792e-08
   1.0000000e+00   1.6648616e-02  -3.1939725e-02  -3.0150793e-02   3.7364932e-04   7.3952656e-04  -1.0673839e-04   2.7717641e-04   1.0201460e-03   9.0907032e-04   1.3961381e-07   5.4689953e-07   1.1393084e-08   8.8684352e-03  -8.5052700e-04   1.2363706e-02   7.1156080e-05   5.8043620e-05   2.8105213e-04   7.8649143e-05   7.2339618e-07   1.5286123e-04   5.0631877e-09   3.3690618e-09   7.8990300e-08
   1.0000000e+00   3.5484911e-03  -5.4445378e-02  -4.0786092e-02   1.0357530e-03   1.4173132e-03  -7.3691721e-04   1.2591789e-05   2.9642992e-03   1.6635053e-03   1.0727843e-06   2.0087767e-06   5.4304697e-07  -1.3100125e-02  -2.2505653e-02  -1.0635299e-02   6.6210368e-04   6.7778664e-04  -6.3017882e-04   1.7161327e-04   5.0650442e-04   1.1310958e-04   4.3838128e-07   4.5939473e-07   3.9712535e-07
   1.0000000e+00  -1.6192758e-03  -5.1088656e-02  -3.3074283e-02   7.2183941e-04   1.1347506e-03  -1.0698723e-04   2.6220541e-06   2.6100508e-03   1.0939082e-03   5.2105213e-07   1.2876589e-06   1.1446267e-08  -5.1677669e-03   3.3567220e-03   7.7118090e-03  -3.1391359e-04  -2.8256260e-04   6.2992998e-04   2.6705815e-05   1.1267583e-05   5.9471998e-05   9.8541742e-08   7.9841623e-08   3.9681178e-07
   1.0000000e+00   5.1478645e-06  -6.1273845e-02  -6.4580897e-02   2.1760761e-04   7.7130278e-04  -7.5292247e-04   2.6500509e-11   3.7544841e-03   4.1706923e-03   4.7353072e-08   5.9490798e-07   5.6689225e-07   1.6244237e-03  -1.0185189e-02  -3.1506614e-02  -5.0423180e-04  -3.6344782e-04  -6.4593524e-04   2.6387522e-06   1.0373807e-04   9.9266673e-04   2.5424971e-07   1.3209432e-07   4.1723233e-07
   1.0000000e+00   2.9771241e-02  -4.2176449e-02  -9.0470148e-02   8.2923767e-04   9.7092174e-04  -1.1271552e-04   8.8632679e-04   1.7788529e-03   8.1848477e-03   6.8763511e-07   9.4268903e-07   1.2704788e-08   2.9766093e-02   1.9097396e-02  -2.5889251e-02   6.1163006e-04   1.9961896e-04   6.4020695e-04   8.8602030e-04   3.6471053e-04   6.7025332e-04   3.7409133e-07   3.9847729e-08   4.0986494e-07
   1.0000000e+00   2.4760321e-02  -4.1050115e-02  -5.1191477e-02   6.1562155e-04   1.2813710e-03  -1.8901669e-04   6.1307350e-04   1.6851119e-03   2.6205673e-03   3.7898989e-07   1.6419116e-06   3.5727309e-08  -5.0109200e-03   1.1263340e-03   3.9278671e-02  -2.1361612e-04   3.1044926e-04  -7.6301170e-05   2.5109319e-05   1.2686283e-06   1.5428140e-03   4.5631847e-08   9.6378743e-08   5.8218685e-09
   1.0000000e+00   5.0728835e-02  -7.0702479e-02  -4.6737242e-02  -4.7726559e-04   7.3133939e-04   1.4848717e-05   2.5734147e-03   4.9988405e-03   2.1843698e-03   2.2778244e-07   5.3485730e-07   2.2048440e-10   2.5968514e-02  -2.9652364e-02   4.4542350e-03  -1.0928871e-03  -5.5003161e-04   2.0386541e-04   6.7436372e-04   8.7926269e-04   1.9840209e-05   1.1944023e-06   3.0253477e-07   4.1561104e-08
   1.0000000e+00   2.1807557e-02  -7.4316033e-02  -6.9154856e-02   9.6717338e-04   8.5711958e-04  -1.9744700e-04   4.7556954e-04   5.5228728e-03   4.7823941e-03   9.3542435e-07   7.3465397e-07   3.8985318e-08  -2.8921278e-02  -3.6135540e-03  -2.2417614e-02   1.4444390e-03   1.2578019e-04  -2.1229572e-04   8.3644032e-04   1.3057773e-05   5.0254942e-04   2.0864039e-06   1.5820656e-08   4.5069471e-08
   1.0000000e+00   5.0128419e-03  -8.6060004e-02  -2.3636351e-02  -2.8492201e-04   6.3804996e-04  -3.0725403e-04   2.5128584e-05   7.4063243e-03   5.5867709e-04   8.1180552e-08   4.0710775e-07   9.4405039e-08  -1.6794715e-02  -1.1743971e-02   4.5518505e-02  -1.2520954e-03  -2.1906962e-04  -1.0980703e-04   2.8206246e-04   1.3792085e-04   2.0719343e-03   1.5677429e-06   4.7991498e-08   1.2057584e-08
   1.0000000e+00  -2.0351692e-02  -5.4453148e-02  -2.6073426e-02  -1.7148828e-04   7.7747994e-04  -4.9008428e-04   4.1419137e-04   2.9651453e-03   6.7982354e-04   2.9408230e-08   6.0447506e-07   2.4018260e-07  -2.5364534e-02   3.1606856e-02  -2.4370750e-03   1.1343373e-04   1.3942998e-04  -1.8283025e-04   6.4335958e-04   9.9899335e-04   5.9393346e-06   1.2867211e-08   1.9440719e-08   3.3426900e-08
   1.0000000e+00   5.0524875e-03  -3.2035299e-02   9.5929126e-03   1.6761441e-04   4.1853166e-04  -1.4971720e-04   2.5527630e-05   1.0262604e-03   9.2023972e-05   2.8094590e-08   1.7516875e-07   2.2415240e-08   2.5404180e-02   2.2417849e-02   3.5666339e-02   3.3910269e-04  -3.5894828e-04   3.4036708e-04   6.4537234e-04   5.0255995e-04   1.2720877e-03   1.1499063e-07   1.2884387e-07   1.1584975e-07
   1.0000000e+00   6.5896209e-03  -5.1855803e-02  -1.0081049e-01   5.6749684e-04   6.0514518e-04  -4.5587166e-04   4.3423104e-05   2.6890243e-03   1.0162755e-02   3.2205266e-07   3.6620069e-07   2.0781897e-07   1.5371334e-03  -1.9820504e-02  -1.1040340e-01   3.9988243e-04   1.8661352e-04  -3.0615446e-04   2.3627791e-06   3.9285238e-04   1.2188911e-02   1.5990596e-07   3.4824606e-08   9.3730553e-08
   1.0000000e+00  -1.1061773e-01  -5.3860758e-02  -1.2926196e-01   8.4068710e-04   4.5957878e-04  -1.1436828e-03   1.2236282e-02   2.9009813e-03   1.6708654e-02   7.0675480e-07   2.1121266e-07   1.3080103e-06  -1.1720735e-01  -2.0049550e-03  -2.8451470e-02   2.7319026e-04  -1.4556640e-04  -6.8781114e-04   1.3737563e-02   4.0198446e-06   8.0948615e-04   7.4632918e-08   2.1189577e-08   4.7308416e-07
   1.0000000e+00  -6.0563472e-02  -4.1433923e-02  -1.1407560e-01   7.2085540e-04   4.0303316e-04  -9.8141590e-04   3.6679341e-03   1.7167700e-03   1.3013243e-02   5.1963251e-07   1.6243573e-07   9.6317717e-07   5.0054258e-02   1.2426835e-02   1.5186360e-02  -1.1983170e-04  -5.6545620e-05   1.6226690e-04   2.5054287e-03   1.5442623e-04   2.3062553e-04   1.4359636e-08   3.1974071e-09   2.6330547e-08
   1.0000000e+00  -2.3838918e-02  -4.6237674e-02  -1.1644555e-01   4.2674930e-04   8.9729600e-04  -7.1195166e-04   5.6829401e-04   2.1379225e-03   1.3559566e-02   1.8211497e-07   8.0514011e-07   5.0687517e-07   3.6724554e-02  -4.8037510e-03  -2.3699500e-03  -2.9410610e-04   4.9426284e-04   2.6946424e-04   1.3486929e-03   2.3076024e-05   5.6166630e-06   8.6498398e-08   2.4429576e-07   7.2610977e-08
   1.0000000e+00  -1.3579254e-02  -4.7163610e-02  -9.6922195e-02   4.8772780e-05   1.0034107e-03  -6.4093648e-04   1.8439614e-04   2.2244061e-03   9.3939119e-03   2.3787841e-09   1.0068330e-06   4.1079957e-07   1.0259664e-02  -9.2593600e-04   1.9523355e-02  -3.7797652e-04   1.0611470e-04   7.1015180e-05   1.0526071e-04   8.5735748e-07   3.8116139e-04   1.4286625e-07   1.1260330e-08   5.0431558e-09
   1.0000000e+00  -8.7450097e-03  -6.3834418e-02  -7.3592152e-02  -1.4360075e-04   1.3515733e-03  -7.3358343e-04   7.6475195e-05   4.0748329e-03   5.4158048e-03   2.0621175e-08   1.8267504e-06   5.3814465e-07   4.8342443e-03  -1.6670808e-02   2.3330043e-02  -1.9237353e-04   3.4816260e-04  -9.2646950e-05   2.3369918e-05   2.7791584e-04   5.4429091e-04   3.7007575e-08   1.2121720e-07   8.5834573e-09
   1.0000000e+00  -4.0052613e-02  -6.9732722e-02  -9.3436591e-02  -7.5817393e-04   1.2217488e-03  -9.7071961e-04   1.6042118e-03   4.8626525e-03   8.7303965e-03   5.7482771e-07   1.4926701e-06   9.4229656e-07  -3.1307603e-02  -5.8983040e-03  -1.9844439e-02  -6.1457318e-04  -1.2982450e-04  -2.3713618e-04   9.8016602e-04   3.4789990e-05   3.9380176e-04   3.7770019e-07   1.6854401e-08   5.6233568e-08
   1.0000000e+00  -4.4392894e-02  -5.8375017e-02  -9.4085562e-02   3.8516962e-04   1.0401578e-03  -1.2532697e-03   1.9707290e-03   3.4076426e-03   8.8520930e-03   1.4835564e-07   1.0819282e-06   1.5706849e-06  -4.3402810e-03   1.1357705e-02  -6.4897100e-04   1.1433435e-03  -1.8159100e-04  -2.8255009e-04   1.8838039e-05   1.2899746e-04   4.2116336e-07   1.3072345e-06   3.2975291e-08   7.9834553e-08
   1.0000000e+00  -2.8618221e-02  -8.6489946e-02  -1.0492311e-01  -4.4464020e-04   1.0743025e-03  -1.2269412e-03   8.1900257e-04   7.4805108e-03   1.1008859e-02   1.9770491e-07   1.1541259e-06   1.5053847e-06   1.5774673e-02  -2.8114929e-02  -1.0837548e-02  -8.2980982e-04   3.4144700e-05   2.6328500e-05   2.4884031e-04   7.9044923e-04   1.1745245e-04   6.8858434e-07   1.1658605e-09   6.9318991e-10
   1.0000000e+00  -1.1170746e-02  -8.9760001e-02  -7.0528122e-02  -5.2953723e-04   1.2816340e-03  -8.3493131e-04   1.2478557e-04   8.0568578e-03   4.9742160e-03   2.8040968e-07   1.6425857e-06   6.9711029e-07   1.7447475e-02  -3.2700550e-03   3.4394988e-02  -8.4897030e-05   2.0733150e-04   3.9200989e-04   3.0441438e-04   1.0693260e-05   1.1830152e-03   7.2075057e-09   4.2986351e-08   1.5367175e-07
   1.0000000e+00  -6.5679567e-03  -6.7637451e-02  -6.3209290e-02  -4.1018901e-04   1.1668169e-03  -1.0341200e-03   4.3138055e-05   4.5748248e-03   3.9954143e-03   1.6825502e-07   1.3614617e-06   1.0694042e-06   4.6027893e-03   2.2122550e-02   7.3188320e-03   1.1934822e-04  -1.1481710e-04  -1.9918869e-04   2.1185669e-05   4.8940722e-04   5.3565302e-05   1.4243998e-08   1.3182966e-08   3.9676134e-08
   1.0000000e+00   1.3560667e-02  -8.2850962e-02  -7.8647605e-02  -4.0210297e-04   1.2408186e-03  -1.1246732e-03   1.8389169e-04   6.8642819e-03   6.1854458e-03   1.6168680e-07   1.5396308e-06   1.2648898e-06   2.0128624e-02  -1.5213511e-02  -1.5438315e-02   8.0860400e-06   7.4001700e-05  -9.0553200e-05   4.0516149e-04   2.3145092e-04   2.3834157e-04   6.5384043e-11   5.4762516e-09   8.1998820e-09
   1.0000000e+00   1.8201387e-02  -8.3382417e-02  -7.0021091e-02  -1.6042270e-04   1.3384202e-03  -1.3779769e-03   3.3129049e-04   6.9526275e-03   4.9029532e-03   2.5735443e-08   1.7913686e-06   1.8988203e-06   4.6407200e-03  -5.3145500e-04   8.6265140e-03   2.4168027e-04   9.7601600e-05  -2.5330370e-04   2.1536282e-05   2.8244442e-07   7.4416744e-05   5.8409353e-08   9.5260723e-09   6.4162764e-08
   1.0000000e+00   1.9343764e-02  -1.2510576e-01  -4.5817634e-02  -6.2261530e-04   1.2518251e-03  -1.4107143e-03   3.7418121e-04   1.5651451e-02   2.0992556e-03   3.8764981e-07   1.5670661e-06   1.9901148e-06   1.1423770e-03  -4.1723343e-02   2.4203457e-02  -4.6219260e-04  -8.6595100e-05  -3.2737400e-05   1.3050252e-06   1.7408374e-03   5.8580733e-04   2.1362200e-07   7.4987113e-09   1.0717374e-09
   1.0000000e+00   3.3775118e-02  -1.3154515e-01  -7.7703517e-02   3.1942687e-05   1.0079817e-03  -9.4753515e-04   1.1407586e-03   1.7304126e-02   6.0378366e-03   1.0203353e-09   1.0160271e-06   8.9782286e-07   1.4431354e-02  -6.4393900e-03  -3.1885883e-02   6.5455799e-04  -2.4384340e-04   4.6317915e-04   2.0826398e-04   4.1465744e-05   1.0167095e-03   4.2844616e-07   5.9459604e-08   2.1453492e-07
   1.0000000e+00   4.5440609e-02  -1.1952923e-01  -5.4667065e-02  -5.8379247e-04   1.0967411e-03  -9.1180141e-04   2.0648489e-03   1.4287237e-02   2.9884880e-03   3.4081365e-07   1.2028410e-06   8.3138181e-07   1.1665491e-02   1.2015920e-02   2.3036452e-02  -6.1573516e-04   8.8759400e-05   3.5733740e-05   1.3608368e-04   1.4438233e-04   5.3067812e-04   3.7912978e-07   7.8782311e-09   1.2769002e-09
   1.0000000e+00   1.9103803e-02  -1.4146969e-01  -1.0555945e-01  -1.0370131e-04   8.4882645e-04  -1.4943238e-03   3.6495529e-04   2.0013673e-02   1.1142797e-02   1.0753962e-08   7.2050634e-07   2.2330036e-06  -2.6336806e-02  -2.1940460e-02  -5.0892385e-02   4.8009116e-04  -2.4791465e-04  -5.8252239e-04   6.9362735e-04   4.8138379e-04   2.5900349e-03   2.3048752e-07   6.1461674e-08   3.3933233e-07
   1.0000000e+00   2.4114304e-02  -1.6254508e-01  -6.5520153e-02  -1.0633218e-03   1.2121620e-03  -1.3797549e-03   5.8149966e-04   2.6420903e-02   4.2928904e-03   1.1306533e-06   1.4693367e-06   1.9037236e-06   5.0105010e-03  -2.1075390e-02   4.0039297e-02  -9.5962049e-04   3.6333555e-04   1.1456890e-04   2.5105120e-05   4.4417206e-04   1.6031453e-03   9.2087148e-07   1.3201272e-07   1.3126033e-08
   1.0000000e+00  -6.2126103e-04  -1.4699964e-01  -4.8735128e-02  -4.5231966e-04   1.2996715e-03  -1.5959376e-03   3.8596527e-07   2.1608894e-02   2.3751127e-03   2.0459307e-07   1.6891460e-06   2.5470168e-06  -2.4735565e-02   1.5545440e-02   1.6785025e-02   6.1100214e-04   8.7509500e-05  -2.1618270e-04   6.1184818e-04   2.4166070e-04   2.8173706e-04   3.7332362e-07   7.6579126e-09   4.6734960e-08
   1.0000000e+00   1.1188275e-02  -2.2416186e-01  -1.2629992e-01  -4.6474212e-04   1.7946701e-03  -2.0849063e-03   1.2517750e-04   5.0248539e-02   1.5951670e-02   2.1598524e-07   3.2208408e-06   4.3468343e-06   1.1809536e-02  -7.7162220e-02  -7.7564792e-02  -1.2422460e-05   4.9499860e-04  -4.8896870e-04   1.3946514e-04   5.9540082e-03   6.0162970e-03   1.5431751e-10   2.4502361e-07   2.3909039e-07
   1.0000000e+00  -2.4151051e-02  -3.3457870e-01  -7.2537018e-02  -1.8872056e-03   1.6660691e-03  -2.1851324e-03   5.8327326e-04   1.1194291e-01   5.2616190e-03   3.5615450e-06   2.7757862e-06   4.7748036e-06  -3.5339326e-02  -1.1041684e-01   5.3762902e-02  -1.4224635e-03  -1.2860100e-04  -1.0022610e-04   1.2488680e-03   1.2191879e-02   2.8904496e-03   2.0234024e-06   1.6538217e-08   1.0045271e-08
   1.0000000e+00  -6.5626227e-02  -2.2279306e-01  -8.0089813e-02  -3.8305803e-04   1.8218143e-03  -2.5675630e-03   4.3068017e-03   4.9636748e-02   6.4143781e-03   1.4673345e-07   3.3190073e-06   6.5923798e-06  -4.1475176e-02   1.1178564e-01  -7.5527950e-03   1.5041476e-03   1.5574520e-04  -3.8243060e-04   1.7201902e-03   1.2496029e-02   5.7044712e-05   2.2624599e-06   2.4256567e-08   1.4625316e-07
   1.0000000e+00  -8.4325172e-02  -2.2038701e-01  -1.3544114e-01  -2.6260278e-05   1.7273516e-03  -2.7198992e-03   7.1107346e-03   4.8570434e-02   1.8344302e-02   6.8960220e-10   2.9837436e-06   7.3978517e-06  -1.8698945e-02   2.4060500e-03  -5.5351327e-02   3.5679775e-04  -9.4462700e-05  -1.5233620e-04   3.4965054e-04   5.7890766e-06   3.0637694e-03   1.2730464e-07   8.9232017e-09   2.3206318e-08
   1.0000000e+00  -7.7555979e-02  -2.0442159e-01  -1.1792596e-01   3.4774688e-04   1.2776755e-03  -2.3348770e-03   6.0149299e-03   4.1788186e-02   1.3906532e-02   1.2092789e-07   1.6324547e-06   5.4516506e-06   6.7691930e-03   1.5965420e-02   1.7515180e-02   3.7400716e-04  -4.4967610e-04   3.8502220e-04   4.5821974e-05   2.5489464e-04   3.0678153e-04   1.3988135e-07   2.0220859e-07   1.4824209e-07
   1.0000000e+00  -5.9514262e-02  -1.7965104e-01  -9.8118923e-02  -6.6434949e-04   9.2503088e-04  -2.0607286e-03   3.5419474e-03   3.2274496e-02   9.6273231e-03   4.4136024e-07   8.5568213e-07   4.2466024e-06   1.8041717e-02   2.4770550e-02   1.9807037e-02  -1.0120964e-03  -3.5264462e-04   2.7414840e-04   3.2550355e-04   6.1358015e-04   3.9231871e-04   1.0243391e-06   1.2435823e-07   7.5157345e-08
   1.0000000e+00  -5.5668592e-02  -1.7464227e-01  -5.0989794e-02  -1.1671678e-03   1.1724459e-03  -2.1304251e-03   3.0989921e-03   3.0499922e-02   2.5999591e-03   1.3622807e-06   1.3746294e-06   4.5387111e-06   3.8456700e-03   5.0087700e-03   4.7129129e-02  -5.0281831e-04   2.4741502e-04  -6.9696500e-05   1.4789178e-05   2.5087777e-05   2.2211548e-03   2.5282625e-07   6.1214192e-08   4.8576021e-09
   1.0000000e+00  -5.5646335e-02  -1.7513352e-01  -8.6502209e-02  -1.2195606e-03   1.2984435e-03  -2.1286573e-03   3.0965146e-03   3.0671750e-02   7.4826322e-03   1.4873281e-06   1.6859555e-06   4.5311819e-06   2.2257000e-05  -4.9125000e-04  -3.5512415e-02  -5.2392800e-05   1.2599760e-04   1.7678000e-06   4.9537405e-10   2.4132656e-07   1.2611316e-03   2.7450055e-09   1.5875395e-08   3.1251168e-12
   1.0000000e+00  -5.3473598e-02  -1.4610555e-01  -8.5545968e-02  -7.4408024e-06   1.3157420e-03  -2.1613070e-03   2.8594257e-03   2.1346832e-02   7.3181126e-03   5.5365540e-11   1.7311770e-06   4.6712479e-06   2.1727370e-03   2.9027970e-02   9.5624100e-04   1.2121198e-03   1.7298500e-05  -3.2649700e-05   4.7207861e-06   8.4262304e-04   9.1439685e-07   1.4692344e-06   2.9923810e-10   1.0660029e-09
   1.0000000e+00  -4.5648657e-02  -1.9497518e-01  -1.0448895e-01  -6.9301461e-04   1.1798315e-03  -2.3847637e-03   2.0837999e-03   3.8015321e-02   1.0917941e-02   4.8026925e-07   1.3920024e-06   5.6870979e-06   7.8249410e-03  -4.8869630e-02  -1.8942982e-02  -6.8557381e-04  -1.3591050e-04  -2.2345670e-04   6.1229702e-05   2.3882407e-03   3.5883657e-04   4.7001145e-07   1.8471664e-08   4.9932897e-08
   1.0000000e+00  -3.8580633e-02  -2.4201049e-01  -8.1378114e-02  -1.1193213e-03   1.4620413e-03  -2.4911721e-03   1.4884652e-03   5.8569077e-02   6.6223974e-03   1.2528802e-06   2.1375648e-06   6.2059384e-06   7.0680240e-03  -4.7035310e-02   2.3110836e-02  -4.2630669e-04   2.8220980e-04  -1.0640840e-04   4.9956963e-05   2.2123204e-03   5.3411074e-04   1.8173739e-07   7.9642371e-08   1.1322748e-08
   1.0000000e+00  -8.1877282e-02  -2.5594266e-01  -1.1057866e-01  -8.6078234e-04   1.1557132e-03  -2.5448600e-03   6.7038893e-03   6.5506645e-02   1.2227640e-02   7.4094624e-07   1.3356730e-06   6.4763124e-06  -4.3296649e-02  -1.3932170e-02  -2.9200546e-02   2.5853896e-04  -3.0632810e-04  -5.3687900e-05   1.8745998e-03   1.9410536e-04   8.5267189e-04   6.6842394e-08   9.3836905e-08   2.8823906e-09
   1.0000000e+00  -9.5855337e-02  -1.6169340e-01  -1.2377568e-01   6.7217532e-05   1.3252009e-03  -2.5159464e-03   9.1882456e-03   2.6144756e-02   1.5320419e-02   4.5181966e-09   1.7561574e-06   6.3299863e-06  -1.3978055e-02   9.4249260e-02  -1.3197020e-02   9.2799987e-04   1.6948770e-04   2.8913600e-05   1.9538602e-04   8.8829230e-03   1.7416134e-04   8.6118376e-07   2.8726080e-08   8.3599626e-10
   1.0000000e+00  -7.2277672e-02  -1.7352543e-01  -9.2584730e-02  -8.2813013e-04   1.6523024e-03  -2.2965888e-03   5.2240619e-03   3.0111075e-02   8.5719322e-03   6.8579951e-07   2.7301032e-06   5.2743201e-06   2.3577665e-02  -1.1832030e-02   3.1190950e-02  -8.9534766e-04   3.2710150e-04   2.1935760e-04   5.5590629e-04   1.3999693e-04   9.7287536e-04   8.0164744e-07   1.0699539e-07   4.8117757e-08
   1.0000000e+00  -7.7708503e-02  -1.8030298e-01  -1.2716621e-01  -3.4381860e-04   1.5626689e-03  -2.3627762e-03   6.0386114e-03   3.2509165e-02   1.6171245e-02   1.1821123e-07   2.4419341e-06   5.5827114e-06  -5.4308310e-03  -6.7775500e-03  -3.4581480e-02   4.8431153e-04  -8.9633500e-05  -6.6187400e-05   2.9493925e-05   4.5935184e-05   1.1958788e-03   2.3455766e-07   8.0341643e-09   4.3807719e-09
   1.0000000e+00  -1.7513302e-02  -1.6555985e-01  -1.1052431e-01   3.9279568e-04   1.2960453e-03  -1.4311036e-03   3.0671575e-04   2.7410064e-02   1.2215623e-02   1.5428845e-07   1.6797334e-06   2.0480575e-06   6.0195201e-02   1.4743130e-02   1.6641900e-02   7.3661428e-04  -2.6662360e-04   9.3167260e-04   3.6234622e-03   2.1735988e-04   2.7695284e-04   5.4260060e-07   7.1088144e-08   8.6801383e-07
   1.0000000e+00  -4.4227055e-02  -2.1871732e-01  -9.8822519e-02  -6.7799099e-04   1.2163156e-03  -1.8951536e-03   1.9560324e-03   4.7837266e-02   9.7658903e-03   4.5967178e-07   1.4794236e-06   3.5916072e-06  -2.6713753e-02  -5.3157470e-02   1.1701791e-02  -1.0707867e-03  -7.9729700e-05  -4.6405000e-04   7.1362460e-04   2.8257166e-03   1.3693191e-04   1.1465841e-06   6.3568251e-09   2.1534240e-07
   1.0000000e+00  -4.9242338e-02  -2.1207300e-01  -1.3025164e-01   4.4214694e-04   1.3756462e-03  -1.8115020e-03   2.4248079e-03   4.4974957e-02   1.6965490e-02   1.9549392e-07   1.8924025e-06   3.2815395e-06  -5.0152830e-03   6.6443200e-03  -3.1429121e-02   1.1201379e-03   1.5933060e-04   8.3651600e-05   2.5153064e-05   4.4146988e-05   9.8778965e-04   1.2547090e-06   2.5386240e-08   6.9975902e-09
   1.0000000e+00  -4.2868367e-02  -1.9546439e-01  -9.2788924e-02  -7.0194599e-04   1.3859004e-03  -1.8264255e-03   1.8376969e-03   3.8206328e-02   8.6097844e-03   4.9272817e-07   1.9207199e-06   3.3358301e-06   6.3739710e-03   1.6608610e-02   3.7462716e-02  -1.1440929e-03   1.0254200e-05  -1.4923500e-05   4.0627506e-05   2.7584593e-04   1.4034551e-03   1.3089486e-06   1.0514862e-10   2.2271085e-10
   1.0000000e+00  -2.3875075e-02  -2.1159022e-01  -5.8899125e-02  -1.0509582e-03   1.7229370e-03  -1.5361532e-03   5.7001921e-04   4.4770421e-02   3.4691069e-03   1.1045131e-06   2.9685119e-06   2.3597667e-06   1.8993292e-02  -1.6125830e-02   3.3889799e-02  -3.4901221e-04   3.3703660e-04   2.9027230e-04   3.6074514e-04   2.6004239e-04   1.1485185e-03   1.2180952e-07   1.1359367e-07   8.4258008e-08
   1.0000000e+00  -3.7925717e-02  -2.4847616e-01  -7.5455627e-02   4.0627566e-04   1.3014777e-03  -1.6493717e-03   1.4383600e-03   6.1740402e-02   5.6935516e-03   1.6505991e-07   1.6938442e-06   2.7204270e-06  -1.4050642e-02  -3.6885940e-02  -1.6556502e-02   1.4572339e-03  -4.2145930e-04  -1.1321850e-04   1.9742054e-04   1.3605726e-03   2.7411776e-04   2.1235305e-06   1.7762794e-07   1.2818429e-08
   1.0000000e+00  -4.5679054e-02  -3.1966255e-01  -1.4861707e-01   3.8120310e-04   7.8583675e-05  -2.3997628e-03   2.0865760e-03   1.0218415e-01   2.2087033e-02   1.4531580e-07   6.1753940e-09   5.7588615e-06  -7.7533370e-03  -7.1186390e-02  -7.3161443e-02  -2.5072560e-05  -1.2228940e-03  -7.5039110e-04   6.0114235e-05   5.0675021e-03   5.3525967e-03   6.2863326e-10   1.4954698e-06   5.6308680e-07
   1.0000000e+00  -7.5408879e-02  -2.7885118e-01  -2.3976772e-01   1.3343455e-03  -1.4378359e-04  -2.6610994e-03   5.6864990e-03   7.7757981e-02   5.7488560e-02   1.7804779e-06   2.0673721e-08   7.0814500e-06  -2.9729825e-02   4.0811370e-02  -9.1150650e-02   9.5314240e-04  -2.2236727e-04  -2.6133660e-04   8.8386249e-04   1.6655679e-03   8.3084410e-03   9.0848043e-07   4.9447201e-08   6.8296818e-08
   1.0000000e+00  -1.3002035e-01  -2.8965971e-01  -1.9491473e-01   6.3778445e-04   9.2184573e-04  -3.4208937e-03   1.6905291e-02   8.3902748e-02   3.7991752e-02   4.0676900e-07   8.4979955e-07   1.1702514e-05  -5.4611471e-02  -1.0808530e-02   4.4852990e-02  -6.9656105e-04   1.0656293e-03  -7.5979430e-04   2.9824128e-03   1.1682432e-04   2.0117907e-03   4.8519730e-07   1.1355658e-06   5.7728738e-07
   1.0000000e+00  -1.3483435e-01  -2.8698102e-01  -1.9486906e-01   7.3217727e-04   4.3575335e-04  -3.7062467e-03   1.8180302e-02   8.2358106e-02   3.7973951e-02   5.3608355e-07   1.8988098e-07   1.3736265e-05  -4.8140000e-03   2.6786900e-03   4.5670000e-05   9.4392820e-05  -4.8609238e-04  -2.8535300e-04   2.3174596e-05   7.1753801e-06   2.0857489e-09   8.9100045e-09   2.3628580e-07   8.1426335e-08
   1.0000000e+00  -1.0195434e-01  -2.1879116e-01  -2.1127180e-01   1.4762046e-03   8.2172614e-04  -2.8227154e-03   1.0394687e-02   4.7869572e-02   4.4635773e-02   2.1791800e-06   6.7523385e-07   7.9677222e-06   3.2880010e-02   6.8189860e-02  -1.6402740e-02   7.4402733e-04   3.8597279e-04   8.8353130e-04   1.0810951e-03   4.6498570e-03   2.6904988e-04   5.5357667e-07   1.4897499e-07   7.8062756e-07
   1.0000000e+00  -9.8868822e-02  -2.2730507e-01  -1.1717740e-01   3.6944781e-05   9.2504640e-04  -2.7406206e-03   9.7750440e-03   5.1667595e-02   1.3730543e-02   1.3649168e-09   8.5571084e-07   7.5110013e-06   3.0855180e-03  -8.5139100e-03   9.4094400e-02  -1.4392598e-03   1.0332026e-04   8.2094800e-05   9.5204213e-06   7.2486663e-05   8.8537561e-03   2.0714688e-06   1.0675076e-08   6.7395562e-09
   1.0000000e+00  -8.7034234e-02  -2.6414020e-01  -7.1361017e-02  -2.0084653e-03   6.8754455e-04  -2.8058009e-03   7.5749579e-03   6.9770045e-02   5.0923947e-03   4.0339329e-06   4.7271751e-07   7.8725187e-06   1.1834588e-02  -3.6835130e-02   4.5816383e-02  -2.0454101e-03  -2.3750185e-04  -6.5180300e-05   1.4005747e-04   1.3568268e-03   2.0991410e-03   4.1837024e-06   5.6407129e-08   4.2484715e-09
   1.0000000e+00  -7.3239460e-02  -3.0204493e-01  -1.7757251e-01   1.0393924e-03   6.4702234e-04  -2.7876052e-03   5.3640185e-03   9.1231140e-02   3.1531996e-02   1.0803366e-06   4.1863791e-07   7.7707428e-06   1.3794774e-02  -3.7904730e-02  -1.0621149e-01   3.0478577e-03  -4.0522210e-05   1.8195700e-05   1.9029579e-04   1.4367686e-03   1.1280881e-02   9.2894366e-06   1.6420495e-09   3.3108350e-10
   1.0000000e+00  -9.4441730e-02  -3.0672900e-01  -1.1720314e-01  -1.7495954e-03   8.2547017e-04  -3.2296607e-03   8.9192404e-03   9.4082679e-02   1.3736576e-02   3.0610841e-06   6.8140100e-07   1.0430708e-05  -2.1202270e-02  -4.6840700e-03   6.0369370e-02  -2.7889878e-03   1.7844783e-04  -4.4205550e-04   4.4953625e-04   2.1940512e-05   3.6444608e-03   7.7784529e-06   3.1843628e-08   1.9541307e-07
   1.0000000e+00  -5.1541049e-02  -2.7099555e-01  -1.8356928e-01  -1.0666520e-05   1.2412934e-03  -2.6251620e-03   2.6564797e-03   7.3438588e-02   3.3697681e-02   1.1377465e-10   1.5408093e-06   6.8914755e-06   4.2900681e-02   3.5733450e-02  -6.6366140e-02   1.7389289e-03   4.1582323e-04   6.0449870e-04   1.8404684e-03   1.2768794e-03   4.4044645e-03   3.0238736e-06   1.7290896e-07   3.6541868e-07
   1.0000000e+00  -7.0733688e-02  -2.7029658e-01  -1.4486654e-01  -1.0155352e-03   1.0191285e-03  -2.5396346e-03   5.0032546e-03   7.3060241e-02   2.0986314e-02   1.0313117e-06   1.0386229e-06   6.4497439e-06  -1.9192639e-02   6.9897000e-04   3.8702740e-02  -1.0048687e-03  -2.2216490e-04   8.5527400e-05   3.6835739e-04   4.8855906e-07   1.4979021e-03   1.0097611e-06   4.9357243e-08   7.3149362e-09
   1.0000000e+00  -5.1705607e-02  -2.8216516e-01  -1.3463171e-01  -1.2443295e-03   1.0173155e-03  -2.5172816e-03   2.6734698e-03   7.9617178e-02   1.8125697e-02   1.5483559e-06   1.0349308e-06   6.3367067e-06   1.9028081e-02  -1.1868580e-02   1.0234830e-02  -2.2879430e-04  -1.8130000e-06   2.2353000e-05   3.6206787e-04   1.4086319e-04   1.0475175e-04   5.2346832e-08   3.2869690e-12   4.9965661e-10
   1.0000000e+00  -3.1748959e-02  -2.5370605e-01  -1.2418441e-01  -1.9685948e-03   8.0148710e-04  -2.1980598e-03   1.0079964e-03   6.4366760e-02   1.5421768e-02   3.8753655e-06   6.4238157e-07   4.8314669e-06   1.9956648e-02   2.8459110e-02   1.0447300e-02  -7.2426530e-04  -2.1582840e-04   3.1922180e-04   3.9826780e-04   8.0992094e-04   1.0914608e-04   5.2456022e-07   4.6581898e-08   1.0190256e-07
   1.0000000e+00  -5.6457409e-02  -2.4370314e-01  -1.3830433e-01  -1.7391870e-03   7.5876148e-04  -2.7114962e-03   3.1874390e-03   5.9391220e-02   1.9128088e-02   3.0247714e-06   5.7571898e-07   7.3522116e-06  -2.4708450e-02   1.0002910e-02  -1.4119920e-02   2.2940780e-04  -4.2725620e-05  -5.1343640e-04   6.1050750e-04   1.0005821e-04   1.9937214e-04   5.2627939e-08   1.8254786e-09   2.6361694e-07
   1.0000000e+00  -5.0865183e-02  -2.5273279e-01  -1.6329063e-01  -1.6975030e-03   7.6638590e-04  -2.5343997e-03   2.5872668e-03   6.3873863e-02   2.6663830e-02   2.8815164e-06   5.8734735e-07   6.4231818e-06   5.5922260e-03  -9.0296500e-03  -2.4986300e-02   4.1684000e-05   7.6244200e-06   1.7709650e-04   3.1272992e-05   8.1534579e-05   6.2431519e-04   1.7375559e-09   5.8131780e-11   3.1363170e-08
   1.0000000e+00  -6.7008390e-02  -2.5620901e-01  -2.0261803e-01  -6.4646973e-04   4.6544153e-04  -2.7735033e-03   4.4901243e-03   6.5643057e-02   4.1054066e-02   4.1792311e-07   2.1663582e-07   7.6923206e-06  -1.6143207e-02  -3.4762200e-03  -3.9327400e-02   1.0510333e-03  -3.0094437e-04  -2.3910360e-04   2.6060313e-04   1.2084105e-05   1.5466444e-03   1.1046709e-06   9.0567514e-08   5.7170532e-08
   1.0000000e+00  -6.7289708e-02  -2.6428867e-01  -1.9005152e-01  -1.6021099e-03   7.7369507e-04  -2.8087422e-03   4.5279048e-03   6.9848501e-02   3.6119580e-02   2.5667561e-06   5.9860406e-07   7.8890327e-06  -2.8131800e-04  -8.0796600e-03   1.2566510e-02  -9.5564017e-04   3.0825354e-04  -3.5238900e-05   7.9139817e-08   6.5280906e-05   1.5791717e-04   9.1324813e-07   9.5020245e-08   1.2417801e-09
   1.0000000e+00  -5.0668448e-02  -2.3129800e-01  -2.2250381e-01   1.8372801e-04   7.8213794e-04  -2.2771981e-03   2.5672916e-03   5.3498765e-02   4.9507945e-02   3.3755982e-08   6.1173976e-07   5.1856312e-06   1.6621260e-02   3.2990670e-02  -3.2452290e-02   1.7858379e-03   8.4428700e-06   5.3154410e-04   2.7626628e-04   1.0883843e-03   1.0531511e-03   3.1892170e-06   7.1282054e-11   2.8253913e-07
   1.0000000e+00  -3.9788355e-02  -2.1371591e-01  -1.8110585e-01  -2.1092134e-04   6.5377226e-04  -2.0308815e-03   1.5831132e-03   4.5674490e-02   3.2799329e-02   4.4487812e-08   4.2741817e-07   4.1244797e-06   1.0880093e-02   1.7582090e-02   4.1397960e-02  -3.9464935e-04  -1.2836568e-04   2.4631660e-04   1.1837642e-04   3.0912989e-04   1.7137911e-03   1.5574811e-07   1.6477748e-08   6.0671867e-08
   1.0000000e+00  -4.5680935e-02  -2.3765713e-01  -1.5564794e-01  -6.9871411e-04   7.6123040e-04  -2.1419323e-03   2.0867478e-03   5.6480911e-02   2.4226281e-02   4.8820141e-07   5.7947172e-07   4.5878740e-06  -5.8925800e-03  -2.3941220e-02   2.5457910e-02  -4.8779277e-04   1.0745814e-04  -1.1105080e-04   3.4722499e-05   5.7318202e-04   6.4810518e-04   2.3794179e-07   1.1547252e-08   1.2332280e-08
   1.0000000e+00   3.7375532e-02  -2.2618101e-01  -1.7405456e-01  -1.7033928e-04   1.4379820e-03  -1.0291049e-03   1.3969304e-03   5.1157849e-02   3.0294990e-02   2.9015470e-08   2.0677922e-06   1.0590569e-06   8.3056467e-02   1.1476120e-02  -1.8406620e-02   5.2837483e-04   6.7675160e-04   1.1128274e-03   6.8983767e-03   1.3170133e-04   3.3880366e-04   2.7917996e-07   4.5799273e-07   1.2383848e-06
   1.0000000e+00   4.7984109e-02  -2.4093050e-01  -2.0357271e-01   2.5034828e-04   2.0465215e-03  -1.2217074e-03   2.3024747e-03   5.8047506e-02   4.1441848e-02   6.2674261e-08   4.1882502e-06   1.4925690e-06   1.0608577e-02  -1.4749490e-02  -2.9518150e-02   4.2068756e-04   6.0853950e-04  -1.9260250e-04   1.1254191e-04   2.1754746e-04   8.7132118e-04   1.7697802e-07   3.7032032e-07   3.7095723e-08
   1.0000000e+00   5.4941133e-02  -2.7699746e-01  -1.2340993e-01  -1.8337442e-03   1.8160562e-03  -1.4151927e-03   3.0185281e-03   7.6727593e-02   1.5230011e-02   3.3626178e-06   3.2980601e-06   2.0027704e-06   6.9570240e-03  -3.6066960e-02   8.0162780e-02  -2.0840925e-03  -2.3046530e-04  -1.9348530e-04   4.8400183e-05   1.3008256e-03   6.4260713e-03   4.3434415e-06   5.3114255e-08   3.7436561e-08
   1.0000000e+00   5.1485573e-02  -2.5839963e-01  -1.5635877e-01  -1.0105819e-03   1.6408972e-03  -1.2181230e-03   2.6507642e-03   6.6770369e-02   2.4448065e-02   1.0212758e-06   2.6925436e-06   1.4838236e-06  -3.4555600e-03   1.8597830e-02  -3.2948840e-02   8.2316230e-04  -1.7515900e-04   1.9706970e-04   1.1940895e-05   3.4587928e-04   1.0856261e-03   6.7759617e-07   3.0680675e-08   3.8836467e-08
   1.0000000e+00   4.3828081e-02  -2.7553782e-01  -1.0881131e-01  -1.9224555e-03   1.7942761e-03  -1.5097816e-03   1.9209007e-03   7.5921090e-02   1.1839901e-02   3.6958351e-06   3.2194267e-06   2.2794405e-06  -7.6574920e-03  -1.7138190e-02   4.7547460e-02  -9.1187360e-04   1.5337890e-04  -2.9165860e-04   5.8637184e-05   2.9371756e-04   2.2607610e-03   8.3151346e-07   2.3525087e-08   8.5064739e-08
   1.0000000e+00   1.9656066e-02  -3.0000076e-01  -1.1153618e-01  -1.9416741e-03   1.9430056e-03  -2.0288284e-03   3.8636093e-04   9.0000456e-02   1.2440319e-02   3.7700983e-06   3.7752708e-06   4.1161447e-06  -2.4172015e-02  -2.4462940e-02  -2.7248700e-03  -1.9218600e-05   1.4872950e-04  -5.1904680e-04   5.8428631e-04   5.9843543e-04   7.4249165e-06   3.6935459e-10   2.2120464e-08   2.6940958e-07
   1.0000000e+00   3.8551657e-02  -2.9592155e-01  -1.1247022e-01  -2.3275425e-03   1.6150384e-03  -1.2556087e-03   1.4862303e-03   8.7569564e-02   1.2649550e-02   5.4174541e-06   2.6083490e-06   1.5765532e-06   1.8895591e-02   4.0792100e-03  -9.3404000e-04  -3.8586840e-04  -3.2796720e-04   7.7321970e-04   3.5704336e-04   1.6639954e-05   8.7243072e-07   1.4889442e-07   1.0756248e-07   5.9786870e-07
   1.0000000e+00   2.9752121e-02  -2.8598887e-01  -2.0081612e-01  -6.2898218e-04   1.5508210e-03  -1.4928308e-03   8.8518870e-04   8.1789634e-02   4.0327114e-02   3.9561858e-07   2.4050458e-06   2.2285438e-06  -8.7995360e-03   9.9326800e-03  -8.8345900e-02   1.6985603e-03  -6.4217400e-05  -2.3722210e-04   7.7431834e-05   9.8658132e-05   7.8049980e-03   2.8851072e-06   4.1238745e-09   5.6274325e-08
   1.0000000e+00   7.3179263e-03  -2.9735450e-01  -2.0347814e-01  -8.7539118e-04   1.7468722e-03  -2.1076392e-03   5.3552045e-05   8.8419699e-02   4.1403353e-02   7.6630972e-07   3.0515625e-06   4.4421430e-06  -2.2434195e-02  -1.1365630e-02  -2.6620200e-03  -2.4640900e-04   1.9605120e-04  -6.1480840e-04   5.0329309e-04   1.2917755e-04   7.0863505e-06   6.0717395e-08   3.8436073e-08   3.7798937e-07
   1.0000000e+00   2.4024543e-02  -2.8720782e-01  -2.4027336e-01  -7.5067085e-04   1.5839429e-03  -2.0002090e-03   5.7717867e-04   8.2488332e-02   5.7731288e-02   5.6350673e-07   2.5088751e-06   4.0008360e-06   1.6706617e-02   1.0146680e-02  -3.6795220e-02   1.2472033e-04  -1.6292930e-04   1.0743020e-04   2.7911104e-04   1.0295512e-04   1.3538882e-03   1.5555161e-08   2.6545957e-08   1.1541248e-08
   1.0000000e+00   3.5655277e-02  -2.9770020e-01  -1.6324748e-01  -1.8828938e-03   1.5258782e-03  -1.5738288e-03   1.2712988e-03   8.8625409e-02   2.6649740e-02   3.5452891e-06   2.3283043e-06   2.4769371e-06   1.1630734e-02  -1.0492380e-02   7.7025880e-02  -1.1322229e-03  -5.8064700e-05   4.2638020e-04   1.3527397e-04   1.1009004e-04   5.9329862e-03   1.2819288e-06   3.3715094e-09   1.8180007e-07
   1.0000000e+00   5.2581637e-02  -3.1904485e-01  -2.0616425e-01  -3.3078756e-03   1.4487210e-03  -1.5688317e-03   2.7648285e-03   1.0178962e-01   4.2503698e-02   1.0942041e-05   2.0987925e-06   2.4612329e-06   1.6926360e-02  -2.1344650e-02  -4.2916770e-02  -1.4249818e-03  -7.7157200e-05   4.9971000e-06   2.8650166e-04   4.5559408e-04   1.8418491e-03   2.0305731e-06   5.9532335e-09   2.4971008e-11
   1.0000000e+00  -1.2413132e-02  -3.1880025e-01  -2.8605877e-01  -8.6646166e-04   1.7208838e-03  -1.5623366e-03   1.5408585e-04   1.0163360e-01   8.1829620e-02   7.5075581e-07   2.9614411e-06   2.4408957e-06  -6.4994769e-02   2.4460000e-04  -7.9894520e-02   2.4414139e-03   2.7216280e-04   6.4951000e-06   4.2243200e-03   5.9829160e-08   6.3831343e-03   5.9605020e-06   7.4072590e-08   4.2186324e-11
   1.0000000e+00  -3.8425379e-02  -3.2589271e-01  -2.9395561e-01  -7.7523986e-05   2.0883372e-03  -1.7988872e-03   1.4765098e-03   1.0620606e-01   8.6409901e-02   6.0099684e-09   4.3611523e-06   3.2359952e-06  -2.6012247e-02  -7.0924600e-03  -7.8968400e-03   7.8893767e-04   3.6745340e-04  -2.3655060e-04   6.7663699e-04   5.0302989e-05   6.2360082e-05   6.2242265e-07   1.3502200e-07   5.5956186e-08
   1.0000000e+00   5.0908473e-03  -3.3652631e-01  -2.7807014e-01  -7.4004740e-04   2.4228721e-03  -2.1598189e-03   2.5916726e-05   1.1324996e-01   7.7323003e-02   5.4767015e-07   5.8703092e-06   4.6648177e-06   4.3516226e-02  -1.0633600e-02   1.5885470e-02  -6.6252341e-04   3.3453490e-04  -3.6093170e-04   1.8936620e-03   1.1307345e-04   2.5234816e-04   4.3893727e-07   1.1191360e-07   1.3027169e-07
   1.0000000e+00   1.8232809e-02  -3.2404153e-01  -2.4595552e-01  -1.4050352e-03   2.2691979e-03  -1.2611759e-03   3.3243532e-04   1.0500291e-01   6.0494118e-02   1.9741239e-06   5.1492591e-06   1.5905647e-06   1.3141962e-02   1.2484780e-02   3.2114620e-02  -6.6498780e-04  -1.5367420e-04   8.9864300e-04   1.7271116e-04   1.5586973e-04   1.0313488e-03   4.4220877e-07   2.3615760e-08   8.0755924e-07
   1.0000000e+00  -2.8267867e-03  -3.3764966e-01  -1.8333060e-01  -2.2424369e-03   2.4522319e-03  -2.3532820e-03   7.9907230e-06   1.1400729e-01   3.3610109e-02   5.0285233e-06   6.0134413e-06   5.5379362e-06  -2.1059596e-02  -1.3608130e-02   6.2624920e-02  -8.3740170e-04   1.8303400e-04  -1.0921061e-03   4.4350657e-04   1.8518120e-04   3.9218806e-03   7.0124161e-07   3.3501445e-08   1.1926957e-06
   1.0000000e+00   1.8408085e-02  -3.1570871e-01  -2.1453149e-01  -1.9116083e-03   2.1798337e-03  -1.9637969e-03   3.3885759e-04   9.9671990e-02   4.6023760e-02   3.6542463e-06   4.7516750e-06   3.8564983e-06   2.1234872e-02   2.1940950e-02  -3.1200890e-02   3.3082860e-04  -2.7239820e-04   3.8948510e-04   4.5091978e-04   4.8140529e-04   9.7349554e-04   1.0944756e-07   7.4200779e-08   1.5169864e-07
   1.0000000e+00  -9.4426949e-03  -3.2857379e-01  -2.3884875e-01  -4.8599873e-04   2.0012146e-03  -2.0739235e-03   8.9164487e-05   1.0796074e-01   5.7048725e-02   2.3619477e-07   4.0048599e-06   4.3011587e-06  -2.7850780e-02  -1.2865080e-02  -2.4317260e-02   1.4256096e-03  -1.7861910e-04  -1.1012660e-04   7.7566594e-04   1.6551028e-04   5.9132913e-04   2.0323626e-06   3.1904783e-08   1.2127868e-08
   1.0000000e+00   3.0294179e-02  -3.5529062e-01  -3.3139114e-01  -5.7697168e-04   2.3821711e-03  -2.4868441e-03   9.1773728e-04   1.2623142e-01   1.0982009e-01   3.3289632e-07   5.6747391e-06   6.1843936e-06   3.9736874e-02  -2.6716830e-02  -9.2542390e-02  -9.0972950e-05   3.8095650e-04  -4.1292060e-04   1.5790191e-03   7.1378901e-04   8.5640939e-03   8.2760776e-09   1.4512785e-07   1.7050342e-07
   1.0000000e+00  -9.6492268e-02  -3.7434711e-01  -3.5806713e-01   4.0472942e-07   1.5047661e-03  -2.7527369e-03   9.3107578e-03   1.4013576e-01   1.2821207e-01   1.6380590e-13   2.2643210e-06   7.5775604e-06  -1.2678645e-01  -1.9056490e-02  -2.6675990e-02   5.7737641e-04  -8.7740500e-04  -2.6589280e-04   1.6074803e-02   3.6314981e-04   7.1160844e-04   3.3336352e-07   7.6983953e-07   7.0698981e-08
   1.0000000e+00  -7.8537338e-02  -3.6746103e-01  -3.1575416e-01  -1.1232162e-03   1.7565074e-03  -3.1392873e-03   6.1681135e-03   1.3502761e-01   9.9700690e-02   1.2616146e-06   3.0853182e-06   9.8551248e-06   1.7954930e-02   6.8860800e-03   4.2312970e-02  -1.1236209e-03   2.5174130e-04  -3.8655040e-04   3.2237951e-04   4.7418098e-05   1.7903874e-03   1.2625240e-06   6.3373682e-08   1.4942121e-07
   1.0000000e+00  -5.8196012e-02  -3.2101769e-01  -3.1729057e-01  -8.4932935e-04   1.9879436e-03  -1.8838936e-03   3.3867758e-03   1.0305236e-01   1.0067331e-01   7.2136034e-07   3.9519198e-06   3.5490551e-06   2.0341326e-02   4.6443340e-02  -1.5364100e-03   2.7388685e-04   2.3143620e-04   1.2553937e-03   4.1376954e-04   2.1569838e-03   2.3605557e-06   7.5014007e-08   5.3562715e-08   1.5760133e-06
   1.0000000e+00  -9.4454692e-02  -3.5228261e-01  -2.5468182e-01  -1.5455585e-03   1.7915039e-03  -2.8060674e-03   8.9216888e-03   1.2410304e-01   6.4862829e-02   2.3887511e-06   3.2094862e-06   7.8740143e-06  -3.6258680e-02  -3.1264920e-02   6.2608750e-02  -6.9622915e-04  -1.9643970e-04  -9.2217380e-04   1.3146919e-03   9.7749522e-04   3.9198556e-03   4.8473503e-07   3.8588556e-08   8.5040452e-07
   1.0000000e+00  -9.1019351e-02  -3.5952656e-01  -2.8622829e-01  -6.8376214e-04   1.7971150e-03  -2.8367833e-03   8.2845223e-03   1.2925935e-01   8.1926634e-02   4.6753066e-07   3.2296223e-06   8.0473395e-06   3.4353410e-03  -7.2439500e-03  -3.1546470e-02   8.6179636e-04   5.6111000e-06  -3.0715900e-05   1.1801568e-05   5.2474812e-05   9.9517977e-04   7.4269297e-07   3.1484443e-11   9.4346651e-10
   1.0000000e+00  -7.3378117e-02  -3.4890123e-01  -2.6770673e-01  -6.1866709e-04   1.7733356e-03  -2.7353375e-03   5.3843481e-03   1.2173207e-01   7.1666893e-02   3.8274897e-07   3.1447192e-06   7.4820712e-06   1.7641234e-02   1.0625330e-02   1.8521560e-02   6.5095050e-05  -2.3779400e-05   1.0144580e-04   3.1121314e-04   1.1289764e-04   3.4304818e-04   4.2373655e-09   5.6545986e-10   1.0291250e-08
   1.0000000e+00  -3.5436760e-02  -3.6515796e-01  -2.5704207e-01  -1.6536667e-03   1.7501560e-03  -2.2210472e-03   1.2557640e-03   1.3334034e-01   6.6070626e-02   2.7346136e-06   3.0630460e-06   4.9330507e-06   3.7941357e-02  -1.6256730e-02   1.0664660e-02  -1.0349996e-03  -2.3179600e-05   5.1429030e-04   1.4395466e-03   2.6428127e-04   1.1373497e-04   1.0712242e-06   5.3729386e-10   2.6449451e-07
   1.0000000e+00  -4.4913502e-02  -3.6596950e-01  -2.9542728e-01  -8.3637219e-04   1.8884654e-03  -2.5794967e-03   2.0172227e-03   1.3393367e-01   8.7277278e-02   6.9951844e-07   3.5663016e-06   6.6538032e-06  -9.4767420e-03  -8.1154000e-04  -3.8385210e-02   8.1729451e-04   1.3830940e-04  -3.5844950e-04   8.9808639e-05   6.5859717e-07   1.4734243e-03   6.6797032e-07   1.9129490e-08   1.2848604e-07
   1.0000000e+00  -6.8766433e-02  -3.6933974e-01  -2.9191177e-01  -1.2725271e-03   1.6464214e-03  -2.3373058e-03   4.7288223e-03   1.3641184e-01   8.5212481e-02   1.6193252e-06   2.7107034e-06   5.4629984e-06  -2.3852931e-02  -3.3702400e-03   3.5155100e-03  -4.3615491e-04  -2.4204400e-04   2.4219090e-04   5.6896232e-04   1.1358518e-05   1.2358811e-05   1.9023111e-07   5.8585298e-08   5.8656432e-08
   1.0000000e+00  -9.2351075e-02  -3.7554453e-01  -2.5018164e-01  -1.4751233e-03   1.6179010e-03  -3.1976704e-03   8.5287211e-03   1.4103369e-01   6.2590853e-02   2.1759888e-06   2.6176036e-06   1.0225096e-05  -2.3584642e-02  -6.2047900e-03   4.1730130e-02  -2.0259620e-04  -2.8520400e-05  -8.6036460e-04   5.5623534e-04   3.8499419e-05   1.7414037e-03   4.1045220e-08   8.1341322e-10   7.4022724e-07
   1.0000000e+00  -1.0858649e-01  -3.6506897e-01  -2.8241030e-01  -7.0392631e-04   1.7229465e-03  -3.0866410e-03   1.1791026e-02   1.3327535e-01   7.9755578e-02   4.9551225e-07   2.9685446e-06   9.5273527e-06  -1.6235415e-02   1.0475560e-02  -3.2228660e-02   7.7119699e-04   1.0504550e-04   1.1102940e-04   2.6358870e-04   1.0973736e-04   1.0386865e-03   5.9474480e-07   1.1034557e-08   1.2327528e-08
   1.0000000e+00  -1.0574509e-01  -3.4587668e-01  -3.0746916e-01  -6.1050602e-04   1.9337507e-03  -3.1001641e-03   1.1182024e-02   1.1963068e-01   9.4537284e-02   3.7271760e-07   3.7393918e-06   9.6110174e-06   2.8414000e-03   1.9192290e-02  -2.5058860e-02   9.3420290e-05   2.1080420e-04  -1.3523100e-05   8.0735540e-06   3.6834400e-04   6.2794646e-04   8.7273506e-09   4.4438411e-08   1.8287423e-10
   1.0000000e+00  -7.8145015e-02  -3.6029910e-01  -3.1784735e-01  -1.0363568e-03   1.4311298e-03  -2.7675675e-03   6.1066434e-03   1.2981544e-01   1.0102694e-01   1.0740354e-06   2.0481325e-06   7.6594299e-06   2.7600075e-02  -1.4422420e-02  -1.0378190e-02  -4.2585078e-04  -5.0262090e-04   3.3259660e-04   7.6176414e-04   2.0800620e-04   1.0770683e-04   1.8134889e-07   2.5262777e-07   1.1062050e-07
   1.0000000e+00  -9.4742923e-02  -3.4224683e-01  -3.2805638e-01  -9.5831652e-05   1.6425281e-03  -2.9516498e-03   8.9762215e-03   1.1713289e-01   1.0762099e-01   9.1837055e-09   2.6978986e-06   8.7122365e-06  -1.6597908e-02   1.8052270e-02  -1.0209030e-02   9.4052515e-04   2.1139830e-04  -1.8408230e-04   2.7549055e-04   3.2588445e-04   1.0422429e-04   8.8458755e-07   4.4689241e-08   3.3886293e-08
   1.0000000e+00  -9.8977816e-02  -3.0483213e-01  -3.1784838e-01   3.1950769e-05   1.1974033e-03  -2.5733949e-03   9.7966081e-03   9.2922627e-02   1.0102759e-01   1.0208516e-09   1.4337747e-06   6.6223613e-06  -4.2348930e-03   3.7414700e-02   1.0208000e-02   1.2778242e-04  -4.4512480e-04   3.7825490e-04   1.7934319e-05   1.3998598e-03   1.0420326e-04   1.6328347e-08   1.9813609e-07   1.4307677e-07
   1.0000000e+00  -8.9530745e-02  -3.3470094e-01  -3.0571222e-01  -2.2141153e-04   1.7520455e-03  -2.9724311e-03   8.0157543e-03   1.1202472e-01   9.3459961e-02   4.9023066e-08   3.0696634e-06   8.8353466e-06   9.4470710e-03  -2.9868810e-02   1.2136160e-02  -2.5336230e-04   5.5464220e-04  -3.9903620e-04   8.9247150e-05   8.9214581e-04   1.4728638e-04   6.4192455e-08   3.0762797e-07   1.5922989e-07
   1.0000000e+00  -1.3206563e-01  -3.2332051e-01  -3.0733399e-01   2.1779590e-04   2.3930359e-03  -3.9221127e-03   1.7441331e-02   1.0453615e-01   9.4454181e-02   4.7435054e-08   5.7266208e-06   1.5382968e-05  -4.2534885e-02   1.1380430e-02  -1.6217700e-03   4.3920743e-04   6.4099040e-04  -9.4968160e-04   1.8092164e-03   1.2951419e-04   2.6301379e-06   1.9290317e-07   4.1086869e-07   9.0189514e-07
   1.0000000e+00  -9.5874012e-02  -3.6418065e-01  -2.7031798e-01  -9.7613524e-04   1.8430513e-03  -3.2389242e-03   9.1918262e-03   1.3262755e-01   7.3071810e-02   9.5284001e-07   3.3968381e-06   1.0490630e-05   3.6191618e-02  -4.0860140e-02   3.7016010e-02  -1.1939311e-03  -5.4998460e-04   6.8318850e-04   1.3098332e-03   1.6695510e-03   1.3701850e-03   1.4254716e-06   3.0248306e-07   4.6674653e-07
   1.0000000e+00  -6.7655910e-02  -3.7586569e-01  -2.6322894e-01  -2.4041849e-03   1.8719272e-03  -3.0474319e-03   4.5773222e-03   1.4127502e-01   6.9289475e-02   5.7801050e-06   3.5041114e-06   9.2868412e-06   2.8218102e-02  -1.1685040e-02   7.0890400e-03  -1.4280497e-03   2.8875900e-05   1.9149230e-04   7.9626128e-04   1.3654016e-04   5.0254488e-05   2.0393258e-06   8.3381760e-10   3.6669301e-08
   1.0000000e+00  -8.8564913e-02  -3.7829789e-01  -2.6716801e-01  -1.8356236e-03   2.0350976e-03  -3.3738356e-03   7.8437438e-03   1.4310929e-01   7.1378746e-02   3.3695140e-06   4.1416222e-06   1.1382767e-05  -2.0909003e-02  -2.4322000e-03  -3.9390700e-03   5.6856130e-04   1.6317040e-04  -3.2640370e-04   4.3718641e-04   5.9155968e-06   1.5516272e-05   3.2326195e-07   2.6624579e-08   1.0653938e-07
   1.0000000e+00  -7.8972305e-02  -3.8695357e-01  -3.0213908e-01  -1.2253181e-03   2.1278122e-03  -3.2341505e-03   6.2366250e-03   1.4973307e-01   9.1288024e-02   1.5014044e-06   4.5275848e-06   1.0459729e-05   9.5926080e-03  -8.6556800e-03  -3.4971070e-02   6.1030550e-04   9.2714600e-05   1.3968510e-04   9.2018128e-05   7.4920796e-05   1.2229757e-03   3.7247280e-07   8.5959971e-09   1.9511927e-08
   1.0000000e+00  -1.0396853e-01  -4.1040532e-01  -3.2102561e-01  -4.9371820e-04   2.1068515e-03  -3.5811443e-03   1.0809455e-02   1.6843253e-01   1.0305744e-01   2.4375766e-07   4.4388232e-06   1.2824594e-05  -2.4996225e-02  -2.3451750e-02  -1.8886530e-02   7.3159990e-04  -2.0960700e-05  -3.4699380e-04   6.2481126e-04   5.4998458e-04   3.5670102e-04   5.3523841e-07   4.3935094e-10   1.2040470e-07
   1.0000000e+00  -1.2115700e-01  -4.1074881e-01  -3.2549790e-01  -4.2386847e-04   1.8662902e-03  -3.6614666e-03   1.4679019e-02   1.6871458e-01   1.0594888e-01   1.7966448e-07   3.4830391e-06   1.3406338e-05  -1.7188470e-02  -3.4349000e-04  -4.4722900e-03   6.9849730e-05  -2.4056130e-04  -8.0322300e-05   2.9544350e-04   1.1798538e-07   2.0001378e-05   4.8789848e-09   5.7869739e-08   6.4516719e-09
   1.0000000e+00  -1.5264923e-01  -4.4168833e-01  -2.7804736e-01  -1.5884514e-03   2.0348478e-03  -4.1375453e-03   2.3301787e-02   1.9508858e-01   7.7310334e-02   2.5231779e-06   4.1406056e-06   1.7119281e-05  -3.1492230e-02  -3.0939520e-02   4.7450540e-02  -1.1645829e-03   1.6855760e-04  -4.7607870e-04   9.9176055e-04   9.5725390e-04   2.2515537e-03   1.3562534e-06   2.8411665e-08   2.2665093e-07
   1.0000000e+00  -1.5686792e-01  -4.3373922e-01  -3.1974949e-01  -1.2191643e-03   1.8419895e-03  -4.1135616e-03   2.4607544e-02   1.8812971e-01   1.0223974e-01   1.4863616e-06   3.3929253e-06   1.6921389e-05  -4.2186900e-03   7.9491100e-03  -4.1702130e-02   3.6928710e-04  -1.9285830e-04   2.3983700e-05   1.7797345e-05   6.3188350e-05   1.7390676e-03   1.3637296e-07   3.7194324e-08   5.7521787e-10
   1.0000000e+00  -1.4085233e-01  -4.0270117e-01  -3.4490169e-01  -1.9681159e-04   1.6492221e-03  -3.8712515e-03   1.9839379e-02   1.6216823e-01   1.1895718e-01   3.8734802e-08   2.7199335e-06   1.4986588e-05   1.6015590e-02   3.1038050e-02  -2.5152200e-02   1.0223527e-03  -1.9276740e-04   2.4231010e-04   2.5649912e-04   9.6336055e-04   6.3263316e-04   1.0452051e-06   3.7159271e-08   5.8714185e-08
   1.0000000e+00  -1.0826002e-01  -3.8177340e-01  -3.8943668e-01   4.2785465e-04   1.3866725e-03  -3.2487818e-03   1.1720232e-02   1.4575093e-01   1.5166093e-01   1.8305960e-07   1.9228606e-06   1.0554583e-05   3.2592310e-02   2.0927770e-02  -4.4534990e-02   6.2466624e-04  -2.6254960e-04   6.2246970e-04   1.0622587e-03   4.3797156e-04   1.9833653e-03   3.9020791e-07   6.8932292e-08   3.8746853e-07
   1.0000000e+00  -1.3248316e-01  -4.2609190e-01  -3.4320988e-01  -8.3918342e-04   1.8842465e-03  -3.8818961e-03   1.7551788e-02   1.8155431e-01   1.1779302e-01   7.0422881e-07   3.5503849e-06   1.5069117e-05  -2.4223140e-02  -4.4318500e-02   4.6226800e-02  -1.2670381e-03   4.9757400e-04  -6.3311430e-04   5.8676051e-04   1.9641294e-03   2.1369170e-03   1.6053855e-06   2.4757989e-07   4.0083372e-07
   1.0000000e+00  -1.3021521e-01  -4.2873242e-01  -3.1042414e-01  -8.4609113e-04   1.8972382e-03  -3.8309089e-03   1.6956001e-02   1.8381149e-01   9.6363147e-02   7.1587020e-07   3.5995128e-06   1.4675863e-05   2.2679500e-03  -2.6405200e-03   3.2785740e-02  -6.9077100e-06   1.2991700e-05   5.0987200e-05   5.1435972e-06   6.9723459e-06   1.0749047e-03   4.7716457e-11   1.6878427e-10   2.5996946e-09
   1.0000000e+00  -9.6469795e-02  -4.1814822e-01  -2.8769016e-01  -1.0907009e-03   1.9222270e-03  -3.6474278e-03   9.3064213e-03   1.7484793e-01   8.2765628e-02   1.1896285e-06   3.6949566e-06   1.3303730e-05   3.3745415e-02   1.0584200e-02   2.2733980e-02  -2.4460977e-04   2.4988800e-05   1.8348110e-04   1.1387530e-03   1.1202529e-04   5.1683385e-04   5.9833940e-08   6.2444013e-10   3.3665314e-08
   1.0000000e+00  -8.9002836e-02  -4.4044512e-01  -2.7852906e-01  -1.9694433e-03   1.8114472e-03  -3.7410042e-03   7.9215048e-03   1.9399190e-01   7.7578437e-02   3.8787069e-06   3.2813410e-06   1.3995112e-05   7.4669590e-03  -2.2296900e-02   9.1611000e-03  -8.7874240e-04  -1.1077980e-04  -9.3576400e-05   5.5755477e-05   4.9715175e-04   8.3925753e-05   7.7218821e-07   1.2272164e-08   8.7565426e-09
   1.0000000e+00  -8.5058530e-02  -4.4872290e-01  -3.0626476e-01  -1.1290929e-03   2.2422753e-03  -3.7577456e-03   7.2349535e-03   2.0135224e-01   9.3798103e-02   1.2748508e-06   5.0277985e-06   1.4120652e-05   3.9443060e-03  -8.2777800e-03  -2.7735700e-02   8.4035040e-04   4.3082810e-04  -1.6741400e-05   1.5557550e-05   6.8521642e-05   7.6926905e-04   7.0618879e-07   1.8561285e-07   2.8027447e-10
   1.0000000e+00  -6.9473515e-02  -4.5309539e-01  -2.7538038e-01  -1.5368008e-03   2.0850494e-03  -3.1718794e-03   4.8265693e-03   2.0529543e-01   7.5834354e-02   2.3617567e-06   4.3474310e-06   1.0060819e-05   1.5585015e-02  -4.3724900e-03   3.0884380e-02  -4.0770790e-04  -1.5722590e-04   5.8586620e-04   2.4289269e-04   1.9118669e-05   9.5384493e-04   1.6622573e-07   2.4719984e-08   3.4323920e-07
   1.0000000e+00  -8.5949073e-02  -4.6690458e-01  -3.0844712e-01  -1.3681748e-03   1.9028965e-03  -3.9888391e-03   7.3872431e-03   2.1799989e-01   9.5139626e-02   1.8719023e-06   3.6210151e-06   1.5910837e-05  -1.6475558e-02  -1.3809190e-02  -3.3066740e-02   1.6862600e-04  -1.8215290e-04  -8.1695970e-04   2.7144401e-04   1.9069373e-04   1.0934093e-03   2.8434728e-08   3.3179679e-08   6.6742315e-07
   1.0000000e+00  -9.7860429e-02  -4.7697473e-01  -3.5336416e-01  -5.8205553e-04   2.1589571e-03  -4.0984895e-03   9.5766636e-03   2.2750489e-01   1.2486623e-01   3.3878864e-07   4.6610958e-06   1.6797616e-05  -1.1911356e-02  -1.0070150e-02  -4.4917040e-02   7.8611927e-04   2.5606060e-04  -1.0965040e-04   1.4188040e-04   1.0140792e-04   2.0175405e-03   6.1798351e-07   6.5567031e-08   1.2023210e-08
   1.0000000e+00  -8.3350259e-02  -4.5156627e-01  -3.7759726e-01   1.2604573e-04   1.9190650e-03  -3.8040861e-03   6.9472657e-03   2.0391210e-01   1.4257969e-01   1.5887526e-08   3.6828105e-06   1.4471071e-05   1.4510170e-02   2.5408460e-02  -2.4233100e-02   7.0810126e-04  -2.3989210e-04   2.9440340e-04   2.1054503e-04   6.4558984e-04   5.8724314e-04   5.0140739e-07   5.7548220e-08   8.6673362e-08
   1.0000000e+00  -9.5788120e-02  -4.2922433e-01  -3.4967782e-01   9.8076723e-05   2.2157320e-03  -4.1585172e-03   9.1753639e-03   1.8423353e-01   1.2227458e-01   9.6190436e-09   4.9094683e-06   1.7293265e-05  -1.2437861e-02   2.2341940e-02   2.7919440e-02  -2.7969007e-05   2.9666700e-04  -3.5443110e-04   1.5470039e-04   4.9916228e-04   7.7949513e-04   7.8226535e-10   8.8011309e-08   1.2562140e-07
   1.0000000e+00  -1.0344642e-01  -4.1150276e-01  -3.0076637e-01   3.3116181e-04   1.8588719e-03  -4.0677739e-03   1.0701162e-02   1.6933452e-01   9.0460409e-02   1.0966814e-07   3.4554047e-06   1.6546785e-05  -7.6583000e-03   1.7721570e-02   4.8911450e-02   2.3308509e-04  -3.5686010e-04   9.0743300e-05   5.8649559e-05   3.1405404e-04   2.3923299e-03   5.4328658e-08   1.2734913e-07   8.2343465e-09
   1.0000000e+00  -1.0342188e-01  -4.1801673e-01  -2.8982964e-01  -4.5760939e-04   1.9828928e-03  -3.8454326e-03   1.0696085e-02   1.7473799e-01   8.4001220e-02   2.0940635e-07   3.9318639e-06   1.4787352e-05   2.4540000e-05  -6.5139700e-03   1.0936730e-02  -7.8877120e-04   1.2402090e-04   2.2234130e-04   6.0221160e-10   4.2431805e-05   1.1961206e-04   6.2216001e-07   1.5381184e-08   4.9435654e-08
   1.0000000e+00  -9.7788342e-02  -4.1598019e-01  -3.3531232e-01   6.1909334e-04   1.9085691e-03  -3.9363677e-03   9.5625598e-03   1.7303952e-01   1.1243435e-01   3.8327656e-07   3.6426360e-06   1.5494991e-05   5.6335380e-03   2.0365400e-03  -4.5482680e-02   1.0767027e-03  -7.4323700e-05  -9.0935100e-05   3.1736750e-05   4.1474952e-06   2.0686742e-03   1.1592888e-06   5.5240124e-09   8.2691924e-09
   1.0000000e+00  -7.9080672e-02  -3.9321232e-01  -3.6318412e-01   1.2212841e-03   1.4477524e-03  -2.9566832e-03   6.2537527e-03   1.5461593e-01   1.3190271e-01   1.4915349e-06   2.0959870e-06   8.7419755e-06   1.8707670e-02   2.2767870e-02  -2.7871800e-02   6.0219076e-04  -4.6081670e-04   9.7968450e-04   3.4997692e-04   5.1837590e-04   7.7683724e-04   3.6263371e-07   2.1235203e-07   9.5978172e-07
   1.0000000e+00  -2.7729436e-02  -4.1067348e-01  -2.7488642e-01   5.5914883e-05   2.1230609e-03  -3.2920519e-03   7.6892162e-04   1.6865271e-01   7.5562544e-02   3.1264741e-09   4.5073876e-06   1.0837606e-05   5.1351236e-02  -1.7461160e-02   8.8297700e-02  -1.1653692e-03   6.7530850e-04  -3.3536870e-04   2.6369494e-03   3.0489211e-04   7.7964838e-03   1.3580854e-06   4.5604157e-07   1.1247216e-07
   1.0000000e+00   9.7572812e-03  -4.1793051e-01  -2.9284648e-01   3.2218596e-04   1.6659946e-03  -2.9142362e-03   9.5204536e-05   1.7466591e-01   8.5759061e-02   1.0380379e-07   2.7755380e-06   8.4927726e-06   3.7486717e-02  -7.2570300e-03  -1.7960060e-02   2.6627108e-04  -4.5706630e-04   3.7781570e-04   1.4052540e-03   5.2664484e-05   3.2256376e-04   7.0900286e-08   2.0890960e-07   1.4274470e-07
   1.0000000e+00  -1.0061904e-02  -4.4082789e-01  -2.9889303e-01   1.4169911e-04   1.6784946e-03  -2.9551299e-03   1.0124191e-04   1.9432923e-01   8.9337043e-02   2.0078638e-08   2.8173441e-06   8.7327927e-06  -1.9819185e-02  -2.2897380e-02  -6.0465500e-03  -1.8048685e-04   1.2500000e-05  -4.0893700e-05   3.9280010e-04   5.2429001e-04   3.6560767e-05   3.2575503e-08   1.5625000e-10   1.6722947e-09
   1.0000000e+00   1.2772168e-02  -4.1932368e-01  -3.4413761e-01   2.3983914e-04   1.2899331e-03  -2.2179649e-03   1.6312828e-04   1.7583235e-01   1.1843069e-01   5.7522813e-08   1.6639274e-06   4.9193683e-06   2.2834072e-02   2.1504210e-02  -4.5244580e-02   9.8140030e-05  -3.8856150e-04   7.3716500e-04   5.2139484e-04   4.6243105e-04   2.0470720e-03   9.6314655e-09   1.5098004e-07   5.4341224e-07
   1.0000000e+00  -3.3575879e-02  -4.8460295e-01  -2.5912267e-01  -2.1952904e-03   1.9178568e-03  -3.3783073e-03   1.1273397e-03   2.3484002e-01   6.7144558e-02   4.8192999e-06   3.6781747e-06   1.1412960e-05  -4.6348047e-02  -6.5279270e-02   8.5014940e-02  -2.4351295e-03   6.2792370e-04  -1.1603424e-03   2.1481415e-03   4.2613831e-03   7.2275400e-03   5.9298559e-06   3.9428817e-07   1.3463945e-06
   1.0000000e+00  -7.0232119e-02  -4.6433108e-01  -2.8918688e-01  -1.6033298e-03   1.9247280e-03  -3.5305090e-03   4.9325505e-03   2.1560335e-01   8.3629052e-02   2.5706664e-06   3.7045779e-06   1.2464494e-05  -3.6656240e-02   2.0271870e-02  -3.0064210e-02   5.9196060e-04   6.8712000e-06  -1.5220170e-04   1.3436799e-03   4.1094871e-04   9.0385672e-04   3.5041735e-07   4.7213389e-11   2.3165357e-08
   1.0000000e+00  -7.3549603e-02  -4.8716878e-01  -3.5412252e-01  -7.4897017e-04   2.2155449e-03  -3.4571041e-03   5.4095441e-03   2.3733342e-01   1.2540276e-01   5.6095632e-07   4.9086392e-06   1.1951569e-05  -3.3174840e-03  -2.2837700e-02  -6.4935640e-02   8.5435963e-04   2.9081690e-04   7.3404900e-05   1.1005700e-05   5.2156054e-04   4.2166373e-03   7.2993038e-07   8.4574469e-08   5.3882793e-09
   1.0000000e+00  -4.2506953e-02  -4.7166120e-01  -3.1619252e-01  -1.3040729e-03   2.0286933e-03  -3.6793959e-03   1.8068411e-03   2.2246429e-01   9.9977710e-02   1.7006061e-06   4.1155965e-06   1.3537954e-05   3.1042650e-02   1.5507580e-02   3.7930000e-02  -5.5510273e-04  -1.8685160e-04  -2.2229180e-04   9.6364612e-04   2.4048504e-04   1.4386849e-03   3.0813904e-07   3.4913520e-08   4.9413644e-08
   1.0000000e+00  -5.6982011e-02  -5.3845378e-01  -2.5101554e-01  -1.9974117e-03   2.1190011e-03  -4.4862428e-03   3.2469496e-03   2.8993247e-01   6.3008801e-02   3.9896535e-06   4.4901657e-06   2.0126374e-05  -1.4475058e-02  -6.6792580e-02   6.5176980e-02  -6.9333880e-04   9.0307800e-05  -8.0684690e-04   2.0952730e-04   4.4612487e-03   4.2480387e-03   4.8071869e-07   8.1554987e-09   6.5100192e-07
   1.0000000e+00  -1.2665298e-01  -6.1427069e-01  -3.7744290e-01  -4.8332710e-04   3.3984319e-03  -5.5905125e-03   1.6040977e-02   3.7732848e-01   1.4246314e-01   2.3360509e-07   1.1549339e-05   3.1253830e-05  -6.9670969e-02  -7.5816910e-02  -1.2642736e-01   1.5140846e-03   1.2794308e-03  -1.1042697e-03   4.8540439e-03   5.7482038e-03   1.5983877e-02   2.2924522e-06   1.6369432e-06   1.2194116e-06
   1.0000000e+00  -8.1581595e-02  -5.6198864e-01  -3.9835640e-01  -5.3588614e-04   3.8292757e-03  -4.8429129e-03   6.6555566e-03   3.1583123e-01   1.5868782e-01   2.8717396e-07   1.4663352e-05   2.3453805e-05   4.5071385e-02   5.2282050e-02  -2.0913500e-02  -5.2559040e-05   4.3084380e-04   7.4759960e-04   2.0314297e-03   2.7334128e-03   4.3737448e-04   2.7624527e-09   1.8562638e-07   5.5890516e-07
   1.0000000e+00  -1.1280803e-01  -5.1022473e-01  -5.2285634e-01   9.2662171e-04   3.7677838e-03  -5.7230952e-03   1.2725652e-02   2.6032928e-01   2.7337875e-01   8.5862779e-07   1.4196195e-05   3.2753819e-05  -3.1226435e-02   5.1763910e-02  -1.2449994e-01   1.4625079e-03  -6.1491900e-05  -8.8018230e-04   9.7509024e-04   2.6795024e-03   1.5500235e-02   2.1389292e-06   3.7812538e-09   7.7472088e-07
   1.0000000e+00  -1.1572998e-01  -5.0525076e-01  -4.9854886e-01   6.2160758e-04   3.2129534e-03  -5.2213135e-03   1.3393428e-02   2.5527833e-01   2.4855097e-01   3.8639598e-07   1.0323070e-05   2.7262115e-05  -2.9219500e-03   4.9739700e-03   2.4307480e-02  -3.0501413e-04  -5.5483040e-04   5.0178170e-04   8.5377918e-06   2.4740378e-05   5.9085358e-04   9.3033619e-08   3.0783677e-07   2.5178487e-07
   1.0000000e+00  -1.7380477e-01  -4.8768330e-01  -5.1469528e-01   9.7944198e-04   3.1706822e-03  -5.7087873e-03   3.0208098e-02   2.3783500e-01   2.6491123e-01   9.5930659e-07   1.0053226e-05   3.2590252e-05  -5.8074790e-02   1.7567460e-02  -1.6146420e-02   3.5783440e-04  -4.2271200e-05  -4.8747380e-04   3.3726812e-03   3.0861565e-04   2.6070688e-04   1.2804546e-07   1.7868543e-09   2.3763071e-07
   1.0000000e+00  -2.0401529e-01  -5.2240514e-01  -4.5383113e-01   3.3427604e-04   2.6815924e-03  -5.9557399e-03   4.1622239e-02   2.7290713e-01   2.0596269e-01   1.1174047e-07   7.1909378e-06   3.5470838e-05  -3.0210520e-02  -3.4721840e-02   6.0864150e-02  -6.4516594e-04  -4.8908980e-04  -2.4695260e-04   9.1267552e-04   1.2056062e-03   3.7044448e-03   4.1623909e-07   2.3920883e-07   6.0985587e-08
   1.0000000e+00  -1.7622550e-01  -5.3952159e-01  -4.4788586e-01  -5.9331038e-04   2.7493578e-03  -5.7096993e-03   3.1055427e-02   2.9108355e-01   2.0060174e-01   3.5201721e-07   7.5589683e-06   3.2600666e-05   2.7789790e-02  -1.7116450e-02   5.9452700e-03  -9.2758642e-04   6.7765400e-05   2.4604060e-04   7.7227243e-04   2.9297286e-04   3.5346235e-05   8.6041657e-07   4.5921494e-09   6.0535977e-08
   1.0000000e+00  -1.9005898e-01  -5.3048541e-01  -4.0693567e-01  -5.2811851e-04   2.6099078e-03  -5.7717443e-03   3.6122416e-02   2.8141477e-01   1.6559664e-01   2.7890916e-07   6.8116187e-06   3.3313032e-05  -1.3833480e-02   9.0361800e-03   4.0950190e-02   6.5191870e-05  -1.3945000e-04  -6.2045000e-05   1.9136517e-04   8.1652549e-05   1.6769181e-03   4.2499799e-09   1.9446302e-08   3.8495820e-09
   1.0000000e+00  -1.9053079e-01  -5.1137856e-01  -3.7717368e-01  -3.5340518e-04   2.8298143e-03  -5.9042630e-03   3.6301982e-02   2.6150803e-01   1.4225998e-01   1.2489522e-07   8.0078490e-06   3.4860322e-05  -4.7181000e-04   1.9106850e-02   2.9761990e-02   1.7471333e-04   2.1990650e-04  -1.3251870e-04   2.2260468e-07   3.6507172e-04   8.8577605e-04   3.0524748e-08   4.8358869e-08   1.7561206e-08
   1.0000000e+00  -1.9188552e-01  -5.3586855e-01  -3.6440365e-01  -4.7730316e-04   3.0568108e-03  -5.9840205e-03   3.6820053e-02   2.8715510e-01   1.3279002e-01   2.2781831e-07   9.3440923e-06   3.5808501e-05  -1.3547300e-03  -2.4489990e-02   1.2770030e-02  -1.2389798e-04   2.2699650e-04  -7.9757500e-05   1.8352934e-06   5.9975961e-04   1.6307367e-04   1.5350709e-08   5.1527411e-08   6.3612588e-09
   1.0000000e+00  -1.7586183e-01  -5.2776730e-01  -3.5797170e-01   2.7480064e-04   2.7262467e-03  -5.4705554e-03   3.0927383e-02   2.7853832e-01   1.2814374e-01   7.5515392e-08   7.4324211e-06   2.9926976e-05   1.6023690e-02   8.1012500e-03   6.4319500e-03   7.5210380e-04  -3.3056410e-04   5.1346510e-04   2.5675864e-04   6.5630252e-05   4.1369981e-05   5.6566013e-07   1.0927262e-07   2.6364641e-07
   1.0000000e+00  -1.8095923e-01  -5.5581408e-01  -3.5969544e-01  -7.7101481e-04   2.8950092e-03  -5.7957997e-03   3.2746243e-02   3.0892929e-01   1.2938081e-01   5.9446384e-07   8.3810783e-06   3.3591294e-05  -5.0974000e-03  -2.8046780e-02  -1.7237400e-03  -1.0458155e-03   1.6876250e-04  -3.2524430e-04   2.5983487e-05   7.8662187e-04   2.9712796e-06   1.0937300e-06   2.8480781e-08   1.0578385e-07
   1.0000000e+00  -1.5504775e-01  -5.4962705e-01  -3.3874370e-01  -5.2126436e-04   2.7633557e-03  -5.1910101e-03   2.4039805e-02   3.0208989e-01   1.1474729e-01   2.7171653e-07   7.6361347e-06   2.6946586e-05   2.5911480e-02   6.1870300e-03   2.0951740e-02   2.4975045e-04  -1.3165350e-04   6.0478960e-04   6.7140480e-04   3.8279340e-05   4.3897541e-04   6.2375287e-08   1.7332644e-08   3.6577046e-07
   1.0000000e+00  -1.6486545e-01  -5.6526154e-01  -3.1268474e-01  -7.4747306e-04   2.8304195e-03  -5.2409087e-03   2.7180617e-02   3.1952061e-01   9.7771747e-02   5.5871598e-07   8.0112745e-06   2.7467124e-05  -9.8177000e-03  -1.5634490e-02   2.6058960e-02  -2.2620870e-04   6.7063800e-05  -4.9898600e-05   9.6387233e-05   2.4443728e-04   6.7906940e-04   5.1170376e-08   4.4975533e-09   2.4898703e-09
   1.0000000e+00  -1.6088616e-01  -5.8750609e-01  -3.1262620e-01  -1.3999534e-03   2.8479264e-03  -5.3623200e-03   2.5884356e-02   3.4516341e-01   9.7735141e-02   1.9598695e-06   8.1106848e-06   2.8754476e-05   3.9792900e-03  -2.2244550e-02   5.8540000e-05  -6.5248034e-04   1.7506900e-05  -1.2141130e-04   1.5834749e-05   4.9482000e-04   3.4269316e-09   4.2573059e-07   3.0649155e-10   1.4740704e-08
   1.0000000e+00  -1.6171123e-01  -5.6546165e-01  -3.3956071e-01  -5.9249277e-04   2.7859916e-03  -5.2207083e-03   2.6150522e-02   3.1974688e-01   1.1530148e-01   3.5104768e-07   7.7617492e-06   2.7255795e-05  -8.2507000e-04   2.2044440e-02  -2.6934510e-02   8.0746063e-04  -6.1934800e-05   1.4161170e-04   6.8074050e-07   4.8595733e-04   7.2546783e-04   6.5199267e-07   3.8359195e-09   2.0053874e-08
   1.0000000e+00  -1.6559027e-01  -5.6193470e-01  -3.3793438e-01  -1.0984071e-03   2.7805440e-03  -5.3242924e-03   2.7420138e-02   3.1577061e-01   1.1419965e-01   1.2064982e-06   7.7314249e-06   2.8348090e-05  -3.8790400e-03   3.5269500e-03   1.6263300e-03  -5.0591433e-04  -5.4476000e-06  -1.0358410e-04   1.5046951e-05   1.2439376e-05   2.6449493e-06   2.5594931e-07   2.9676346e-11   1.0729666e-08
   1.0000000e+00  -1.9368861e-01  -5.7933600e-01  -3.6728259e-01  -7.3510919e-04   2.9899589e-03  -5.9479961e-03   3.7515278e-02   3.3563020e-01   1.3489650e-01   5.4038552e-07   8.9398542e-06   3.5378658e-05  -2.8098340e-02  -1.7401300e-02  -2.9348210e-02   3.6329791e-04   2.0941490e-04  -6.2370370e-04   7.8951671e-04   3.0280524e-04   8.6131743e-04   1.3198537e-07   4.3854600e-08   3.8900631e-07
   1.0000000e+00  -1.6719761e-01  -5.6548314e-01  -3.9432255e-01   1.1070155e-04   2.9408698e-03  -5.2083706e-03   2.7955041e-02   3.1977118e-01   1.5549027e-01   1.2254833e-08   8.6487152e-06   2.7127124e-05   2.6491000e-02   1.3852860e-02  -2.7039960e-02   8.4581074e-04  -4.9089100e-05   7.3962550e-04   7.0177308e-04   1.9190173e-04   7.3115944e-04   7.1539581e-07   2.4097397e-09   5.4704588e-07
   1.0000000e+00  -1.9448621e-01  -5.5711510e-01  -3.9526141e-01  -4.5708965e-06   2.6645015e-03  -5.6594250e-03   3.7824886e-02   3.1037723e-01   1.5623158e-01   2.0893095e-11   7.0995682e-06   3.2029091e-05  -2.7288600e-02   8.3680400e-03  -9.3886000e-04  -1.1527245e-04  -2.7636830e-04  -4.5105440e-04   7.4466769e-04   7.0024093e-05   8.8145810e-07   1.3287737e-08   7.6379437e-08   2.0345007e-07
   1.0000000e+00  -1.8428418e-01  -5.5481689e-01  -4.0654613e-01  -5.9795794e-04   2.6630145e-03  -5.5144090e-03   3.3960659e-02   3.0782178e-01   1.6527976e-01   3.5755370e-07   7.0916462e-06   3.0408707e-05   1.0202030e-02   2.2982100e-03  -1.1284720e-02  -5.9338704e-04  -1.4870000e-06   1.4501600e-04   1.0408142e-04   5.2817692e-06   1.2734491e-04   3.5210818e-07   2.2111690e-12   2.1029640e-08
   1.0000000e+00  -2.0307293e-01  -5.3784437e-01  -3.9142180e-01  -7.0326127e-04   2.8248619e-03  -5.8053265e-03   4.1238615e-02   2.8927657e-01   1.5321103e-01   4.9457641e-07   7.9798448e-06   3.3701816e-05  -1.8788750e-02   1.6972520e-02   1.5124330e-02  -1.0530333e-04   1.6184740e-04  -2.9091750e-04   3.5301713e-04   2.8806644e-04   2.2874536e-04   1.1088791e-08   2.6194581e-08   8.4632992e-08
   1.0000000e+00  -1.9922701e-01  -5.2434430e-01  -4.1276826e-01  -1.2117164e-04   2.3060166e-03  -5.0072070e-03   3.9691402e-02   2.7493694e-01   1.7037764e-01   1.4682566e-08   5.3177126e-06   2.5072122e-05   3.8459200e-03   1.3500070e-02  -2.1346460e-02   5.8208963e-04  -5.1884530e-04   7.9811950e-04   1.4791101e-05   1.8225189e-04   4.5567135e-04   3.3882834e-07   2.6920045e-07   6.3699474e-07
   1.0000000e+00  -1.7659707e-01  -5.4241925e-01  -3.9641287e-01  -2.8589058e-04   2.3623013e-03  -5.0963693e-03   3.1186525e-02   2.9421864e-01   1.5714316e-01   8.1733424e-08   5.5804674e-06   2.5972980e-05   2.2629940e-02  -1.8074950e-02   1.6355390e-02  -1.6471894e-04   5.6284700e-05  -8.9162300e-05   5.1211418e-04   3.2670382e-04   2.6749878e-04   2.7132329e-08   3.1679675e-09   7.9499157e-09
   1.0000000e+00  -1.8471270e-01  -5.4349425e-01  -4.2744877e-01  -5.4098339e-04   2.6119163e-03  -5.5993686e-03   3.4118782e-02   2.9538600e-01   1.8271245e-01   2.9266303e-07   6.8221068e-06   3.1352929e-05  -8.1156300e-03  -1.0750000e-03  -3.1035900e-02  -2.5509281e-04   2.4961500e-04  -5.0299930e-04   6.5863450e-05   1.1556250e-06   9.6322709e-04   6.5072342e-08   6.2307648e-08   2.5300830e-07
   1.0000000e+00  -1.7241708e-01  -5.4014076e-01  -4.2233951e-01   8.7653452e-06   2.7934764e-03  -5.4923293e-03   2.9727649e-02   2.9175204e-01   1.7837066e-01   7.6831276e-11   7.8035104e-06   3.0165681e-05   1.2295620e-02   3.3534900e-03   5.1092600e-03   5.4974874e-04   1.8156010e-04   1.0703930e-04   1.5118227e-04   1.1245895e-05   2.6104538e-05   3.0222367e-07   3.2964070e-08   1.1457412e-08
   1.0000000e+00  -1.8022032e-01  -5.4836495e-01  -4.0131647e-01  -8.6957715e-04   2.5515147e-03  -5.5877166e-03   3.2479364e-02   3.0070412e-01   1.6105491e-01   7.5616442e-07   6.5102273e-06   3.1222577e-05  -7.8032400e-03  -8.2241900e-03   2.1023040e-02  -8.7834250e-04  -2.4196170e-04  -9.5387300e-05   6.0890554e-05   6.7637301e-05   4.4196821e-04   7.7148554e-07   5.8545464e-08   9.0987370e-09
   1.0000000e+00  -1.9731730e-01  -5.7265076e-01  -4.4183513e-01  -3.7337492e-04   2.6992635e-03  -5.6315654e-03   3.8934117e-02   3.2792889e-01   1.9521828e-01   1.3940883e-07   7.2860234e-06   3.1714529e-05  -1.7096980e-02  -2.4285810e-02  -4.0518660e-02   4.9620223e-04   1.4774880e-04  -4.3848800e-05   2.9230673e-04   5.8980057e-04   1.6417618e-03   2.4621665e-07   2.1829708e-08   1.9227173e-09
   1.0000000e+00  -1.8015104e-01  -5.5558047e-01  -4.3066297e-01   1.5050186e-04   2.7328429e-03  -5.6691411e-03   3.2454397e-02   3.0866966e-01   1.8547059e-01   2.2650810e-08   7.4684303e-06   3.2139161e-05   1.7166260e-02   1.7070290e-02   1.1172160e-02   5.2387678e-04   3.3579400e-05  -3.7575700e-05   2.9468048e-04   2.9139480e-04   1.2481716e-04   2.7444688e-07   1.1275761e-09   1.4119332e-09
   1.0000000e+00  -1.8420574e-01  -5.5549046e-01  -4.2937546e-01  -1.9204280e-04   2.8639733e-03  -5.6950282e-03   3.3931755e-02   3.0856965e-01   1.8436329e-01   3.6880437e-08   8.2023431e-06   3.2433346e-05  -4.0547000e-03   9.0010000e-05   1.2875100e-03  -3.4254466e-04   1.3113040e-04  -2.5887100e-05   1.6440592e-05   8.1018001e-09   1.6576820e-06   1.1733684e-07   1.7195182e-08   6.7014195e-10
   1.0000000e+00  -1.8713423e-01  -5.9202425e-01  -4.1644081e-01  -7.8261820e-05   2.7719675e-03  -5.9646033e-03   3.5019220e-02   3.5049271e-01   1.7342295e-01   6.1249125e-09   7.6838038e-06   3.5576493e-05  -2.9284900e-03  -3.6533790e-02   1.2934650e-02   1.1378098e-04  -9.2005800e-05  -2.6957510e-04   8.5760537e-06   1.3347178e-03   1.6730517e-04   1.2946111e-08   8.4650672e-09   7.2670735e-08
   1.0000000e+00  -1.3968471e-01  -6.0156865e-01  -4.4272156e-01   4.7617140e-04   2.4771141e-03  -5.7058081e-03   1.9511818e-02   3.6188484e-01   1.9600238e-01   2.2673920e-07   6.1360943e-06   3.2556246e-05   4.7449520e-02  -9.5444000e-03  -2.6280750e-02   5.5443322e-04  -2.9485340e-04   2.5879520e-04   2.2514569e-03   9.1095571e-05   6.9067782e-04   3.0739620e-07   8.6938527e-08   6.6974956e-08
   1.0000000e+00  -1.2350415e-01  -5.9772384e-01  -4.0769526e-01  -6.2970117e-04   2.8196830e-03  -5.6346572e-03   1.5253275e-02   3.5727379e-01   1.6621543e-01   3.9652356e-07   7.9506122e-06   3.1749362e-05   1.6180560e-02   3.8448100e-03   3.5026300e-02  -1.1058726e-03   3.4256890e-04   7.1150900e-05   2.6181052e-04   1.4782564e-05   1.2268417e-03   1.2229541e-06   1.1735345e-07   5.0624506e-09
   1.0000000e+00  -1.4045769e-01  -5.7872049e-01  -4.6125485e-01   2.4365610e-04   2.6184895e-03  -5.7110935e-03   1.9728363e-02   3.3491741e-01   2.1275604e-01   5.9368295e-08   6.8564873e-06   3.2616589e-05  -1.6953540e-02   1.9003350e-02  -5.3559590e-02   8.7335727e-04  -2.0119350e-04  -7.6436300e-05   2.8742252e-04   3.6112731e-04   2.8686297e-03   7.6275292e-07   4.0478824e-08   5.8425080e-09
   1.0000000e+00  -1.3302771e-01  -5.8182059e-01  -4.9519208e-01   8.5770129e-04   2.4453195e-03  -5.3613534e-03   1.7696372e-02   3.3851520e-01   2.4521520e-01   7.3565150e-07   5.9795875e-06   2.8744110e-05   7.4299800e-03  -3.1001000e-03  -3.3937230e-02   6.1404519e-04  -1.7317000e-04   3.4974010e-04   5.5204603e-05   9.6106200e-06   1.1517356e-03   3.7705150e-07   2.9987849e-08   1.2231814e-07
   1.0000000e+00  -1.5491627e-01  -5.6646748e-01  -5.1403154e-01   1.5341686e-03   2.7279702e-03  -5.6272655e-03   2.3999051e-02   3.2088541e-01   2.6422842e-01   2.3536733e-06   7.4418214e-06   3.1666117e-05  -2.1888560e-02   1.5353110e-02  -1.8839460e-02   6.7646731e-04   2.8265070e-04  -2.6591210e-04   4.7910906e-04   2.3571799e-04   3.5492525e-04   4.5760802e-07   7.9891418e-08   7.0709245e-08
   1.0000000e+00  -1.5147895e-01  -5.9712986e-01  -4.5560687e-01  -1.6361174e-04   2.8083814e-03  -6.0207301e-03   2.2945872e-02   3.5656407e-01   2.0757762e-01   2.6768801e-08   7.8870061e-06   3.6249191e-05   3.4373200e-03  -3.0662380e-02   5.8424670e-02  -1.6977803e-03   8.0411200e-05  -3.9346460e-04   1.1815169e-05   9.4018155e-04   3.4134421e-03   2.8824581e-06   6.4659611e-09   1.5481439e-07
   1.0000000e+00  -1.5613270e-01  -6.1813990e-01  -4.2005920e-01  -1.3171333e-03   2.6889538e-03  -6.2088102e-03   2.4377420e-02   3.8209694e-01   1.7644973e-01   1.7348401e-06   7.2304725e-06   3.8549324e-05  -4.6537500e-03  -2.1010040e-02   3.5547670e-02  -1.1535216e-03  -1.1942760e-04  -1.8808010e-04   2.1657389e-05   4.4142178e-04   1.2636368e-03   1.3306120e-06   1.4262952e-08   3.5374124e-08
   1.0000000e+00  -1.8030999e-01  -6.1767991e-01  -4.5132043e-01  -1.0687703e-03   2.8720329e-03  -6.6323610e-03   3.2511692e-02   3.8152847e-01   2.0369013e-01   1.1422700e-06   8.2485730e-06   4.3988212e-05  -2.4177290e-02   4.5999000e-04  -3.1261230e-02   2.4836300e-04   1.8307910e-04  -4.2355080e-04   5.8454135e-04   2.1159080e-07   9.7726450e-04   6.1684180e-08   3.3517957e-08   1.7939528e-07
   1.0000000e+00  -1.8984163e-01  -6.2555584e-01  -4.4018683e-01  -7.3555909e-05   2.8671788e-03  -6.5798631e-03   3.6039844e-02   3.9132011e-01   1.9376445e-01   5.4104717e-09   8.2207143e-06   4.3294598e-05  -9.5316400e-03  -7.8759300e-03   1.1133600e-02   9.9521439e-04  -4.8541000e-06   5.2497900e-05   9.0852161e-05   6.2030273e-05   1.2395705e-04   9.9045168e-07   2.3562287e-11   2.7560295e-09
   1.0000000e+00  -1.8830603e-01  -6.7515573e-01  -4.6299474e-01  -1.0857787e-03   2.8563292e-03  -6.6069635e-03   3.5459161e-02   4.5583526e-01   2.1436413e-01   1.1789154e-06   8.1586165e-06   4.3651967e-05   1.5356000e-03  -4.9599890e-02  -2.2807910e-02  -1.0122228e-03  -1.0849600e-05  -2.7100400e-05   2.3580674e-06   2.4601491e-03   5.2020076e-04   1.0245950e-06   1.1771382e-10   7.3443168e-10
   1.0000000e+00  -2.7852088e-01  -7.0647882e-01  -4.2609063e-01  -1.6797175e-03   2.3564221e-03  -7.8750255e-03   7.7573881e-02   4.9911232e-01   1.8155322e-01   2.8214509e-06   5.5527251e-06   6.2016027e-05  -9.0214850e-02  -3.1323090e-02   3.6904110e-02  -5.9393880e-04  -4.9990710e-04  -1.2680620e-03   8.1387192e-03   9.8113597e-04   1.3619133e-03   3.5276330e-07   2.4990711e-07   1.6079812e-06
   1.0000000e+00  -3.3685096e-01  -7.1409025e-01  -4.9585581e-01  -6.9243099e-04   2.6694174e-03  -8.8707553e-03   1.1346857e-01   5.0992489e-01   2.4587298e-01   4.7946068e-07   7.1257893e-06   7.8690300e-05  -5.8330080e-02  -7.6114300e-03  -6.9765180e-02   9.8728651e-04   3.1299530e-04  -9.9572980e-04   3.4023982e-03   5.7933867e-05   4.8671803e-03   9.7473465e-07   9.7966058e-08   9.9147783e-07
   1.0000000e+00  -3.3674648e-01  -6.2407452e-01  -5.3925371e-01   5.0957605e-04   2.2874134e-03  -8.2670387e-03   1.1339819e-01   3.8946901e-01   2.9079456e-01   2.5966775e-07   5.2322601e-06   6.8343929e-05   1.0448000e-04   9.0015730e-02  -4.3397900e-02   1.2020070e-03  -3.8200400e-04   6.0371660e-04   1.0916070e-08   8.1028316e-03   1.8833777e-03   1.4448209e-06   1.4592706e-07   3.6447373e-07
   1.0000000e+00  -3.5044487e-01  -6.5852668e-01  -4.6909197e-01  -5.6691719e-04   2.2691536e-03  -8.7326785e-03   1.2281161e-01   4.3365739e-01   2.2004728e-01   3.2139510e-07   5.1490581e-06   7.6259674e-05  -1.3698390e-02  -3.4452160e-02   7.0161740e-02  -1.0764932e-03  -1.8259800e-05  -4.6563980e-04   1.8764589e-04   1.1869513e-03   4.9226698e-03   1.1588377e-06   3.3342030e-10   2.1682042e-07
   1.0000000e+00  -3.2520731e-01  -6.4460399e-01  -4.5465485e-01  -1.8531952e-04   2.3985906e-03  -7.8062909e-03   1.0575979e-01   4.1551430e-01   2.0671103e-01   3.4343324e-08   5.7532369e-06   6.0938178e-05   2.5237560e-02   1.3922690e-02   1.4437120e-02   3.8159767e-04   1.2943700e-04   9.2638760e-04   6.3693443e-04   1.9384130e-04   2.0843043e-04   1.4561678e-07   1.6753937e-08   8.5819399e-07
   1.0000000e+00  -3.1573746e-01  -6.6897089e-01  -4.3318307e-01  -4.1305409e-04   2.6432098e-03  -7.9398180e-03   9.9690144e-02   4.4752205e-01   1.8764757e-01   1.7061368e-07   6.9865580e-06   6.3040710e-05   9.4698500e-03  -2.4366900e-02   2.1471780e-02  -2.2773457e-04   2.4461920e-04  -1.3352710e-04   8.9678059e-05   5.9374582e-04   4.6103734e-04   5.1863034e-08   5.9838553e-08   1.7829486e-08
   1.0000000e+00  -2.7021617e-01  -6.6207407e-01  -4.7666741e-01  -2.1865066e-04   2.5365152e-03  -7.0840182e-03   7.3016779e-02   4.3834207e-01   2.2721182e-01   4.7808111e-08   6.4339094e-06   5.0183314e-05   4.5521290e-02   6.8968200e-03  -4.3484340e-02   1.9440343e-04  -1.0669460e-04   8.5579980e-04   2.0721878e-03   4.7566126e-05   1.8908878e-03   3.7792694e-08   1.1383738e-08   7.3239330e-07
   1.0000000e+00  -2.6013973e-01  -6.3081147e-01  -4.0814702e-01  -1.6859095e-04   2.8116941e-03  -7.4032612e-03   6.7672679e-02   3.9792311e-01   1.6658399e-01   2.8422908e-08   7.9056237e-06   5.4808276e-05   1.0076440e-02   3.1262600e-02   6.8520390e-02   5.0059710e-05   2.7517890e-04  -3.1924300e-04   1.0153464e-04   9.7735016e-04   4.6950438e-03   2.5059746e-09   7.5723427e-08   1.0191609e-07
