   1.0000000e+00   1.4205992e-14   0.0000000e+00  -7.1054274e-15   0.0000000e+00   0.0000000e+00   0.0000000e+00   2.0181021e-28   0.0000000e+00   5.0487099e-29   0.0000000e+00   0.0000000e+00   0.0000000e+00   0.0000000e+00   0.0000000e+00   0.0000000e+00   0.0000000e+00   0.0000000e+00   0.0000000e+00   0.0000000e+00   0.0000000e+00   0.0000000e+00   0.0000000e+00   0.0000000e+00   0.0000000e+00
   1.0000000e+00   2.4060932e-03   5.5699101e-03  -2.7326884e-02  -3.5346901e-04  -1.1492694e-05   1.0709976e-04   5.7892845e-06   3.1023899e-05   7.4675859e-04   1.2494034e-07   1.3208202e-10   1.1470359e-08   2.4060932e-03   5.5699101e-03  -2.7326884e-02  -3.5346901e-04  -1.1492694e-05   1.0709976e-04   5.7892845e-06   3.1023899e-05   7.4675859e-04   1.2494034e-07   1.3208202e-10   1.1470359e-08
   1.0000000e+00   1.2146062e-02   8.0521709e-03  -1.6647335e-02  -3.0788523e-04  -2.0334384e-05   4.7641251e-05   1.4752682e-04   6.4837456e-05   2.7713376e-04   9.4793315e-08   4.1348717e-10   2.2696888e-09   9.7399688e-03   2.4822608e-03   1.0679549e-02   4.5583780e-05  -8.8416900e-06  -5.9458509e-05   9.4866992e-05   6.1616187e-06   1.1405277e-04   2.0778810e-09   7.8175482e-11   3.5353143e-09
   1.0000000e+00   7.9369318e-03   1.1868308e-02  -4.1190738e-02  -5.6274784e-04  -2.8234386e-06   4.5830498e-04   6.2994886e-05   1.4085673e-04   1.6966769e-03   3.1668513e-07   7.9718055e-12   2.1004345e-07  -4.2091302e-03   3.8161371e-03  -2.4543403e-02  -2.5486261e-04   1.7510945e-05   4.1066373e-04   1.7716777e-05   1.4562902e-05   6.0237863e-04   6.4954950e-08   3.0663321e-10   1.6864470e-07
   1.0000000e+00   7.2717148e-03  -2.6798738e-02   1.2657180e-02  -1.7636479e-04  -4.2863875e-04   3.6333410e-04   5.2877836e-05   7.1817236e-04   1.6020421e-04   3.1104539e-08   1.8373118e-07   1.3201167e-07  -6.6521700e-04  -3.8667046e-02   5.3847918e-02   3.8638305e-04  -4.2581531e-04  -9.4970880e-05   4.4251366e-07   1.4951404e-03   2.8995983e-03   1.4929186e-07   1.8131868e-07   9.0194680e-09
   1.0000000e+00   1.2671709e-02  -3.7582932e-02   3.2121523e-02  -9.5548216e-04   5.5511009e-05   3.1536651e-04   1.6057221e-04   1.4124768e-03   1.0317922e-03   9.1294616e-07   3.0814721e-09   9.9456036e-08   5.3999942e-03  -1.0784194e-02   1.9464343e-02  -7.7911737e-04   4.8414976e-04  -4.7967590e-05   2.9159937e-05   1.1629884e-04   3.7886065e-04   6.0702388e-07   2.3440099e-07   2.3008897e-09
   1.0000000e+00   1.2236494e-02  -4.6107717e-02   8.1337837e-04  -5.5351288e-04  -3.4922798e-04   1.1472114e-04   1.4973179e-04   2.1259216e-03   6.6158437e-07   3.0637651e-07   1.2196018e-07   1.3160940e-08  -4.3521500e-04  -8.5247850e-03  -3.1308145e-02   4.0196928e-04  -4.0473899e-04  -2.0064537e-04   1.8941210e-07   7.2671959e-05   9.8019992e-04   1.6157930e-07   1.6381365e-07   4.0258565e-08
   1.0000000e+00   3.9782259e-03  -1.1650232e-02   1.6118650e-02  -1.2777164e-03   4.2403392e-04   1.3135911e-04   1.5826281e-05   1.3572791e-04   2.5981088e-04   1.6325592e-06   1.7980477e-07   1.7255216e-08  -8.2582681e-03   3.4457485e-02   1.5305272e-02  -7.2420352e-04   7.7326190e-04   1.6637970e-05   6.8198992e-05   1.1873183e-03   2.3425134e-04   5.2447074e-07   5.9793397e-07   2.7682205e-10
   1.0000000e+00  -5.1913251e-02  -5.0822119e-02  -1.9699680e-01   7.3301426e-03   1.0938954e-03  -3.2817009e-04   2.6949856e-03   2.5828878e-03   3.8807739e-02   5.3730991e-05   1.1966071e-06   1.0769561e-07  -5.5891477e-02  -3.9171887e-02  -2.1311545e-01   8.6078590e-03   6.6986148e-04  -4.5952920e-04   3.1238572e-03   1.5344367e-03   4.5418195e-02   7.4095237e-05   4.4871440e-07   2.1116709e-07
   1.0000000e+00   1.1039996e-01  -3.3730768e-01  -8.4486343e-01   1.9170087e-02   3.6901918e-03   3.9841079e-03   1.2188151e-02   1.1377647e-01   7.1379422e-01   3.6749224e-04   1.3617516e-05   1.5873116e-05   1.6231321e-01  -2.8648556e-01  -6.4786663e-01   1.1839944e-02   2.5962964e-03   4.3122780e-03   2.6345578e-02   8.2073977e-02   4.1973117e-01   1.4018428e-04   6.7407550e-06   1.8595741e-05
   1.0000000e+00   1.9657892e-01  -2.5595595e-01  -5.3526234e-01   1.1860743e-02   5.9380399e-03   4.2528273e-03   3.8643272e-02   6.5513448e-02   2.8650577e-01   1.4067722e-04   3.5260318e-05   1.8086540e-05   8.6178960e-02   8.1351730e-02   3.0960109e-01  -7.3093440e-03   2.2478481e-03   2.6871940e-04   7.4268131e-03   6.6181040e-03   9.5852835e-02   5.3426510e-05   5.0528211e-06   7.2210116e-08
   1.0000000e+00   7.8178892e-02  -4.6616671e-01  -6.8498277e-01   1.2705246e-02   6.0142513e-03   3.5853556e-03   6.1119392e-03   2.1731140e-01   4.6920140e-01   1.6142328e-04   3.6171219e-05   1.2854775e-05  -1.1840003e-01  -2.1021076e-01  -1.4972043e-01   8.4450300e-04   7.6211400e-05  -6.6747170e-04   1.4018567e-02   4.4188564e-02   2.2416207e-02   7.1318532e-07   5.8081775e-09   4.4551847e-07
   1.0000000e+00   6.6986600e-03  -3.4708173e-01  -6.0369390e-01   9.4431048e-03   5.3542103e-03   2.8905751e-03   4.4872046e-05   1.2046573e-01   3.6444632e-01   8.9172228e-05   2.8667568e-05   8.3554244e-06  -7.1480232e-02   1.1908498e-01   8.1288870e-02  -3.2621412e-03  -6.6004100e-04  -6.9478050e-04   5.1094236e-03   1.4181232e-02   6.6078804e-03   1.0641565e-05   4.3565412e-07   4.8271994e-07
   1.0000000e+00  -4.5611426e-02  -1.8161603e-01   7.0239493e-02   2.3823338e-03   8.3779464e-04   4.3122731e-04   2.0804022e-03   3.2984382e-02   4.9335864e-03   5.6755143e-06   7.0189986e-07   1.8595699e-07  -5.2310086e-02   1.6546570e-01   6.7393339e-01  -7.0607710e-03  -4.5164157e-03  -2.4593478e-03   2.7363451e-03   2.7378898e-02   4.5418622e-01   4.9854487e-05   2.0398010e-05   6.0483916e-06
   1.0000000e+00  -3.2056996e-03  -1.9270757e-01  -1.3238385e-01   3.7105210e-03   1.0309630e-03   1.3664364e-03   1.0276510e-05   3.7136208e-02   1.7525484e-02   1.3767966e-05   1.0628847e-06   1.8671484e-06   4.2405726e-02  -1.1091540e-02  -2.0262334e-01   1.3281872e-03   1.9316836e-04   9.3520909e-04   1.7982456e-03   1.2302226e-04   4.1056219e-02   1.7640812e-06   3.7314015e-08   8.7461604e-07
   1.0000000e+00   1.1679638e-02  -2.2280874e-01   1.6881212e-01   2.4308059e-03   1.8121708e-03   9.8194369e-04   1.3641394e-04   4.9643735e-02   2.8497532e-02   5.9088173e-06   3.2839630e-06   9.6421341e-07   1.4885338e-02  -3.0101170e-02   3.0119597e-01  -1.2797151e-03   7.8120780e-04  -3.8449271e-04   2.2157328e-04   9.0608044e-04   9.0719012e-02   1.6376707e-06   6.1028563e-07   1.4783464e-07
   1.0000000e+00   2.2320340e-02  -2.0293536e-01   1.8089654e-01   3.2632540e-03   2.2002486e-03   1.5367396e-03   4.9819758e-04   4.1182760e-02   3.2723558e-02   1.0648827e-05   4.8410939e-06   2.3615686e-06   1.0640702e-02   1.9873380e-02   1.2084420e-02   8.3244810e-04   3.8807780e-04   5.5479591e-04   1.1322454e-04   3.9495123e-04   1.4603321e-04   6.9296984e-07   1.5060438e-07   3.0779850e-07
   1.0000000e+00   1.8816567e-02  -2.2717679e-01   1.3379434e-01   2.1744919e-03   1.9933659e-03   1.4184648e-03   3.5406319e-04   5.1609294e-02   1.7900925e-02   4.7284150e-06   3.9735076e-06   2.0120424e-06  -3.5037730e-03  -2.4241430e-02  -4.7102200e-02  -1.0887621e-03  -2.0688270e-04  -1.1827480e-04   1.2276425e-05   5.8764693e-04   2.2186172e-03   1.1854029e-06   4.2800452e-08   1.3988928e-08
   1.0000000e+00   1.5141636e-02  -2.0934160e-01   1.2707604e-01   2.4251619e-03   2.2506587e-03   8.5085916e-04   2.2926914e-04   4.3823905e-02   1.6148320e-02   5.8814102e-06   5.0654646e-06   7.2396131e-07  -3.6749310e-03   1.7835190e-02  -6.7183000e-03   2.5067000e-04   2.5729280e-04  -5.6760564e-04   1.3505118e-05   3.1809400e-04   4.5135555e-05   6.2835449e-08   6.6199585e-08   3.2217616e-07
   1.0000000e+00   3.7026288e-02  -2.2394098e-01   1.1888884e-01   1.9512321e-03   1.8988413e-03   1.5871879e-03   1.3709460e-03   5.0149563e-02   1.4134556e-02   3.8073067e-06   3.6055983e-06   2.5191654e-06   2.1884652e-02  -1.4599380e-02  -8.1872000e-03  -4.7392980e-04  -3.5181740e-04   7.3632874e-04   4.7893799e-04   2.1314190e-04   6.7030244e-05   2.2460946e-07   1.2377548e-07   5.4218001e-07
   1.0000000e+00   3.1959095e-02  -2.2945121e-01   8.2170425e-02   1.1724952e-03   2.0020405e-03   1.5346334e-03   1.0213838e-03   5.2647858e-02   6.7519787e-03   1.3747450e-06   4.0081662e-06   2.3550997e-06  -5.0671930e-03  -5.5102300e-03  -3.6718415e-02  -7.7873690e-04   1.0319920e-04  -5.2554500e-05   2.5676445e-05   3.0362635e-05   1.3482420e-03   6.0643116e-07   1.0650075e-08   2.7619755e-09
   1.0000000e+00   3.0919852e-02  -2.2336548e-01   1.0045293e-01   2.0357402e-03   2.2220921e-03   1.4867539e-03   9.5603725e-04   4.9892138e-02   1.0090791e-02   4.1442382e-06   4.9376933e-06   2.2104372e-06  -1.0392430e-03   6.0857300e-03   1.8282505e-02   8.6324500e-04   2.2005160e-04  -4.7879500e-05   1.0800260e-06   3.7036110e-05   3.3424999e-04   7.4519193e-07   4.8422707e-08   2.2924465e-09
   1.0000000e+00   3.9223260e-02  -2.1062640e-01   4.9034951e-02   1.5864772e-03   1.7562058e-03   1.6827416e-03   1.5384641e-03   4.4363480e-02   2.4044264e-03   2.5169099e-06   3.0842588e-06   2.8316193e-06   8.3034080e-03   1.2739080e-02  -5.1417979e-02  -4.4926300e-04  -4.6588630e-04   1.9598770e-04   6.8946584e-05   1.6228416e-04   2.6438086e-03   2.0183724e-07   2.1705004e-07   3.8411179e-08
   1.0000000e+00   3.5548244e-02  -2.1837297e-01   7.2068640e-03   1.9477579e-03   1.9078244e-03   1.6672880e-03   1.2636777e-03   4.7686754e-02   5.1938889e-05   3.7937608e-06   3.6397939e-06   2.7798493e-06  -3.6750160e-03  -7.7465700e-03  -4.1828087e-02   3.6128070e-04   1.5161860e-04  -1.5453600e-05   1.3505743e-05   6.0009347e-05   1.7495889e-03   1.3052374e-07   2.2988200e-08   2.3881375e-10
   1.0000000e+00   4.0145083e-02  -2.0668402e-01   2.8377531e-02   1.5359006e-03   1.8668245e-03   1.6458030e-03   1.6116277e-03   4.2718284e-02   8.0528427e-04   2.3589907e-06   3.4850337e-06   2.7086675e-06   4.5968390e-03   1.1688950e-02   2.1170667e-02  -4.1185730e-04  -4.0999900e-05  -2.1485000e-05   2.1130929e-05   1.3663155e-04   4.4819714e-04   1.6962644e-07   1.6809918e-09   4.6160523e-10
   1.0000000e+00   4.0804596e-02  -1.9114614e-01  -5.8707145e-03   1.8333296e-03   1.3190502e-03   1.7406316e-03   1.6650151e-03   3.6536847e-02   3.4465289e-05   3.3610974e-06   1.7398934e-06   3.0297984e-06   6.5951300e-04   1.5537880e-02  -3.4248246e-02   2.9742900e-04  -5.4777430e-04   9.4828600e-05   4.3495740e-07   2.4142571e-04   1.1729423e-03   8.8464010e-08   3.0005668e-07   8.9924634e-09
   1.0000000e+00   3.4654648e-02  -2.0366174e-01  -7.0743269e-03   1.7544333e-03   1.4823810e-03   1.6739328e-03   1.2009446e-03   4.1478104e-02   5.0046101e-05   3.0780362e-06   2.1974534e-06   2.8020510e-06  -6.1499480e-03  -1.2515600e-02  -1.2036124e-03  -7.8896300e-05   1.6333080e-04  -6.6698800e-05   3.7821860e-05   1.5664024e-04   1.4486828e-06   6.2246262e-09   2.6676950e-08   4.4487299e-09
   1.0000000e+00   3.3142369e-02  -2.0119973e-01  -2.8732224e-02   2.1312966e-03   1.4303958e-03   1.5857100e-03   1.0984166e-03   4.0481331e-02   8.2554070e-04   4.5424252e-06   2.0460321e-06   2.5144762e-06  -1.5122790e-03   2.4620100e-03  -2.1657897e-02   3.7686330e-04  -5.1985200e-05  -8.8222800e-05   2.2869878e-06   6.0614932e-06   4.6906451e-04   1.4202595e-07   2.7024610e-09   7.7832624e-09
   1.0000000e+00   2.3211798e-02  -2.3703999e-01  -7.9047627e-03   1.3156738e-03   1.4291385e-03   1.5071696e-03   5.3878757e-04   5.6187957e-02   6.2485273e-05   1.7309975e-06   2.0424369e-06   2.2715602e-06  -9.9305710e-03  -3.5840260e-02   2.0827461e-02  -8.1562280e-04  -1.2573000e-06  -7.8540400e-05   9.8616240e-05   1.2845242e-03   4.3378314e-04   6.6524055e-07   1.5808033e-12   6.1685944e-09
   1.0000000e+00   3.4985946e-02  -2.3320073e-01  -2.3178834e-02   2.4327592e-03   1.3883573e-03   1.5927089e-03   1.2240164e-03   5.4382580e-02   5.3725835e-04   5.9183173e-06   1.9275360e-06   2.5367216e-06   1.1774148e-02   3.8392600e-03  -1.5274071e-02   1.1170854e-03  -4.0781200e-05   8.5539300e-05   1.3863056e-04   1.4739917e-05   2.3329725e-04   1.2478798e-06   1.6631063e-09   7.3169718e-09
   1.0000000e+00   3.7857487e-02  -2.2311678e-01  -4.2784758e-02   2.0085529e-03   1.0679396e-03   1.8381350e-03   1.4331893e-03   4.9781098e-02   1.8305355e-03   4.0342848e-06   1.1404950e-06   3.3787403e-06   2.8715410e-03   1.0083950e-02  -1.9605924e-02  -4.2420630e-04  -3.2041770e-04   2.4542610e-04   8.2457477e-06   1.0168605e-04   3.8439226e-04   1.7995098e-07   1.0266750e-07   6.0233971e-08
   1.0000000e+00   3.8425538e-02  -2.3388500e-01  -1.5638017e-02   1.9331077e-03   1.0811147e-03   1.9344130e-03   1.4765220e-03   5.4702193e-02   2.4454758e-04   3.7369054e-06   1.1688090e-06   3.7419537e-06   5.6805100e-04  -1.0768220e-02   2.7146741e-02  -7.5445200e-05   1.3175100e-05   9.6278000e-05   3.2268194e-07   1.1595456e-04   7.3694555e-04   5.6919782e-09   1.7358326e-10   9.2694533e-09
   1.0000000e+00   3.1226443e-02  -2.3708981e-01  -1.5558466e-02   1.8858621e-03   8.9751814e-04   1.8525274e-03   9.7509074e-04   5.6211578e-02   2.4206586e-04   3.5564759e-06   8.0553881e-07   3.4318578e-06  -7.1990950e-03  -3.2048100e-03   7.9551000e-05  -4.7245600e-05  -1.8359656e-04  -8.1885600e-05   5.1826969e-05   1.0270807e-05   6.3283616e-09   2.2321467e-09   3.3707697e-08   6.7052515e-09
   1.0000000e+00   3.6688429e-02  -2.3812367e-01  -2.9859265e-02   1.6391461e-03   6.0864708e-04   1.8578753e-03   1.3460408e-03   5.6702882e-02   8.9157571e-04   2.6867999e-06   3.7045127e-07   3.4517006e-06   5.4619860e-03  -1.0338600e-03  -1.4300799e-02  -2.4671600e-04  -2.8887106e-04   5.3479000e-06   2.9833291e-05   1.0688665e-06   2.0451285e-04   6.0868785e-08   8.3446489e-08   2.8600034e-11
   1.0000000e+00   4.2307095e-02  -2.2939153e-01  -5.3390670e-02   1.4662608e-03   1.8155757e-04   2.0173779e-03   1.7898903e-03   5.2620474e-02   2.8505636e-03   2.1499207e-06   3.2963151e-08   4.0698136e-06   5.6186660e-03   8.7321400e-03  -2.3531405e-02  -1.7288530e-04  -4.2708951e-04   1.5950260e-04   3.1569408e-05   7.6250269e-05   5.5372702e-04   2.9889327e-08   1.8240545e-07   2.5441079e-08
   1.0000000e+00   3.4853841e-02  -2.5531315e-01  -3.6630090e-02   1.3387572e-03   4.3529743e-04   1.9719546e-03   1.2147902e-03   6.5184805e-02   1.3417635e-03   1.7922708e-06   1.8948385e-07   3.8886049e-06  -7.4532540e-03  -2.5921620e-02   1.6760580e-02  -1.2750360e-04   2.5373986e-04  -4.5423300e-05   5.5550995e-05   6.7193038e-04   2.8091704e-04   1.6257168e-08   6.4383917e-08   2.0632762e-09
   1.0000000e+00   2.8351308e-02  -2.3158484e-01  -5.6501303e-02   2.2796126e-03   5.0262548e-04   1.9510528e-03   8.0379667e-04   5.3631538e-02   3.1923972e-03   5.1966336e-06   2.5263237e-07   3.8066070e-06  -6.5025330e-03   2.3728310e-02  -1.9871213e-02   9.4085540e-04   6.7328050e-05  -2.0901800e-05   4.2282935e-05   5.6303270e-04   3.9486511e-04   8.8520888e-07   4.5330663e-09   4.3688524e-10
   1.0000000e+00   2.1817492e-02  -2.4682240e-01  -7.0509012e-02   1.8390247e-03   5.0965122e-04   1.9022342e-03   4.7600296e-04   6.0921297e-02   4.9715208e-03   3.3820118e-06   2.5974437e-07   3.6184950e-06  -6.5338160e-03  -1.5237560e-02  -1.4007709e-02  -4.4058790e-04   7.0257400e-06  -4.8818600e-05   4.2690752e-05   2.3218323e-04   1.9621591e-04   1.9411770e-07   4.9361023e-11   2.3832557e-09
   1.0000000e+00   2.7277212e-02  -2.6523074e-01  -7.8856406e-02   1.9268368e-03   3.7800191e-04   1.8456280e-03   7.4404629e-04   7.0347345e-02   6.2183328e-03   3.7127001e-06   1.4288544e-07   3.4063427e-06   5.4597200e-03  -1.8408340e-02  -8.3473940e-03   8.7812100e-05  -1.3164931e-04  -5.6606200e-05   2.9808542e-05   3.3886698e-04   6.9678987e-05   7.7109649e-09   1.7331541e-08   3.2042619e-09
   1.0000000e+00   3.1223228e-02  -2.6368470e-01  -6.5877128e-02   2.6095830e-03   3.5234285e-04   2.1434971e-03   9.7488997e-04   6.9529621e-02   4.3397960e-03   6.8099234e-06   1.2414548e-07   4.5945798e-06   3.9460160e-03   1.5460400e-03   1.2979278e-02   6.8274620e-04  -2.5659060e-05   2.9786910e-04   1.5571042e-05   2.3902397e-06   1.6846166e-04   4.6614237e-07   6.5838736e-10   8.8726001e-08
   1.0000000e+00   4.2038443e-02  -2.2675499e-01  -1.3541470e-01   3.0315369e-03   2.7716447e-04   2.6388210e-03   1.7672307e-03   5.1417825e-02   1.8337141e-02   9.1902160e-06   7.6820143e-08   6.9633763e-06   1.0815215e-02   3.6929710e-02  -6.9537572e-02   4.2195390e-04  -7.5178380e-05   4.9532390e-04   1.1696888e-04   1.3638035e-03   4.8354739e-03   1.7804509e-07   5.6517888e-09   2.4534577e-07
   1.0000000e+00   2.3565469e-02  -2.6081159e-01  -1.5238203e-01   1.6732796e-03   2.4887291e-04   1.8005881e-03   5.5533133e-04   6.8022685e-02   2.3220283e-02   2.7998646e-06   6.1937725e-08   3.2421175e-06  -1.8472974e-02  -3.4056600e-02  -1.6967330e-02  -1.3582573e-03  -2.8291560e-05  -8.3823290e-04   3.4125077e-04   1.1598520e-03   2.8789029e-04   1.8448629e-06   8.0041237e-10   7.0263439e-07
   1.0000000e+00   2.6449805e-02  -2.5644686e-01  -1.2151784e-01   2.4844811e-03   1.7508441e-04   1.8858754e-03   6.9959218e-04   6.5764992e-02   1.4766585e-02   6.1726463e-06   3.0654551e-08   3.5565260e-06   2.8843360e-03   4.3647300e-03   3.0864190e-02   8.1120150e-04  -7.3788500e-05   8.5287300e-05   8.3193942e-06   1.9050868e-05   9.5259822e-04   6.5804787e-07   5.4447427e-09   7.2739235e-09
   1.0000000e+00   1.2860510e-02  -2.8514779e-01  -1.0997667e-01   1.7396730e-03   3.4404314e-04   1.6198763e-03   1.6539272e-04   8.1309262e-02   1.2094868e-02   3.0264621e-06   1.1836568e-07   2.6239992e-06  -1.3589295e-02  -2.8700930e-02   1.1541170e-02  -7.4480810e-04   1.6895873e-04  -2.6599910e-04   1.8466894e-04   8.2374338e-04   1.3319860e-04   5.5473911e-07   2.8547052e-08   7.0755521e-08
   1.0000000e+00   1.9522823e-02  -2.7382359e-01  -9.8347079e-02   1.4375228e-03   1.4666270e-04   1.7205868e-03   3.8114062e-04   7.4979358e-02   9.6721479e-03   2.0664718e-06   2.1509948e-08   2.9604189e-06   6.6623130e-03   1.1324200e-02   1.1629591e-02  -3.0215020e-04  -1.9738044e-04   1.0071050e-04   4.4386415e-05   1.2823751e-04   1.3524739e-04   9.1294743e-08   3.8959038e-08   1.0142605e-08
   1.0000000e+00   1.4941621e-02  -3.1259615e-01  -1.1055775e-01   1.8211255e-03   1.2967201e-04   1.3720965e-03   2.2325204e-04   9.7716353e-02   1.2223016e-02   3.3164981e-06   1.6814830e-08   1.8826488e-06  -4.5812020e-03  -3.8772560e-02  -1.2210671e-02   3.8360270e-04  -1.6990690e-05  -3.4849030e-04   2.0987412e-05   1.5033114e-03   1.4910049e-04   1.4715103e-07   2.8868355e-10   1.2144549e-07
   1.0000000e+00   2.1927277e-02  -3.2853259e-01  -8.0517977e-02   2.0493673e-03   1.9338200e-04   1.5781663e-03   4.8080548e-04   1.0793366e-01   6.4831446e-03   4.1999063e-06   3.7396598e-08   2.4906089e-06   6.9856560e-03  -1.5936440e-02   3.0039773e-02   2.2824180e-04   6.3709990e-05   2.0606980e-04   4.8799390e-05   2.5397012e-04   9.0238796e-04   5.2094319e-08   4.0589628e-09   4.2464762e-08
   1.0000000e+00   2.3223433e-02  -3.1586370e-01  -1.1121848e-01   2.2553430e-03   1.5805524e-04   1.6518487e-03   5.3932784e-04   9.9769877e-02   1.2369550e-02   5.0865720e-06   2.4981459e-08   2.7286041e-06   1.2961560e-03   1.2668890e-02  -3.0700503e-02   2.0597570e-04  -3.5326760e-05   7.3682400e-05   1.6800204e-06   1.6050077e-04   9.4252088e-04   4.2425989e-08   1.2479800e-09   5.4290961e-09
   1.0000000e+00   2.9225937e-02  -3.2529304e-01  -1.0581575e-01   2.2586505e-03   3.3328124e-05   1.7973112e-03   8.5415539e-04   1.0581556e-01   1.1196973e-02   5.1015021e-06   1.1107638e-09   3.2303275e-06   6.0025040e-03  -9.4293400e-03   5.4027300e-03   3.3075000e-06  -1.2472712e-04   1.4546250e-04   3.6030054e-05   8.8912453e-05   2.9189491e-05   1.0939556e-11   1.5556853e-08   2.1159339e-08
   1.0000000e+00   3.2451796e-02  -3.3112004e-01  -1.1450896e-01   2.1782059e-03  -1.1532924e-05   1.9427433e-03   1.0531191e-03   1.0964048e-01   1.3112302e-02   4.7445809e-06   1.3300834e-10   3.7742515e-06   3.2258590e-03  -5.8270000e-03  -8.6932100e-03  -8.0444600e-05  -4.4861048e-05   1.4543210e-04   1.0406166e-05   3.3953929e-05   7.5571900e-05   6.4713337e-09   2.0125136e-09   2.1150496e-08
   1.0000000e+00   3.8160604e-02  -3.2372868e-01  -1.0001452e-01   2.1957658e-03  -1.6209757e-04   1.8987245e-03   1.4562317e-03   1.0480026e-01   1.0002904e-02   4.8213874e-06   2.6275622e-08   3.6051547e-06   5.7088080e-03   7.3913600e-03   1.4494440e-02   1.7559900e-05  -1.5056465e-04  -4.4018800e-05   3.2590489e-05   5.4632203e-05   2.1008879e-04   3.0835009e-10   2.2669713e-08   1.9376548e-09
   1.0000000e+00   2.6873945e-02  -3.5682473e-01  -1.3829236e-01   2.6153957e-03  -2.5440980e-05   1.7325458e-03   7.2220892e-04   1.2732389e-01   1.9124777e-02   6.8402947e-06   6.4724346e-10   3.0017149e-06  -1.1286659e-02  -3.3096050e-02  -3.8277840e-02   4.1962990e-04   1.3665659e-04  -1.6617870e-04   1.2738867e-04   1.0953485e-03   1.4651930e-03   1.7608925e-07   1.8675024e-08   2.7615360e-08
   1.0000000e+00   3.1815751e-02  -3.5146082e-01  -1.1503407e-01   2.2501219e-03  -8.9461337e-05   1.8631496e-03   1.0122420e-03   1.2352471e-01   1.3232837e-02   5.0630486e-06   8.0033308e-09   3.4713264e-06   4.9418060e-03   5.3639100e-03   2.3258290e-02  -3.6527380e-04  -6.4020357e-05   1.3060380e-04   2.4421447e-05   2.8771530e-05   5.4094805e-04   1.3342495e-07   4.0986061e-09   1.7057353e-08
   1.0000000e+00   3.0442956e-02  -3.6916350e-01  -1.4539303e-01   2.4449192e-03  -1.0306701e-05   1.9489737e-03   9.2677357e-04   1.3628169e-01   2.1139133e-02   5.9776299e-06   1.0622809e-10   3.7984985e-06  -1.3727950e-03  -1.7702680e-02  -3.0358960e-02   1.9479730e-04   7.9154636e-05   8.5824100e-05   1.8845661e-06   3.1338488e-04   9.2166645e-04   3.7945988e-08   6.2654564e-09   7.3657761e-09
   1.0000000e+00   2.5685087e-02  -3.5554869e-01  -1.1069684e-01   2.6966526e-03  -1.1617590e-04   1.8335735e-03   6.5972369e-04   1.2641487e-01   1.2253790e-02   7.2719352e-06   1.3496840e-08   3.3619918e-06  -4.7578690e-03   1.3614810e-02   3.4696190e-02   2.5173340e-04  -1.0586920e-04  -1.1540020e-04   2.2637317e-05   1.8536305e-04   1.2038256e-03   6.3369705e-08   1.1208287e-08   1.3317206e-08
   1.0000000e+00   1.6735043e-02  -3.5402164e-01  -1.0800602e-01   1.6161254e-03  -8.5330336e-05   1.6262782e-03   2.8006166e-04   1.2533132e-01   1.1665300e-02   2.6118613e-06   7.2812662e-09   2.6447808e-06  -8.9500440e-03   1.5270500e-03   2.6908200e-03  -1.0805272e-03   3.0845564e-05  -2.0729530e-04   8.0103288e-05   2.3318817e-06   7.2405123e-06   1.1675390e-06   9.5144882e-10   4.2971341e-08
   1.0000000e+00   2.7470318e-02  -3.5993824e-01  -1.1298976e-01   1.6829205e-03   2.5453058e-04   1.7837524e-03   7.5461837e-04   1.2955554e-01   1.2766686e-02   2.8322214e-06   6.4785816e-08   3.1817726e-06   1.0735275e-02  -5.9166000e-03  -4.9837400e-03   6.6795100e-05   3.3986092e-04   1.5747420e-04   1.1524613e-04   3.5006156e-05   2.4837664e-05   4.4615854e-09   1.1550544e-07   2.4798124e-08
   1.0000000e+00   2.9803413e-02  -3.4020887e-01  -1.7323218e-01   2.8099850e-03   9.6202527e-05   1.9403393e-03   8.8824343e-04   1.1574208e-01   3.0009388e-02   7.8960157e-06   9.2549262e-09   3.7649166e-06   2.3330950e-03   1.9729370e-02  -6.0242420e-02   1.1270645e-03  -1.5832805e-04   1.5658690e-04   5.4433323e-06   3.8924804e-04   3.6291492e-03   1.2702744e-06   2.5067772e-08   2.4519457e-08
   1.0000000e+00   2.7346804e-02  -3.6272737e-01  -1.0169837e-01   2.0471563e-03   4.5698564e-05   1.7482506e-03   7.4784769e-04   1.3157114e-01   1.0342558e-02   4.1908489e-06   2.0883588e-09   3.0563802e-06  -2.4566090e-03  -2.2518500e-02   7.1533810e-02  -7.6282870e-04  -5.0503963e-05  -1.9208870e-04   6.0349278e-06   5.0708284e-04   5.1170860e-03   5.8190763e-07   2.5506503e-09   3.6898069e-08
   1.0000000e+00   1.9098992e-02  -3.7238882e-01  -1.4977948e-01   1.1420003e-03   7.1882289e-05   1.6602424e-03   3.6477150e-04   1.3867343e-01   2.2433893e-02   1.3041647e-06   5.1670635e-09   2.7564048e-06  -8.2478120e-03  -9.6614500e-03  -4.8081110e-02  -9.0515600e-04   2.6183725e-05  -8.8008200e-05   6.8026403e-05   9.3343616e-05   2.3117931e-03   8.1930738e-07   6.8558745e-10   7.7454433e-09
   1.0000000e+00   2.3067549e-02  -3.7160812e-01  -1.5516210e-01   1.8149541e-03   1.2091982e-04   1.8311241e-03   5.3211182e-04   1.3809259e-01   2.4075277e-02   3.2940584e-06   1.4621603e-08   3.3530155e-06   3.9685570e-03   7.8070000e-04  -5.3826200e-03   6.7295380e-04   4.9037531e-05   1.7088170e-04   1.5749445e-05   6.0949249e-07   2.8972598e-05   4.5286682e-07   2.4046794e-09   2.9200555e-08
   1.0000000e+00   2.7124722e-02  -3.8046939e-01  -1.7785118e-01   2.4472235e-03  -1.2392477e-04   1.7538281e-03   7.3575054e-04   1.4475696e-01   3.1631042e-02   5.9889029e-06   1.5357349e-08   3.0759130e-06   4.0571730e-03  -8.8612700e-03  -2.2689080e-02   6.3226940e-04  -2.4484459e-04  -7.7296000e-05   1.6460653e-05   7.8522106e-05   5.1479435e-04   3.9976459e-07   5.9948873e-08   5.9746716e-09
   1.0000000e+00   1.9173376e-02  -3.6288883e-01  -1.4096998e-01   2.4060897e-03   1.8620347e-04   1.6377178e-03   3.6761835e-04   1.3168830e-01   1.9872535e-02   5.7892676e-06   3.4671732e-08   2.6821196e-06  -7.9513460e-03   1.7580560e-02   3.6881200e-02  -4.1133800e-05   3.1012824e-04  -1.1611030e-04   6.3223903e-05   3.0907609e-04   1.3602229e-03   1.6919895e-09   9.6179525e-08   1.3481602e-08
   1.0000000e+00   1.9055426e-02  -3.9241622e-01  -1.5277779e-01   1.5128975e-03   2.6685128e-04   1.6133402e-03   3.6310926e-04   1.5399049e-01   2.3341053e-02   2.2888588e-06   7.1209606e-08   2.6028666e-06  -1.1795000e-04  -2.9527390e-02  -1.1807810e-02  -8.9319220e-04   8.0647810e-05  -2.4377600e-05   1.3912202e-08   8.7186676e-04   1.3942438e-04   7.9779231e-07   6.5040693e-09   5.9426738e-10
   1.0000000e+00   2.5404631e-02  -3.7427508e-01  -2.3223604e-01   2.3543579e-03   6.0808300e-04   1.6040714e-03   6.4539528e-04   1.4008184e-01   5.3933578e-02   5.5430011e-06   3.6976493e-07   2.5730451e-06   6.3492050e-03   1.8141140e-02  -7.9458250e-02   8.4146040e-04   3.4123172e-04  -9.2688000e-06   4.0312404e-05   3.2910096e-04   6.3136135e-03   7.0805560e-07   1.1643909e-07   8.5910653e-11
   1.0000000e+00   1.3431323e-02  -4.0594758e-01  -1.0305489e+00   7.4105754e-03  -6.2206122e-04   1.5551162e-03   1.8040044e-04   1.6479344e-01   1.0620310e+00   5.4916628e-05   3.8696016e-07   2.4183864e-06  -1.1973308e-02  -3.1672500e-02  -7.9831286e-01   5.0562175e-03  -1.2301442e-03  -4.8955200e-05   1.4336010e-04   1.0031473e-03   6.3730342e-01   2.5565335e-05   1.5132548e-06   2.3966116e-09
   1.0000000e+00   7.9722575e-03  -3.9867503e-01  -3.8176869e-01   1.6280070e-03  -3.7363319e-04   1.2825971e-03   6.3556890e-05   1.5894178e-01   1.4574733e-01   2.6504068e-06   1.3960176e-07   1.6450553e-06  -5.4590655e-03   7.2725500e-03   6.4878021e-01  -5.7825684e-03   2.4842803e-04  -2.7251910e-04   2.9801396e-05   5.2889984e-05   4.2091576e-01   3.3438097e-05   6.1716486e-08   7.4266660e-08
   1.0000000e+00   1.7235836e-02  -4.4409984e-01   7.9627826e-03   9.9130172e-04   2.1485289e-04   1.7498498e-03   2.9707404e-04   1.9722467e-01   6.3405907e-05   9.8267910e-07   4.6161764e-08   3.0619743e-06   9.2635785e-03  -4.5424810e-02   3.8973147e-01  -6.3670528e-04   5.8848608e-04   4.6725270e-04   8.5813887e-05   2.0634134e-03   1.5189062e-01   4.0539361e-07   3.4631587e-07   2.1832509e-07
   1.0000000e+00   2.0899560e-02  -4.1265163e-01  -2.6699517e-02   1.3381493e-03  -2.0240610e-04   1.7723694e-03   4.3679161e-04   1.7028137e-01   7.1286421e-04   1.7906435e-06   4.0968229e-08   3.1412933e-06   3.6637240e-03   3.1448210e-02  -3.4662300e-02   3.4684758e-04  -4.1725899e-04   2.2519600e-05   1.3422874e-05   9.8898991e-04   1.2014750e-03   1.2030324e-07   1.7410506e-07   5.0713238e-10
   1.0000000e+00   3.5361630e-02  -4.1842189e-01  -3.6040939e-03   9.6533884e-04  -1.4764508e-04   2.0263531e-03   1.2504449e-03   1.7507688e-01   1.2989493e-05   9.3187908e-07   2.1799070e-08   4.1061069e-06   1.4462070e-02  -5.7702600e-03   2.3095423e-02  -3.7281046e-04   5.4761020e-05   2.5398370e-04   2.0915147e-04   3.3295900e-05   5.3339857e-04   1.3898764e-07   2.9987693e-09   6.4507720e-08
   1.0000000e+00   2.4752292e-02  -4.5325545e-01   1.0006720e-02   6.4090466e-04  -4.4078077e-05   1.6927937e-03   6.1267596e-04   2.0544050e-01   1.0013445e-04   4.1075878e-07   1.9428769e-09   2.8655505e-06  -1.0609338e-02  -3.4833560e-02   1.3610814e-02  -3.2443418e-04   1.0356700e-04  -3.3355940e-04   1.1255805e-04   1.2133769e-03   1.8525426e-04   1.0525754e-07   1.0726124e-08   1.1126187e-07
   1.0000000e+00   4.2537168e-02  -4.0039180e-01  -1.4194894e-01   5.1192551e-04   6.8204076e-04   4.0422682e-03   1.8094107e-03   1.6031359e-01   2.0149502e-02   2.6206773e-07   4.6517960e-07   1.6339932e-05   1.7784876e-02   5.2863650e-02  -1.5195566e-01  -1.2897915e-04   7.2611884e-04   2.3494745e-03   3.1630181e-04   2.7945655e-03   2.3090523e-02   1.6635621e-08   5.2724857e-07   5.5200304e-06
   1.0000000e+00  -1.0287661e-02  -4.7837073e-01   8.6022742e-02  -2.2668490e-04   4.6073569e-04   1.4581801e-03   1.0583597e-04   2.2883856e-01   7.3999121e-03   5.1386044e-08   2.1227738e-07   2.1262892e-06  -5.2824829e-02  -7.7978930e-02   2.2797168e-01  -7.3861041e-04  -2.2130507e-04  -2.5840881e-03   2.7904626e-03   6.0807135e-03   5.1971088e-02   5.4554534e-07   4.8975934e-08   6.6775113e-06
   1.0000000e+00   1.9888280e-02  -4.5601751e-01   6.8096728e-02   1.1251136e-03   5.4501375e-04   1.5935090e-03   3.9554368e-04   2.0795197e-01   4.6371644e-03   1.2658806e-06   2.9703999e-07   2.5392709e-06   3.0175941e-02   2.2353220e-02  -1.7926014e-02   1.3517985e-03   8.4278060e-05   1.3532890e-04   9.1058742e-04   4.9966644e-04   3.2134198e-04   1.8273592e-06   7.1027914e-09   1.8313911e-08
   1.0000000e+00   2.9784288e-02  -4.4648436e-01   3.1810469e-02   9.6552175e-04   2.6383714e-05   2.0052068e-03   8.8710381e-04   1.9934828e-01   1.0119059e-03   9.3223225e-07   6.9610036e-10   4.0208543e-06   9.8960080e-03   9.5331500e-03  -3.6286259e-02  -1.5959185e-04  -5.1863004e-04   4.1169780e-04   9.7930974e-05   9.0880949e-05   1.3166926e-03   2.5469559e-08   2.6897711e-07   1.6949508e-07
   1.0000000e+00   3.0808721e-02  -4.9316698e-01   1.0733051e-02   1.4882596e-03   1.0203223e-04   1.9541100e-03   9.4917729e-04   2.4321367e-01   1.1519838e-04   2.2149166e-06   1.0410576e-08   3.8185459e-06   1.0244330e-03  -4.6682620e-02  -2.1077418e-02   5.2273785e-04   7.5648516e-05  -5.1096800e-05   1.0494630e-06   2.1792670e-03   4.4425755e-04   2.7325486e-07   5.7226980e-09   2.6108830e-09
   1.0000000e+00   3.6945865e-02  -4.8922807e-01   6.0970837e-02   5.7143749e-04  -3.1139983e-04   2.2231626e-03   1.3649969e-03   2.3934410e-01   3.7174430e-03   3.2654080e-07   9.6969854e-08   4.9424519e-06   6.1371440e-03   3.9389100e-03   5.0237786e-02  -9.1682211e-04  -4.1343206e-04   2.6905260e-04   3.7664536e-05   1.5515012e-05   2.5238351e-03   8.4056278e-07   1.7092607e-07   7.2389302e-08
   1.0000000e+00   2.9807937e-02  -5.2527033e-01   4.8227841e-02   1.1129403e-03  -1.4704260e-04   2.1709728e-03   8.8851311e-04   2.7590892e-01   2.3259246e-03   1.2386361e-06   2.1621526e-08   4.7131229e-06  -7.1379280e-03  -3.6042260e-02  -1.2742996e-02   5.4150281e-04   1.6435723e-04  -5.2189800e-05   5.0950016e-05   1.2990445e-03   1.6238395e-04   2.9322529e-07   2.7013299e-08   2.7237752e-09
   1.0000000e+00   3.2362948e-02  -5.1497258e-01   5.8935776e-02   6.6715996e-04  -4.7643601e-04   2.0868454e-03   1.0473604e-03   2.6519676e-01   3.4734257e-03   4.4510241e-07   2.2699127e-07   4.3549237e-06   2.5550110e-03   1.0297750e-02   1.0707935e-02  -4.4578034e-04  -3.2939341e-04  -8.4127400e-05   6.5280812e-06   1.0604366e-04   1.1465987e-04   1.9872011e-07   1.0850002e-07   7.0774194e-09
   1.0000000e+00   2.6691969e-02  -5.3760124e-01   3.7498947e-02   1.3919073e-03  -9.6785871e-06   1.8050002e-03   7.1246121e-04   2.8901509e-01   1.4061710e-03   1.9374059e-06   9.3675048e-11   3.2580257e-06  -5.6709790e-03  -2.2628660e-02  -2.1436829e-02   7.2474734e-04   4.6675742e-04  -2.8184520e-04   3.2160003e-05   5.1205625e-04   4.5953764e-04   5.2525871e-07   2.1786249e-07   7.9436717e-08
   1.0000000e+00   4.4858152e-02  -5.5827851e-01   1.1666941e-01   7.3764249e-04   1.0423887e-05   2.2515042e-03   2.0122538e-03   3.1167489e-01   1.3611751e-02   5.4411644e-07   1.0865742e-10   5.0692712e-06   1.8166183e-02  -2.0677270e-02   7.9170463e-02  -6.5426481e-04   2.0102474e-05   4.4650400e-04   3.3001020e-04   4.2754949e-04   6.2679622e-03   4.2806244e-07   4.0410946e-10   1.9936582e-07
   1.0000000e+00   4.7912335e-02  -5.7181781e-01   4.5027351e-02   2.2164109e-03   3.8523738e-04   2.4376424e-03   2.2955918e-03   3.2697561e-01   2.0274623e-03   4.9124773e-06   1.4840784e-07   5.9421005e-06   3.0541830e-03  -1.3539300e-02  -7.1642059e-02   1.4787684e-03   3.7481349e-04   1.8613820e-04   9.3280338e-06   1.8331264e-04   5.1325846e-03   2.1867560e-06   1.4048515e-07   3.4647429e-08
   1.0000000e+00   4.8377946e-02  -5.6426047e-01   1.6277031e-01   2.5893763e-05  -1.3288150e-04   2.1940640e-03   2.3404257e-03   3.1838988e-01   2.6494174e-02   6.7048696e-10   1.7657493e-08   4.8139168e-06   4.6561100e-04   7.5573400e-03   1.1774296e-01  -2.1905171e-03  -5.1811888e-04  -2.4357840e-04   2.1679360e-07   5.7113388e-05   1.3863404e-02   4.7983653e-06   2.6844717e-07   5.9330437e-08
   1.0000000e+00   3.6043564e-02  -5.7954970e-01   3.6877097e-02   1.2404682e-03   2.9393334e-04   2.2854261e-03   1.2991385e-03   3.3587785e-01   1.3599203e-03   1.5387614e-06   8.6396808e-08   5.2231725e-06  -1.2334382e-02  -1.5289230e-02  -1.2589321e-01   1.2145744e-03   4.2681484e-04   9.1362100e-05   1.5213698e-04   2.3376055e-04   1.5849101e-02   1.4751911e-06   1.8217091e-07   8.3470333e-09
   1.0000000e+00   5.0222013e-02  -5.0926499e-01   7.1623003e-02   1.3839258e-06  -4.5062762e-04   2.1544740e-03   2.5222506e-03   2.5935083e-01   5.1298546e-03   1.9152506e-12   2.0306525e-07   4.6417582e-06   1.4178449e-02   7.0284710e-02   3.4745906e-02  -1.2390843e-03  -7.4456096e-04  -1.3095210e-04   2.0102842e-04   4.9399405e-03   1.2072780e-03   1.5353298e-06   5.5437102e-07   1.7148452e-08
   1.0000000e+00   4.1572871e-02  -5.9678101e-01  -6.1073418e-02   2.4296985e-03   5.4681950e-04   2.4452725e-03   1.7283036e-03   3.5614757e-01   3.7299624e-03   5.9034348e-06   2.9901157e-07   5.9793576e-06  -8.6491420e-03  -8.7516020e-02  -1.3269642e-01   2.4283146e-03   9.9744712e-04   2.9079850e-04   7.4807657e-05   7.6590538e-03   1.7608340e-02   5.8967117e-06   9.9490076e-07   8.4563768e-08
   1.0000000e+00   4.5260281e-02  -5.4116523e-01   9.8156836e-02   7.1488020e-05  -6.2724700e-04   2.4268052e-03   2.0484930e-03   2.9285981e-01   9.6347645e-03   5.1105370e-09   3.9343880e-07   5.8893835e-06   3.6874100e-03   5.5615780e-02   1.5923025e-01  -2.3582105e-03  -1.1740665e-03  -1.8467300e-05   1.3596993e-05   3.0931150e-03   2.5354274e-02   5.5611567e-06   1.3784321e-06   3.4104117e-10
   1.0000000e+00   3.7554198e-02  -7.0424434e-01  -2.7479790e-01   6.1121016e-03   2.9867930e-03   3.3869129e-03   1.4103178e-03   4.9596009e-01   7.5513886e-02   3.7357786e-05   8.9209324e-06   1.1471179e-05  -7.7060830e-03  -1.6307911e-01  -3.7295474e-01   6.0406136e-03   3.6140400e-03   9.6010770e-04   5.9383715e-05   2.6594796e-02   1.3909524e-01   3.6489012e-05   1.3061285e-05   9.2180680e-07
   1.0000000e+00   8.4168360e-02  -8.0512836e-01  -1.2503871e+00   2.5659024e-02   5.6329088e-03   7.3076709e-03   7.0843128e-03   6.4823168e-01   1.5634679e+00   6.5838551e-04   3.1729662e-05   5.3402054e-05   4.6614162e-02  -1.0088402e-01  -9.7558920e-01   1.9546922e-02   2.6461158e-03   3.9207580e-03   2.1728801e-03   1.0177585e-02   9.5177429e-01   3.8208218e-04   7.0019288e-06   1.5372343e-05
   1.0000000e+00   4.8926721e-02  -5.5448038e-01   1.5575852e-01  -2.0030392e-03  -4.0637579e-03   3.1523931e-03   2.3938240e-03   3.0744849e-01   2.4260717e-02   4.0121660e-06   1.6514128e-05   9.9375823e-06  -3.5241639e-02   2.5064798e-01   1.4061456e+00  -2.7662063e-02  -9.6966667e-03  -4.1552778e-03   1.2419731e-03   6.2824410e-02   1.9772455e+00   7.6518974e-04   9.4025345e-05   1.7266334e-05
   1.0000000e+00   2.4729184e-02  -5.9682047e-01  -8.7594617e-02   2.0123982e-03  -2.2356806e-03   3.2038886e-03   6.1153254e-04   3.5619467e-01   7.6728169e-03   4.0497465e-06   4.9982677e-06   1.0264902e-05  -2.4197537e-02  -4.2340090e-02  -2.4335314e-01   4.0154374e-03   1.8280773e-03   5.1495500e-05   5.8552080e-04   1.7926832e-03   5.9220749e-02   1.6123738e-05   3.3418666e-06   2.6517865e-09
   1.0000000e+00   4.5103661e-02  -5.6121137e-01   7.8555117e-02   4.6266707e-04  -3.3077704e-03   3.1245250e-03   2.0343402e-03   3.1495820e-01   6.1709064e-03   2.1406082e-07   1.0941345e-05   9.7626565e-06   2.0374477e-02   3.5609100e-02   1.6614973e-01  -1.5497311e-03  -1.0720898e-03  -7.9363600e-05   4.1511931e-04   1.2680080e-03   2.7605734e-02   2.4016666e-06   1.1493765e-06   6.2985810e-09
   1.0000000e+00   2.8450264e-02  -6.0027843e-01   1.1117150e-02   1.8580013e-03  -2.1793427e-03   3.0419995e-03   8.0941752e-04   3.6033419e-01   1.2359102e-04   3.4521688e-06   4.7495346e-06   9.2537610e-06  -1.6653397e-02  -3.9067060e-02  -6.7437967e-02   1.3953342e-03   1.1284277e-03  -8.2525500e-05   2.7733563e-04   1.5262352e-03   4.5478794e-03   1.9469576e-06   1.2733491e-06   6.8104582e-09
   1.0000000e+00   3.4873197e-02  -5.5760928e-01   3.5307298e-02   1.1101084e-03  -3.1623967e-03   2.7343740e-03   1.2161399e-03   3.1092811e-01   1.2466053e-03   1.2323407e-06   1.0000753e-05   7.4768012e-06   6.4229330e-03   4.2669150e-02   2.4190148e-02  -7.4789290e-04  -9.8305400e-04  -3.0762550e-04   4.1254068e-05   1.8206564e-03   5.8516326e-04   5.5934379e-07   9.6639517e-07   9.4633448e-08
   1.0000000e+00   2.4148939e-02  -6.0172090e-01   8.1984998e-03   1.1043699e-03  -2.4760163e-03   3.0329232e-03   5.8317125e-04   3.6206804e-01   6.7215399e-05   1.2196329e-06   6.1306567e-06   9.1986231e-06  -1.0724258e-02  -4.4111620e-02  -2.7108798e-02  -5.7385000e-06   6.8638040e-04   2.9854920e-04   1.1500971e-04   1.9458350e-03   7.3488694e-04   3.2930382e-11   4.7111805e-07   8.9131625e-08
   1.0000000e+00   3.6122694e-02  -5.8158515e-01   4.1527783e-02   1.2765614e-03  -2.7650092e-03   2.6511961e-03   1.3048490e-03   3.3824129e-01   1.7245568e-03   1.6296090e-06   7.6452759e-06   7.0288408e-06   1.1973755e-02   2.0135750e-02   3.3329283e-02   1.7219150e-04  -2.8899290e-04  -3.8172710e-04   1.4337081e-04   4.0544843e-04   1.1108411e-03   2.9649913e-08   8.3516896e-08   1.4571558e-07
   1.0000000e+00   3.6119911e-02  -5.7965820e-01  -1.0788897e-02   1.5929326e-03  -2.2359319e-03   3.2347598e-03   1.3046480e-03   3.3600363e-01   1.1640030e-04   2.5374343e-06   4.9993915e-06   1.0463671e-05  -2.7830000e-06   1.9269500e-03  -5.2316680e-02   3.1637120e-04   5.2907730e-04   5.8356370e-04   7.7450890e-12   3.7131363e-06   2.7370350e-03   1.0009074e-07   2.7992279e-07   3.4054659e-07
   1.0000000e+00   7.0712407e-02  -5.8108643e-01  -6.8144615e-03   5.1497382e-04  -3.4055440e-03   4.0005339e-03   5.0002445e-03   3.3766144e-01   4.6436886e-05   2.6519804e-07   1.1597730e-05   1.6004271e-05   3.4592496e-02  -1.4282300e-03   3.9744355e-03  -1.0779588e-03  -1.1696121e-03   7.6577410e-04   1.1966408e-03   2.0398409e-06   1.5796138e-05   1.1619951e-06   1.3679925e-06   5.8640997e-07
   1.0000000e+00   2.8673721e-02  -5.9399587e-01   6.7563827e-02   1.3979689e-03  -1.8461912e-03   3.0903338e-03   8.2218228e-04   3.5283109e-01   4.5648707e-03   1.9543170e-06   3.4084219e-06   9.5501630e-06  -4.2038686e-02  -1.2909440e-02   7.4378289e-02   8.8299508e-04   1.5593528e-03  -9.1020010e-04   1.7672511e-03   1.6665364e-04   5.5321298e-03   7.7968031e-07   2.4315812e-06   8.2846422e-07
   1.0000000e+00   2.6740146e-01  -5.8780030e-01   4.8134205e-01   5.6687866e-03   1.9096946e-03   7.1427829e-03   7.1503541e-02   3.4550919e-01   2.3169017e-01   3.2135142e-05   3.6469335e-06   5.1019348e-05   2.3872774e-01   6.1955700e-03   4.1377822e-01   4.2708177e-03   3.7558858e-03   4.0524491e-03   5.6990933e-02   3.8385088e-05   1.7121242e-01   1.8239884e-05   1.4106678e-05   1.6422344e-05
   1.0000000e+00   1.0779691e-01  -8.1986995e-01   3.9058523e-01   2.2060500e-03   2.1323670e-04   5.2991873e-03   1.1620174e-02   6.7218673e-01   1.5255682e-01   4.8666566e-06   4.5469890e-08   2.8081386e-05  -1.5960455e-01  -2.3206965e-01  -9.0756820e-02  -3.4627366e-03  -1.6964579e-03  -1.8435956e-03   2.5473612e-02   5.3856322e-02   8.2368004e-03   1.1990545e-05   2.8779694e-06   3.3988447e-06
   1.0000000e+00  -7.7480574e-02  -5.6726320e-01   1.8662401e-01   1.8916728e-03   5.3358781e-04  -3.6020961e-04   6.0032393e-03   3.2178754e-01   3.4828521e-02   3.5784260e-06   2.8471595e-07   1.2975096e-07  -1.8527748e-01   2.5260675e-01  -2.0396122e-01  -3.1437720e-04   3.2035111e-04  -5.6593969e-03   3.4327746e-02   6.3810170e-02   4.1600179e-02   9.8833024e-08   1.0262483e-07   3.2028773e-05
   1.0000000e+00  -6.1979585e-02  -6.2381485e-01   2.0730248e-01   1.9724735e-03   1.0948449e-03  -1.6262207e-04   3.8414690e-03   3.8914497e-01   4.2974318e-02   3.8906517e-06   1.1986854e-06   2.6445938e-08   1.5500989e-02  -5.6551650e-02   2.0678470e-02   8.0800700e-05   5.6125709e-04   1.9758754e-04   2.4028066e-04   3.1980891e-03   4.2759912e-04   6.5287531e-09   3.1500952e-07   3.9040836e-08
   1.0000000e+00  -6.7055658e-02  -6.2171313e-01   1.5325996e-01   1.8851843e-03   8.8753287e-04  -1.1520342e-03   4.4964613e-03   3.8652722e-01   2.3488615e-02   3.5539198e-06   7.8771460e-07   1.3271828e-06  -5.0760730e-03   2.1017200e-03  -5.4042520e-02  -8.7289200e-05  -2.0731203e-04  -9.8941213e-04   2.5766517e-05   4.4172270e-06   2.9205940e-03   7.6194044e-09   4.2978278e-08   9.7893636e-07
   1.0000000e+00  -2.1323989e-02  -5.8935882e-01   2.3543010e-01   2.1127645e-03   1.2952098e-03   7.8646058e-04   4.5471251e-04   3.4734382e-01   5.5427332e-02   4.4637738e-06   1.6775684e-06   6.1852024e-07   4.5731669e-02   3.2354310e-02   8.2170140e-02   2.2758020e-04   4.0767693e-04   1.9384948e-03   2.0913855e-03   1.0468014e-03   6.7519319e-03   5.1792747e-08   1.6620048e-07   3.7577620e-06
   1.0000000e+00  -4.8003603e-02  -6.5214909e-01   2.7711246e-01   9.3309477e-04   9.5379607e-04  -9.2184074e-05   2.3043459e-03   4.2529844e-01   7.6791315e-02   8.7066585e-07   9.0972694e-07   8.4979035e-09  -2.6679614e-02  -6.2790270e-02   4.1682360e-02  -1.1796697e-03  -3.4141373e-04  -8.7864465e-04   7.1180180e-04   3.9426180e-03   1.7374191e-03   1.3916207e-06   1.1656334e-07   7.7201643e-07
   1.0000000e+00  -1.8101066e-02  -6.7687563e-01   3.4771377e-01   8.3475449e-04   9.6870803e-04   9.3755067e-04   3.2764859e-04   4.5816062e-01   1.2090487e-01   6.9681506e-07   9.3839525e-07   8.7900126e-07   2.9902537e-02  -2.4726540e-02   7.0601310e-02  -9.8340280e-05   1.4911960e-05   1.0297347e-03   8.9416172e-04   6.1140178e-04   4.9845450e-03   9.6708107e-09   2.2236655e-10   1.0603536e-06
   1.0000000e+00  -1.3557953e-02  -6.5264932e-01   1.7570145e-01   8.1819377e-04  -3.1934637e-04   7.8446359e-04   1.8381809e-04   4.2595113e-01   3.0871000e-02   6.6944105e-07   1.0198210e-07   6.1538312e-07   4.5431130e-03   2.4226310e-02  -1.7201232e-01  -1.6560720e-05  -1.2880544e-03  -1.5308708e-04   2.0639876e-05   5.8691410e-04   2.9588238e-02   2.7425745e-10   1.6590841e-06   2.3435654e-08
   1.0000000e+00  -1.4812671e-02  -6.8678609e-01   3.4674501e-01   7.0374265e-04   1.0491634e-03   9.4773442e-04   2.1941522e-04   4.7167513e-01   1.2023210e-01   4.9525372e-07   1.1007438e-06   8.9820053e-07  -1.2547180e-03  -3.4136770e-02   1.7104356e-01  -1.1445112e-04   1.3685098e-03   1.6327083e-04   1.5743173e-06   1.1653191e-03   2.9255899e-02   1.3099059e-08   1.8728190e-06   2.6657364e-08
   1.0000000e+00  -8.9533521e-02  -6.4843838e-01  -3.1802702e-01  -2.2716684e-04  -1.0372801e-03   1.5834159e-04   8.0162514e-03   4.2047233e-01   1.0114119e-01   5.1604773e-08   1.0759500e-06   2.5072059e-08  -7.4720850e-02   3.8347710e-02  -6.6477203e-01  -9.3090949e-04  -2.0864435e-03  -7.8939283e-04   5.5832054e-03   1.4705469e-03   4.4192185e-01   8.6659248e-07   4.3532465e-06   6.2314104e-07
   1.0000000e+00  -2.3363923e-02  -4.7250213e-01  -1.7687921e+00   4.6337255e-03   2.9054627e-03   1.7833532e-03   5.4587290e-04   2.2325826e-01   3.1286255e+00   2.1471412e-05   8.4417135e-06   3.1803486e-06   6.6169598e-02   1.7593625e-01  -1.4507651e+00   4.8608923e-03   3.9427428e-03   1.6250116e-03   4.3784157e-03   3.0953564e-02   2.1047193e+00   2.3628274e-05   1.5545221e-05   2.6406627e-06
   1.0000000e+00   5.1719941e-02  -5.1841403e-01  -1.7756130e+00   1.0126282e-02   9.0826695e-03   5.6102981e-03   2.6749523e-03   2.6875311e-01   3.1528015e+00   1.0254159e-04   8.2494885e-05   3.1475445e-05   7.5083864e-02  -4.5911900e-02  -6.8209000e-03   5.4925565e-03   6.1772068e-03   3.8269449e-03   5.6375866e-03   2.1079026e-03   4.6524677e-05   3.0168177e-05   3.8157884e-05   1.4645507e-05
   1.0000000e+00  -7.9906232e-02  -7.5981834e-01  -5.8402670e-02   3.3995046e-03   2.9474378e-03   3.2381154e-03   6.3850059e-03   5.7732391e-01   3.4108719e-03   1.1556632e-05   8.6873896e-06   1.0485391e-05  -1.3162617e-01  -2.4140431e-01   1.7172103e+00  -6.7267774e-03  -6.1352317e-03  -2.3721827e-03   1.7325449e-02   5.8276041e-02   2.9488113e+00   4.5249534e-05   3.7641068e-05   5.6272508e-06
   1.0000000e+00  -1.4071633e-01  -6.3771718e-01  -5.8828574e-01   1.2451668e-02   3.9231877e-03   2.4523000e-03   1.9801086e-02   4.0668320e-01   3.4608011e-01   1.5504404e-04   1.5391402e-05   6.0137753e-06  -6.0810098e-02   1.2210116e-01  -5.2988307e-01   9.0521634e-03   9.7574990e-04  -7.8581540e-04   3.6978680e-03   1.4908693e-02   2.8077607e-01   8.1941662e-05   9.5208787e-07   6.1750584e-07
   1.0000000e+00  -1.9259224e-01  -7.5710168e-01  -2.6124086e-03   6.2860361e-03   1.7153188e-03  -1.0900741e-03   3.7091771e-02   5.7320295e-01   6.8246787e-06   3.9514250e-05   2.9423186e-06   1.1882615e-06  -5.1875910e-02  -1.1938450e-01   5.8567333e-01  -6.1656319e-03  -2.2078689e-03  -3.5423741e-03   2.6911100e-03   1.4252659e-02   3.4301325e-01   3.8015017e-05   4.8746851e-06   1.2548414e-05
   1.0000000e+00  -1.5906978e-01  -6.7262900e-01   1.3739745e-01   2.9778665e-03   3.6888142e-04   1.2420939e-03   2.5303195e-02   4.5242977e-01   1.8878059e-02   8.8676889e-06   1.3607350e-07   1.5427973e-06   3.3522460e-02   8.4472680e-02   1.4000986e-01  -3.3081696e-03  -1.3464374e-03   2.3321680e-03   1.1237553e-03   7.1356337e-03   1.9602761e-02   1.0943986e-05   1.8128936e-06   5.4390076e-06
   1.0000000e+00  -1.4058331e-01  -6.5927499e-01   1.2615000e-01   2.8078472e-03   3.8633238e-05   2.3369742e-03   1.9763667e-02   4.3464351e-01   1.5913823e-02   7.8840059e-06   1.4925271e-09   5.4614484e-06   1.8486470e-02   1.3354010e-02  -1.1247450e-02  -1.7001930e-04  -3.3024818e-04   1.0948803e-03   3.4174957e-04   1.7832958e-04   1.2650513e-04   2.8906562e-08   1.0906386e-07   1.1987629e-06
   1.0000000e+00  -1.5414326e-01  -6.8700346e-01   1.9322876e-01   2.0367712e-03   5.4101640e-04   2.3263325e-03   2.3760145e-02   4.7197375e-01   3.7337354e-02   4.1484369e-06   2.9269875e-07   5.4118229e-06  -1.3559950e-02  -2.7728470e-02   6.7078760e-02  -7.7107600e-04   5.0238316e-04  -1.0641700e-05   1.8387224e-04   7.6886805e-04   4.4995600e-03   5.9455820e-07   2.5238884e-07   1.1324578e-10
   1.0000000e+00  -1.6227741e-01  -6.7974265e-01   1.7297009e-01   2.4844251e-03   1.7629736e-04   2.2000915e-03   2.6333958e-02   4.6205007e-01   2.9918652e-02   6.1723681e-06   3.1080759e-08   4.8404026e-06  -8.1341500e-03   7.2608100e-03  -2.0258670e-02   4.4765390e-04  -3.6471904e-04  -1.2624100e-04   6.6164396e-05   5.2719362e-05   4.1041371e-04   2.0039401e-07   1.3301998e-07   1.5936790e-08
   1.0000000e+00  -1.4168110e-01  -6.8400444e-01  -3.8012780e-02   2.0578441e-03   1.3986189e-03   2.4278241e-03   2.0073534e-02   4.6786207e-01   1.4449714e-03   4.2347223e-06   1.9561348e-06   5.8943299e-06   2.0596310e-02  -4.2617900e-03  -2.1098287e-01  -4.2658100e-04   1.2223215e-03   2.2773260e-04   4.2420799e-04   1.8162854e-05   4.4513771e-02   1.8197135e-07   1.4940699e-06   5.1862137e-08
   1.0000000e+00  -1.5344817e-01  -7.7727728e-01   2.8674488e-01  -1.4924153e-03   2.6787343e-03   2.4504309e-03   2.3546341e-02   6.0415997e-01   8.2222626e-02   2.2273034e-06   7.1756174e-06   6.0046116e-06  -1.1767070e-02  -9.3272840e-02   3.2475766e-01  -3.5502594e-03   1.2801154e-03   2.2606800e-05   1.3846394e-04   8.6998227e-03   1.0546754e-01   1.2604342e-05   1.6386954e-06   5.1106741e-10
   1.0000000e+00  -1.5160808e-01  -7.5124745e-01   5.6682911e-01   5.7051111e-04   2.2659744e-03   2.6577930e-03   2.2985010e-02   5.6437273e-01   3.2129524e-01   3.2548293e-07   5.1346400e-06   7.0638636e-06   1.8400900e-03   2.6029830e-02   2.8008423e-01   2.0629264e-03  -4.1275990e-04   2.0736210e-04   3.3859312e-06   6.7755205e-04   7.8447176e-02   4.2556654e-06   1.7037074e-07   4.2999041e-08
   1.0000000e+00  -1.3807003e-01  -7.1606744e-01   2.8587357e-01   1.8838576e-03   2.3950289e-03   3.0072623e-03   1.9063333e-02   5.1275258e-01   8.1723698e-02   3.5489195e-06   5.7361634e-06   9.0436265e-06   1.3538050e-02   3.5180010e-02  -2.8095554e-01   1.3133465e-03   1.2905450e-04   3.4946930e-04   1.8327880e-04   1.2376331e-03   7.8936015e-02   1.7248790e-06   1.6655064e-08   1.2212879e-07
   1.0000000e+00  -6.2691199e-02  -7.4173595e-01   3.7081362e-01   3.4813376e-05   2.0778592e-03   4.5063515e-03   3.9301864e-03   5.5017222e-01   1.3750274e-01   1.2119711e-09   4.3174989e-06   2.0307204e-05   7.5378831e-02  -2.5668510e-02   8.4940050e-02  -1.8490442e-03  -3.1716970e-04   1.4990892e-03   5.6819682e-03   6.5887241e-04   7.2148121e-03   3.4189645e-06   1.0059662e-07   2.2472684e-06
   1.0000000e+00  -9.7015225e-02  -7.1772272e-01   2.9380120e-01  -5.5971851e-04   2.8828013e-03   3.8509957e-03   9.4119539e-03   5.1512590e-01   8.6319145e-02   3.1328481e-07   8.3105433e-06   1.4830168e-05  -3.4324026e-02   2.4013230e-02  -7.7012420e-02  -5.9453189e-04   8.0494210e-04  -6.5535580e-04   1.1781388e-03   5.7663522e-04   5.9309128e-03   3.5346816e-07   6.4793178e-07   4.2949122e-07
   1.0000000e+00  -9.2113066e-02  -7.4741937e-01   3.6489841e-01  -1.1140970e-03   2.7711919e-03   4.1557751e-03   8.4848169e-03   5.5863571e-01   1.3315085e-01   1.2412121e-06   7.6795045e-06   1.7270467e-05   4.9021590e-03  -2.9696650e-02   7.1097210e-02  -5.5437849e-04  -1.1160940e-04   3.0477940e-04   2.4031163e-05   8.8189102e-04   5.0548133e-03   3.0733551e-07   1.2456658e-08   9.2890483e-08
   1.0000000e+00  -9.2573476e-02  -7.3649814e-01   2.1780865e-01   9.5757937e-06   2.6293953e-03   4.3504564e-03   8.5698485e-03   5.4242951e-01   4.7440608e-02   9.1695825e-11   6.9137196e-06   1.8926471e-05  -4.6041000e-04   1.0921230e-02  -1.4708976e-01   1.1236728e-03  -1.4179660e-04   1.9468130e-04   2.1197737e-07   1.1927326e-04   2.1635397e-02   1.2626405e-06   2.0106276e-08   3.7900809e-08
   1.0000000e+00  -9.3610658e-02  -7.3021572e-01   3.0529150e-01   1.4136515e-04   2.4174988e-03   4.1704263e-03   8.7629553e-03   5.3321500e-01   9.3202900e-02   1.9984106e-08   5.8443004e-06   1.7392456e-05  -1.0371820e-03   6.2824200e-03   8.7482850e-02   1.3178936e-04  -2.1189650e-04  -1.8003010e-04   1.0757465e-06   3.9468801e-05   7.6532490e-03   1.7368434e-08   4.4900127e-08   3.2410837e-08
   1.0000000e+00  -1.1357720e-01  -7.4983246e-01   2.8039485e-01  -1.0817617e-03   2.1838103e-03   3.5377970e-03   1.2899780e-02   5.6224872e-01   7.8621272e-02   1.1702084e-06   4.7690274e-06   1.2516008e-05  -1.9966542e-02  -1.9616740e-02  -2.4896650e-02  -1.2231268e-03  -2.3368850e-04  -6.3262930e-04   3.9866280e-04   3.8481649e-04   6.1984318e-04   1.4960393e-06   5.4610315e-08   4.0021983e-07
   1.0000000e+00  -1.3504018e-01  -7.5254425e-01   3.3894856e-01  -9.2726477e-04   2.2068441e-03   3.0978933e-03   1.8235850e-02   5.6632285e-01   1.1488613e-01   8.5981995e-07   4.8701609e-06   9.5969429e-06  -2.1462980e-02  -2.7117900e-03   5.8553710e-02   1.5449693e-04   2.3033800e-05  -4.3990370e-04   4.6065951e-04   7.3538050e-06   3.4285370e-03   2.3869301e-08   5.3055594e-10   1.9351527e-07
   1.0000000e+00  -1.3482574e-01  -7.4100463e-01   2.8519271e-01  -2.2310465e-04   1.7547304e-03   3.1253156e-03   1.8177980e-02   5.4908786e-01   8.1334882e-02   4.9775685e-08   3.0790788e-06   9.7675976e-06   2.1444000e-04   1.1539620e-02  -5.3755850e-02   7.0416012e-04  -4.5211370e-04   2.7422300e-05   4.5984514e-08   1.3316283e-04   2.8896914e-03   4.9584147e-07   2.0440680e-07   7.5198254e-10
   1.0000000e+00  -1.5096076e-01  -7.6644658e-01   3.1595504e-01  -1.2535576e-03   1.6001584e-03   2.5603057e-03   2.2789151e-02   5.8744036e-01   9.9827587e-02   1.5714067e-06   2.5605069e-06   6.5551653e-06  -1.6135020e-02  -2.5441950e-02   3.0762330e-02  -1.0304529e-03  -1.5457200e-04  -5.6500990e-04   2.6033887e-04   6.4729282e-04   9.4632095e-04   1.0618333e-06   2.3892503e-08   3.1923619e-07
   1.0000000e+00  -1.4515267e-01  -7.7203351e-01   3.0128485e-01  -7.1427768e-04   1.6759999e-03   3.0275509e-03   2.1069298e-02   5.9603574e-01   9.0772561e-02   5.1019260e-07   2.8089757e-06   9.1660645e-06   5.8080900e-03  -5.5869300e-03  -1.4670190e-02   5.3927992e-04   7.5841500e-05   4.6724520e-04   3.3733909e-05   3.1213787e-05   2.1521447e-04   2.9082283e-07   5.7519331e-09   2.1831808e-07
   1.0000000e+00  -1.4477939e-01  -7.8382081e-01   3.1668461e-01  -2.9358949e-04   1.3860921e-03   2.9369410e-03   2.0961072e-02   6.1437506e-01   1.0028914e-01   8.6194789e-08   1.9212513e-06   8.6256224e-06   3.7328000e-04  -1.1787300e-02   1.5399760e-02   4.2068819e-04  -2.8990780e-04  -9.0609900e-05   1.3933796e-07   1.3894044e-04   2.3715261e-04   1.7697855e-07   8.4046533e-08   8.2101540e-09
   1.0000000e+00  -1.3938240e-01  -7.7478425e-01   2.6455834e-01  -6.2195998e-04   1.1651605e-03   3.1489636e-03   1.9427453e-02   6.0029063e-01   6.9991115e-02   3.8683422e-07   1.3575990e-06   9.9159718e-06   5.3969900e-03   9.0365600e-03  -5.2126270e-02  -3.2837049e-04  -2.2093160e-04   2.1202260e-04   2.9127501e-05   8.1659417e-05   2.7171480e-03   1.0782718e-07   4.8810772e-08   4.4953583e-08
   1.0000000e+00  -1.5471939e-01  -7.9027750e-01   2.8680412e-01  -6.7432362e-04   1.3882646e-03   2.8691864e-03   2.3938090e-02   6.2453853e-01   8.2256603e-02   4.5471234e-07   1.9272786e-06   8.2322306e-06  -1.5336990e-02  -1.5493250e-02   2.2245780e-02  -5.2363640e-05   2.2310410e-04  -2.7977720e-04   2.3522326e-04   2.4004080e-04   4.9487473e-04   2.7419508e-09   4.9775439e-08   7.8275282e-08
   1.0000000e+00  -1.5122277e-01  -7.9035837e-01   2.7268322e-01  -1.2974813e-04   1.3347923e-03   2.7365587e-03   2.2868326e-02   6.2466635e-01   7.4356138e-02   1.6834577e-08   1.7816705e-06   7.4887535e-06   3.4966200e-03  -8.0870000e-05  -1.4120900e-02   5.4457549e-04  -5.3472300e-05  -1.3262770e-04   1.2226351e-05   6.5399569e-09   1.9939982e-04   2.9656246e-07   2.8592869e-09   1.7590107e-08
   1.0000000e+00  -1.4651793e-01  -7.5771543e-01   2.7279404e-01  -3.6996967e-04   1.6027288e-03   3.0861307e-03   2.1467504e-02   5.7413267e-01   7.4416588e-02   1.3687756e-07   2.5687396e-06   9.5242027e-06   4.7048400e-03   3.2642940e-02   1.1082000e-04  -2.4022154e-04   2.6793650e-04   3.4957200e-04   2.2135519e-05   1.0655615e-03   1.2281072e-08   5.7706388e-08   7.1789968e-08   1.2220058e-07
   1.0000000e+00  -1.4452854e-01  -8.0935364e-01   2.6167777e-01   1.5671163e-04   1.1661389e-03   3.1067003e-03   2.0888499e-02   6.5505331e-01   6.8475255e-02   2.4558535e-08   1.3598799e-06   9.6515868e-06   1.9893900e-03  -5.1638210e-02  -1.1116270e-02   5.2668130e-04  -4.3658990e-04   2.0569600e-05   3.9576726e-06   2.6665047e-03   1.2357146e-04   2.7739319e-07   1.9061074e-07   4.2310844e-10
   1.0000000e+00  -1.4333896e-01  -8.3774384e-01   3.2075776e-01  -5.8813605e-04   1.3382873e-03   2.9868580e-03   2.0546057e-02   7.0181474e-01   1.0288554e-01   3.4590401e-07   1.7910129e-06   8.9213207e-06   1.1895800e-03  -2.8390200e-02   5.9079990e-02  -7.4484768e-04   1.7214840e-04  -1.1984230e-04   1.4151006e-06   8.0600346e-04   3.4904452e-03   5.5479807e-07   2.9635072e-08   1.4362177e-08
   1.0000000e+00  -1.2627527e-01  -8.2606142e-01   2.7043416e-01  -5.9387908e-04   1.0302513e-03   3.2643599e-03   1.5945444e-02   6.8237747e-01   7.3134635e-02   3.5269236e-07   1.0614177e-06   1.0656046e-05   1.7063690e-02   1.1682420e-02  -5.0323600e-02  -5.7430300e-06  -3.0803600e-04   2.7750190e-04   2.9116952e-04   1.3647894e-04   2.5324647e-03   3.2982394e-11   9.4886177e-08   7.7007305e-08
   1.0000000e+00  -1.3729485e-01  -8.1417344e-01   3.1151559e-01  -8.6509901e-04   1.2411177e-03   3.1208219e-03   1.8849876e-02   6.6287839e-01   9.7041963e-02   7.4839630e-07   1.5403731e-06   9.7395293e-06  -1.1019580e-02   1.1887980e-02   4.1081430e-02  -2.7121993e-04   2.1086640e-04  -1.4353800e-04   1.2143114e-04   1.4132407e-04   1.6876839e-03   7.3560250e-08   4.4464639e-08   2.0603157e-08
   1.0000000e+00  -1.4092387e-01  -8.2734450e-01   2.7428489e-01  -1.0212912e-03   9.8943338e-04   3.0109208e-03   1.9859537e-02   6.8449892e-01   7.5232201e-02   1.0430357e-06   9.7897841e-07   9.0656441e-06  -3.6290200e-03  -1.3171060e-02  -3.7230700e-02  -1.5619219e-04  -2.5168432e-04  -1.0990110e-04   1.3169786e-05   1.7347682e-04   1.3861250e-03   2.4396000e-08   6.3344997e-08   1.2078252e-08
   1.0000000e+00  -1.4274853e-01  -8.5037396e-01   3.5477064e-01  -2.3204643e-03   8.6321683e-04   2.9776468e-03   2.0377143e-02   7.2313587e-01   1.2586221e-01   5.3845546e-06   7.4514330e-07   8.8663805e-06  -1.8246600e-03  -2.3029460e-02   8.0485750e-02  -1.2991731e-03  -1.2621655e-04  -3.3274000e-05   3.3293841e-06   5.3035603e-04   6.4779560e-03   1.6878507e-06   1.5930617e-08   1.1071591e-09
   1.0000000e+00  -1.4749921e-01  -7.9338320e-01   3.6133753e-01  -1.2293522e-03   9.6299896e-04   3.0650975e-03   2.1756017e-02   6.2945690e-01   1.3056481e-01   1.5113068e-06   9.2736700e-07   9.3948227e-06  -4.7506800e-03   5.6990760e-02   6.5668900e-03   1.0911121e-03   9.9782130e-05   8.7450700e-05   2.2568960e-05   3.2479467e-03   4.3124044e-05   1.1905256e-06   9.9564735e-09   7.6476249e-09
   1.0000000e+00  -1.5182539e-01  -8.1817403e-01   4.5128230e-01  -2.0397333e-03   9.6644356e-04   3.1464560e-03   2.3050949e-02   6.6940874e-01   2.0365571e-01   4.1605119e-06   9.3401315e-07   9.9001854e-06  -4.3261800e-03  -2.4790830e-02   8.9944770e-02  -8.1038110e-04   3.4446000e-06   8.1358500e-05   1.8715833e-05   6.1458525e-04   8.0900617e-03   6.5671753e-07   1.1865269e-11   6.6192055e-09
   1.0000000e+00  -1.5233867e-01  -8.3657075e-01   5.2002155e-01  -1.3370314e-03   7.3230657e-04   3.2168105e-03   2.3207070e-02   6.9985062e-01   2.7042241e-01   1.7876530e-06   5.3627291e-07   1.0347870e-05  -5.1328000e-04  -1.8396720e-02   6.8739250e-02   7.0270190e-04  -2.3413699e-04   7.0354500e-05   2.6345636e-07   3.3843931e-04   4.7250845e-03   4.9378996e-07   5.4820130e-08   4.9497557e-09
   1.0000000e+00  -1.6391849e-01  -8.2253388e-01   5.0686317e-01  -1.3013111e-03   6.2763234e-04   3.0731734e-03   2.6869271e-02   6.7656198e-01   2.5691027e-01   1.6934106e-06   3.9392235e-07   9.4443947e-06  -1.1579820e-02   1.4036870e-02  -1.3158380e-02   3.5720300e-05  -1.0467423e-04  -1.4363710e-04   1.3409223e-04   1.9703372e-04   1.7314296e-04   1.2759398e-09   1.0956694e-08   2.0631616e-08
   1.0000000e+00  -1.7344492e-01  -8.6459866e-01   4.2142848e-01  -1.6134477e-03   4.1356001e-04   2.8227569e-03   3.0083140e-02   7.4753084e-01   1.7760196e-01   2.6032135e-06   1.7103188e-07   7.9679565e-06  -9.5264300e-03  -4.2064780e-02  -8.5434690e-02  -3.1213660e-04  -2.1407233e-04  -2.5041650e-04   9.0752869e-05   1.7694457e-03   7.2990863e-03   9.7429257e-08   4.5826962e-08   6.2708423e-08
   1.0000000e+00  -1.9476767e-01  -8.6780554e-01   5.0724178e-01  -2.2440290e-03   7.1603591e-04   2.4630343e-03   3.7934445e-02   7.5308646e-01   2.5729422e-01   5.0356662e-06   5.1270742e-07   6.0665380e-06  -2.1322750e-02  -3.2068800e-03   8.5813300e-02  -6.3058130e-04   3.0247590e-04  -3.5972260e-04   4.5465967e-04   1.0284079e-05   7.3639225e-03   3.9763278e-07   9.1491670e-08   1.2940035e-07
   1.0000000e+00  -1.6658358e-01  -8.7594958e-01   4.3105882e-01  -2.4393463e-03   1.2992984e-04   3.1886007e-03   2.7750089e-02   7.6728767e-01   1.8581171e-01   5.9504104e-06   1.6881763e-08   1.0167174e-05   2.8184090e-02  -8.1440400e-03  -7.6182960e-02  -1.9531730e-04  -5.8610607e-04   7.2556640e-04   7.9434293e-04   6.6325388e-05   5.8038434e-03   3.8148848e-08   3.4352033e-07   5.2644660e-07
   1.0000000e+00  -1.7945739e-01  -9.1748907e-01   6.6741708e-01  -5.5054930e-03  -9.6063396e-04   3.7992715e-03   3.2204955e-02   8.4178619e-01   4.4544556e-01   3.0310453e-05   9.2281761e-07   1.4434464e-05  -1.2873810e-02  -4.1539490e-02   2.3635826e-01  -3.0661467e-03  -1.0905638e-03   6.1067080e-04   1.6573498e-04   1.7255292e-03   5.5865227e-02   9.4012556e-06   1.1893294e-06   3.7291883e-07
   1.0000000e+00  -2.4217696e-01  -9.0893108e-01   5.5428314e-01  -4.6056893e-03  -5.3607185e-04   2.0918299e-03   5.8649680e-02   8.2615571e-01   3.0722980e-01   2.1212374e-05   2.8737303e-07   4.3757523e-06  -6.2719570e-02   8.5579900e-03  -1.1313394e-01   8.9980370e-04   4.2456211e-04  -1.7074416e-03   3.9337445e-03   7.3239193e-05   1.2799288e-02   8.0964670e-07   1.8025299e-07   2.9153568e-06
   1.0000000e+00  -2.7549141e-01  -9.1290005e-01   5.3496322e-01  -5.5392459e-03  -5.2957913e-04   1.1423227e-03   7.5895517e-02   8.3338650e-01   2.8618565e-01   3.0683245e-05   2.8045405e-07   1.3049012e-06  -3.3314450e-02  -3.9689700e-03  -1.9319920e-02  -9.3355660e-04   6.4927200e-06  -9.4950720e-04   1.1098526e-03   1.5752723e-05   3.7325931e-04   8.7152793e-07   4.2155413e-11   9.0156392e-07
   1.0000000e+00  -2.3934899e-01  -9.0483553e-01   5.4245961e-01  -4.5877262e-03  -8.9736064e-05   2.0576467e-03   5.7287939e-02   8.1872734e-01   2.9426243e-01   2.1047232e-05   8.0525612e-09   4.2339099e-06   3.6142420e-02   8.0645200e-03   7.4963900e-03   9.5151970e-04   4.3984307e-04   9.1532400e-04   1.3062745e-03   6.5036483e-05   5.6195863e-05   9.0538974e-07   1.9346192e-07   8.3781802e-07
   1.0000000e+00  -2.2312225e-01  -9.3401865e-01   6.2473557e-01  -4.7636059e-03   7.4178390e-05   2.1019535e-03   4.9783538e-02   8.7239084e-01   3.9029453e-01   2.2691941e-05   5.5024335e-09   4.4182085e-06   1.6226740e-02  -2.9183120e-02   8.2275960e-02  -1.7587970e-04   1.6391445e-04   4.4306800e-05   2.6330709e-04   8.5165449e-04   6.7693336e-03   3.0933669e-08   2.6867948e-08   1.9630925e-09
   1.0000000e+00  -1.9927171e-01  -9.2337476e-01   5.4738805e-01  -3.8323147e-03  -1.5584177e-05   2.7795502e-03   3.9709214e-02   8.5262095e-01   2.9963368e-01   1.4686636e-05   2.4286657e-10   7.7258993e-06   2.3850540e-02   1.0643890e-02  -7.7347520e-02   9.3129120e-04  -8.9762567e-05   6.7759670e-04   5.6884826e-04   1.1329239e-04   5.9826389e-03   8.6730330e-07   8.0573184e-09   4.5913729e-07
   1.0000000e+00  -2.0907815e-01  -9.5179357e-01   5.8739568e-01  -4.6027979e-03   5.4234030e-05   2.4308121e-03   4.3713673e-02   9.0591100e-01   3.4503368e-01   2.1185749e-05   2.9413300e-09   5.9088475e-06  -9.8064400e-03  -2.8418810e-02   4.0007630e-02  -7.7048320e-04   6.9818207e-05  -3.4873810e-04   9.6166265e-05   8.0762876e-04   1.6006105e-03   5.9364436e-07   4.8745820e-09   1.2161826e-07
   1.0000000e+00  -1.9907116e-01  -9.4601526e-01   5.6394465e-01  -3.5399582e-03  -2.1532754e-05   2.7020114e-03   3.9629327e-02   8.9494487e-01   3.1803357e-01   1.2531304e-05   4.6365949e-10   7.3008656e-06   1.0006990e-02   5.7783100e-03  -2.3451030e-02   1.0628397e-03  -7.5766784e-05   2.7119930e-04   1.0013985e-04   3.3388866e-05   5.4995081e-04   1.1296282e-06   5.7406056e-09   7.3549060e-08
   1.0000000e+00  -2.0087283e-01  -9.6899212e-01   6.1894036e-01  -4.4247008e-03  -2.6276154e-04   2.7110608e-03   4.0349894e-02   9.3894573e-01   3.8308717e-01   1.9577977e-05   6.9043627e-08   7.3498507e-06  -1.8016700e-03  -2.2976860e-02   5.4995710e-02  -8.8474260e-04  -2.4122879e-04   9.0494000e-06   3.2460148e-06   5.2793610e-04   3.0245281e-03   7.8276947e-07   5.8191327e-08   8.1891640e-11
   1.0000000e+00  -2.0169932e-01  -9.7412198e-01   5.4810908e-01  -4.2467677e-03   5.0703283e-05   2.7390074e-03   4.0682616e-02   9.4891363e-01   3.0042356e-01   1.8035036e-05   2.5708229e-09   7.5021615e-06  -8.2649000e-04  -5.1298600e-03  -7.0831280e-02   1.7793310e-04   3.1346482e-04   2.7946600e-05   6.8308572e-07   2.6315464e-05   5.0170702e-03   3.1660188e-08   9.8260195e-08   7.8101245e-10
   1.0000000e+00  -1.9575217e-01  -9.8518830e-01   5.9877884e-01  -3.9076386e-03  -1.8520627e-04   2.6765522e-03   3.8318912e-02   9.7059599e-01   3.5853610e-01   1.5269639e-05   3.4301362e-08   7.1639317e-06   5.9471500e-03  -1.1066320e-02   5.0669760e-02   3.3912910e-04  -2.3590955e-04  -6.2455200e-05   3.5368593e-05   1.2246344e-04   2.5674246e-03   1.1500855e-07   5.5653317e-08   3.9006520e-09
   1.0000000e+00  -1.9275436e-01  -9.7324633e-01   5.6913732e-01  -4.2442826e-03  -5.7063946e-05   2.8681221e-03   3.7154243e-02   9.4720842e-01   3.2391729e-01   1.8013935e-05   3.2562939e-09   8.2261244e-06   2.9978100e-03   1.1941970e-02  -2.9641520e-02  -3.3664400e-04   1.2814232e-04   1.9156990e-04   8.9868648e-06   1.4261065e-04   8.7861971e-04   1.1332918e-07   1.6420455e-08   3.6699027e-08
   1.0000000e+00  -2.0180597e-01  -9.9834302e-01   6.2230232e-01  -4.4973596e-03   2.0229616e-05   2.6288155e-03   4.0725650e-02   9.9668879e-01   3.8726018e-01   2.0226243e-05   4.0923736e-10   6.9106709e-06  -9.0516100e-03  -2.5096690e-02   5.3165000e-02  -2.5307700e-04   7.7293562e-05  -2.3930660e-04   8.1931644e-05   6.2984385e-04   2.8265172e-03   6.4047968e-08   5.9742947e-09   5.7267649e-08
   1.0000000e+00  -2.0054959e-01  -9.9022276e-01   5.7887579e-01  -4.5005554e-03  -6.8427227e-05   2.6309065e-03   4.0220138e-02   9.8054111e-01   3.3509718e-01   2.0254999e-05   4.6822854e-09   6.9216690e-06   1.2563800e-03   8.1202600e-03  -4.3426530e-02  -3.1958000e-06  -8.8656843e-05   2.0910000e-06   1.5784907e-06   6.5938622e-05   1.8858635e-03   1.0213138e-11   7.8600358e-09   4.3722810e-12
   1.0000000e+00  -1.8975911e-01  -9.9085356e-01   6.0681225e-01  -3.8909642e-03  -3.7840773e-04   2.7723428e-03   3.6008520e-02   9.8179078e-01   3.6822111e-01   1.5139602e-05   1.4319241e-07   7.6858846e-06   1.0790480e-02  -6.3080000e-04   2.7936460e-02   6.0959120e-04  -3.0998050e-04   1.4143630e-04   1.1643446e-04   3.9790864e-07   7.8044580e-04   3.7160143e-07   9.6087912e-08   2.0004227e-08
   1.0000000e+00  -2.0155455e-01  -9.9276869e-01   5.6140304e-01  -4.5108864e-03  -1.4942231e-04   2.7227909e-03   4.0624237e-02   9.8558967e-01   3.1517337e-01   2.0348096e-05   2.2327027e-08   7.4135903e-06  -1.1795440e-02  -1.9151300e-03  -4.5409210e-02  -6.1992220e-04   2.2898542e-04  -4.9551900e-05   1.3913240e-04   3.6677229e-06   2.0619964e-03   3.8430353e-07   5.2434323e-08   2.4553908e-09
   1.0000000e+00  -2.0907406e-01  -9.9743343e-01   5.5793634e-01  -4.7043766e-03  -5.0283483e-05   2.5926692e-03   4.3711963e-02   9.9487345e-01   3.1129296e-01   2.2131159e-05   2.5284287e-09   6.7219336e-06  -7.5195100e-03  -4.6647400e-03  -3.4667000e-03  -1.9349020e-04   9.9138827e-05  -1.3012170e-04   5.6543031e-05   2.1759799e-05   1.2018009e-05   3.7438457e-08   9.8285070e-09   1.6931657e-08
   1.0000000e+00  -2.1201172e-01  -9.8779862e-01   5.2927665e-01  -4.0845420e-03  -1.0064533e-04   2.5466692e-03   4.4948969e-02   9.7574611e-01   2.8013377e-01   1.6683483e-05   1.0129482e-08   6.4855240e-06  -2.9376600e-03   9.6348100e-03  -2.8659690e-02   6.1983460e-04  -5.0361847e-05  -4.6000000e-05   8.6298463e-06   9.2829564e-05   8.2137783e-04   3.8419493e-07   2.5363156e-09   2.1160000e-09
   1.0000000e+00  -2.1355530e-01  -9.9986634e-01   5.7816725e-01  -3.6791166e-03  -1.0045376e-05   2.4510303e-03   4.5605866e-02   9.9973270e-01   3.3427737e-01   1.3535899e-05   1.0090958e-10   6.0075495e-06  -1.5435800e-03  -1.2067720e-02   4.8890600e-02   4.0542540e-04   9.0599954e-05  -9.5638900e-05   2.3826392e-06   1.4562987e-04   2.3902908e-03   1.6436975e-07   8.2083517e-09   9.1467992e-09
   1.0000000e+00  -2.1582860e-01  -1.0065390e+00   5.2627040e-01  -4.2136382e-03  -1.2336103e-05   2.5449218e-03   4.6581985e-02   1.0131208e+00   2.7696053e-01   1.7754747e-05   1.5217944e-10   6.4766270e-06  -2.2733000e-03  -6.6726600e-03  -5.1896850e-02  -5.3452160e-04  -2.2907270e-06   9.3891500e-05   5.1678929e-06   4.4524391e-05   2.6932830e-03   2.8571334e-07   5.2474302e-12   8.8156138e-09
   1.0000000e+00  -2.3934108e-01  -9.8397876e-01  -7.2379122e-02   1.6939608e-03  -4.4519337e-04   1.9896056e-03   5.7284153e-02   9.6821420e-01   5.2387373e-03   2.8695032e-06   1.9819714e-07   3.9585304e-06  -2.3512480e-02   2.2560240e-02  -5.9864952e-01   5.9075990e-03  -4.3285727e-04  -5.5531620e-04   5.5283672e-04   5.0896443e-04   3.5838125e-01   3.4899726e-05   1.8736541e-07   3.0837608e-07
   1.0000000e+00  -2.6122045e-01  -1.0001410e+00  -3.4374661e-01   2.5432515e-04   1.4404037e-03   2.3016372e-03   6.8236123e-02   1.0002820e+00   1.1816173e-01   6.4681282e-08   2.0747628e-06   5.2975338e-06  -2.1879370e-02  -1.6162240e-02  -2.7136749e-01  -1.4396357e-03   1.8855971e-03   3.1203160e-04   4.7870683e-04   2.6121800e-04   7.3640314e-02   2.0725508e-06   3.5554763e-06   9.7363719e-08
   1.0000000e+00  -2.1603235e-01  -9.8269287e-01  -3.0146919e-01   3.2015034e-03   2.0981261e-03   4.5015461e-03   4.6669976e-02   9.6568528e-01   9.0883673e-02   1.0249624e-05   4.4021331e-06   2.0263917e-05   4.5188100e-02   1.7448130e-02   4.2277420e-02   2.9471783e-03   6.5772240e-04   2.1999089e-03   2.0419644e-03   3.0443724e-04   1.7873802e-03   8.6858596e-06   4.3259876e-07   4.8395992e-06
   1.0000000e+00  -2.1274527e-01  -8.6720842e-01  -7.4646869e-01   4.9092714e-03   1.8312810e-03   4.1635250e-03   4.5260550e-02   7.5205044e-01   5.5721551e-01   2.4100946e-05   3.3535901e-06   1.7334940e-05   3.2870800e-03   1.1548445e-01  -4.4499950e-01   1.7077680e-03  -2.6684510e-04  -3.3802110e-04   1.0804895e-05   1.3336658e-02   1.9802456e-01   2.9164715e-06   7.1206307e-08   1.1425826e-07
   1.0000000e+00  -2.4320527e-01  -1.0163400e+00   6.7764986e-02  -5.0102015e-03   2.0029272e-03   3.4991501e-03   5.9148803e-02   1.0329470e+00   4.5920933e-03   2.5102119e-05   4.0117174e-06   1.2244051e-05  -3.0460000e-02  -1.4913158e-01   8.1423368e-01  -9.9194729e-03   1.7164620e-04  -6.6437490e-04   9.2781160e-04   2.2240228e-02   6.6297648e-01   9.8395943e-05   2.9462418e-08   4.4139401e-07
   1.0000000e+00  -2.7604500e-01  -1.0235897e+00   4.2785833e-01  -4.1554929e-03   1.2887374e-03   1.9623113e-03   7.6200842e-02   1.0477359e+00   1.8306275e-01   1.7268121e-05   1.6608441e-06   3.8506656e-06  -3.2839730e-02  -7.2497000e-03   3.6009334e-01   8.5470860e-04  -7.1418980e-04  -1.5368388e-03   1.0784479e-03   5.2558150e-05   1.2966722e-01   7.3052679e-07   5.1006707e-07   2.3618735e-06
   1.0000000e+00  -2.7712976e-01  -1.0088129e+00   3.1362801e-01  -5.4060129e-03   4.6160101e-04   2.2055885e-03   7.6800904e-02   1.0177035e+00   9.8362529e-02   2.9224975e-05   2.1307549e-07   4.8646206e-06  -1.0847600e-03   1.4776800e-02  -1.1423032e-01  -1.2505200e-03  -8.2713639e-04   2.4327720e-04   1.1767043e-06   2.1835382e-04   1.3048566e-02   1.5638003e-06   6.8415461e-07   5.9183796e-08
   1.0000000e+00  -2.6511774e-01  -1.0146433e+00   3.6346411e-01  -4.7898773e-03   1.8892501e-04   1.8499407e-03   7.0287416e-02   1.0295010e+00   1.3210616e-01   2.2942925e-05   3.5692659e-08   3.4222806e-06   1.2012020e-02  -5.8304000e-03   4.9836100e-02   6.1613560e-04  -2.7267600e-04  -3.5564780e-04   1.4428862e-04   3.3993564e-05   2.4836369e-03   3.7962308e-07   7.4352201e-08   1.2648536e-07
   1.0000000e+00  -2.7531343e-01  -1.0101335e+00   3.1055561e-01  -4.9553223e-03  -1.4460248e-04   1.8534579e-03   7.5797485e-02   1.0203697e+00   9.6444787e-02   2.4555219e-05   2.0909877e-08   3.4353062e-06  -1.0195690e-02   4.5098000e-03  -5.2908500e-02  -1.6544500e-04  -3.3352749e-04   3.5172000e-06   1.0395209e-04   2.0338296e-05   2.7993094e-03   2.7372048e-08   1.1124059e-07   1.2370696e-11
   1.0000000e+00  -2.6318416e-01  -1.0442482e+00   3.9512543e-01  -6.6296456e-03  -1.7255752e-04   1.6777428e-03   6.9265902e-02   1.0904543e+00   1.5612411e-01   4.3952201e-05   2.9776098e-08   2.8148209e-06   1.2129270e-02  -3.4114700e-02   8.4569820e-02  -1.6743233e-03  -2.7955040e-05  -1.7571510e-04   1.4711919e-04   1.1638128e-03   7.1520545e-03   2.8033585e-06   7.8148426e-10   3.0875796e-08
   1.0000000e+00  -2.7446372e-01  -1.0570412e+00   3.6674897e-01  -5.9561728e-03   1.3182155e-04   1.5986147e-03   7.5330334e-02   1.1173361e+00   1.3450481e-01   3.5475994e-05   1.7376921e-08   2.5555690e-06  -1.1279560e-02  -1.2793000e-02  -2.8376460e-02   6.7347280e-04   3.0437907e-04  -7.9128100e-05   1.2722847e-04   1.6366085e-04   8.0522348e-04   4.5356561e-07   9.2646618e-08   6.2612562e-09
   1.0000000e+00  -2.6557765e-01  -1.0283528e+00   2.6526351e-01  -5.3764218e-03  -1.3846538e-05   1.6911746e-03   7.0531488e-02   1.0575095e+00   7.0364730e-02   2.8905911e-05   1.9172661e-10   2.8600715e-06   8.8860700e-03   2.8688400e-02  -1.0148546e-01   5.7975100e-04  -1.4566809e-04   9.2559900e-05   7.8962240e-05   8.2302429e-04   1.0299299e-02   3.3611122e-07   2.1219192e-08   8.5673351e-09
   1.0000000e+00  -2.7869705e-01  -1.0293476e+00   3.2977610e-01  -6.0846794e-03  -1.0098762e-04   1.6123700e-03   7.7672046e-02   1.0595565e+00   1.0875228e-01   3.7023323e-05   1.0198499e-08   2.5997370e-06  -1.3119400e-02  -9.9480000e-04   6.4512590e-02  -7.0825760e-04  -8.7141082e-05  -7.8804600e-05   1.7211866e-04   9.8962704e-07   4.1618743e-03   5.0162883e-07   7.5935682e-09   6.2101650e-09
   1.0000000e+00  -2.7275732e-01  -1.0310056e+00   3.0554383e-01  -5.5009216e-03   5.3765040e-05   1.4555311e-03   7.4396556e-02   1.0629725e+00   9.3357032e-02   3.0260138e-05   2.8906795e-09   2.1185708e-06   5.9397300e-03  -1.6580000e-03  -2.4232270e-02   5.8375780e-04   1.5475266e-04  -1.5683890e-04   3.5280392e-05   2.7489640e-06   5.8720291e-04   3.4077317e-07   2.3948386e-08   2.4598441e-08
   1.0000000e+00  -4.1396660e-01  -1.0647591e+00   3.8798931e-01  -6.6147408e-03  -2.5150024e-03  -8.6423039e-04   1.7136835e-01   1.1337119e+00   1.5053570e-01   4.3754796e-05   6.3252371e-06   7.4689417e-07  -1.4120928e-01  -3.3753500e-02   8.2445480e-02  -1.1138192e-03  -2.5687674e-03  -2.3197615e-03   1.9940061e-02   1.1392988e-03   6.7972572e-03   1.2405932e-06   6.5985662e-06   5.3812934e-06
   1.0000000e+00  -3.9245628e-01  -1.0455315e+00   3.4528855e-01  -5.9237440e-03  -1.2535319e-03  -8.9613985e-04   1.5402193e-01   1.0931361e+00   1.1922418e-01   3.5090743e-05   1.5713422e-06   8.0306663e-07   2.1510320e-02   1.9227600e-02  -4.2700760e-02   6.9099680e-04   1.2614705e-03  -3.1909460e-05   4.6269387e-04   3.6970060e-04   1.8233549e-03   4.7747658e-07   1.5913078e-06   1.0182136e-09
   1.0000000e+00  -3.4976842e-01  -1.0369542e+00   3.1146609e-01  -5.3410159e-03  -2.0776352e-04  -1.7017824e-04   1.2233795e-01   1.0752740e+00   9.7011125e-02   2.8526451e-05   4.3165680e-08   2.8960633e-08   4.2687860e-02   8.5773000e-03  -3.3822460e-02   5.8272810e-04   1.0457684e-03   7.2596161e-04   1.8222534e-03   7.3570075e-05   1.1439588e-03   3.3957204e-07   1.0936315e-06   5.2702026e-07
   1.0000000e+00  -3.4634679e-01  -1.0605685e+00   3.6887300e-01  -6.8896232e-03   4.8496994e-04   3.8736788e-05   1.1995610e-01   1.1248055e+00   1.3606729e-01   4.7466908e-05   2.3519584e-07   1.5005387e-09   3.4216300e-03  -2.3614300e-02   5.7406910e-02  -1.5486073e-03   6.9273346e-04   2.0891503e-04   1.1707552e-05   5.5763516e-04   3.2955533e-03   2.3981846e-06   4.7987965e-07   4.3645489e-08
   1.0000000e+00  -3.1793613e-01  -1.0801475e+00   3.4083877e-01  -6.0006136e-03  -2.8347835e-04   6.4708194e-04   1.0108338e-01   1.1667186e+00   1.1617107e-01   3.6007364e-05   8.0359975e-08   4.1871504e-07   2.8410660e-02  -1.9579000e-02  -2.8034230e-02   8.8900960e-04  -7.6844829e-04   6.0834515e-04   8.0716560e-04   3.8333724e-04   7.8591805e-04   7.9033807e-07   5.9051277e-07   3.7008382e-07
   1.0000000e+00  -3.2719949e-01  -1.0701383e+00   3.3052538e-01  -6.2694013e-03  -6.2533323e-04   2.1910601e-04   1.0705951e-01   1.1451960e+00   1.0924703e-01   3.9305393e-05   3.9104165e-07   4.8007444e-08  -9.2633600e-03   1.0009200e-02  -1.0313390e-02  -2.6878770e-04  -3.4185488e-04  -4.2797593e-04   8.5809838e-05   1.0018408e-04   1.0636601e-04   7.2246828e-08   1.1686476e-07   1.8316340e-07
   1.0000000e+00  -3.1408106e-01  -1.0914445e+00   3.4374776e-01  -5.5347013e-03   1.4437068e-05   8.4299560e-04   9.8646912e-02   1.1912511e+00   1.1816252e-01   3.0632918e-05   2.0842893e-10   7.1064158e-07   1.3118430e-02  -2.1306200e-02   1.3222380e-02   7.3470000e-04   6.3977030e-04   6.2388959e-04   1.7209321e-04   4.5395416e-04   1.7483133e-04   5.3978409e-07   4.0930603e-07   3.8923822e-07
   1.0000000e+00  -2.7955310e-01  -1.2570288e+00   1.3109186e-01   3.4366332e-03   1.1945092e-03   3.1820267e-03   7.8149936e-02   1.5801214e+00   1.7185076e-02   1.1810448e-05   1.4268522e-06   1.0125294e-05   3.4527960e-02  -1.6558430e-01  -2.1265590e-01   8.9713345e-03   1.1800721e-03   2.3390311e-03   1.1921800e-03   2.7418160e-02   4.5222532e-02   8.0484843e-05   1.3925702e-06   5.4710665e-06
   1.0000000e+00  -2.7266212e-01  -1.2375436e+00   6.9018001e-01  -7.5340222e-03   1.4043010e-03   1.9745486e-03   7.4344632e-02   1.5315142e+00   4.7634845e-01   5.6761491e-05   1.9720613e-06   3.8988422e-06   6.8909800e-03   1.9485200e-02   5.5908815e-01  -1.0970655e-02   2.0979180e-04  -1.2074781e-03   4.7485605e-05   3.7967302e-04   3.1257956e-01   1.2035528e-04   4.4012599e-08   1.4580034e-06
   1.0000000e+00  -2.5677194e-01  -1.1999096e+00   4.7294317e-01  -6.8269901e-03   2.7362628e-03   2.5218545e-03   6.5931829e-02   1.4397830e+00   2.2367524e-01   4.6607794e-05   7.4871341e-06   6.3597501e-06   1.5890180e-02   3.7634000e-02  -2.1723684e-01   7.0703210e-04   1.3319618e-03   5.4730590e-04   2.5249782e-04   1.4163180e-03   4.7191845e-02   4.9989439e-07   1.7741222e-06   2.9954375e-07
   1.0000000e+00  -2.5971052e-01  -1.1643630e+00   1.3418615e-01  -4.6199455e-05   3.5390415e-04   2.3493831e-03   6.7449554e-02   1.3557412e+00   1.8005923e-02   2.1343896e-09   1.2524815e-07   5.5196010e-06  -2.9385800e-03   3.5546600e-02  -3.3875702e-01   6.7807906e-03  -2.3823587e-03  -1.7247140e-04   8.6352524e-06   1.2635608e-03   1.1475632e-01   4.5979122e-05   5.6756327e-06   2.9746384e-08
   1.0000000e+00  -2.4341516e-01  -1.1360989e+00   4.3727428e-01  -5.3226700e-03  -8.9566487e-04   2.6966729e-03   5.9250940e-02   1.2907207e+00   1.9120880e-01   2.8330816e-05   8.0221556e-07   7.2720447e-06   1.6295360e-02   2.8264100e-02   3.0308813e-01  -5.2764705e-03  -1.2495690e-03   3.4728980e-04   2.6553876e-04   7.9885935e-04   9.1862415e-02   2.7841141e-05   1.5614227e-06   1.2061021e-07
   1.0000000e+00  -2.8929796e-01  -1.1304005e+00   4.1201731e-01  -5.0840346e-03  -7.7922257e-04   1.1576770e-03   8.3693310e-02   1.2778053e+00   1.6975826e-01   2.5847408e-05   6.0718781e-07   1.3402160e-06  -4.5882800e-02   5.6984000e-03  -2.5256970e-02   2.3863540e-04   1.1644230e-04  -1.5389959e-03   2.1052313e-03   3.2471763e-05   6.3791453e-04   5.6946854e-08   1.3558809e-08   2.3685084e-06
   1.0000000e+00  -2.7038504e-01  -1.1266844e+00   3.9247397e-01  -4.5570614e-03  -2.3230613e-05   2.2465712e-03   7.3108070e-02   1.2694177e+00   1.5403582e-01   2.0766809e-05   5.3966138e-10   5.0470822e-06   1.8912920e-02   3.7161000e-03  -1.9543340e-02   5.2697320e-04   7.5599196e-04   1.0888942e-03   3.5769854e-04   1.3809399e-05   3.8194214e-04   2.7770075e-07   5.7152384e-07   1.1856906e-06
   1.0000000e+00  -2.5866957e-01  -1.1464494e+00   4.3473290e-01  -3.2750607e-03  -1.1894376e-04   2.2161294e-03   6.6909946e-02   1.3143462e+00   1.8899269e-01   1.0726023e-05   1.4147618e-08   4.9112295e-06   1.1715470e-02  -1.9765000e-02   4.2258930e-02   1.2820007e-03  -9.5713147e-05  -3.0441800e-05   1.3725224e-04   3.9065523e-04   1.7858172e-03   1.6435258e-06   9.1610065e-09   9.2670319e-10
   1.0000000e+00  -2.7241554e-01  -1.1706618e+00   4.1466704e-01  -6.7993443e-03  -2.3854590e-04   1.8819412e-03   7.4210226e-02   1.3704490e+00   1.7194875e-01   4.6231083e-05   5.6904146e-08   3.5417027e-06  -1.3745970e-02  -2.4212400e-02  -2.0065860e-02  -3.5242836e-03  -1.1960214e-04  -3.3418820e-04   1.8895169e-04   5.8624031e-04   4.0263874e-04   1.2420575e-05   1.4304672e-08   1.1168175e-07
   1.0000000e+00  -2.7706371e-01  -1.1871856e+00   7.7393468e-01  -3.3072511e-03   1.0486681e-03  -1.6258943e-03   7.6764299e-02   1.4094096e+00   5.9897489e-01   1.0937910e-05   1.0997048e-06   2.6435323e-06  -4.6481700e-03  -1.6523800e-02   3.5926764e-01   3.4920932e-03   1.2872140e-03  -3.5078355e-03   2.1605484e-05   2.7303597e-04   1.2907324e-01   1.2194715e-05   1.6569199e-06   1.2304910e-05
   1.0000000e+00  -2.3517963e-01  -1.4408504e+00   1.2589810e+00  -4.2945408e-03  -1.8331532e-03   9.1278126e-04   5.5309458e-02   2.0760499e+00   1.5850332e+00   1.8443081e-05   3.3604507e-06   8.3316963e-07   4.1884080e-02  -2.5366480e-01   4.8504632e-01  -9.8728970e-04  -2.8818213e-03   2.5386756e-03   1.7542762e-03   6.4345831e-02   2.3526993e-01   9.7474095e-07   8.3048940e-06   6.4448736e-06
   1.0000000e+00  -1.7890917e-01  -1.3658770e+00   7.9147734e-01  -4.4028024e-03  -3.1193115e-03   2.9366119e-03   3.2008491e-02   1.8656200e+00   6.2643638e-01   1.9384669e-05   9.7301042e-06   8.6236895e-06   5.6270460e-02   7.4973400e-02  -4.6750366e-01  -1.0826160e-04  -1.2861583e-03   2.0238306e-03   3.1663647e-03   5.6210107e-03   2.1855967e-01   1.1720574e-08   1.6542032e-06   4.0958905e-06
   1.0000000e+00  -6.1107708e-02  -1.3195940e+00   8.0477709e-01  -2.9138115e-03  -5.1988501e-03   5.8153808e-03   3.7341520e-03   1.7413283e+00   6.4766616e-01   8.4902975e-06   2.7028042e-05   3.3818654e-05   1.1780146e-01   4.6283000e-02   1.3299750e-02   1.4889909e-03  -2.0795386e-03   2.8787689e-03   1.3877184e-02   2.1421161e-03   1.7688335e-04   2.2170939e-06   4.3244808e-06   8.2873104e-06
   1.0000000e+00  -1.2814209e-03  -1.3710388e+00   8.6892050e-01  -1.5388977e-03  -5.2418303e-03   6.5957527e-03   1.6420395e-06   1.8797474e+00   7.5502284e-01   2.3682061e-06   2.7476785e-05   4.3503954e-05   5.9826287e-02  -5.1444800e-02   6.4143410e-02   1.3749138e-03  -4.2980200e-05   7.8037190e-04   3.5791846e-03   2.6465674e-03   4.1143770e-03   1.8903880e-06   1.8472976e-09   6.0898030e-07
   1.0000000e+00  -1.1950229e-01  -1.3495529e+00   9.1588047e-01  -2.3336883e-03  -2.7204159e-03   3.7005324e-03   1.4280797e-02   1.8212930e+00   8.3883704e-01   5.4461011e-06   7.4006627e-06   1.3693940e-05  -1.1822087e-01   2.1485900e-02   4.6959970e-02  -7.9479060e-04   2.5214144e-03  -2.8952203e-03   1.3976174e-02   4.6164390e-04   2.2052388e-03   6.3169210e-07   6.3575306e-06   8.3823006e-06
   1.0000000e+00  -2.0845328e-01  -1.2522882e+00   7.0932031e-01  -4.8398430e-03  -2.2222034e-03   7.9474247e-04   4.3452770e-02   1.5682257e+00   5.0313530e-01   2.3424080e-05   4.9381880e-06   6.3161559e-07  -8.8950990e-02   9.7264700e-02  -2.0656016e-01  -2.5061547e-03   4.9821250e-04  -2.9057899e-03   7.9122786e-03   9.4604219e-03   4.2667100e-02   6.2808114e-06   2.4821570e-07   8.4436151e-06
   1.0000000e+00  -1.9545264e-01  -1.2503235e+00   7.6121181e-01  -4.1157160e-03  -1.8426984e-03   7.7829151e-04   3.8201734e-02   1.5633089e+00   5.7944342e-01   1.6939118e-05   3.3955374e-06   6.0573767e-07   1.3000640e-02   1.9647000e-03   5.1891500e-02   7.2412700e-04   3.7950500e-04  -1.6450960e-05   1.6901664e-04   3.8600461e-06   2.6927278e-03   5.2435991e-07   1.4402405e-07   2.7063408e-10
   1.0000000e+00  -1.8320749e-01  -1.2533687e+00   8.1849297e-01  -3.8676593e-03  -1.2396354e-03   6.0862333e-04   3.3564984e-02   1.5709331e+00   6.6993074e-01   1.4958788e-05   1.5366959e-06   3.7042236e-07   1.2245150e-02  -3.0452000e-03   5.7281160e-02   2.4805670e-04   6.0306300e-04  -1.6966818e-04   1.4994370e-04   9.2732430e-06   3.2811313e-03   6.1532126e-08   3.6368498e-07   2.8787291e-08
