   1.0000000e+00   1.4114505e-14   0.0000000e+00   0.0000000e+00   0.0000000e+00   7.7037198e-34   0.0000000e+00   1.9921925e-28   0.0000000e+00   0.0000000e+00   0.0000000e+00   5.9347299e-67   0.0000000e+00   0.0000000e+00   0.0000000e+00   0.0000000e+00   0.0000000e+00   0.0000000e+00   0.0000000e+00   0.0000000e+00   0.0000000e+00   0.0000000e+00   0.0000000e+00   0.0000000e+00   0.0000000e+00
   1.0000000e+00   6.5344462e-03  -2.5602637e-02  -5.2712786e-02  -4.8933818e-04  -1.9537241e-05  -1.4572593e-04   4.2698987e-05   6.5549502e-04   2.7786378e-03   2.3945185e-07   3.8170379e-10   2.1236047e-08   6.5344462e-03  -2.5602637e-02  -5.2712786e-02  -4.8933818e-04  -1.9537241e-05  -1.4572593e-04   4.2698987e-05   6.5549502e-04   2.7786378e-03   2.3945185e-07   3.8170379e-10   2.1236047e-08
   1.0000000e+00  -3.1203037e-02  -2.0138003e-02  -4.4073898e-02  -3.6557499e-04   2.9385211e-04   7.6748359e-05   9.7362952e-04   4.0553916e-04   1.9425085e-03   1.3364507e-07   8.6349063e-08   5.8903106e-09  -3.7737483e-02   5.4646340e-03   8.6388880e-03   1.2376319e-04   3.1338935e-04   2.2247429e-04   1.4241176e-03   2.9862225e-05   7.4630386e-05   1.5317327e-08   9.8212885e-08   4.9494809e-08
   1.0000000e+00   1.3538306e-02  -3.7855715e-02   2.6027816e-02  -7.4431619e-04   1.1475561e-04  -3.8476111e-05   1.8328573e-04   1.4330552e-03   6.7744721e-04   5.5400659e-07   1.3168850e-08   1.4804111e-09   4.4741343e-02  -1.7717712e-02   7.0101714e-02  -3.7874120e-04  -1.7909650e-04  -1.1522447e-04   2.0017878e-03   3.1391732e-04   4.9142503e-03   1.4344490e-07   3.2075556e-08   1.3276678e-08
   1.0000000e+00  -4.5083025e-02  -5.4023427e-03  -6.5206309e-02   3.9491861e-04   7.0227197e-04  -9.8310585e-04   2.0324791e-03   2.9185307e-05   4.2518627e-03   1.5596071e-07   4.9318592e-07   9.6649711e-07  -5.8621331e-02   3.2453372e-02  -9.1234125e-02   1.1392348e-03   5.8751636e-04  -9.4462974e-04   3.4364604e-03   1.0532214e-03   8.3236656e-03   1.2978559e-06   3.4517547e-07   8.9232534e-07
   1.0000000e+00  -9.5284915e-04  -1.5472273e-03   1.8835898e-02  -2.5364122e-04   4.5810466e-04  -7.1156458e-04   9.0792150e-07   2.3939123e-06   3.5479105e-04   6.4333868e-08   2.0985988e-07   5.0632415e-07   4.4130176e-02   3.8551154e-03   8.4042207e-02  -6.4855983e-04  -2.4416731e-04   2.7154127e-04   1.9474724e-03   1.4861915e-05   7.0630926e-03   4.2062985e-07   5.9617675e-08   7.3734661e-08
   1.0000000e+00  -1.2572681e-02  -1.6746879e-02  -4.7976572e-02   1.3493805e-03   8.8234102e-04  -8.4267148e-04   1.5807231e-04   2.8045796e-04   2.3017515e-03   1.8208277e-06   7.7852568e-07   7.1009522e-07  -1.1619832e-02  -1.5199652e-02  -6.6812470e-02   1.6030217e-03   4.2423636e-04  -1.3110690e-04   1.3502049e-04   2.3102941e-04   4.4639061e-03   2.5696786e-06   1.7997649e-07   1.7189019e-08
   1.0000000e+00  -3.7035900e-03  -2.6630132e-02   4.4867352e-02   3.3336222e-04   4.3968029e-04  -8.3547543e-04   1.3716579e-05   7.0916393e-04   2.0130793e-03   1.1113037e-07   1.9331876e-07   6.9801919e-07   8.8690910e-03  -9.8832530e-03   9.2843924e-02  -1.0160183e-03  -4.4266073e-04   7.1960500e-06   7.8660775e-05   9.7678690e-05   8.6199942e-03   1.0322931e-06   1.9594852e-07   5.1783136e-11
   1.0000000e+00  -7.2006392e-03  -3.9635317e-02  -2.4240972e-03   9.7972411e-04   3.3347282e-04  -1.2184244e-03   5.1849205e-05   1.5709584e-03   5.8762472e-06   9.5985933e-07   1.1120412e-07   1.4845580e-06  -3.4970492e-03  -1.3005185e-02  -4.7291449e-02   6.4636189e-04  -1.0620747e-04  -3.8294897e-04   1.2229353e-05   1.6913484e-04   2.2364812e-03   4.1778369e-07   1.1280027e-08   1.4664991e-07
   1.0000000e+00   5.2968803e-02  -3.4584251e-02   1.4384584e-02   4.9847515e-04  -9.6020766e-04  -1.0133954e-04   2.8056941e-03   1.1960704e-03   2.0691626e-04   2.4847748e-07   9.2199875e-07   1.0269702e-08   6.0169442e-02   5.0510660e-03   1.6808681e-02  -4.8124896e-04  -1.2936805e-03   1.1170849e-03   3.6203618e-03   2.5513268e-05   2.8253176e-04   2.3160056e-07   1.6736092e-06   1.2478786e-06
   1.0000000e+00   2.3098872e-02  -2.4645096e-02   2.8233512e-02   1.3876422e-04  -4.3360830e-04  -3.3503730e-04   5.3355789e-04   6.0738076e-04   7.9713120e-04   1.9255509e-08   1.8801616e-07   1.1224999e-07  -2.9869931e-02   9.9391550e-03   1.3848928e-02  -3.5971093e-04   5.2659936e-04  -2.3369776e-04   8.9221278e-04   9.8786802e-05   1.9179281e-04   1.2939195e-07   2.7730689e-07   5.4614643e-08
   1.0000000e+00  -1.8774922e-02  -1.8228938e-02  -2.0275163e-03  -2.2031122e-04  -2.5065992e-04  -9.2474152e-04   3.5249770e-04   3.3229418e-04   4.1108223e-06   4.8537034e-08   6.2830395e-08   8.5514688e-07  -4.1873794e-02   6.4161580e-03  -3.0261028e-02  -3.5907544e-04   1.8294838e-04  -5.8970422e-04   1.7534146e-03   4.1167083e-05   9.1572983e-04   1.2893517e-07   3.3470110e-08   3.4775107e-07
   1.0000000e+00  -1.4817927e-02  -2.6356473e-02  -2.6656287e-03  -7.1870975e-04  -4.9472216e-05  -7.0566408e-04   2.1957096e-04   6.9466367e-04   7.1055764e-06   5.1654370e-07   2.4475002e-09   4.9796179e-07   3.9569950e-03  -8.1275350e-03  -6.3811240e-04  -4.9839853e-04   2.0118770e-04   2.1907744e-04   1.5657809e-05   6.6056825e-05   4.0718744e-07   2.4840109e-07   4.0476492e-08   4.7994925e-08
   1.0000000e+00   4.2411366e-03  -6.0711541e-03   6.1041380e-02  -2.7216149e-04  -4.6777566e-04  -6.6422463e-04   1.7987240e-05   3.6858912e-05   3.7260501e-03   7.4071877e-08   2.1881407e-07   4.4119436e-07   1.9059064e-02   2.0285319e-02   6.3707009e-02   4.4654826e-04  -4.1830344e-04   4.1439450e-05   3.6324791e-04   4.1149416e-04   4.0585830e-03   1.9940535e-07   1.7497777e-07   1.7172280e-09
   1.0000000e+00   2.2078518e-02  -3.2568684e-02   1.4941582e-02  -1.0779139e-03  -2.0413832e-04  -3.8778626e-04   4.8746096e-04   1.0607192e-03   2.2325087e-04   1.1618984e-06   4.1672454e-08   1.5037818e-07   1.7837381e-02  -2.6497530e-02  -4.6099798e-02  -8.0575241e-04   2.6363734e-04   2.7643837e-04   3.1817218e-04   7.0211909e-04   2.1251914e-03   6.4923695e-07   6.9504647e-08   7.6418172e-08
   1.0000000e+00   2.9642538e-02  -1.1905932e-02   9.4631462e-03   1.0542714e-04  -3.2335045e-04  -2.1799586e-04   8.7868006e-04   1.4175122e-04   8.9551136e-05   1.1114882e-08   1.0455551e-07   4.7522195e-08   7.5640200e-03   2.0662752e-02  -5.4784358e-03   1.1833410e-03  -1.1921213e-04   1.6979040e-04   5.7214399e-05   4.2694932e-04   3.0013259e-05   1.4002960e-06   1.4211532e-08   2.8828780e-08
   1.0000000e+00   3.0098010e-02  -2.0562418e-02  -2.7276700e-05  -5.2455082e-04   4.4426736e-05  -2.9425346e-04   9.0589021e-04   4.2281303e-04   7.4401836e-10   2.7515356e-07   1.9737349e-09   8.6585099e-08   4.5547200e-04  -8.6564860e-03  -9.4904229e-03  -6.2997796e-04   3.6777719e-04  -7.6257600e-05   2.0745474e-07   7.4934750e-05   9.0068127e-05   3.9687223e-07   1.3526006e-07   5.8152216e-09
   1.0000000e+00   7.7492266e-03  -2.2325298e-02   3.5633223e-02   3.8683297e-04   3.8185246e-04  -6.9529775e-04   6.0050513e-05   4.9841893e-04   1.2697266e-03   1.4963975e-07   1.4581130e-07   4.8343896e-07  -2.2348783e-02  -1.7628800e-03   3.5660500e-02   9.1138379e-04   3.3742572e-04  -4.0104429e-04   4.9946812e-04   3.1077459e-06   1.2716712e-03   8.3062041e-07   1.1385612e-07   1.6083652e-07
   1.0000000e+00   2.9264862e-02  -2.0759265e-02  -3.9331955e-03   1.7347388e-04   1.9749348e-04  -3.1681906e-04   8.5643215e-04   4.3094708e-04   1.5470027e-05   3.0093187e-08   3.9003675e-08   1.0037432e-07   2.1515635e-02   1.5660330e-03  -3.9566418e-02  -2.1335909e-04  -1.8435898e-04   3.7847869e-04   4.6292257e-04   2.4524594e-06   1.5655015e-03   4.5522101e-08   3.3988234e-08   1.4324612e-07
   1.0000000e+00   5.6682872e-02  -1.2128091e-02   3.0894335e-02   3.6221074e-04  -4.6679764e-04  -1.1706032e-05   3.2129480e-03   1.4709059e-04   9.5445994e-04   1.3119662e-07   2.1790004e-07   1.3703119e-10   2.7418010e-02   8.6311740e-03   3.4827530e-02   1.8873686e-04  -6.6429112e-04   3.0511303e-04   7.5174727e-04   7.4497165e-05   1.2129569e-03   3.5621602e-08   4.4128269e-07   9.3093960e-08
   1.0000000e+00   3.8105743e-02  -3.6431534e-02   3.2964442e-02   5.6294928e-06  -2.7162120e-04  -3.5172268e-04   1.4520476e-03   1.3272567e-03   1.0866544e-03   3.1691189e-11   7.3778076e-08   1.2370884e-07  -1.8577129e-02  -2.4303443e-02   2.0701070e-03  -3.5658125e-04   1.9517644e-04  -3.4001665e-04   3.4510972e-04   5.9065734e-04   4.2853430e-06   1.2715019e-07   3.8093843e-08   1.1561132e-07
   1.0000000e+00   1.3879724e-02  -4.3005919e-02   5.7366070e-02   3.7666550e-04  -3.2354128e-04  -3.6281221e-04   1.9264674e-04   1.8495091e-03   3.2908660e-03   1.4187690e-07   1.0467896e-07   1.3163270e-07  -2.4226019e-02  -6.5743850e-03   2.4401628e-02   3.7103601e-04  -5.1920080e-05  -1.1089530e-05   5.8690000e-04   4.3222538e-05   5.9543945e-04   1.3766772e-07   2.6956947e-09   1.2297768e-10
   1.0000000e+00   2.0447223e-02  -5.7805386e-02   6.1247071e-02  -1.5729808e-04  -3.2397691e-04  -5.0112326e-04   4.1808893e-04   3.3414627e-03   3.7512037e-03   2.4742686e-08   1.0496104e-07   2.5112452e-07   6.5674990e-03  -1.4799467e-02   3.8810010e-03  -5.3396358e-04  -4.3563000e-07  -1.3831105e-04   4.3132043e-05   2.1902422e-04   1.5062169e-05   2.8511710e-07   1.8977350e-13   1.9129947e-08
   1.0000000e+00   3.2534435e-02  -4.0896892e-02   9.2529865e-02  -8.7629686e-04  -2.7205847e-04  -2.4618552e-04   1.0584895e-03   1.6725558e-03   8.5617759e-03   7.6789619e-07   7.4015811e-08   6.0607310e-08   1.2087212e-02   1.6908494e-02   3.1282794e-02  -7.1899878e-04   5.1918440e-05   2.5493774e-04   1.4610069e-04   2.8589717e-04   9.7861320e-04   5.1695925e-07   2.6955244e-09   6.4993251e-08
   1.0000000e+00   3.8474529e-02  -2.8991870e-02   1.7023736e-02   4.0483408e-05  -4.2168343e-04  -1.8058788e-04   1.4802894e-03   8.4052853e-04   2.8980759e-04   1.6389063e-09   1.7781692e-07   3.2611982e-08   5.9400940e-03   1.1905022e-02  -7.5506129e-02   9.1678027e-04  -1.4962496e-04   6.5597640e-05   3.5284717e-05   1.4172955e-04   5.7011755e-03   8.4048606e-07   2.2387629e-08   4.3030504e-09
   1.0000000e+00   5.8357776e-02  -3.3545827e-02  -9.5174152e-03  -1.9146057e-04  -2.3527836e-04   7.5985771e-05   3.4056300e-03   1.1253225e-03   9.0581192e-05   3.6657150e-08   5.5355907e-08   5.7738374e-09   1.9883247e-02  -4.5539570e-03  -2.6541151e-02  -2.3194398e-04   1.8640507e-04   2.5657365e-04   3.9534351e-04   2.0738524e-05   7.0443271e-04   5.3798009e-08   3.4746850e-08   6.5830038e-08
   1.0000000e+00  -5.2104238e-02  -4.4292611e-02  -5.6049297e-02   7.1369188e-04   9.3157176e-05  -3.6788935e-04   2.7148516e-03   1.9618354e-03   3.1415237e-03   5.0935610e-07   8.6782594e-09   1.3534257e-07  -1.1046201e-01  -1.0746784e-02  -4.6531882e-02   9.0515245e-04   3.2843554e-04  -4.4387512e-04   1.2201857e-02   1.1549337e-04   2.1652160e-03   8.1930096e-07   1.0786990e-07   1.9702512e-07
   1.0000000e+00   7.6178731e-03  -6.5028640e-02   4.7257788e-02   1.8821678e-04  -6.7543565e-04  -2.5827768e-04   5.8031991e-05   4.2287240e-03   2.2332985e-03   3.5425556e-08   4.5621332e-07   6.6707360e-08   5.9722111e-02  -2.0736029e-02   1.0330708e-01  -5.2547510e-04  -7.6859283e-04   1.0961167e-04   3.5667306e-03   4.2998290e-04   1.0672354e-02   2.7612408e-07   5.9073493e-07   1.2014718e-08
   1.0000000e+00  -4.8553946e-02  -5.8784291e-02  -1.4739283e-01   1.1552204e-03  -2.8959004e-05  -3.0180898e-04   2.3574857e-03   3.4555929e-03   2.1724646e-02   1.3345342e-06   8.3862391e-10   9.1088660e-08  -5.6171819e-02   6.2443490e-03  -1.9465062e-01   9.6700362e-04   6.4647665e-04  -4.3531300e-05   3.1552733e-03   3.8991894e-05   3.7888863e-02   9.3509600e-07   4.1793205e-07   1.8949741e-09
   1.0000000e+00  -1.8721153e-02  -2.4188725e-02   6.6137272e-02   1.5659636e-04  -7.1300917e-04  -4.6563826e-04   3.5048157e-04   5.8509442e-04   4.3741387e-03   2.4522420e-08   5.0838208e-07   2.1681899e-07   2.9832793e-02   3.4595566e-02   2.1353010e-01  -9.9862404e-04  -6.8405017e-04  -1.6382928e-04   8.8999554e-04   1.1968532e-03   4.5595104e-02   9.9724997e-07   4.6792463e-07   2.6840033e-08
   1.0000000e+00  -8.8038171e-02  -7.4762881e-02  -1.6062916e-01   6.9213422e-04   4.0761324e-04  -1.2969544e-03   7.7507196e-03   5.5894884e-03   2.5801727e-02   4.7904978e-07   1.6614855e-07   1.6820907e-06  -6.9317018e-02  -5.0574156e-02  -2.2676643e-01   5.3553786e-04   1.1206224e-03  -8.3131614e-04   4.8048490e-03   2.5577453e-03   5.1423015e-02   2.8680080e-07   1.2557946e-06   6.9108652e-07
   1.0000000e+00  -7.8918487e-02  -4.2739074e-02   5.5281213e-02  -3.9116459e-04  -3.3277192e-04  -1.0838832e-03   6.2281276e-03   1.8266284e-03   3.0560125e-03   1.5300974e-07   1.1073715e-07   1.1748028e-06   9.1196840e-03   3.2023807e-02   2.1591037e-01  -1.0832988e-03  -7.4038516e-04   2.1307120e-04   8.3168636e-05   1.0255242e-03   4.6617289e-02   1.1735363e-06   5.4817019e-07   4.5399336e-08
   1.0000000e+00  -5.3321664e-02  -6.4382610e-02  -1.1094108e-01   7.6038880e-05  -4.9321775e-04  -6.8540551e-04   2.8431999e-03   4.1451205e-03   1.2307923e-02   5.7819113e-09   2.4326375e-07   4.6978071e-07   2.5596823e-02  -2.1643536e-02  -1.6622229e-01   4.6720347e-04  -1.6044583e-04   3.9847769e-04   6.5519735e-04   4.6844265e-04   2.7629851e-02   2.1827908e-07   2.5742864e-08   1.5878447e-07
   1.0000000e+00  -3.5837113e-02  -5.8711250e-02   2.9520522e-02  -5.5549036e-04  -8.4494359e-04  -3.7276579e-04   1.2842987e-03   3.4470109e-03   8.7146122e-04   3.0856954e-07   7.1392967e-07   1.3895433e-07   1.7484551e-02   5.6713600e-03   1.4046160e-01  -6.3152924e-04  -3.5172584e-04   3.1263972e-04   3.0570952e-04   3.2164324e-05   1.9729462e-02   3.9882918e-07   1.2371107e-07   9.7743595e-08
   1.0000000e+00  -6.2894808e-02  -8.4178309e-02  -1.0798214e-01  -2.7002053e-04  -4.4104033e-04  -8.4197252e-04   3.9557569e-03   7.0859877e-03   1.1660143e-02   7.2911087e-08   1.9451657e-07   7.0891772e-07  -2.7057695e-02  -2.5467059e-02  -1.3750266e-01   2.8546983e-04   4.0390326e-04  -4.6920673e-04   7.3211886e-04   6.4857109e-04   1.8906982e-02   8.1493024e-08   1.6313784e-07   2.2015496e-07
   1.0000000e+00  -5.8209706e-02  -6.7535157e-02   5.9562748e-02  -1.4012380e-03  -6.1547212e-04  -8.0753766e-04   3.3883699e-03   4.5609974e-03   3.5477209e-03   1.9634679e-06   3.7880593e-07   6.5211707e-07   4.6851020e-03   1.6643152e-02   1.6754489e-01  -1.1312175e-03  -1.7443179e-04   3.4434860e-05   2.1950181e-05   2.7699451e-04   2.8071289e-02   1.2796530e-06   3.0426449e-08   1.1857596e-09
   1.0000000e+00  -6.4210063e-02  -8.0432604e-02  -1.1175291e-01  -1.0404834e-04  -2.8038924e-04  -9.3946857e-04   4.1229322e-03   6.4694038e-03   1.2488713e-02   1.0826057e-08   7.8618126e-08   8.8260119e-07  -6.0003570e-03  -1.2897447e-02  -1.7131566e-01   1.2971897e-03   3.3508288e-04  -1.3193091e-04   3.6004284e-05   1.6634414e-04   2.9349055e-02   1.6827010e-06   1.1228054e-07   1.7405765e-08
   1.0000000e+00  -1.1994874e-01  -9.6637576e-02  -1.0845482e-01   5.7621325e-04   5.9017061e-04  -1.0472313e-03   1.4387700e-02   9.3388211e-03   1.1762448e-02   3.3202171e-07   3.4830135e-07   1.0966934e-06  -5.5738677e-02  -1.6204972e-02   3.2980900e-03   6.8026159e-04   8.7055985e-04  -1.0776273e-04   3.1068001e-03   2.6260112e-04   1.0877398e-05   4.6275583e-07   7.5787445e-07   1.1612806e-08
   1.0000000e+00  -8.5606509e-02  -6.5740007e-02   2.9412190e-02  -1.0827880e-03   1.5935916e-04  -1.1404367e-03   7.3284744e-03   4.3217485e-03   8.6507692e-04   1.1724299e-06   2.5395342e-08   1.3005959e-06   3.4342231e-02   3.0897569e-02   1.3786701e-01  -1.6590012e-03  -4.3081145e-04  -9.3205400e-05   1.1793888e-03   9.5465977e-04   1.9007312e-02   2.7522851e-06   1.8559851e-07   8.6872466e-09
   1.0000000e+00  -9.4953352e-02  -5.6402944e-02  -6.4935008e-02   4.4140821e-04   6.9188037e-04  -1.1871731e-03   9.0161391e-03   3.1812921e-03   4.2165553e-03   1.9484121e-07   4.7869845e-07   1.4093800e-06  -9.3468430e-03   9.3370630e-03  -9.4347198e-02   1.5241962e-03   5.3252121e-04  -4.6736400e-05   8.7363474e-05   8.7180745e-05   8.9013938e-03   2.3231741e-06   2.8357884e-07   2.1842911e-09
   1.0000000e+00  -6.0379633e-02  -8.1704798e-02  -2.1521823e-03  -2.8766805e-04   4.8058695e-04  -1.1417422e-03   3.6457001e-03   6.6756740e-03   4.6318887e-06   8.2752907e-08   2.3096382e-07   1.3035753e-06   3.4573719e-02  -2.5301854e-02   6.2782826e-02  -7.2907626e-04  -2.1129342e-04   4.5430900e-05   1.1953420e-03   6.4018382e-04   3.9416832e-03   5.3155219e-07   4.4644909e-08   2.0639667e-09
   1.0000000e+00  -5.1902986e-02  -1.0797527e-01  -3.5425729e-02   9.0666587e-04   5.0126163e-04  -9.7530568e-04   2.6939200e-03   1.1658659e-02   1.2549823e-03   8.2204300e-07   2.5126322e-07   9.5122117e-07   8.4766470e-03  -2.6270472e-02  -3.3273547e-02   1.1943339e-03   2.0674680e-05   1.6643652e-04   7.1853544e-05   6.9013770e-04   1.1071289e-03   1.4264335e-06   4.2744239e-10   2.7701115e-08
   1.0000000e+00  -3.2416129e-02  -1.3361688e-01   5.0326331e-04   4.3117270e-04   3.1006610e-04  -1.1673428e-03   1.0508054e-03   1.7853471e-02   2.5327396e-07   1.8590990e-07   9.6140986e-08   1.3626892e-06   1.9486857e-02  -2.5641610e-02   3.5928992e-02  -4.7549317e-04  -1.9119553e-04  -1.9203712e-04   3.7973760e-04   6.5749216e-04   1.2908925e-03   2.2609375e-07   3.6555731e-08   3.6878255e-08
   1.0000000e+00  -3.4508492e-02  -1.3589274e-01  -2.1396926e-02   1.0154364e-03   2.8903715e-04  -1.2144006e-03   1.1908360e-03   1.8466837e-02   4.5782844e-04   1.0311111e-06   8.3542474e-08   1.4747688e-06  -2.0923630e-03  -2.2758600e-03  -2.1900189e-02   5.8426370e-04  -2.1028950e-05  -4.7057800e-05   4.3779829e-06   5.1795387e-06   4.7961829e-04   3.4136407e-07   4.4221674e-10   2.2144365e-09
   1.0000000e+00  -2.2109511e-02  -1.2471959e-01   2.3539964e-02  -3.8642329e-05   1.5399340e-04  -1.1619077e-03   4.8883048e-04   1.5554976e-02   5.5412991e-04   1.4932296e-09   2.3713967e-08   1.3500295e-06   1.2398981e-02   1.1173150e-02   4.4936890e-02  -1.0540787e-03  -1.3504375e-04   5.2492900e-05   1.5373473e-04   1.2483928e-04   2.0193241e-03   1.1110820e-06   1.8236814e-08   2.7555046e-09
   1.0000000e+00  -4.0584452e-03  -1.0999725e-01   2.6720566e-02  -3.0185237e-05  -2.5638625e-04  -8.0274229e-04   1.6470977e-05   1.2099395e-02   7.1398865e-04   9.1114853e-10   6.5733909e-08   6.4439518e-07   1.8051066e-02   1.4722340e-02   3.1806020e-03   8.4570920e-06  -4.1037965e-04   3.5916541e-04   3.2584098e-04   2.1674730e-04   1.0116229e-05   7.1522405e-11   1.6841146e-07   1.2899979e-07
   1.0000000e+00  -2.7854566e-02  -1.4079906e-01   1.9767666e-02  -4.1183240e-05  -1.4243966e-04  -1.2439923e-03   7.7587685e-04   1.9824375e-02   3.9076062e-04   1.6960593e-09   2.0289057e-08   1.5475168e-06  -2.3796121e-02  -3.0801810e-02  -6.9529000e-03  -1.0998003e-05   1.1394659e-04  -4.4125001e-04   5.6625537e-04   9.4875150e-04   4.8342818e-05   1.2095607e-10   1.2983825e-08   1.9470157e-07
   1.0000000e+00  -3.6998265e-02  -1.1838047e-01  -2.3348737e-02   4.3755500e-04  -4.6858850e-05  -8.5263734e-04   1.3688716e-03   1.4013936e-02   5.4516352e-04   1.9145438e-07   2.1957518e-09   7.2699043e-07  -9.1436990e-03   2.2418590e-02  -4.3116403e-02   4.7873824e-04   9.5580810e-05   3.9135496e-04   8.3607231e-05   5.0259318e-04   1.8590242e-03   2.2919030e-07   9.1356912e-09   1.5315870e-07
   1.0000000e+00  -4.9822857e-02  -1.2380558e-01   2.9948813e-02   2.5214779e-05   1.5278240e-04  -1.4082166e-03   2.4823171e-03   1.5327822e-02   8.9693140e-04   6.3578508e-10   2.3342462e-08   1.9830740e-06  -1.2824592e-02  -5.4251100e-03   5.3297550e-02  -4.1234022e-04   1.9964125e-04  -5.5557926e-04   1.6447016e-04   2.9431819e-05   2.8406288e-03   1.7002446e-07   3.9856629e-08   3.0866831e-07
   1.0000000e+00  -2.4877945e-02  -1.3968674e-01  -3.3038433e-02   2.8720559e-04   4.6437148e-05  -8.5407535e-04   6.1891215e-04   1.9512385e-02   1.0915381e-03   8.2487051e-08   2.1564087e-09   7.2944470e-07   2.4944912e-02  -1.5881160e-02  -6.2987246e-02   2.6199081e-04  -1.0634525e-04   5.5414125e-04   6.2224863e-04   2.5221124e-04   3.9673932e-03   6.8639185e-08   1.1309313e-08   3.0707252e-07
   1.0000000e+00  -3.1697656e-02  -1.3791521e-01   5.6502297e-02  -8.5215136e-04   4.7472849e-05  -1.1279662e-03   1.0047414e-03   1.9020605e-02   3.1925096e-03   7.2616194e-07   2.2536714e-09   1.2723077e-06  -6.8197110e-03   1.7715300e-03   8.9540730e-02  -1.1393569e-03   1.0357010e-06  -2.7389085e-04   4.6508458e-05   3.1383185e-06   8.0175423e-03   1.2981343e-06   1.0726766e-12   7.5016198e-08
   1.0000000e+00  -7.8268704e-02  -1.1708276e-01  -5.8262187e-02   3.9161779e-04   7.6155140e-04  -2.0371162e-03   6.1259900e-03   1.3708373e-02   3.3944824e-03   1.5336449e-07   5.7996053e-07   4.1498424e-06  -4.6571048e-02   2.0832450e-02  -1.1476448e-01   1.2437691e-03   7.1407855e-04  -9.0915000e-04   2.1688625e-03   4.3399097e-04   1.3170887e-02   1.5469617e-06   5.0990818e-07   8.2655372e-07
   1.0000000e+00  -3.6673558e-02  -1.2933819e-01   4.8983764e-02  -1.1319345e-03   2.7977031e-05  -1.1374303e-03   1.3449499e-03   1.6728367e-02   2.3994091e-03   1.2812757e-06   7.8271426e-10   1.2937477e-06   4.1595146e-02  -1.2255430e-02   1.0724595e-01  -1.5235523e-03  -7.3357437e-04   8.9968590e-04   1.7301562e-03   1.5019556e-04   1.1501694e-02   2.3212116e-06   5.3813135e-07   8.0943472e-07
   1.0000000e+00  -2.9527584e-02  -1.4069188e-01   2.0337205e-02   6.8840291e-05   3.6655367e-04  -1.5873114e-03   8.7187822e-04   1.9794205e-02   4.1360191e-04   4.7389857e-09   1.3436159e-07   2.5195575e-06   7.1459740e-03  -1.1353690e-02  -2.8646559e-02   1.2007748e-03   3.3857664e-04  -4.4988110e-04   5.1064944e-05   1.2890628e-04   8.2062534e-04   1.4418601e-06   1.1463414e-07   2.0239300e-07
   1.0000000e+00  -2.8817977e-02  -1.3367114e-01   1.1202748e-01  -1.3594503e-03   2.9181376e-04  -1.2817700e-03   8.3047580e-04   1.7867974e-02   1.2550156e-02   1.8481051e-06   8.5155271e-08   1.6429343e-06   7.0960700e-04   7.0207400e-03   9.1690275e-02  -1.4282906e-03  -7.4739910e-05   3.0554140e-04   5.0354209e-07   4.9290790e-05   8.4071065e-03   2.0400140e-06   5.5860541e-09   9.3355547e-08
   1.0000000e+00  -7.8632582e-03  -1.2951887e-01  -1.3258298e-02   1.2264553e-03   5.1718135e-05  -1.0105263e-03   6.1830830e-05   1.6775138e-02   1.7578247e-04   1.5041926e-06   2.6747655e-09   1.0211634e-06   2.0954719e-02   4.1522700e-03  -1.2528578e-01   2.5859056e-03  -2.4009562e-04   2.7124370e-04   4.3910024e-04   1.7241346e-05   1.5696526e-02   6.6869078e-06   5.7645909e-08   7.3573145e-08
   1.0000000e+00   8.7541916e-03  -1.4185601e-01   4.3891671e-02  -2.2680845e-04   3.1050274e-04  -9.4430070e-04   7.6635871e-05   2.0123128e-02   1.9264788e-03   5.1442073e-08   9.6411952e-08   8.9170381e-07   1.6617450e-02  -1.2337140e-02   5.7149969e-02  -1.4532638e-03   2.5878461e-04   6.6225600e-05   2.7613964e-04   1.5220502e-04   3.2661190e-03   2.1119755e-06   6.6969472e-08   4.3858301e-09
   1.0000000e+00   1.0568734e-02  -1.4554099e-01   2.3740567e-02   4.0030453e-04   1.6548156e-04  -1.1102168e-03   1.1169814e-04   2.1182180e-02   5.6361452e-04   1.6024372e-07   2.7384147e-08   1.2325813e-06   1.8145424e-03  -3.6849800e-03  -2.0151104e-02   6.2711298e-04  -1.4502118e-04  -1.6591610e-04   3.2925641e-06   1.3579078e-05   4.0606699e-04   3.9327069e-07   2.1031143e-08   2.7528152e-08
   1.0000000e+00   3.2963948e-02  -1.4654918e-01  -6.7774010e-03   7.5238031e-04  -3.7811134e-05  -5.3983821e-04   1.0866219e-03   2.1476662e-02   4.5933164e-05   5.6607613e-07   1.4296819e-09   2.9142529e-07   2.2395214e-02  -1.0081900e-03  -3.0517968e-02   3.5207578e-04  -2.0329269e-04   5.7037859e-04   5.0154561e-04   1.0164471e-06   9.3134637e-04   1.2395735e-07   4.1327919e-08   3.2533174e-07
   1.0000000e+00   3.4979582e-02  -1.3356786e-01   4.0985581e-02   4.8288459e-04  -4.8746502e-04  -7.4904901e-04   1.2235712e-03   1.7840373e-02   1.6798178e-03   2.3317753e-07   2.3762215e-07   5.6107442e-07   2.0156340e-03   1.2981320e-02   4.7762982e-02  -2.6949572e-04  -4.4965389e-04  -2.0921080e-04   4.0627804e-06   1.6851467e-04   2.2813024e-03   7.2627943e-08   2.0218862e-07   4.3769159e-08
   1.0000000e+00   4.3466123e-02  -1.5427802e-01   2.0921440e-02   1.1941754e-03  -6.2164246e-04  -2.1553640e-04   1.8893038e-03   2.3801707e-02   4.3770665e-04   1.4260549e-06   3.8643935e-07   4.6455940e-08   8.4865410e-03  -2.0710160e-02  -2.0064141e-02   7.1129081e-04  -1.3417744e-04   5.3351261e-04   7.2021378e-05   4.2891073e-04   4.0256975e-04   5.0593462e-07   1.8003585e-08   2.8463571e-07
   1.0000000e+00   3.0391528e-02  -1.3379991e-01   4.3720663e-02   4.9402156e-04  -5.9810676e-04  -7.7912605e-04   9.2364497e-04   1.7902416e-02   1.9114964e-03   2.4405730e-07   3.5773170e-07   6.0703740e-07  -1.3074595e-02   2.0478110e-02   2.2799223e-02  -7.0015384e-04   2.3535700e-05  -5.6358965e-04   1.7094503e-04   4.1935299e-04   5.1980457e-04   4.9021540e-07   5.5392917e-10   3.1763329e-07
   1.0000000e+00  -3.2503225e-02  -1.6041587e-01  -1.8468179e-02   6.2241786e-04  -1.4860705e-04  -8.6436673e-04   1.0564596e-03   2.5733251e-02   3.4107364e-04   3.8740399e-07   2.2084055e-08   7.4712984e-07  -6.2894753e-02  -2.6615960e-02  -6.2188842e-02   1.2839630e-04   4.4949971e-04  -8.5240680e-05   3.9557500e-03   7.0840933e-04   3.8674521e-03   1.6485610e-08   2.0204999e-07   7.2659735e-09
   1.0000000e+00   6.4778073e-03  -1.5095706e-01   6.6977252e-02   1.9437735e-04  -6.8695457e-04  -7.1659694e-04   4.1961987e-05   2.2788034e-02   4.4859523e-03   3.7782554e-08   4.7190658e-07   5.1351117e-07   3.8981032e-02   9.4588100e-03   8.5445431e-02  -4.2804051e-04  -5.3834752e-04   1.4776979e-04   1.5195209e-03   8.9469087e-05   7.3009217e-03   1.8321868e-07   2.8981805e-07   2.1835911e-08
   1.0000000e+00  -1.2043075e-02  -1.5023176e-01   8.2883992e-03  -3.7105888e-05  -7.2911275e-04  -6.8870684e-04   1.4503566e-04   2.2569582e-02   6.8697561e-05   1.3768469e-09   5.3160540e-07   4.7431711e-07  -1.8520882e-02   7.2530000e-04  -5.8688853e-02  -2.3148324e-04  -4.2158180e-05   2.7890100e-05   3.4302308e-04   5.2606009e-07   3.4443814e-03   5.3584489e-08   1.7773121e-09   7.7785768e-10
   1.0000000e+00  -3.8638926e-03  -1.6725878e-01   9.1319085e-05   3.3866199e-05  -4.7495828e-04  -8.0880199e-04   1.4929666e-05   2.7975499e-02   8.3391753e-09   1.1469194e-09   2.2558537e-07   6.5416066e-07   8.1791824e-03  -1.7027020e-02  -8.1970801e-03   7.0972087e-05   2.5415447e-04  -1.2009515e-04   6.6899025e-05   2.8991941e-04   6.7192122e-05   5.0370371e-09   6.4594495e-08   1.4422845e-08
   1.0000000e+00  -7.9131878e-02  -1.5970929e-01  -1.0154404e-01   5.4125443e-04   4.5703015e-05  -1.1734959e-03   6.2618541e-03   2.5507057e-02   1.0311192e-02   2.9295636e-07   2.0887656e-09   1.3770926e-06  -7.5267985e-02   7.5494900e-03  -1.0163536e-01   5.0738823e-04   5.2066129e-04  -3.6469391e-04   5.6652696e-03   5.6994799e-05   1.0329746e-02   2.5744282e-07   2.7108818e-07   1.3300165e-07
   1.0000000e+00  -3.7730070e-02  -1.4664457e-01   4.4149454e-02  -3.8626013e-05  -3.7974073e-04  -1.7128429e-03   1.4235582e-03   2.1504630e-02   1.9491743e-03   1.4919689e-09   1.4420302e-07   2.9338308e-06   4.1401808e-02   1.3064720e-02   1.4569349e-01  -5.7988044e-04  -4.2544375e-04  -5.3934700e-04   1.7141097e-03   1.7068691e-04   2.1226594e-02   3.3626133e-07   1.8100238e-07   2.9089519e-07
   1.0000000e+00  -3.8476585e-03  -1.2878219e-01  -1.1236472e-01   6.2236777e-04  -3.2982108e-04  -1.0562861e-03   1.4804476e-05   1.6584852e-02   1.2625830e-02   3.8734164e-07   1.0878194e-07   1.1157403e-06   3.3882412e-02   1.7862380e-02  -1.5651417e-01   6.6099378e-04   4.9919650e-05   6.5655680e-04   1.1480178e-03   3.1906462e-04   2.4496687e-02   4.3691278e-07   2.4919715e-09   4.3106683e-07
   1.0000000e+00   2.1821281e-02  -1.1419446e-01   3.5412984e-02  -2.4963579e-04  -1.2171579e-03  -7.6875269e-04   4.7616830e-04   1.3040375e-02   1.2540794e-03   6.2318028e-08   1.4814734e-06   5.9098070e-07   2.5668940e-02   1.4587730e-02   1.4777770e-01  -8.7200356e-04  -8.8733682e-04   2.8753341e-04   6.5889446e-04   2.1280187e-04   2.1838250e-02   7.6039021e-07   7.8736663e-07   8.2675462e-08
   1.0000000e+00   1.3507755e-02  -1.3961081e-01  -4.9688726e-02   2.5714235e-04  -6.1761837e-04  -7.6933210e-04   1.8245945e-04   1.9491178e-02   2.4689695e-03   6.6122188e-08   3.8145245e-07   5.9187188e-07  -8.3135260e-03  -2.5416350e-02  -8.5101710e-02   5.0677814e-04   5.9953953e-04  -5.7941000e-07   6.9114715e-05   6.4599085e-04   7.2423010e-03   2.5682408e-07   3.5944765e-07   3.3571595e-13
   1.0000000e+00  -8.9084815e-03  -1.3033032e-01   7.7230068e-02  -4.0605496e-04  -7.2979768e-04  -8.2559983e-04   7.9361043e-05   1.6985992e-02   5.9644834e-03   1.6488063e-07   5.3260465e-07   6.8161508e-07  -2.2416236e-02   9.2804900e-03   1.2691879e-01  -6.6319731e-04  -1.1217931e-04  -5.6267730e-05   5.0248766e-04   8.6127495e-05   1.6108380e-02   4.3983067e-07   1.2584198e-08   3.1660574e-09
   1.0000000e+00  -6.3112344e-02  -1.3478613e-01  -8.7808492e-02  -8.3732156e-05  -8.2205483e-05  -8.5838931e-04   3.9831680e-03   1.8167301e-02   7.7103313e-03   7.0110739e-09   6.7577414e-09   7.3683221e-07  -5.4203862e-02  -4.4558100e-03  -1.6503856e-01   3.2232280e-04   6.4759220e-04  -3.2789480e-05   2.9380587e-03   1.9854243e-05   2.7237726e-02   1.0389199e-07   4.1937565e-07   1.0751500e-09
   1.0000000e+00  -1.4413989e-02  -1.2535843e-01   9.4273319e-02  -8.5313277e-04  -6.3080085e-04  -5.2759384e-04   2.0776308e-04   1.5714736e-02   8.8874587e-03   7.2783552e-07   3.9790971e-07   2.7835526e-07   4.8698355e-02   9.4277000e-03   1.8208181e-01  -7.6940061e-04  -5.4859537e-04   3.3079547e-04   2.3715298e-03   8.8881527e-05   3.3153786e-02   5.9197730e-07   3.0095688e-07   1.0942564e-07
   1.0000000e+00  -3.0993414e-02  -1.5775049e-01  -5.5074464e-02  -3.8115744e-04  -5.1457965e-04  -6.5657392e-04   9.6059171e-04   2.4885217e-02   3.0331966e-03   1.4528099e-07   2.6479222e-07   4.3108931e-07  -1.6579425e-02  -3.2392060e-02  -1.4934778e-01   4.7197533e-04   1.1622120e-04  -1.2898008e-04   2.7487733e-04   1.0492456e-03   2.2304760e-02   2.2276071e-07   1.3507367e-08   1.6635861e-08
   1.0000000e+00  -7.1696773e-02  -1.7551147e-01   4.3830888e-02  -1.2350016e-03  -3.3509923e-04  -8.5006358e-04   5.1404273e-03   3.0804276e-02   1.9211467e-03   1.5252290e-06   1.1229149e-07   7.2260809e-07  -4.0703359e-02  -1.7760980e-02   9.8905352e-02  -8.5384416e-04   1.7948042e-04  -1.9348966e-04   1.6567634e-03   3.1545241e-04   9.7822687e-03   7.2904985e-07   3.2213221e-08   3.7438249e-08
   1.0000000e+00  -3.7324507e-02  -1.6719187e-01   6.2199053e-02  -6.7033403e-04  -3.9231890e-04  -1.2021381e-03   1.3931188e-03   2.7953121e-02   3.8687222e-03   4.4934771e-07   1.5391412e-07   1.4451360e-06   3.4372266e-02   8.3196000e-03   1.8368165e-02   5.6466757e-04  -5.7219670e-05  -3.5207452e-04   1.1814527e-03   6.9215744e-05   3.3738949e-04   3.1884946e-07   3.2740906e-09   1.2395647e-07
   1.0000000e+00  -7.7861555e-02  -1.8787090e-01  -4.2839003e-03  -1.3448245e-04   5.7647843e-04  -1.6776731e-03   6.0624217e-03   3.5295475e-02   1.8351802e-05   1.8085529e-08   3.3232738e-07   2.8145870e-06  -4.0537048e-02  -2.0679030e-02  -6.6482953e-02   5.3585158e-04   9.6879733e-04  -4.7553500e-04   1.6432523e-03   4.2762228e-04   4.4199831e-03   2.8713692e-07   9.3856827e-07   2.2613354e-07
   1.0000000e+00  -3.9188354e-02  -1.6263217e-01  -3.4215821e-02   3.0395699e-04  -1.8088140e-04  -1.0272943e-03   1.5357271e-03   2.6449223e-02   1.1707224e-03   9.2389852e-08   3.2718081e-08   1.0553336e-06   3.8673201e-02   2.5238730e-02  -2.9931921e-02   4.3843944e-04  -7.5735983e-04   6.5037880e-04   1.4956165e-03   6.3699349e-04   8.9591988e-04   1.9222914e-07   5.7359391e-07   4.2299258e-07
   1.0000000e+00  -4.1939002e-02  -1.7234556e-01  -1.8393531e-02   1.9248049e-04  -1.4710711e-04  -7.3582550e-04   1.7588799e-03   2.9702992e-02   3.3832198e-04   3.7048739e-08   2.1640502e-08   5.4143917e-07  -2.7506480e-03  -9.7133900e-03   1.5822290e-02  -1.1147650e-04   3.3774290e-05   2.9146880e-04   7.5660644e-06   9.4349945e-05   2.5034486e-04   1.2427010e-08   1.1407027e-09   8.4954061e-08
   1.0000000e+00  -1.3297716e-02  -2.1294993e-01   9.4508974e-03   1.1762022e-03  -2.5799071e-05  -8.4403231e-04   1.7682925e-04   4.5347673e-02   8.9319462e-05   1.3834516e-06   6.6559206e-10   7.1239054e-07   2.8641286e-02  -4.0604370e-02   2.7844428e-02   9.8372171e-04   1.2130804e-04  -1.0820681e-04   8.2032326e-04   1.6487149e-03   7.7531219e-04   9.6770840e-07   1.4715640e-08   1.1708714e-08
   1.0000000e+00  -2.2281833e-02  -2.0218215e-01   3.9165898e-02  -3.4003205e-04  -7.3306590e-05  -1.0195541e-03   4.9648008e-04   4.0877622e-02   1.5339676e-03   1.1562180e-07   5.3738561e-09   1.0394906e-06  -8.9841170e-03   1.0767780e-02   2.9715001e-02  -1.5162342e-03  -4.7507519e-05  -1.7552179e-04   8.0714358e-05   1.1594509e-04   8.8298126e-04   2.2989663e-06   2.2569644e-09   3.0807899e-08
   1.0000000e+00  -5.3235150e-02  -2.1895689e-01  -4.9569373e-02   1.1233191e-03   8.8517357e-04  -1.6819594e-03   2.8339812e-03   4.7942120e-02   2.4571227e-03   1.2618458e-06   7.8353225e-07   2.8289874e-06  -3.0953317e-02  -1.6774740e-02  -8.8735271e-02   1.4633512e-03   9.5848016e-04  -6.6240530e-04   9.5810783e-04   2.8139190e-04   7.8739483e-03   2.1413966e-06   9.1868422e-07   4.3878078e-07
   1.0000000e+00  -1.2657079e-02  -2.0049478e-01   2.4319282e-02  -3.4842530e-04   2.4724828e-04  -8.0165291e-04   1.6020165e-04   4.0198157e-02   5.9142748e-04   1.2140019e-07   6.1131712e-08   6.4264739e-07   4.0578071e-02   1.8462110e-02   7.3888655e-02  -1.4717444e-03  -6.3792529e-04   8.8030649e-04   1.6465798e-03   3.4084951e-04   5.4595333e-03   2.1660316e-06   4.0694868e-07   7.7493952e-07
   1.0000000e+00  -1.8399271e-02  -1.8425363e-01   7.5309826e-02   1.3984467e-03  -1.1695183e-05  -9.8058897e-04   3.3853317e-04   3.3949400e-02   5.6715699e-03   1.9556532e-06   1.3677731e-10   9.6155473e-07  -5.7421920e-03   1.6241150e-02   5.0990544e-02   1.7468720e-03  -2.5894346e-04  -1.7893606e-04   3.2972769e-05   2.6377495e-04   2.6000356e-03   3.0515618e-06   6.7051717e-08   3.2018114e-08
   1.0000000e+00   1.2207230e-03  -1.9760365e-01  -1.2359335e-02   4.7362633e-04  -3.8440007e-05  -5.7939743e-04   1.4901646e-06   3.9047202e-02   1.5275316e-04   2.2432190e-07   1.4776341e-09   3.3570138e-07   1.9619994e-02  -1.3350020e-02  -8.7669161e-02  -9.2482037e-04  -2.6744824e-05   4.0119154e-04   3.8494416e-04   1.7822303e-04   7.6858818e-03   8.5529272e-07   7.1528561e-10   1.6095465e-07
   1.0000000e+00  -1.9962669e-03  -2.0467985e-01   8.3428611e-02   1.3774763e-03  -4.6219034e-04  -3.7501467e-04   3.9850815e-06   4.1893841e-02   6.9603331e-03   1.8974410e-06   2.1361991e-07   1.4063600e-07  -3.2169899e-03  -7.0762000e-03   9.5787946e-02   9.0384997e-04  -4.2375033e-04   2.0438276e-04   1.0349024e-05   5.0072606e-05   9.1753306e-03   8.1694477e-07   1.7956434e-07   4.1772313e-08
   1.0000000e+00  -1.0628821e-02  -2.1050835e-01   4.4349826e-02   8.1975288e-04  -4.3474676e-04  -6.7087941e-04   1.1297184e-04   4.4313765e-02   1.9669071e-03   6.7199478e-07   1.8900475e-07   4.5007918e-07  -8.6325541e-03  -5.8285000e-03  -3.9078785e-02  -5.5772342e-04   2.7443580e-05  -2.9586474e-04   7.4520990e-05   3.3971412e-05   1.5271514e-03   3.1105541e-07   7.5315008e-10   8.7535944e-08
   1.0000000e+00  -7.4066240e-02  -2.1113654e-01   7.8830582e-02   9.5702842e-04   2.4966804e-05  -8.9673182e-04   5.4858079e-03   4.4578639e-02   6.2142607e-03   9.1590340e-07   6.2334130e-10   8.0412796e-07  -6.3437419e-02  -6.2819000e-04   3.4480756e-02   1.3727554e-04   4.5971356e-04  -2.2585241e-04   4.0243061e-03   3.9462268e-07   1.1889225e-03   1.8844574e-08   2.1133656e-07   5.1009311e-08
   1.0000000e+00  -4.7087095e-02  -2.0843861e-01   1.4111212e-01  -1.5072394e-04  -7.0683490e-04  -8.5136435e-04   2.2171945e-03   4.3446654e-02   1.9912630e-02   2.2717706e-08   4.9961558e-07   7.2482126e-07   2.6979145e-02   2.6979300e-03   6.2281538e-02  -1.1077524e-03  -7.3180170e-04   4.5367470e-05   7.2787426e-04   7.2788263e-06   3.8789900e-03   1.2271153e-06   5.3553373e-07   2.0582073e-09
   1.0000000e+00  -6.8364049e-02  -2.2075165e-01   1.4576174e-01   2.7202787e-04  -3.7777750e-04  -1.5178923e-03   4.6736432e-03   4.8731291e-02   2.1246485e-02   7.3999162e-08   1.4271584e-07   2.3039970e-06  -2.1276954e-02  -1.2313040e-02   4.6496200e-03   4.2275181e-04   3.2905740e-04  -6.6652795e-04   4.5270877e-04   1.5161095e-04   2.1618966e-05   1.7871909e-07   1.0827877e-07   4.4425951e-07
   1.0000000e+00  -5.8603347e-02  -2.0768084e-01   8.7365796e-02  -8.1879053e-05  -4.4170425e-04  -1.3372768e-03   3.4343523e-03   4.3131331e-02   7.6327823e-03   6.7041793e-09   1.9510264e-07   1.7883092e-06   9.7607020e-03   1.3070810e-02  -5.8395944e-02  -3.5390692e-04  -6.3926750e-05   1.8061550e-04   9.5271304e-05   1.7084607e-04   3.4100863e-03   1.2525011e-07   4.0866294e-09   3.2621959e-08
   1.0000000e+00  -7.2659849e-02  -1.7919951e-01   2.0981197e-03   1.0387272e-04  -3.0481477e-04  -1.0143722e-03   5.2794537e-03   3.2112464e-02   4.4021063e-06   1.0789542e-08   9.2912044e-08   1.0289510e-06  -1.4056502e-02   2.8481330e-02  -8.5267676e-02   1.8575177e-04   1.3688948e-04   3.2290460e-04   1.9758525e-04   8.1118616e-04   7.2705766e-03   3.4503721e-08   1.8738730e-08   1.0426738e-07
   1.0000000e+00  -1.0684248e-01  -2.0815242e-01  -4.2357777e-02  -4.7830602e-04   1.5983068e-05  -1.2299294e-03   1.1415316e-02   4.3327430e-02   1.7941813e-03   2.2877665e-07   2.5545846e-10   1.5127263e-06  -3.4182631e-02  -2.8952910e-02  -4.4455897e-02  -5.8217874e-04   3.2079784e-04  -2.1555720e-04   1.1684523e-03   8.3827100e-04   1.9763268e-03   3.3893209e-07   1.0291125e-07   4.6464906e-08
   1.0000000e+00  -1.4822955e-01  -2.0885031e-01  -3.1210498e-02   1.9569321e-04   5.6130974e-04  -1.7297731e-03   2.1971999e-02   4.3618452e-02   9.7409519e-04   3.8295832e-08   3.1506862e-07   2.9921150e-06  -4.1387070e-02  -6.9789000e-04   1.1147279e-02   6.7399923e-04   5.4532667e-04  -4.9984370e-04   1.7128896e-03   4.8705045e-07   1.2426183e-04   4.5427496e-07   2.9738118e-07   2.4984372e-07
   1.0000000e+00  -7.0062015e-02  -2.0396749e-01   1.0091554e-01  -9.3491436e-04  -2.2199450e-04  -1.1703587e-03   4.9086859e-03   4.1602737e-02   1.0183946e-02   8.7406486e-07   4.9281558e-08   1.3697395e-06   7.8167535e-02   4.8828200e-03   1.3212604e-01  -1.1306076e-03  -7.8330424e-04   5.5941440e-04   6.1101635e-03   2.3841931e-05   1.7457290e-02   1.2782735e-06   6.1356553e-07   3.1294447e-07
   1.0000000e+00  -1.0160501e-01  -2.0002024e-01  -2.8863865e-02   5.7283828e-04   2.2518482e-04  -1.3594591e-03   1.0323578e-02   4.0008096e-02   8.3312270e-04   3.2814370e-07   5.0708203e-08   1.8481290e-06  -3.1542995e-02   3.9472500e-03  -1.2977940e-01   1.5077526e-03   4.4717932e-04  -1.8910040e-04   9.9496053e-04   1.5580783e-05   1.6842694e-02   2.2733180e-06   1.9996934e-07   3.5758961e-08
   1.0000000e+00  -5.2110370e-02  -2.0957650e-01   2.2584848e-02   3.6004538e-04  -7.9624870e-04  -7.9614114e-04   2.7154907e-03   4.3922309e-02   5.1007536e-04   1.2963268e-07   6.3401199e-07   6.3384071e-07   4.9494640e-02  -9.5562600e-03   5.1448713e-02  -2.1279290e-04  -1.0214335e-03   5.6331796e-04   2.4497194e-03   9.1322105e-05   2.6469701e-03   4.5280818e-08   1.0433264e-06   3.1732712e-07
   1.0000000e+00  -5.8327397e-02  -2.0519395e-01   3.3438504e-02   2.6339897e-04  -5.1963761e-04  -1.0279788e-03   3.4020852e-03   4.2104557e-02   1.1181335e-03   6.9379017e-08   2.7002325e-07   1.0567404e-06  -6.2170270e-03   4.3825500e-03   1.0853656e-02  -9.6646410e-05   2.7661109e-04  -2.3183766e-04   3.8651425e-05   1.9206745e-05   1.1780185e-04   9.3405286e-09   7.6513695e-08   5.3748701e-08
   1.0000000e+00  -6.7119213e-02  -2.0878298e-01  -5.7710398e-03   4.8610043e-04  -7.0519161e-04  -7.8930196e-04   4.5049888e-03   4.3590333e-02   3.3304900e-05   2.3629363e-07   4.9729521e-07   6.2299758e-07  -8.7918160e-03  -3.5890300e-03  -3.9209544e-02   2.2270146e-04  -1.8555400e-04   2.3867684e-04   7.7296029e-05   1.2881136e-05   1.5373883e-03   4.9595940e-08   3.4430287e-08   5.6966634e-08
   1.0000000e+00  -4.7124793e-02  -2.1636127e-01   1.1509668e-01  -1.4574067e-04  -7.8043804e-04  -9.7286963e-04   2.2207461e-03   4.6812199e-02   1.3247246e-02   2.1240343e-08   6.0908353e-07   9.4647532e-07   1.9994420e-02  -7.5782900e-03   1.2086772e-01  -6.3184110e-04  -7.5246430e-05  -1.8356767e-04   3.9977683e-04   5.7430479e-05   1.4609006e-02   3.9922318e-07   5.6620252e-09   3.3697089e-08
   1.0000000e+00  -1.0117997e-01  -2.4282430e-01  -1.0216765e-01   2.4103936e-04  -3.3094798e-04  -8.8486206e-04   1.0237386e-02   5.8963641e-02   1.0438229e-02   5.8099973e-08   1.0952657e-07   7.8298087e-07  -5.4055177e-02  -2.6463030e-02  -2.1726433e-01   3.8678003e-04   4.4949006e-04   8.8007570e-05   2.9219622e-03   7.0029196e-04   4.7203789e-02   1.4959879e-07   2.0204131e-07   7.7453324e-09
   1.0000000e+00  -1.0163400e-01  -2.1845923e-01   6.3544412e-02  -9.0381324e-04  -3.5123217e-04  -9.4689420e-04   1.0329470e-02   4.7724435e-02   4.0378923e-03   8.1687837e-07   1.2336404e-07   8.9660863e-07  -4.5403000e-04   2.4365070e-02   1.6571206e-01  -1.1448526e-03  -2.0284190e-05  -6.2032140e-05   2.0614324e-07   5.9365664e-04   2.7460487e-02   1.3106875e-06   4.1144836e-10   3.8479864e-09
   1.0000000e+00  -5.5655830e-02  -2.2621158e-01   1.4922143e-02   1.0180309e-04  -3.4615938e-04  -1.6020909e-03   3.0975714e-03   5.1171679e-02   2.2267035e-04   1.0363869e-08   1.1982632e-07   2.5666953e-06   4.5978170e-02  -7.7523500e-03  -4.8622269e-02   1.0056163e-03   5.0727900e-06  -6.5519670e-04   2.1139921e-03   6.0098931e-05   2.3641250e-03   1.0112642e-06   2.5733198e-11   4.2928272e-07
   1.0000000e+00  -7.1017100e-02  -2.2624059e-01   3.9492383e-02  -8.4731484e-04  -3.9607231e-04  -1.5408765e-03   5.0434285e-03   5.1184805e-02   1.5596483e-03   7.1794244e-07   1.5687327e-07   2.3743004e-06  -1.5361270e-02  -2.9010000e-05   2.4570240e-02  -9.4911793e-04  -4.9912930e-05   6.1214400e-05   2.3596862e-04   8.4158010e-10   6.0369669e-04   9.0082485e-07   2.4913006e-09   3.7472028e-09
   1.0000000e+00  -8.1866893e-02  -2.2301933e-01   5.6277824e-03   7.4250792e-04  -3.4256713e-04  -1.9327905e-03   6.7021882e-03   4.9737622e-02   3.1671935e-05   5.5131801e-07   1.1735224e-07   3.7356791e-06  -1.0849793e-02   3.2212600e-03  -3.3864601e-02   1.5898228e-03   5.3505180e-05  -3.9191400e-04   1.1771801e-04   1.0376516e-05   1.1468112e-03   2.5275364e-06   2.8628043e-09   1.5359658e-07
   1.0000000e+00  -1.1612763e-01  -2.1851582e-01   5.8340898e-02   4.7303574e-04   2.2643933e-04  -2.0361557e-03   1.3485626e-02   4.7749164e-02   3.4036604e-03   2.2376281e-07   5.1274770e-08   4.1459300e-06  -3.4260737e-02   4.5035100e-03   5.2713116e-02  -2.6947218e-04   5.6900646e-04  -1.0336520e-04   1.1737981e-03   2.0281602e-05   2.7786726e-03   7.2615256e-08   3.2376835e-07   1.0684365e-08
   1.0000000e+00  -7.6247660e-02  -2.3263640e-01   1.1607241e-01   1.9279701e-04  -5.3406467e-04  -1.6924736e-03   5.8137057e-03   5.4119695e-02   1.3472804e-02   3.7170687e-08   2.8522507e-07   2.8644669e-06   3.9879970e-02  -1.4120580e-02   5.7731512e-02  -2.8023873e-04  -7.6050400e-04   3.4368210e-04   1.5904120e-03   1.9939078e-04   3.3329275e-03   7.8533746e-08   5.7836633e-07   1.1811739e-07
   1.0000000e+00  -8.7351671e-02  -2.4308994e-01   3.0827401e-02   2.2268847e-04  -4.4035797e-04  -1.0897440e-03   7.6303144e-03   5.9092719e-02   9.5032865e-04   4.9590155e-08   1.9391514e-07   1.1875420e-06  -1.1104011e-02  -1.0453540e-02  -8.5245009e-02   2.9891460e-05   9.3706700e-05   6.0272960e-04   1.2329906e-04   1.0927650e-04   7.2667116e-03   8.9349938e-10   8.7809456e-09   3.6328297e-07
   1.0000000e+00  -6.5011387e-02  -2.2373343e-01   1.7178800e-01  -2.3789350e-04  -1.3312587e-03  -1.0304942e-03   4.2264804e-03   5.0056648e-02   2.9511117e-02   5.6593317e-08   1.7722497e-06   1.0619183e-06   2.2340284e-02   1.9356510e-02   1.4096060e-01  -4.6058197e-04  -8.9090073e-04   5.9249800e-05   4.9908829e-04   3.7467448e-04   1.9869890e-02   2.1213575e-07   7.9370411e-07   3.5105388e-09
   1.0000000e+00  -7.5446718e-02  -2.6540670e-01  -4.2118730e-02   5.1119422e-04  -8.5204489e-04  -7.2937648e-04   5.6922073e-03   7.0440716e-02   1.7739874e-03   2.6131953e-07   7.2598049e-07   5.3199005e-07  -1.0435331e-02  -4.1673270e-02  -2.1390673e-01   7.4908772e-04   4.7921381e-04   3.0111772e-04   1.0889613e-04   1.7366614e-03   4.5756089e-02   5.6113241e-07   2.2964588e-07   9.0671881e-08
   1.0000000e+00  -6.5580797e-02  -2.4915157e-01   1.9892081e-01  -7.2894845e-04  -1.2766191e-03  -8.2240868e-04   4.3008409e-03   6.2076505e-02   3.9569489e-02   5.3136584e-07   1.6297563e-06   6.7635604e-07   9.8659210e-03   1.6255130e-02   2.4103954e-01  -1.2401427e-03  -4.2457421e-04  -9.3032200e-05   9.7336397e-05   2.6422925e-04   5.8100060e-02   1.5379538e-06   1.8026326e-07   8.6549902e-09
   1.0000000e+00  -7.3494254e-02  -2.7634121e-01  -4.1880435e-02  -2.4449643e-04  -6.4367132e-04  -1.2408863e-03   5.4014054e-03   7.6364464e-02   1.7539708e-03   5.9778504e-08   4.1431277e-07   1.5397988e-06  -7.9134570e-03  -2.7189640e-02  -2.4080124e-01   4.8445202e-04   6.3294778e-04  -4.1847762e-04   6.2622802e-05   7.3927652e-04   5.7985240e-02   2.3469376e-07   4.0062289e-07   1.7512352e-07
   1.0000000e+00  -6.7277621e-02  -2.7925573e-01   1.2924888e-01  -4.6232392e-04  -1.1337530e-03  -8.7063483e-04   4.5262783e-03   7.7983763e-02   1.6705273e-02   2.1374341e-07   1.2853959e-06   7.5800501e-07   6.2166330e-03  -2.9145200e-03   1.7112932e-01  -2.1782749e-04  -4.9008168e-04   3.7025147e-04   3.8646526e-05   8.4944268e-06   2.9285242e-02   4.7448815e-08   2.4018005e-07   1.3708615e-07
   1.0000000e+00  -7.9576838e-02  -2.8512346e-01  -4.0720243e-02   1.0287492e-05  -8.7089409e-04  -1.1414386e-03   6.3324731e-03   8.1295387e-02   1.6581382e-03   1.0583249e-10   7.5845652e-07   1.3028821e-06  -1.2299217e-02  -5.8677300e-03  -1.6996912e-01   4.7261141e-04   2.6285891e-04  -2.7080377e-04   1.5127074e-04   3.4430255e-05   2.8889503e-02   2.2336155e-07   6.9094807e-08   7.3334682e-08
   1.0000000e+00  -1.3891017e-01  -3.0454369e-01  -2.8975359e-02   5.6559539e-04  -3.1098535e-04  -1.0031874e-03   1.9296035e-02   9.2746859e-02   8.3957143e-04   3.1989815e-07   9.6711888e-08   1.0063850e-06  -5.9333332e-02  -1.9420230e-02   1.1744884e-02   5.5530790e-04   5.5990874e-04   1.3825120e-04   3.5204443e-03   3.7714533e-04   1.3794230e-04   3.0836686e-07   3.1349780e-07   1.9113394e-08
   1.0000000e+00  -9.3202712e-02  -2.8168035e-01   5.1653668e-02  -6.4111225e-04  -5.8595640e-04  -1.3575741e-03   8.6867455e-03   7.9343820e-02   2.6681014e-03   4.1102492e-07   3.4334490e-07   1.8430074e-06   4.5707458e-02   2.2863340e-02   8.0629027e-02  -1.2067076e-03  -2.7497105e-04  -3.5438670e-04   2.0891717e-03   5.2273232e-04   6.5010400e-03   1.4561433e-06   7.5609078e-08   1.2558993e-07
   1.0000000e+00  -8.5929088e-02  -3.2746376e-01   6.9034401e-02   1.1518474e-04  -5.1759733e-04  -9.3749030e-04   7.3838082e-03   1.0723251e-01   4.7657485e-03   1.3267524e-08   2.6790700e-07   8.7888806e-07   7.2736240e-03  -4.5783410e-02   1.7380733e-02   7.5629699e-04   6.8359070e-05   4.2008380e-04   5.2905606e-05   2.0961206e-03   3.0208988e-04   5.7198514e-07   4.6729625e-09   1.7647040e-07
   1.0000000e+00  -1.0773619e-01  -2.7832996e-01   4.9764149e-02  -4.6779169e-04  -3.9759303e-04  -1.1991583e-03   1.1607087e-02   7.7467567e-02   2.4764705e-03   2.1882907e-07   1.5808022e-07   1.4379806e-06  -2.1807102e-02   4.9133800e-02  -1.9270252e-02  -5.8297643e-04   1.2000430e-04  -2.6166800e-04   4.7554970e-04   2.4141303e-03   3.7134261e-04   3.3986152e-07   1.4401032e-08   6.8470142e-08
   1.0000000e+00  -1.1972155e-01  -2.9693673e-01   2.2133987e-02   1.2322303e-03  -3.4122182e-04  -1.1920406e-03   1.4333250e-02   8.8171422e-02   4.8991338e-04   1.5183915e-06   1.1643233e-07   1.4209608e-06  -1.1985360e-02  -1.8606770e-02  -2.7630162e-02   1.7000220e-03   5.6371210e-05   7.1177000e-06   1.4364885e-04   3.4621189e-04   7.6342585e-04   2.8900748e-06   3.1777133e-09   5.0661653e-11
   1.0000000e+00  -1.2973587e-01  -3.2009422e-01  -3.6536061e-02   1.1161451e-03  -2.2632224e-05  -1.5523322e-03   1.6831396e-02   1.0246031e-01   1.3348838e-03   1.2457799e-06   5.1221756e-10   2.4097353e-06  -1.0014320e-02  -2.3157490e-02  -5.8670048e-02  -1.1608520e-04   3.1858960e-04  -3.6029160e-04   1.0028661e-04   5.3626934e-04   3.4421745e-03   1.3475774e-08   1.0149933e-07   1.2981004e-07
   1.0000000e+00  -1.4674691e-01  -2.7843179e-01   5.9991392e-02   9.7988145e-04   8.6594138e-05  -1.9515448e-03   2.1534656e-02   7.7524262e-02   3.5989671e-03   9.6016766e-07   7.4985447e-09   3.8085271e-06  -1.7011040e-02   4.1662430e-02   9.6527453e-02  -1.3626365e-04   1.0922636e-04  -3.9921260e-04   2.8937548e-04   1.7357581e-03   9.3175492e-03   1.8567782e-08   1.1930398e-08   1.5937070e-07
   1.0000000e+00  -1.5241423e-01  -3.0929156e-01   7.5104035e-02   1.3705665e-03  -2.2257541e-04  -1.7657504e-03   2.3230098e-02   9.5661269e-02   5.6406161e-03   1.8784525e-06   4.9539813e-08   3.1178745e-06  -5.6673200e-03  -3.0859770e-02   1.5112643e-02   3.9068505e-04  -3.0916955e-04   1.8579440e-04   3.2118516e-05   9.5232540e-04   2.2839198e-04   1.5263481e-07   9.5585809e-08   3.4519559e-08
   1.0000000e+00  -1.2889899e-01  -3.1113256e-01   9.9061312e-02   9.3616944e-04  -2.5553093e-04  -1.2901658e-03   1.6614950e-02   9.6803470e-02   9.8131435e-03   8.7641322e-07   6.5296056e-08   1.6645278e-06   2.3515240e-02  -1.8410000e-03   2.3957277e-02  -4.3439706e-04  -3.2955520e-05   4.7558460e-04   5.5296651e-04   3.3892810e-06   5.7395112e-04   1.8870081e-07   1.0860663e-09   2.2618071e-07
   1.0000000e+00  -1.3298937e-01  -3.0492854e-01   1.2670297e-01   4.1563876e-04  -7.5556581e-04  -9.0974785e-04   1.7686173e-02   9.2981415e-02   1.6053643e-02   1.7275558e-07   5.7087969e-07   8.2764115e-07  -4.0903800e-03   6.2040200e-03   2.7641658e-02  -5.2053068e-04  -5.0003488e-04   3.8041795e-04   1.6731209e-05   3.8489864e-05   7.6406126e-04   2.7095219e-07   2.5003488e-07   1.4471782e-07
   1.0000000e+00  -1.2869366e-01  -3.0525935e-01   1.0924536e-01   6.8194712e-04  -7.7112278e-04  -9.2030656e-04   1.6562058e-02   9.3183271e-02   1.1934549e-02   4.6505187e-07   5.9463034e-07   8.4696416e-07   4.2957100e-03  -3.3081000e-04  -1.7457610e-02   2.6630836e-04  -1.5556970e-05  -1.0558710e-05   1.8453124e-05   1.0943526e-07   3.0476815e-04   7.0920143e-08   2.4201932e-10   1.1148636e-10
   1.0000000e+00  -1.1253357e-01  -3.0276501e-01   3.1875833e-02   3.3523398e-04  -7.9973226e-04  -1.0875291e-03   1.2663804e-02   9.1666651e-02   1.0160687e-03   1.1238182e-07   6.3957169e-07   1.1827195e-06   1.6160090e-02   2.4943400e-03  -7.7369527e-02  -3.4671314e-04  -2.8609480e-05  -1.6722254e-04   2.6114851e-04   6.2217320e-06   5.9860437e-03   1.2021000e-07   8.1850235e-10   2.7963378e-08
   1.0000000e+00  -1.2116889e-01  -3.0157597e-01   1.0302306e-01  -4.4090256e-04  -5.9895387e-04  -1.1928989e-03   1.4681900e-02   9.0948066e-02   1.0613751e-02   1.9439507e-07   3.5874574e-07   1.4230078e-06  -8.6353200e-03   1.1890400e-03   7.1147227e-02  -7.7613654e-04   2.0077839e-04  -1.0536980e-04   7.4568752e-05   1.4138161e-06   5.0619279e-03   6.0238793e-07   4.0311962e-08   1.1102795e-08
   1.0000000e+00  -1.0117979e-01  -3.1668840e-01   5.5478787e-02   9.1841086e-04  -6.4254692e-04  -1.3633889e-03   1.0237350e-02   1.0029154e-01   3.0778958e-03   8.4347851e-07   4.1286654e-07   1.8588293e-06   1.9989100e-02  -1.5112430e-02  -4.7544273e-02   1.3593134e-03  -4.3593050e-05  -1.7049000e-04   3.9956412e-04   2.2838554e-04   2.2604579e-03   1.8477330e-06   1.9003540e-09   2.9066840e-08
   1.0000000e+00  -1.0832349e-01  -2.9884457e-01   5.4401866e-02   1.0600496e-03  -7.7252046e-04  -8.1883506e-04   1.1733978e-02   8.9308077e-02   2.9595630e-03   1.1237052e-06   5.9678786e-07   6.7049086e-07  -7.1437000e-03   1.7843830e-02  -1.0769210e-03   1.4163874e-04  -1.2997354e-04   5.4455384e-04   5.1032450e-05   3.1840227e-04   1.1597588e-06   2.0061533e-08   1.6893121e-08   2.9653888e-07
   1.0000000e+00  -1.1684077e-01  -3.1332555e-01   4.7662301e-02   1.1903225e-03  -8.2159543e-04  -1.0926608e-03   1.3651766e-02   9.8172900e-02   2.2716949e-03   1.4168677e-06   6.7501905e-07   1.1939076e-06  -8.5172800e-03  -1.4480980e-02  -6.7395650e-03   1.3027290e-04  -4.9074970e-05  -2.7382574e-04   7.2544059e-05   2.0969878e-04   4.5421736e-05   1.6971028e-08   2.4083527e-09   7.4980536e-08
   1.0000000e+00  -1.2798807e-01  -3.0999675e-01   9.8379252e-02   8.2468082e-04  -6.4367449e-04  -1.1882919e-03   1.6380946e-02   9.6097985e-02   9.6784772e-03   6.8009845e-07   4.1431685e-07   1.4120376e-06  -1.1147300e-02   3.3288000e-03   5.0716951e-02  -3.6564168e-04   1.7792094e-04  -9.5631100e-05   1.2426230e-04   1.1080909e-05   2.5722091e-03   1.3369384e-07   3.1655861e-08   9.1453073e-09
   1.0000000e+00  -1.1353543e-01  -3.2948001e-01   5.7820779e-02   9.0761607e-04  -7.5930004e-04  -1.2581818e-03   1.2890294e-02   1.0855708e-01   3.3432425e-03   8.2376693e-07   5.7653655e-07   1.5830214e-06   1.4452640e-02  -1.9483260e-02  -4.0558473e-02   8.2935250e-05  -1.1562555e-04  -6.9889900e-05   2.0887880e-04   3.7959742e-04   1.6449897e-03   6.8782557e-09   1.3369268e-08   4.8845981e-09
   1.0000000e+00  -1.2619451e-01  -3.3797553e-01   7.8206330e-02   5.5931961e-04  -7.7246972e-04  -1.2195294e-03   1.5925054e-02   1.1422746e-01   6.1162301e-03   3.1283843e-07   5.9670947e-07   1.4872520e-06  -1.2659080e-02  -8.4955200e-03   2.0385551e-02  -3.4829646e-04  -1.3169680e-05   3.8652400e-05   1.6025231e-04   7.2173860e-05   4.1557069e-04   1.2131042e-07   1.7344047e-10   1.4940080e-09
   1.0000000e+00  -1.0312498e-01  -3.5416188e-01   4.0281544e-02   4.4963182e-04  -9.3347707e-04  -1.3203336e-03   1.0634762e-02   1.2543064e-01   1.6226028e-03   2.0216877e-07   8.7137944e-07   1.7432808e-06   2.3069530e-02  -1.6186350e-02  -3.7924786e-02  -1.0968779e-04  -1.6100735e-04  -1.0080420e-04   5.3220321e-04   2.6199793e-04   1.4382894e-03   1.2031411e-08   2.5923367e-08   1.0161487e-08
   1.0000000e+00  -1.3238765e-01  -3.4728793e-01   6.4990921e-02  -1.8351373e-04  -6.4414687e-04  -1.5178906e-03   1.7526490e-02   1.2060891e-01   4.2238198e-03   3.3677289e-08   4.1492519e-07   2.3039919e-06  -2.9262670e-02   6.8739500e-03   2.4709377e-02  -6.3314555e-04   2.8933020e-04  -1.9755700e-04   8.5630386e-04   4.7251189e-05   6.1055331e-04   4.0087329e-07   8.3711965e-08   3.9028768e-08
   1.0000000e+00  -1.0987113e-01  -3.1842346e-01   1.8690194e-02   1.0246950e-03  -1.0867559e-03  -1.4018485e-03   1.2071665e-02   1.0139350e-01   3.4932335e-04   1.0499998e-06   1.1810384e-06   1.9651792e-06   2.2516520e-02   2.8864470e-02  -4.6300727e-02   1.2082087e-03  -4.4260903e-04   1.1604210e-04   5.0699367e-04   8.3315763e-04   2.1437573e-03   1.4597683e-06   1.9590275e-07   1.3465769e-08
   1.0000000e+00  -1.4622040e-01  -2.9781494e-01  -1.6469642e-02   3.2568407e-04  -6.0403716e-04  -1.3991499e-03   2.1380405e-02   8.8693738e-02   2.7124911e-04   1.0607011e-07   3.6486089e-07   1.9576204e-06  -3.6349270e-02   2.0608520e-02  -3.5159836e-02  -6.9901093e-04   4.8271874e-04   2.6986000e-06   1.3212694e-03   4.2471110e-04   1.2362141e-03   4.8861628e-07   2.3301738e-07   7.2824420e-12
   1.0000000e+00  -1.2629111e-01  -2.8103557e-01   9.6424912e-02   8.2925757e-04  -9.9740306e-04  -1.4351658e-03   1.5949444e-02   7.8980992e-02   9.2977637e-03   6.8766812e-07   9.9481286e-07   2.0597009e-06   1.9929290e-02   1.6779370e-02   1.1289455e-01   5.0357350e-04  -3.9336590e-04  -3.6015900e-05   3.9717660e-04   2.8154726e-04   1.2745180e-02   2.5358627e-07   1.5473673e-07   1.2971451e-09
   1.0000000e+00  -1.9266743e-01  -3.2486164e-01  -5.8438238e-02   5.5153037e-04  -1.9763439e-04  -1.9421041e-03   3.7120739e-02   1.0553509e-01   3.4150277e-03   3.0418575e-07   3.9059352e-08   3.7717683e-06  -6.6376320e-02  -4.3826070e-02  -1.5486315e-01  -2.7772720e-04   7.9976867e-04  -5.0693830e-04   4.4058159e-03   1.9207244e-03   2.3982595e-02   7.7132398e-08   6.3962993e-07   2.5698644e-07
   1.0000000e+00  -1.5472648e-01  -3.3162251e-01   1.6980573e-01   2.8389689e-04  -9.6533115e-04  -1.8015752e-03   2.3940284e-02   1.0997349e-01   2.8833986e-02   8.0597444e-08   9.3186423e-07   3.2456732e-06   3.7940950e-02  -6.7608700e-03   2.2824397e-01  -2.6763348e-04  -7.6769676e-04   1.4052890e-04   1.4395157e-03   4.5709363e-05   5.2095309e-02   7.1627680e-08   5.8935832e-07   1.9748372e-08
   1.0000000e+00  -2.1202025e-01  -3.4953546e-01  -7.2256095e-02   1.3199776e-04  -4.3982030e-04  -1.9734218e-03   4.4952586e-02   1.2217504e-01   5.2209433e-03   1.7423409e-08   1.9344190e-07   3.8943936e-06  -5.7293770e-02  -1.7912950e-02  -2.4206183e-01  -1.5189913e-04   5.2551085e-04  -1.7184660e-04   3.2825761e-03   3.2087378e-04   5.8593927e-02   2.3073346e-08   2.7616165e-07   2.9531254e-08
   1.0000000e+00  -1.7941610e-01  -3.4135218e-01   1.4901003e-01  -2.4597709e-04  -9.0958955e-04  -1.7936526e-03   3.2190137e-02   1.1652131e-01   2.2203989e-02   6.0504729e-08   8.2735315e-07   3.2171896e-06   3.2604150e-02   8.1832800e-03   2.2126612e-01  -3.7797485e-04  -4.6976925e-04   1.7976920e-04   1.0630306e-03   6.6966072e-05   4.8958698e-02   1.4286499e-07   2.2068315e-07   3.2316965e-08
   1.0000000e+00  -1.7771616e-01  -3.5434610e-01  -8.9031922e-02   9.4498789e-05  -3.4651065e-04  -2.0130769e-03   3.1583034e-02   1.2556116e-01   7.9266831e-03   8.9300211e-09   1.2006963e-07   4.0524786e-06   1.6999400e-03  -1.2993920e-02  -2.3804195e-01   3.4047588e-04   5.6307890e-04  -2.1942430e-04   2.8897960e-06   1.6884196e-04   5.6663971e-02   1.1592382e-07   3.1705785e-07   4.8147023e-08
   1.0000000e+00  -1.3755246e-01  -3.3585590e-01   6.8205717e-02  -6.9474588e-04  -9.2747806e-04  -1.0771322e-03   1.8920679e-02   1.1279919e-01   4.6520198e-03   4.8267184e-07   8.6021555e-07   1.1602138e-06   4.0163700e-02   1.8490200e-02   1.5723764e-01  -7.8924467e-04  -5.8096741e-04   9.3594470e-04   1.6131228e-03   3.4188750e-04   2.4723675e-02   6.2290715e-07   3.3752313e-07   8.7599248e-07
   1.0000000e+00  -1.2712209e-01  -3.5837215e-01  -1.1300470e-01   9.9284182e-04  -5.9641888e-04  -6.7996831e-04   1.6160026e-02   1.2843060e-01   1.2770062e-02   9.8573488e-07   3.5571548e-07   4.6235690e-07   1.0430370e-02  -2.2516250e-02  -1.8121042e-01   1.6875877e-03   3.3105918e-04   3.9716389e-04   1.0879262e-04   5.0698151e-04   3.2837215e-02   2.8479522e-06   1.0960018e-07   1.5773916e-07
   1.0000000e+00  -1.0675157e-01  -3.3109749e-01   4.7759700e-02   3.7929480e-06  -7.8851686e-04  -2.8757502e-04   1.1395898e-02   1.0962555e-01   2.2809889e-03   1.4386455e-11   6.2175884e-07   8.2699392e-08   2.0370520e-02   2.7274660e-02   1.6076440e-01  -9.8904887e-04  -1.9209798e-04   3.9239329e-04   4.1495809e-04   7.4390708e-04   2.5845192e-02   9.7821767e-07   3.6901634e-08   1.5397249e-07
   1.0000000e+00  -1.5113332e-01  -3.6914268e-01  -1.1601282e-01   1.3059996e-03  -7.1061346e-04  -6.4070482e-04   2.2841280e-02   1.3626632e-01   1.3458974e-02   1.7056350e-06   5.0497149e-07   4.1050267e-07  -4.4381750e-02  -3.8045190e-02  -1.6377252e-01   1.3022067e-03   7.7903400e-05  -3.5312980e-04   1.9697397e-03   1.4474365e-03   2.6821438e-02   1.6957422e-06   6.0689397e-09   1.2470066e-07
   1.0000000e+00  -1.2305790e-01  -3.7930297e-01   1.1722561e-01   3.9020681e-04  -1.0440889e-03  -5.0714552e-04   1.5143247e-02   1.4387074e-01   1.3741844e-02   1.5226135e-07   1.0901216e-06   2.5719658e-07   2.8075420e-02  -1.0160290e-02   2.3323843e-01  -9.1579279e-04  -3.3347544e-04   1.3355930e-04   7.8822921e-04   1.0323149e-04   5.4400165e-02   8.3867643e-07   1.1120587e-07   1.7838087e-08
   1.0000000e+00  -1.4966698e-01  -4.0036082e-01   7.6125221e-03   6.8447829e-04  -6.5455136e-04  -9.7379237e-04   2.2400205e-02   1.6028879e-01   5.7950493e-05   4.6851053e-07   4.2843748e-07   9.4827158e-07  -2.6609080e-02  -2.1057850e-02  -1.0961309e-01   2.9427148e-04   3.8953754e-04  -4.6664685e-04   7.0804314e-04   4.4343305e-04   1.2015029e-02   8.6595704e-08   1.5173950e-07   2.1775928e-07
   1.0000000e+00  -1.1833125e-01  -3.9164344e-01   1.5015527e-01  -4.3082239e-04  -1.0890900e-03  -4.9384808e-04   1.4002285e-02   1.5338458e-01   2.2546605e-02   1.8560793e-07   1.1861170e-06   2.4388593e-07   3.1335730e-02   8.7173800e-03   1.4254275e-01  -1.1153007e-03  -4.3453864e-04   4.7994429e-04   9.8192797e-04   7.5992714e-05   2.0318435e-02   1.2438956e-06   1.8882383e-07   2.3034652e-07
   1.0000000e+00  -1.3770416e-01  -4.0257079e-01   1.7839060e-02   9.7754819e-04  -4.3011197e-04  -1.0033596e-03   1.8962436e-02   1.6206324e-01   3.1823206e-04   9.5560046e-07   1.8499631e-07   1.0067305e-06  -1.9372910e-02  -1.0927350e-02  -1.3231621e-01   1.4083706e-03   6.5897803e-04  -5.0951152e-04   3.7530964e-04   1.1940698e-04   1.7507579e-02   1.9835077e-06   4.3425204e-07   2.5960199e-07
   1.0000000e+00  -1.4673775e-01  -3.9724624e-01   8.0489079e-02   7.3286487e-04  -2.4857766e-04  -1.1873033e-03   2.1531967e-02   1.5780458e-01   6.4784918e-03   5.3709092e-07   6.1790853e-08   1.4096891e-06  -9.0335900e-03   5.3245500e-03   6.2650019e-02  -2.4468332e-04   1.8153431e-04  -1.8394370e-04   8.1605748e-05   2.8350833e-05   3.9250249e-03   5.9869927e-08   3.2954706e-08   3.3835285e-08
   1.0000000e+00  -1.6455229e-01  -3.8965229e-01  -8.1121074e-02   9.2744739e-04  -6.4733975e-04  -9.5987853e-04   2.7077456e-02   1.5182891e-01   6.5806286e-03   8.6015866e-07   4.1904875e-07   9.2136679e-07  -1.7814540e-02   7.5939500e-03  -1.6161015e-01   1.9458252e-04  -3.9876209e-04   2.2742477e-04   3.1735784e-04   5.7668077e-05   2.6117842e-02   3.7862357e-08   1.5901120e-07   5.1722026e-08
   1.0000000e+00  -2.1294078e-01  -3.6486883e-01   5.4314432e-03   5.6999087e-04  -3.1921242e-04  -1.1305743e-03   4.5343776e-02   1.3312926e-01   2.9500575e-05   3.2488959e-07   1.0189657e-07   1.2781982e-06  -4.8388490e-02   2.4783460e-02   8.6552517e-02  -3.5745652e-04   3.2812733e-04  -1.7069577e-04   2.3414460e-03   6.1421989e-04   7.4913382e-03   1.2777516e-07   1.0766754e-07   2.9137046e-08
   1.0000000e+00  -1.5600344e-01  -3.7388876e-01   4.4169044e-02   1.4138249e-03  -9.7394641e-04  -8.8347678e-04   2.4337073e-02   1.3979280e-01   1.9509044e-03   1.9989008e-06   9.4857161e-07   7.8053122e-07   5.6937340e-02  -9.0199300e-03   3.8737601e-02   8.4383403e-04  -6.5473399e-04   2.4709752e-04   3.2418607e-03   8.1359137e-05   1.5006017e-03   7.1205587e-07   4.2867660e-07   6.1057184e-08
   1.0000000e+00  -1.6583349e-01  -3.7139416e-01   1.5721442e-02   9.9852037e-04  -5.7549248e-04  -7.7233262e-04   2.7500746e-02   1.3793362e-01   2.4716374e-04   9.9704293e-07   3.3119159e-07   5.9649768e-07  -9.8300500e-03   2.4946000e-03  -2.8447602e-02  -4.1530453e-04   3.9845393e-04   1.1114416e-04   9.6629883e-05   6.2230292e-06   8.0926606e-04   1.7247785e-07   1.5876553e-07   1.2353024e-08
   1.0000000e+00  -1.6025459e-01  -3.6600083e-01   6.9166656e-02   2.9015010e-04  -4.5915704e-04  -1.2334118e-03   2.5681534e-02   1.3395661e-01   4.7840263e-03   8.4187081e-08   2.1082519e-07   1.5213047e-06   5.5789000e-03   5.3933300e-03   5.3445214e-02  -7.0837027e-04   1.1633544e-04  -4.6107918e-04   3.1124125e-05   2.9088008e-05   2.8563909e-03   5.0178844e-07   1.3533935e-08   2.1259401e-07
   1.0000000e+00  -2.3750008e-01  -3.8559604e-01  -1.1179571e-01   1.0979328e-03   2.6898232e-04  -1.7678155e-03   5.6406288e-02   1.4868431e-01   1.2498281e-02   1.2054564e-06   7.2351488e-08   3.1251716e-06  -7.7245490e-02  -1.9595210e-02  -1.8096237e-01   8.0778270e-04   7.2813936e-04  -5.3440370e-04   5.9668657e-03   3.8397225e-04   3.2747378e-02   6.5251289e-07   5.3018693e-07   2.8558731e-07
   1.0000000e+00  -2.0429666e-01  -3.9786701e-01   1.1575095e-01   1.2863809e-03  -2.3019279e-04  -2.0884060e-03   4.1737125e-02   1.5829816e-01   1.3398282e-02   1.6547758e-06   5.2988721e-08   4.3614396e-06   3.3203420e-02  -1.2270970e-02   2.2754666e-01   1.8844810e-04  -4.9917511e-04  -3.2059050e-04   1.1024671e-03   1.5057670e-04   5.1777482e-02   3.5512686e-08   2.4917579e-07   1.0277827e-07
   1.0000000e+00  -1.9035801e-01  -4.0714674e-01  -1.5785984e-01   1.3541754e-03   5.8765450e-05  -1.6587071e-03   3.6236172e-02   1.6576847e-01   2.4919729e-02   1.8337910e-06   3.4533781e-09   2.7513092e-06   1.3938650e-02  -9.2797300e-03  -2.7361079e-01   6.7794500e-05   2.8895824e-04   4.2969890e-04   1.9428596e-04   8.6113389e-05   7.4862864e-02   4.5960942e-09   8.3496864e-08   1.8464114e-07
   1.0000000e+00  -1.6070797e-01  -3.9253289e-01   1.0531962e-01   2.7024228e-04  -8.0049260e-04  -1.0671491e-03   2.5827052e-02   1.5408207e-01   1.1092222e-02   7.3030890e-08   6.4078840e-07   1.1388072e-06   2.9650040e-02   1.4613850e-02   2.6317946e-01  -1.0839331e-03  -8.5925805e-04   5.9155800e-04   8.7912487e-04   2.1356461e-04   6.9263428e-02   1.1749110e-06   7.3832440e-07   3.4994087e-07
   1.0000000e+00  -1.7803824e-01  -3.9953551e-01  -8.4637725e-02   1.1790319e-03  -5.7414554e-04  -1.2948203e-03   3.1697615e-02   1.5962862e-01   7.1635445e-03   1.3901162e-06   3.2964310e-07   1.6765596e-06  -1.7330270e-02  -7.0026200e-03  -1.8995734e-01   9.0878962e-04   2.2634706e-04  -2.2767120e-04   3.0033826e-04   4.9036687e-05   3.6083793e-02   8.2589857e-07   5.1232992e-08   5.1834175e-08
   1.0000000e+00  -1.6736604e-01  -3.9276196e-01   5.5122359e-02   4.2668154e-04  -8.2673525e-04  -9.7713349e-04   2.8011391e-02   1.5426196e-01   3.0384745e-03   1.8205714e-07   6.8349117e-07   9.5478986e-07   1.0672200e-02   6.7735500e-03   1.3976008e-01  -7.5235036e-04  -2.5258971e-04   3.1768681e-04   1.1389585e-04   4.5880980e-05   1.9532881e-02   5.6603106e-07   6.3801562e-08   1.0092491e-07
   1.0000000e+00  -1.3197538e-01  -3.9768811e-01   3.4054408e-02   1.0380093e-03  -1.1652975e-03  -1.0887901e-03   1.7417501e-02   1.5815583e-01   1.1597027e-03   1.0774633e-06   1.3579183e-06   1.1854639e-06   3.5390660e-02  -4.9261500e-03  -2.1067951e-02   6.1132776e-04  -3.3856225e-04  -1.1165661e-04   1.2524988e-03   2.4266954e-05   4.4385856e-04   3.7372163e-07   1.1462440e-07   1.2467199e-08
   1.0000000e+00  -1.7266189e-01  -4.0738152e-01  -7.0462459e-02   8.9620378e-04  -6.2720239e-04  -9.7586895e-04   2.9812128e-02   1.6595970e-01   4.9649581e-03   8.0318122e-07   3.9338284e-07   9.5232021e-07  -4.0686510e-02  -9.6934100e-03  -1.0451687e-01  -1.4180552e-04   5.3809511e-04   1.1292115e-04   1.6553921e-03   9.3962197e-05   1.0923775e-02   2.0108806e-08   2.8954635e-07   1.2751186e-08
   1.0000000e+00  -1.6432269e-01  -3.8129918e-01   6.2917536e-02   2.0241696e-04  -6.1875962e-04  -1.1500992e-03   2.7001946e-02   1.4538906e-01   3.9586163e-03   4.0972626e-08   3.8286347e-07   1.3227282e-06   8.3392000e-03   2.6082340e-02   1.3338000e-01  -6.9378682e-04   8.4427700e-06  -1.7423025e-04   6.9542257e-05   6.8028846e-04   1.7790223e-02   4.8134015e-07   7.1280365e-11   3.0356180e-08
   1.0000000e+00  -1.7529717e-01  -4.0477161e-01  -9.9773294e-02   8.0991229e-04   8.0221493e-05  -1.4021987e-03   3.0729098e-02   1.6384006e-01   9.9547102e-03   6.5595792e-07   6.4354879e-09   1.9661612e-06  -1.0974480e-02  -2.3472430e-02  -1.6269083e-01   6.0749533e-04   6.9898111e-04  -2.5209950e-04   1.2043921e-04   5.5095497e-04   2.6468306e-02   3.6905058e-07   4.8857460e-07   6.3554158e-08
   1.0000000e+00  -1.5814092e-01  -3.8956197e-01  -2.5366452e-02   6.3762316e-04  -2.3569964e-04  -1.1819498e-03   2.5008551e-02   1.5175853e-01   6.4345689e-04   4.0656329e-07   5.5554320e-08   1.3970053e-06   1.7156250e-02   1.5209640e-02   7.4406842e-02  -1.7228913e-04  -3.1592113e-04   2.2024890e-04   2.9433691e-04   2.3133315e-04   5.5363781e-03   2.9683544e-08   9.9806162e-08   4.8509578e-08
   1.0000000e+00  -1.6661117e-01  -4.0124629e-01  -5.0171809e-02   1.8235202e-03  -5.8878992e-05  -1.3385444e-03   2.7759282e-02   1.6099859e-01   2.5172104e-03   3.3252259e-06   3.4667357e-09   1.7917011e-06  -8.4702500e-03  -1.1684320e-02  -2.4805357e-02   1.1858970e-03   1.7682065e-04  -1.5659460e-04   7.1745135e-05   1.3652333e-04   6.1530574e-04   1.4063518e-06   3.1265542e-08   2.4521869e-08
   1.0000000e+00  -1.3544357e-01  -4.4110798e-01  -1.5594795e-02   1.0177125e-03  -2.2546051e-04  -1.0808270e-03   1.8344961e-02   1.9457625e-01   2.4319763e-04   1.0357387e-06   5.0832442e-08   1.1681870e-06   3.1167600e-02  -3.9861690e-02   3.4577014e-02  -8.0580770e-04  -1.6658152e-04   2.5771740e-04   9.7141929e-04   1.5889543e-03   1.1955699e-03   6.4932605e-07   2.7749402e-08   6.6418258e-08
   1.0000000e+00  -1.2182272e-01  -4.1410251e-01  -3.5277710e-02   2.1655287e-03  -5.2227474e-04  -8.1953381e-04   1.4840775e-02   1.7148089e-01   1.2445168e-03   4.6895146e-06   2.7277090e-07   6.7163567e-07   1.3620850e-02   2.7005470e-02  -1.9682915e-02   1.1478162e-03  -2.9681423e-04   2.6129319e-04   1.8552755e-04   7.2929541e-04   3.8741714e-04   1.3174820e-06   8.8098687e-08   6.8274131e-08
   1.0000000e+00  -1.2779181e-01  -4.2170580e-01  -3.6110571e-03   8.6710330e-04  -2.9265963e-04  -1.1748407e-03   1.6330747e-02   1.7783578e-01   1.3039733e-05   7.5186813e-07   8.5649659e-08   1.3802507e-06  -5.9690900e-03  -7.6032900e-03   3.1666653e-02  -1.2984254e-03   2.2961511e-04  -3.5530689e-04   3.5630035e-05   5.7810019e-05   1.0027769e-03   1.6859085e-06   5.2723099e-08   1.2624299e-07
   1.0000000e+00  -1.3764839e-01  -4.1641764e-01  -2.9861833e-02   1.6875355e-03  -2.8116477e-04  -1.1042646e-03   1.8947079e-02   1.7340365e-01   8.9172907e-04   2.8477761e-06   7.9053628e-08   1.2194003e-06  -9.8565800e-03   5.2881600e-03  -2.6250776e-02   8.2043220e-04   1.1494860e-05   7.0576100e-05   9.7152169e-05   2.7964636e-05   6.8910324e-04   6.7310899e-07   1.3213181e-10   4.9809859e-09
   1.0000000e+00  -1.1961423e-01  -4.4030782e-01  -5.5290208e-03   1.0311844e-03  -3.9415638e-04  -1.0823700e-03   1.4307564e-02   1.9387098e-01   3.0570071e-05   1.0633413e-06   1.5535925e-07   1.1715248e-06   1.8034160e-02  -2.3890180e-02   2.4332812e-02  -6.5635110e-04  -1.1299161e-04   2.1894600e-05   3.2523093e-04   5.7074070e-04   5.9208575e-04   4.3079677e-07   1.2767104e-08   4.7937351e-10
   1.0000000e+00  -1.1541769e-01  -4.2334866e-01  -1.9159516e-02   1.3723845e-03  -5.8592151e-04  -6.3585323e-04   1.3321243e-02   1.7922409e-01   3.6708705e-04   1.8834392e-06   3.4330402e-07   4.0430933e-07   4.1965400e-03   1.6959160e-02  -1.3630495e-02   3.4120010e-04  -1.9176513e-04   4.4651677e-04   1.7610948e-05   2.8761311e-04   1.8579040e-04   1.1641751e-07   3.6773865e-08   1.9937723e-07
   1.0000000e+00  -1.3454228e-01  -4.4643146e-01   8.6125755e-02   8.3000111e-04  -8.9946759e-04  -1.1015659e-03   1.8101625e-02   1.9930105e-01   7.4176457e-03   6.8890184e-07   8.0904195e-07   1.2134474e-06  -1.9124590e-02  -2.3082800e-02   1.0528527e-01  -5.4238339e-04  -3.1354608e-04  -4.6571267e-04   3.6574994e-04   5.3281566e-04   1.1084988e-02   2.9417974e-07   9.8311144e-08   2.1688829e-07
   1.0000000e+00  -1.6356065e-01  -4.4857277e-01  -2.5829500e-02   1.2406548e-03  -6.0960281e-04  -7.9442688e-04   2.6752086e-02   2.0121753e-01   6.6716307e-04   1.5392243e-06   3.7161559e-07   6.3111407e-07  -2.9018370e-02  -2.1413100e-03  -1.1195526e-01   4.1065369e-04   2.8986478e-04   3.0713902e-04   8.4206580e-04   4.5852085e-06   1.2533979e-02   1.6863645e-07   8.4021591e-08   9.4334378e-08
   1.0000000e+00  -1.4652312e-01  -4.7139734e-01   5.7225644e-02   9.9356315e-04  -9.8762568e-04  -8.3026712e-04   2.1469025e-02   2.2221545e-01   3.2747743e-03   9.8716773e-07   9.7540448e-07   6.8934349e-07   1.7037530e-02  -2.2824570e-02   8.3055144e-02  -2.4709165e-04  -3.7802287e-04  -3.5840240e-05   2.9027743e-04   5.2096100e-04   6.8981569e-03   6.1054283e-08   1.4290129e-07   1.2845228e-09
   1.0000000e+00  -1.7088625e-01  -4.7536069e-01  -7.0976777e-02   8.1987369e-04  -5.9309915e-04  -7.3919461e-04   2.9202110e-02   2.2596779e-01   5.0377029e-03   6.7219287e-07   3.5176660e-07   5.4640867e-07  -2.4363130e-02  -3.9633500e-03  -1.2820242e-01  -1.7368946e-04   3.9452653e-04   9.1072510e-05   5.9356210e-04   1.5708143e-05   1.6435861e-02   3.0168029e-08   1.5565118e-07   8.2942021e-09
   1.0000000e+00  -1.7045377e-01  -4.9485650e-01   1.1088584e-01   2.9795204e-04  -1.1745627e-03  -8.3942300e-04   2.9054488e-02   2.4488296e-01   1.2295670e-02   8.8775418e-08   1.3795975e-06   7.0463097e-07   4.3248000e-04  -1.9495810e-02   1.8186262e-01  -5.2192165e-04  -5.8146355e-04  -1.0022839e-04   1.8703895e-07   3.8008661e-04   3.3074011e-02   2.7240221e-07   3.3809986e-07   1.0045730e-08
   1.0000000e+00  -2.1427655e-01  -4.8729279e-01  -1.2603061e-01   5.9493358e-04  -6.8559568e-04  -1.2767889e-03   4.5914440e-02   2.3745426e-01   1.5883715e-02   3.5394596e-07   4.7004144e-07   1.6301899e-06  -4.3822780e-02   7.5637100e-03  -2.3691645e-01   2.9698154e-04   4.8896702e-04  -4.3736590e-04   1.9204360e-03   5.7209709e-05   5.6129404e-02   8.8198035e-08   2.3908875e-07   1.9128893e-07
   1.0000000e+00  -1.9911978e-01  -4.6774638e-01   4.4008400e-02   8.3638847e-04  -8.5274592e-04  -1.2766160e-03   3.9648687e-02   2.1878668e-01   1.9367393e-03   6.9954567e-07   7.2717560e-07   1.6297484e-06   1.5156770e-02   1.9546410e-02   1.7003901e-01   2.4145489e-04  -1.6715024e-04   1.7290000e-07   2.2972768e-04   3.8206214e-04   2.8913265e-02   5.8300464e-08   2.7939203e-08   2.9894410e-14
   1.0000000e+00  -2.8200322e-01  -4.6193157e-01  -1.9390415e-01   1.2107795e-03   6.2517227e-04  -2.5995876e-03   7.9525816e-02   2.1338078e-01   3.7598819e-02   1.4659870e-06   3.9084037e-07   6.7578557e-06  -8.2883440e-02   5.8148100e-03  -2.3791255e-01   3.7439103e-04   1.4779182e-03  -1.3229716e-03   6.8696646e-03   3.3812015e-05   5.6602381e-02   1.4016864e-07   2.1842422e-06   1.7502539e-06
   1.0000000e+00  -2.3265214e-01  -4.2817582e-01   2.8590286e-02   5.7676425e-04  -2.3105617e-04  -1.7797785e-03   5.4127018e-02   1.8333453e-01   8.1740445e-04   3.3265700e-07   5.3386954e-08   3.1676115e-06   4.9351080e-02   3.3755750e-02   2.2249444e-01  -6.3401525e-04  -8.5622844e-04   8.1980910e-04   2.4355291e-03   1.1394507e-03   4.9503774e-02   4.0197534e-07   7.3312714e-07   6.7208696e-07
   1.0000000e+00  -2.4658128e-01  -4.3984071e-01  -2.0187766e-01   1.5053866e-03   1.6394160e-04  -2.1286527e-03   6.0802328e-02   1.9345985e-01   4.0754590e-02   2.2661888e-06   2.6876848e-08   4.5311623e-06  -1.3929140e-02  -1.1664890e-02  -2.3046795e-01   9.2862235e-04   3.9499777e-04  -3.4887420e-04   1.9402094e-04   1.3606966e-04   5.3115474e-02   8.6233947e-07   1.5602324e-07   1.2171321e-07
   1.0000000e+00  -2.1887803e-01  -4.6800935e-01  -2.3007631e-03   7.8271867e-04  -1.2842733e-04  -1.8441525e-03   4.7907592e-02   2.1903275e-01   5.2935108e-06   6.1264852e-07   1.6493579e-08   3.4008984e-06   2.7703250e-02  -2.8168640e-02   1.9957690e-01  -7.2266793e-04  -2.9236893e-04   2.8450020e-04   7.6747006e-04   7.9347228e-04   3.9830938e-02   5.2224894e-07   8.5479591e-08   8.0940364e-08
   1.0000000e+00  -2.5060911e-01  -4.7604246e-01  -1.7771481e-01   1.1688512e-03   1.2677400e-04  -2.2580307e-03   6.2804926e-02   2.2661642e-01   3.1582554e-02   1.3662131e-06   1.6071647e-08   5.0987026e-06  -3.1731080e-02  -8.0331100e-03  -1.7541405e-01   3.8613253e-04   2.5520133e-04  -4.1387820e-04   1.0068614e-03   6.4530856e-05   3.0770088e-02   1.4909833e-07   6.5127719e-08   1.7129516e-07
   1.0000000e+00  -2.2842314e-01  -4.7636667e-01  -2.0508049e-02  -4.2340096e-04  -6.6172120e-05  -1.6706554e-03   5.2177131e-02   2.2692520e-01   4.2058007e-04   1.7926837e-07   4.3787495e-09   2.7910895e-06   2.2185970e-02  -3.2421000e-04   1.5720676e-01  -1.5922522e-03  -1.9294612e-04   5.8737530e-04   4.9221726e-04   1.0511212e-07   2.4713966e-02   2.5352669e-06   3.7228205e-08   3.4500974e-07
   1.0000000e+00  -2.5739911e-01  -4.7870779e-01  -1.6458070e-01   1.2862521e-03   4.8692077e-04  -1.9165550e-03   6.6254302e-02   2.2916115e-01   2.7086807e-02   1.6544445e-06   2.3709184e-07   3.6731831e-06  -2.8975970e-02  -2.3411200e-03  -1.4407265e-01   1.7096531e-03   5.5309289e-04  -2.4589960e-04   8.3960684e-04   5.4808429e-06   2.0756929e-02   2.9229136e-06   3.0591174e-07   6.0466613e-08
   1.0000000e+00  -2.2918767e-01  -4.8178397e-01   5.0113174e-02   1.1329243e-04   8.4438899e-05  -1.4789429e-03   5.2526988e-02   2.3211579e-01   2.5113302e-03   1.2835175e-08   7.1299277e-09   2.1872721e-06   2.8211440e-02  -3.0761800e-03   2.1469387e-01  -1.1729597e-03  -4.0248187e-04   4.3761210e-04   7.9588535e-04   9.4628834e-06   4.6093460e-02   1.3758344e-06   1.6199166e-07   1.9150435e-07
   1.0000000e+00  -1.9571823e-01  -4.7447149e-01  -5.9326542e-03   1.5222873e-03   6.5875779e-04  -1.0025644e-03   3.8305626e-02   2.2512319e-01   3.5196386e-05   2.3173586e-06   4.3396183e-07   1.0051354e-06   3.3469440e-02   7.3124800e-03  -5.6045828e-02   1.4089949e-03   5.7431889e-04   4.7637850e-04   1.1202034e-03   5.3472364e-05   3.1411349e-03   1.9852665e-06   3.2984219e-07   2.2693648e-07
   1.0000000e+00  -2.0109095e-01  -4.9917496e-01  -9.3791808e-02   2.5093848e-03   3.4172951e-04  -1.4493650e-03   4.0437570e-02   2.4917564e-01   8.7969032e-03   6.2970121e-06   1.1677906e-07   2.1006589e-06  -5.3727200e-03  -2.4703470e-02  -8.7859154e-02   9.8709750e-04  -3.1702828e-04  -4.4680060e-04   2.8866120e-05   6.1026143e-04   7.7192309e-03   9.7436147e-07   1.0050693e-07   1.9963078e-07
   1.0000000e+00  -1.8853698e-01  -4.9338709e-01  -9.5981634e-02   2.1691927e-03  -2.6514300e-04  -1.4780965e-03   3.5546193e-02   2.4343082e-01   9.2124741e-03   4.7053970e-06   7.0300810e-08   2.1847693e-06   1.2553970e-02   5.7878700e-03  -2.1898260e-03  -3.4019210e-04  -6.0687251e-04  -2.8731500e-05   1.5760216e-04   3.3499439e-05   4.7953379e-06   1.1573066e-07   3.6829424e-07   8.2549909e-10
   1.0000000e+00  -1.9942386e-01  -5.1816161e-01  -1.2814535e-01   2.3222655e-03   2.2240129e-04  -1.1998539e-03   3.9769876e-02   2.6849145e-01   1.6421231e-02   5.3929171e-06   4.9462334e-08   1.4396494e-06  -1.0886880e-02  -2.4774520e-02  -3.2163716e-02   1.5307280e-04   4.8754429e-04   2.7824260e-04   1.1852416e-04   6.1377684e-04   1.0345046e-03   2.3431282e-08   2.3769943e-07   7.7418944e-08
   1.0000000e+00  -1.6325565e-01  -5.3345067e-01  -3.7301521e-02   1.2840461e-03  -7.2518403e-05  -1.1502180e-03   2.6652407e-02   2.8456962e-01   1.3914035e-03   1.6487744e-06   5.2589188e-09   1.3230014e-06   3.6168210e-02  -1.5289060e-02   9.0843829e-02  -1.0382194e-03  -2.9491969e-04   4.9635900e-05   1.3081394e-03   2.3375536e-04   8.2526013e-03   1.0778995e-06   8.6977625e-08   2.4637226e-09
   1.0000000e+00  -1.5524179e-01  -5.1962921e-01  -1.0887882e-01   2.3056759e-03  -4.3440643e-05  -1.1707253e-03   2.4100013e-02   2.7001452e-01   1.1854597e-02   5.3161414e-06   1.8870895e-09   1.3705977e-06   8.0138600e-03   1.3821460e-02  -7.1577299e-02   1.0216298e-03   2.9077760e-05  -2.0507300e-05   6.4221952e-05   1.9103276e-04   5.1233097e-03   1.0437274e-06   8.4551613e-10   4.2054935e-10
   1.0000000e+00  -1.5050620e-01  -5.3846374e-01  -1.0642274e-01   2.3225898e-03  -1.3615947e-04  -1.3354788e-03   2.2652116e-02   2.8994320e-01   1.1325800e-02   5.3944234e-06   1.8539401e-08   1.7835036e-06   4.7355900e-03  -1.8834530e-02   2.4560800e-03   1.6913900e-05  -9.2718827e-05  -1.6475350e-04   2.2425813e-05   3.5473952e-04   6.0323290e-06   2.8608001e-10   8.5967809e-09   2.7143716e-08
   1.0000000e+00  -1.2540209e-01  -5.5014089e-01  -1.5723973e-01   1.5717578e-03  -1.2635185e-04  -1.0073935e-03   1.5725684e-02   3.0265500e-01   2.4724333e-02   2.4704226e-06   1.5964790e-08   1.0148417e-06   2.5104110e-02  -1.1677150e-02  -5.0816990e-02  -7.5083200e-04   9.8076200e-06   3.2808530e-04   6.3021634e-04   1.3635583e-04   2.5823665e-03   5.6374869e-07   9.6189410e-11   1.0763996e-07
   1.0000000e+00  -1.0877154e-01  -5.4893849e-01  -1.1052516e-01   2.7431887e-03  -3.0144262e-04  -8.7759338e-04   1.1831248e-02   3.0133347e-01   1.2215811e-02   7.5250842e-06   9.0867653e-08   7.7017014e-07   1.6630550e-02   1.2024000e-03   4.6714570e-02   1.1714309e-03  -1.7509077e-04   1.2980012e-04   2.7657519e-04   1.4457658e-06   2.1822511e-03   1.3722504e-06   3.0656778e-08   1.6848071e-08
   1.0000000e+00  -1.0467021e-01  -5.4096044e-01  -1.5907053e-01   1.8453334e-03  -4.2936556e-04  -9.3767438e-04   1.0955853e-02   2.9263820e-01   2.5303434e-02   3.4052554e-06   1.8435478e-07   8.7923324e-07   4.1013300e-03   7.9780500e-03  -4.8545370e-02  -8.9785530e-04  -1.2792294e-04  -6.0081000e-05   1.6820908e-05   6.3649282e-05   2.3566529e-03   8.0614414e-07   1.6364279e-08   3.6097266e-09
   1.0000000e+00  -6.8483611e-02  -5.2110187e-01  -6.5597171e-02   1.5773588e-03  -8.7466625e-04  -5.8097420e-04   4.6900050e-03   2.7154716e-01   4.3029888e-03   2.4880608e-06   7.6504105e-07   3.3753102e-07   3.6186599e-02   1.9858570e-02   9.3473359e-02  -2.6797460e-04  -4.4530069e-04   3.5670018e-04   1.3094699e-03   3.9436280e-04   8.7372688e-03   7.1810386e-08   1.9829270e-07   1.2723502e-07
   1.0000000e+00  -1.3232648e-01  -5.2669313e-01  -1.9092590e-01   2.3380490e-03  -4.2728535e-04  -1.0144470e-03   1.7510297e-02   2.7740565e-01   3.6452699e-02   5.4664731e-06   1.8257277e-07   1.0291027e-06  -6.3842869e-02  -5.5912600e-03  -1.2532873e-01   7.6069020e-04   4.4738090e-04  -4.3347280e-04   4.0759119e-03   3.1262188e-05   1.5707290e-02   5.7864958e-07   2.0014967e-07   1.8789867e-07
   1.0000000e+00  -1.2800877e-01  -5.2897080e-01  -1.0124335e-01   2.4041724e-03  -8.3114155e-04  -8.0404389e-04   1.6386245e-02   2.7981011e-01   1.0250216e-02   5.7800449e-06   6.9079628e-07   6.4648658e-07   4.3177100e-03  -2.2776700e-03   8.9682550e-02   6.6123400e-05  -4.0385620e-04   2.1040311e-04   1.8642620e-05   5.1877806e-06   8.0429598e-03   4.3723040e-09   1.6309983e-07   4.4269469e-08
   1.0000000e+00  -1.1558053e-01  -5.4244818e-01  -9.1699086e-02   1.1454294e-03  -6.2142189e-04  -8.7846488e-04   1.3358859e-02   2.9425003e-01   8.4087224e-03   1.3120085e-06   3.8616517e-07   7.7170055e-07   1.2428240e-02  -1.3477380e-02   9.5442640e-03  -1.2587430e-03   2.0971966e-04  -7.4420990e-05   1.5446115e-04   1.8163977e-04   9.1092975e-05   1.5844339e-06   4.3982336e-08   5.5384838e-09
   1.0000000e+00  -1.2573718e-01  -5.2302374e-01  -7.5596511e-03   9.0163307e-04  -9.3230323e-04  -1.0149956e-03   1.5809838e-02   2.7355383e-01   5.7148325e-05   8.1294219e-07   8.6918931e-07   1.0302161e-06  -1.0156650e-02   1.9424440e-02   8.4139435e-02  -2.4379633e-04  -3.1088134e-04  -1.3653072e-04   1.0315754e-04   3.7730887e-04   7.0794445e-03   5.9436651e-08   9.6647208e-08   1.8640638e-08
   1.0000000e+00  -1.4495763e-01  -5.1651710e-01  -1.2468977e-01   1.3645643e-03  -7.8800638e-04  -1.0908167e-03   2.1012714e-02   2.6678991e-01   1.5547539e-02   1.8620357e-06   6.2095405e-07   1.1898811e-06  -1.9220450e-02   6.5066400e-03  -1.1713012e-01   4.6293123e-04   1.4429685e-04  -7.5821100e-05   3.6942570e-04   4.2336364e-05   1.3719465e-02   2.1430532e-07   2.0821581e-08   5.7488392e-09
   1.0000000e+00  -1.5670548e-01  -4.8209993e-01  -1.0321015e-01   1.7115333e-03  -2.7731902e-04  -1.2614352e-03   2.4556607e-02   2.3242034e-01   1.0652335e-02   2.9293462e-06   7.6905839e-08   1.5912188e-06  -1.1747850e-02   3.4417170e-02   2.1479620e-02   3.4696900e-04   5.1068736e-04  -1.7061850e-04   1.3801198e-04   1.1845416e-03   4.6137408e-04   1.2038749e-07   2.6080158e-07   2.9110673e-08
   1.0000000e+00  -1.6433842e-01  -5.1987474e-01  -9.2804738e-02   9.8819672e-04  -5.6595630e-04  -1.5480835e-03   2.7007116e-02   2.7026975e-01   8.6127194e-03   9.7653276e-07   3.2030653e-07   2.3965625e-06  -7.6329400e-03  -3.7774810e-02   1.0405412e-02  -7.2333658e-04  -2.8863728e-04  -2.8664830e-04   5.8261773e-05   1.4269363e-03   1.0827260e-04   5.2321581e-07   8.3311479e-08   8.2167248e-08
   1.0000000e+00  -1.5756132e-01  -5.3164367e-01  -1.0949795e-01   1.4876971e-03  -4.8328818e-04  -1.1283111e-03   2.4825570e-02   2.8264499e-01   1.1989801e-02   2.2132427e-06   2.3356746e-07   1.2730859e-06   6.7771000e-03  -1.1768930e-02  -1.6693212e-02   4.9950038e-04   8.2668120e-05   4.1977240e-04   4.5929084e-05   1.3850771e-04   2.7866333e-04   2.4950063e-07   6.8340181e-09   1.7620887e-07
