   1.0000000e+00   0.0000000e+00   0.0000000e+00  -2.8421709e-14   3.4694470e-18   3.3736911e-18  -1.1704842e-35   0.0000000e+00   0.0000000e+00   8.0779354e-28   1.2037062e-35   1.1381792e-35   1.3700333e-70   0.0000000e+00   0.0000000e+00   0.0000000e+00   0.0000000e+00   0.0000000e+00   0.0000000e+00   0.0000000e+00   0.0000000e+00   0.0000000e+00   0.0000000e+00   0.0000000e+00   0.0000000e+00
   1.0000000e+00  -9.2558214e-03  -3.0659664e-02  -3.8820747e-02  -1.1725423e-03   4.4256494e-04  -1.6682730e-04   8.5670230e-05   9.4001500e-04   1.5070504e-03   1.3748554e-06   1.9586373e-07   2.7831348e-08  -9.2558214e-03  -3.0659664e-02  -3.8820747e-02  -1.1725423e-03   4.4256494e-04  -1.6682730e-04   8.5670230e-05   9.4001500e-04   1.5070504e-03   1.3748554e-06   1.9586373e-07   2.7831348e-08
   1.0000000e+00  -6.3834744e-02   1.6815361e-02  -1.1160928e-01   3.9326238e-06   1.6159102e-03  -8.1131464e-04   4.0748745e-03   2.8275637e-04   1.2456631e-02   1.5465530e-11   2.6111658e-06   6.5823145e-07  -5.4578923e-02   4.7475025e-02  -7.2788533e-02   1.1764749e-03   1.1733453e-03  -6.4448734e-04   2.9788588e-03   2.2538780e-03   5.2981705e-03   1.3840932e-06   1.3767391e-06   4.1536393e-07
   1.0000000e+00  -1.4602812e-02  -2.1087136e-02  -1.1562184e-01   3.3417419e-04   6.3828836e-04   1.9644524e-04   2.1324212e-04   4.4466730e-04   1.3368410e-02   1.1167239e-07   4.0741203e-07   3.8590732e-08   4.9231932e-02  -3.7902497e-02  -4.0125600e-03   3.3024157e-04  -9.7762184e-04   1.0077599e-03   2.4237831e-03   1.4365993e-03   1.6100638e-05   1.0905949e-07   9.5574446e-07   1.0155800e-06
   1.0000000e+00  -5.4630417e-03   4.1575317e-02  -1.2643214e-01   8.6683708e-04   6.7992862e-04   7.1846250e-04   2.9844825e-05   1.7285070e-03   1.5985086e-02   7.5140652e-07   4.6230293e-07   5.1618836e-07   9.1397703e-03   6.2662453e-02  -1.0810300e-02   5.3266289e-04   4.1640260e-05   5.2201726e-04   8.3535401e-05   3.9265830e-03   1.1686259e-04   2.8372975e-07   1.7339113e-09   2.7250202e-07
   1.0000000e+00  -1.1001266e-02   9.6077873e-03  -1.1101687e-01   8.4733261e-04   2.8908306e-04   9.9375840e-05   1.2102785e-04   9.2309577e-05   1.2324745e-02   7.1797255e-07   8.3569016e-08   9.8755576e-09  -5.5382243e-03  -3.1967530e-02   1.5415270e-02  -1.9504470e-05  -3.9084556e-04  -6.1908666e-04   3.0671928e-05   1.0219230e-03   2.3763055e-04   3.8042435e-10   1.5276025e-07   3.8326829e-07
   1.0000000e+00  -3.1223978e-02   2.1427499e-02  -1.5088146e-01  -1.0108570e-03   1.7003665e-03   1.3477779e-04   9.7493680e-04   4.5913771e-04   2.2765215e-02   1.0218319e-06   2.8912462e-06   1.8165053e-08  -2.0222712e-02   1.1819712e-02  -3.9864590e-02  -1.8581896e-03   1.4112834e-03   3.5401950e-05   4.0895808e-04   1.3970558e-04   1.5891855e-03   3.4528686e-06   1.9917209e-06   1.2532981e-09
   1.0000000e+00  -2.2954226e-03  -8.2922379e-03  -7.3926908e-02   9.0809055e-04   6.4920829e-05   2.4753179e-04   5.2689649e-06   6.8761209e-05   5.4651877e-03   8.2462845e-07   4.2147140e-09   6.1271987e-08   2.8928555e-02  -2.9719737e-02   7.6954552e-02   1.9189476e-03  -1.6354457e-03   1.1275400e-04   8.3686132e-04   8.8326276e-04   5.9220031e-03   3.6823597e-06   2.6746825e-06   1.2713465e-08
   1.0000000e+00  -2.7179577e-04  -1.0002019e-02  -6.3189235e-02  -8.9393737e-04   8.3250788e-04   4.7819931e-04   7.3872941e-08   1.0004038e-04   3.9928794e-03   7.9912402e-07   6.9306937e-07   2.2867458e-07   2.0236268e-03  -1.7097811e-03   1.0737673e-02  -1.8020279e-03   7.6758705e-04   2.3066752e-04   4.0950655e-06   2.9233514e-06   1.1529762e-04   3.2473046e-06   5.8918988e-07   5.3207505e-08
   1.0000000e+00  -2.0508171e-02   9.8500441e-03  -1.3399600e-01   1.4721583e-03   4.6195304e-04   3.8460922e-04   4.2058508e-04   9.7023369e-05   1.7954928e-02   2.1672501e-06   2.1340061e-07   1.4792425e-07  -2.0236375e-02   1.9852063e-02  -7.0806765e-02   2.3660957e-03  -3.7055484e-04  -9.3590090e-05   4.0951088e-04   3.9410441e-04   5.0135980e-03   5.5984087e-06   1.3731089e-07   8.7591049e-09
   1.0000000e+00  -1.0836671e-03  -3.2876069e-02  -4.3496828e-02   8.9454227e-04   6.9978403e-04   2.4317363e-04   1.1743344e-06   1.0808359e-03   1.8919740e-03   8.0020587e-07   4.8969769e-07   5.9133414e-08   1.9424504e-02  -4.2726113e-02   9.0499172e-02  -5.7761603e-04   2.3783099e-04  -1.4143559e-04   3.7731135e-04   1.8255207e-03   8.1901001e-03   3.3364028e-07   5.6563580e-08   2.0004026e-08
   1.0000000e+00  -8.8675442e-03   2.9168579e-02  -1.0931208e-01   2.1927695e-03   6.1560082e-04   5.7196303e-05   7.8633340e-05   8.5080600e-04   1.1949131e-02   4.8082381e-06   3.7896437e-07   3.2714171e-09  -7.7838771e-03   6.2044648e-02  -6.5815252e-02   1.2982272e-03  -8.4183210e-05  -1.8597733e-04   6.0588743e-05   3.8495383e-03   4.3316474e-03   1.6853939e-06   7.0868128e-09   3.4587566e-08
   1.0000000e+00   2.4546789e-03   2.7485601e-02  -1.7545258e-02   8.3795051e-04   3.1439478e-04   9.4658149e-05   6.0254485e-06   7.5545826e-04   3.0783608e-04   7.0216106e-07   9.8844078e-08   8.9601652e-09   1.1322223e-02  -1.6829780e-03   9.1766822e-02  -1.3548190e-03  -3.0120604e-04   3.7461846e-05   1.2819274e-04   2.8324149e-06   8.4211496e-03   1.8355345e-06   9.0725079e-08   1.4033899e-09
   1.0000000e+00  -2.3414939e-02   6.3211482e-02  -7.9808987e-02   6.8059520e-04   1.1792995e-03   7.5621478e-05   5.4825937e-04   3.9956915e-03   6.3694744e-03   4.6320983e-07   1.3907473e-06   5.7186079e-09  -2.5869618e-02   3.5725881e-02  -6.2263729e-02  -1.5735531e-04   8.6490472e-04  -1.9036671e-05   6.6923713e-04   1.2763386e-03   3.8767719e-03   2.4760694e-08   7.4806017e-07   3.6239484e-10
   1.0000000e+00   1.6009614e-02   1.5443673e-02   2.2528732e-02   1.0602842e-03  -2.7815694e-04   2.0444021e-04   2.5630774e-04   2.3850704e-04   5.0754377e-04   1.1242026e-06   7.7371283e-08   4.1795799e-08   3.9424553e-02  -4.7767809e-02   1.0233772e-01   3.7968900e-04  -1.4574564e-03   1.2881873e-04   1.5542954e-03   2.2817636e-03   1.0473009e-02   1.4416374e-07   2.1241793e-06   1.6594266e-08
   1.0000000e+00   1.3121259e-02   5.2250309e-02  -6.2216170e-02   2.7653413e-04   1.6605373e-04   2.3679365e-04   1.7216744e-04   2.7300948e-03   3.8708518e-03   7.6471125e-08   2.7573841e-08   5.6071233e-08  -2.8883550e-03   3.6806636e-02  -8.4744902e-02  -7.8375007e-04   4.4421067e-04   3.2353440e-05   8.3425946e-06   1.3547285e-03   7.1816984e-03   6.1426417e-07   1.9732312e-07   1.0467451e-09
   1.0000000e+00   2.5049994e-02   3.9452246e-03  -8.0482635e-02   1.9503598e-03  -2.4839033e-04   3.7057468e-04   6.2750220e-04   1.5564797e-05   6.4774545e-03   3.8039033e-06   6.1697756e-08   1.3732559e-07   1.1928735e-02  -4.8305084e-02  -1.8266465e-02   1.6738257e-03  -4.1444406e-04   1.3378103e-04   1.4229472e-04   2.3333812e-03   3.3366374e-04   2.8016924e-06   1.7176388e-07   1.7897364e-08
   1.0000000e+00   1.9898515e-02   8.1636820e-03  -1.1707881e-01   1.0330830e-03   2.6056046e-05   3.3615342e-04   3.9595090e-04   6.6645704e-05   1.3707448e-02   1.0672605e-06   6.7891753e-10   1.1299912e-07  -5.1514790e-03   4.2184574e-03  -3.6596175e-02  -9.1727680e-04   2.7444638e-04  -3.4421260e-05   2.6537736e-05   1.7795383e-05   1.3392800e-03   8.4139673e-07   7.5320813e-08   1.1848231e-09
   1.0000000e+00   2.1624878e-02   1.8611979e-02  -8.5703037e-02   2.4916531e-03  -2.4753795e-04   4.3709529e-04   4.6763535e-04   3.4640576e-04   7.3450106e-03   6.2083352e-06   6.1275037e-08   1.9105229e-07   1.7263630e-03   1.0448297e-02   3.1375773e-02   1.4585701e-03  -2.7359400e-04   1.0094187e-04   2.9803292e-06   1.0916691e-04   9.8443913e-04   2.1274267e-06   7.4853675e-08   1.0189261e-08
   1.0000000e+00  -3.3326893e-03   1.3195922e-02  -1.2644401e-01   2.7738656e-03  -1.0695106e-05   4.6685100e-04   1.1106818e-05   1.7413236e-04   1.5988088e-02   7.6943304e-06   1.1438529e-10   2.1794986e-07  -2.4957567e-02  -5.4160570e-03  -4.0740973e-02   2.8221250e-04   2.3684284e-04   2.9755710e-05   6.2288017e-04   2.9333673e-05   1.6598269e-03   7.9643895e-08   5.6094533e-08   8.8540228e-10
   1.0000000e+00   2.3887023e-02   3.1453485e-03  -2.5651700e-02   2.0120306e-03  -3.9301673e-04   5.2568665e-04   5.7058987e-04   9.8932172e-06   6.5800971e-04   4.0482671e-06   1.5446215e-07   2.7634645e-07   2.7219712e-02  -1.0050573e-02   1.0079231e-01  -7.6183500e-04  -3.8232162e-04   5.8835650e-05   7.4091274e-04   1.0101403e-04   1.0159090e-02   5.8039257e-07   1.4616982e-07   3.4616337e-09
   1.0000000e+00  -8.1029547e-02   1.7683659e-02  -2.1581232e-01   1.8345894e-03   1.2470861e-03  -4.5824204e-05   6.5657875e-03   3.1271180e-04   4.6574957e-02   3.3657183e-06   1.5552237e-06   2.0998577e-09  -1.0491657e-01   1.4538311e-02  -1.9016062e-01  -1.7744120e-04   1.6401028e-03  -5.7151085e-04   1.1007487e-02   2.1136247e-04   3.6161061e-02   3.1485379e-08   2.6899373e-06   3.2662466e-07
   1.0000000e+00  -1.3887266e-01   3.3888259e-02  -3.5452543e-01   4.6079351e-04   3.2296119e-03  -4.4998433e-04   1.9285616e-02   1.1484141e-03   1.2568828e-01   2.1233066e-07   1.0430393e-05   2.0248590e-07  -5.7843113e-02   1.6204600e-02  -1.3871311e-01  -1.3737959e-03   1.9825258e-03  -4.0416013e-04   3.3458257e-03   2.6258906e-04   1.9241327e-02   1.8873151e-06   3.9304085e-06   1.6334541e-07
   1.0000000e+00  -1.7258485e-02  -3.5594395e-02  -3.1353218e-02   6.0829403e-04   6.7223564e-04   7.3150714e-04   2.9785530e-04   1.2669610e-03   9.8302428e-04   3.7002163e-07   4.5190076e-07   5.3510270e-07   1.2161418e-01  -6.9482654e-02   3.2317221e-01   1.4750052e-04  -2.5573763e-03   1.1814915e-03   1.4790008e-02   4.8278392e-03   1.0444028e-01   2.1756403e-08   6.5401733e-06   1.3959221e-06
   1.0000000e+00   7.2180107e-02   3.9855266e-02  -1.1729524e-01  -2.7720529e-04  -1.1138694e-03   1.4321336e-03   5.2099678e-03   1.5884422e-03   1.3758173e-02   7.6842773e-08   1.2407050e-06   2.0510066e-06   8.9438592e-02   7.5449661e-02  -8.5942022e-02  -8.8549932e-04  -1.7861050e-03   7.0062646e-04   7.9992617e-03   5.6926513e-03   7.3860311e-03   7.8410905e-07   3.1901712e-06   4.9087744e-07
   1.0000000e+00   9.3544888e-02  -2.8199246e-02  -8.7164410e-02  -1.4624683e-03  -2.1193196e-03   1.9231802e-03   8.7506461e-03   7.9519747e-04   7.5976344e-03   2.1388135e-06   4.4915156e-06   3.6986221e-06   2.1364781e-02  -6.8054512e-02   3.0130830e-02  -1.1852630e-03  -1.0054502e-03   4.9104660e-04   4.5645387e-04   4.6314166e-03   9.0786692e-04   1.4048484e-06   1.0109301e-06   2.4112676e-07
   1.0000000e+00  -3.4194263e-02   3.3260304e-02  -1.9686533e-01   3.3187623e-04  -5.1944946e-04   3.4772942e-04   1.1692476e-03   1.1062478e-03   3.8755958e-02   1.1014183e-07   2.6982774e-07   1.2091575e-07  -1.2773915e-01   6.1459550e-02  -1.0970092e-01   1.7943445e-03   1.5998701e-03  -1.5754508e-03   1.6317291e-02   3.7772763e-03   1.2034292e-02   3.2196723e-06   2.5595845e-06   2.4820452e-06
   1.0000000e+00  -1.5399750e-02  -3.3222758e-02  -9.0590712e-02  -7.7446375e-04  -4.5263620e-04   4.4408809e-04   2.3715230e-04   1.1037516e-03   8.2066771e-03   5.9979410e-07   2.0487953e-07   1.9721423e-07   1.8794513e-02  -6.6483062e-02   1.0627462e-01  -1.1063400e-03   6.6813260e-05   9.6358670e-05   3.5323372e-04   4.4199975e-03   1.1294294e-02   1.2239882e-06   4.4640117e-09   9.2849933e-09
   1.0000000e+00  -5.8183401e-03  -1.5045264e-02  -1.2529149e-01  -2.3754008e-03  -1.3449057e-05   8.8154240e-04   3.3853082e-05   2.2635997e-04   1.5697957e-02   5.6425290e-06   1.8087713e-10   7.7711700e-07   9.5814099e-03   1.8177494e-02  -3.4700778e-02  -1.6009370e-03   4.3918714e-04   4.3745431e-04   9.1803416e-05   3.3042129e-04   1.2041440e-03   2.5629994e-06   1.9288535e-07   1.9136627e-07
   1.0000000e+00  -3.9485621e-02  -2.1880608e-02  -2.0173144e-01  -7.3105153e-04   9.2355442e-04   5.1311910e-04   1.5591143e-03   4.7876101e-04   4.0695574e-02   5.3443634e-07   8.5295277e-07   2.6329121e-07  -3.3667281e-02  -6.8353440e-03  -7.6439950e-02   1.6443493e-03   9.3700348e-04  -3.6842330e-04   1.1334858e-03   4.6721928e-05   5.8430660e-03   2.7038845e-06   8.7797552e-07   1.3573573e-07
   1.0000000e+00  -5.3579916e-02  -5.5812029e-02  -2.6290147e-03  -1.5945221e-03   8.7311304e-04  -3.8497465e-04   2.8708074e-03   3.1149826e-03   6.9117183e-06   2.5425007e-06   7.6232638e-07   1.4820548e-07  -1.4094295e-02  -3.3931421e-02   1.9910243e-01  -8.6347057e-04  -5.0441380e-05  -8.9809375e-04   1.9864915e-04   1.1513413e-03   3.9641776e-02   7.4558143e-07   2.5443328e-09   8.0657238e-07
   1.0000000e+00  -4.8710307e-03  -2.6886598e-02  -1.0427428e-02  -3.2124567e-03  -1.1306383e-03   1.5181165e-04   2.3726940e-05   7.2288915e-04   1.0873125e-04   1.0319878e-05   1.2783430e-06   2.3046777e-08   4.8708885e-02   2.8925431e-02  -7.7984133e-03  -1.6179346e-03  -2.0037513e-03   5.3678630e-04   2.3725555e-03   8.3668056e-04   6.0815250e-05   2.6177124e-06   4.0150194e-06   2.8813953e-07
   1.0000000e+00  -1.4125065e-02   3.1173449e-03  -1.1595594e-01  -1.6087336e-03  -8.4060495e-04   1.5388432e-04   1.9951746e-04   9.7178392e-06   1.3445780e-02   2.5880238e-06   7.0661668e-07   2.3680384e-08  -9.2540343e-03   3.0003943e-02  -1.0552851e-01   1.6037231e-03   2.9003335e-04   2.0726700e-06   8.5637151e-05   9.0023659e-04   1.1136267e-02   2.5719278e-06   8.4119344e-08   4.2959609e-12
   1.0000000e+00  -7.2085197e-03  -2.1360411e-02  -1.0160511e-01  -1.3253213e-03  -1.2568906e-03   1.3438459e-04   5.1962756e-05   4.5626716e-04   1.0323598e-02   1.7564765e-06   1.5797740e-06   1.8059218e-08   6.9165453e-03  -2.4477756e-02   1.4350830e-02   2.8341230e-04  -4.1628565e-04  -1.9499730e-05   4.7838599e-05   5.9916053e-04   2.0594632e-04   8.0322532e-08   1.7329374e-07   3.8023947e-10
   1.0000000e+00  -1.4894124e-02  -2.1723806e-02  -1.1810473e-01  -2.3566153e-03  -1.0000173e-03   2.2469235e-04   2.2183493e-04   4.7192375e-04   1.3948727e-02   5.5536357e-06   1.0000346e-06   5.0486652e-08  -7.6856043e-03  -3.6339500e-04  -1.6499620e-02  -1.0312940e-03   2.5687330e-04   9.0307760e-05   5.9068513e-05   1.3205593e-07   2.7223746e-04   1.0635673e-06   6.5983892e-08   8.1554915e-09
   1.0000000e+00  -5.0027244e-03  -2.2571425e-02  -9.0593578e-02  -3.7724731e-04  -1.6053489e-03   4.2162931e-04   2.5027251e-05   5.0946923e-04   8.2071964e-03   1.4231553e-07   2.5771451e-06   1.7777128e-07   9.8913996e-03  -8.4761900e-04   2.7511152e-02   1.9793680e-03  -6.0533160e-04   1.9693696e-04   9.7839786e-05   7.1845797e-07   7.5686348e-04   3.9178976e-06   3.6642635e-07   3.8784166e-08
   1.0000000e+00   2.2300535e-03  -6.3044594e-02  -3.3854839e-02  -9.3626326e-04  -1.3695065e-03   2.4787596e-04   4.9731386e-06   3.9746208e-03   1.1461501e-03   8.7658889e-07   1.8755481e-06   6.1442492e-08   7.2327779e-03  -4.0473169e-02   5.6738739e-02  -5.5901595e-04   2.3584240e-04  -1.7375335e-04   5.2313076e-05   1.6380774e-03   3.2192845e-03   3.1249883e-07   5.5621638e-08   3.0190227e-08
   1.0000000e+00   6.8716770e-03  -5.9039701e-02  -3.2553801e-02  -1.0016856e-03  -1.4505744e-03   2.4738500e-04   4.7219945e-05   3.4856863e-03   1.0597500e-03   1.0033740e-06   2.1041661e-06   6.1199338e-08   4.6416235e-03   4.0048930e-03   1.3010380e-03  -6.5422340e-05  -8.1067900e-05  -4.9096000e-07   2.1544669e-05   1.6039168e-05   1.6926999e-06   4.2800826e-09   6.5720044e-09   2.4104172e-13
   1.0000000e+00   1.4632975e-03  -6.6336680e-02  -2.6232353e-02   3.5625082e-04  -1.1370451e-03   1.9376418e-04   2.1412396e-06   4.4005551e-03   6.8813634e-04   1.2691465e-07   1.2928716e-06   3.7544557e-08  -5.4083795e-03  -7.2969790e-03   6.3214480e-03   1.3579364e-03   3.1352930e-04  -5.3620820e-05   2.9250569e-05   5.3245903e-05   3.9960705e-05   1.8439913e-06   9.8300622e-08   2.8751923e-09
   1.0000000e+00   1.3930797e-02  -6.1560894e-02   1.4940798e-02  -1.7588978e-03  -1.6955269e-03   3.0852352e-04   1.9406711e-04   3.7897437e-03   2.2322744e-04   3.0937215e-06   2.8748115e-06   9.5186762e-08   1.2467499e-02   4.7757860e-03   4.1173151e-02  -2.1151486e-03  -5.5848180e-04   1.1475934e-04   1.5543854e-04   2.2808132e-05   1.6952284e-03   4.4738537e-06   3.1190192e-07   1.3169706e-08
   1.0000000e+00   1.3353312e-02  -2.9874108e-02  -2.0424319e-02  -5.8869745e-04  -1.6911475e-03   3.6266311e-04   1.7831094e-04   8.9246233e-04   4.1715281e-04   3.4656469e-07   2.8599799e-06   1.3152453e-07  -5.7748500e-04   3.1686786e-02  -3.5365117e-02   1.1702004e-03   4.3794000e-06   5.4139590e-05   3.3348893e-07   1.0040524e-03   1.2506915e-03   1.3693689e-06   1.9179144e-11   2.9310952e-09
   1.0000000e+00   3.0574437e-02  -5.2663883e-02   1.4653861e-02  -1.7395435e-03  -2.0048665e-03   7.5865332e-04   9.3479620e-04   2.7734846e-03   2.1473564e-04   3.0260116e-06   4.0194897e-06   5.7555486e-07   1.7221125e-02  -2.2789775e-02   3.5078180e-02  -1.1508460e-03  -3.1371900e-04   3.9599021e-04   2.9656715e-04   5.1937384e-04   1.2304787e-03   1.3244466e-06   9.8419611e-08   1.5680825e-07
   1.0000000e+00   1.4092451e-02  -8.5583061e-03  -3.8440508e-02  -1.0682678e-03  -1.4404663e-03   6.0074406e-04   1.9859718e-04   7.3244603e-05   1.4776727e-03   1.1411961e-06   2.0749432e-06   3.6089343e-07  -1.6481986e-02   4.4105577e-02  -5.3094369e-02   6.7127570e-04   5.6440020e-04  -1.5790926e-04   2.7165586e-04   1.9453019e-03   2.8190120e-03   4.5061107e-07   3.1854759e-07   2.4935334e-08
   1.0000000e+00  -1.3134697e-02  -6.2767734e-02  -5.7741305e-02  -3.9222943e-05  -1.6538966e-03   1.2660267e-04   1.7252027e-04   3.9397884e-03   3.3340583e-03   1.5384393e-09   2.7353740e-06   1.6028236e-08  -2.7227148e-02  -5.4209428e-02  -1.9300797e-02   1.0290449e-03  -2.1343030e-04  -4.7414139e-04   7.4131759e-04   2.9386621e-03   3.7252076e-04   1.0589333e-06   4.5552493e-08   2.2481006e-07
   1.0000000e+00  -2.4389483e-02  -6.8969373e-02   2.8333044e-02  -1.8851929e-03  -7.1773514e-04  -1.7220707e-05   5.9484688e-04   4.7567744e-03   8.0276138e-04   3.5539523e-06   5.1514373e-07   2.9655275e-10  -1.1254786e-02  -6.2016390e-03   8.6074349e-02  -1.8459700e-03   9.3616146e-04  -1.4382338e-04   1.2667021e-04   3.8460326e-05   7.4087936e-03   3.4076051e-06   8.7639828e-07   2.0685164e-08
   1.0000000e+00  -3.9082174e-02  -2.5476923e-02  -8.4530214e-02  -7.8847111e-04  -7.5938067e-04   2.5950268e-04   1.5274163e-03   6.4907361e-04   7.1453571e-03   6.2168669e-07   5.7665900e-07   6.7341641e-08  -1.4692691e-02   4.3492450e-02  -1.1286326e-01   1.0967218e-03  -4.1645530e-05   2.7672339e-04   2.1587517e-04   1.8915932e-03   1.2738115e-02   1.2027987e-06   1.7343502e-09   7.6575833e-08
   1.0000000e+00  -1.6351982e-03  -4.6354807e-02  -4.8245842e-03  -2.4150905e-03  -1.0035429e-03   7.3692273e-04   2.6738732e-06   2.1487681e-03   2.3276613e-05   5.8326621e-06   1.0070984e-06   5.4305511e-07   3.7446976e-02  -2.0877884e-02   7.9705630e-02  -1.6266194e-03  -2.4416223e-04   4.7742005e-04   1.4022760e-03   4.3588604e-04   6.3529874e-03   2.6458906e-06   5.9615195e-08   2.2792990e-07
   1.0000000e+00  -1.8320658e-02  -1.9225886e-02   5.5125739e-03  -9.6949238e-04  -1.3527904e-03   5.1520452e-04   3.3564651e-04   3.6963469e-04   3.0388471e-05   9.3991547e-07   1.8300419e-06   2.6543570e-07  -1.6685460e-02   2.7128921e-02   1.0337158e-02   1.4455981e-03  -3.4924750e-04  -2.2171821e-04   2.7840457e-04   7.3597835e-04   1.0685684e-04   2.0897539e-06   1.2197382e-07   4.9158965e-08
   1.0000000e+00  -6.7909643e-03  -6.9171688e-02   5.9304206e-03  -2.2747593e-03  -1.2343555e-03   4.0508492e-04   4.6117196e-05   4.7847224e-03   3.5169888e-05   5.1745299e-06   1.5236335e-06   1.6409379e-07   1.1529694e-02  -4.9945802e-02   4.1784670e-04  -1.3052669e-03   1.1843490e-04  -1.1011960e-04   1.3293384e-04   2.4945831e-03   1.7459586e-07   1.7037217e-06   1.4026826e-08   1.2126326e-08
   1.0000000e+00  -1.7120353e-02  -1.2840848e-02  -6.1487215e-02  -6.0980986e-04  -1.1186242e-03   1.8000410e-04   2.9310649e-04   1.6488738e-04   3.7806776e-03   3.7186807e-07   1.2513201e-06   3.2401476e-08  -1.0329389e-02   5.6330840e-02  -6.7417636e-02   1.6649494e-03   1.1573130e-04  -2.2508082e-04   1.0669627e-04   3.1731635e-03   4.5451376e-03   2.7720566e-06   1.3393734e-08   5.0661376e-08
   1.0000000e+00  -5.6031072e-03  -1.4154137e-02  -4.9579832e-02  -1.7805619e-03  -9.2880486e-04   2.9983707e-04   3.1394810e-05   2.0033959e-04   2.4581597e-03   3.1704007e-06   8.6267847e-07   8.9902269e-08   1.1517246e-02  -1.3132890e-03   1.1907383e-02  -1.1707520e-03   1.8981934e-04   1.1983297e-04   1.3264695e-04   1.7247280e-06   1.4178577e-04   1.3706603e-06   3.6031382e-08   1.4359941e-08
   1.0000000e+00   7.5178866e-04   1.0299629e-02  -1.2701990e-01  -8.3469033e-04  -1.6238877e-03   2.7764828e-04   5.6518619e-07   1.0608236e-04   1.6134055e-02   6.9670795e-07   2.6370113e-06   7.7088567e-08   6.3548959e-03   2.4453766e-02  -7.7440068e-02   9.4587157e-04  -6.9508284e-04  -2.2188790e-05   4.0384701e-05   5.9798667e-04   5.9969641e-03   8.9467303e-07   4.8314015e-07   4.9234240e-10
   1.0000000e+00   1.4382254e-02  -4.8333213e-02   5.4270527e-03  -3.0522993e-03  -1.6612251e-03   2.5549912e-04   2.0684923e-04   2.3360995e-03   2.9452901e-05   9.3165310e-06   2.7596688e-06   6.5279800e-08   1.3630465e-02  -5.8632842e-02   1.3244695e-01  -2.2176090e-03  -3.7337400e-05  -2.2149160e-05   1.8578959e-04   3.4378102e-03   1.7542195e-02   4.9177895e-06   1.3940814e-09   4.9058529e-10
   1.0000000e+00  -4.3696191e-02  -5.0674549e-03  -8.0325162e-02  -1.5185392e-03  -8.9813067e-04  -3.0432409e-04   1.9093571e-03   2.5679099e-05   6.4521317e-03   2.3059613e-06   8.0663870e-07   9.2613152e-08  -5.8078445e-02   4.3265758e-02  -8.5752215e-02   1.5337601e-03   7.6309443e-04  -5.5982321e-04   3.3731058e-03   1.8719258e-03   7.3534423e-03   2.3524200e-06   5.8231311e-07   3.1340203e-07
   1.0000000e+00   2.4164028e-02  -1.0652632e-01   8.5918919e-02  -3.0757628e-03  -2.1434466e-03   1.7725553e-04   5.8390025e-04   1.1347857e-02   7.3820606e-03   9.4603168e-06   4.5943633e-06   3.1419523e-08   6.7860219e-02  -1.0145887e-01   1.6624408e-01  -1.5572236e-03  -1.2453159e-03   4.8157962e-04   4.6050093e-03   1.0293901e-02   2.7637094e-02   2.4249453e-06   1.5508118e-06   2.3191893e-07
   1.0000000e+00   8.7109961e-03  -2.2743367e-02  -2.6284708e-02  -1.7848712e-03  -2.0874107e-03  -1.4128250e-04   7.5881453e-05   5.1726074e-04   6.9088587e-04   3.1857652e-06   4.3572834e-06   1.9960745e-08  -1.5453032e-02   8.3782953e-02  -1.1220363e-01   1.2908916e-03   5.6035900e-05  -3.1853803e-04   2.3879619e-04   7.0195832e-03   1.2589654e-02   1.6664011e-06   3.1400221e-09   1.0146648e-07
   1.0000000e+00   2.5938452e-02  -9.2559988e-02  -7.8259111e-03  -1.7673735e-03  -2.3156011e-03  -3.6562717e-05   6.7280329e-04   8.5673514e-03   6.1244885e-05   3.1236091e-06   5.3620085e-06   1.3368323e-09   1.7227456e-02  -6.9816621e-02   1.8458797e-02   1.7497700e-05  -2.2819040e-04   1.0471978e-04   2.9678524e-04   4.8743606e-03   3.4072718e-04   3.0616951e-10   5.2070859e-08   1.0966233e-08
   1.0000000e+00   8.3540932e-03  -2.9792206e-02   1.1352460e-03  -2.3618013e-03  -1.9879378e-03  -6.4554433e-05   6.9790873e-05   8.8757554e-04   1.2887835e-06   5.5781054e-06   3.9518967e-06   4.1672748e-09  -1.7584359e-02   6.2767782e-02   8.9611571e-03  -5.9442780e-04   3.2766330e-04  -2.7991716e-05   3.0920967e-04   3.9397945e-03   8.0302337e-05   3.5334441e-07   1.0736324e-07   7.8353616e-10
   1.0000000e+00  -1.1754269e-02  -8.3231905e-02  -4.0408348e-02  -1.7746801e-03  -1.8559930e-03  -2.9420325e-04   1.3816284e-04   6.9275500e-03   1.6328346e-03   3.1494895e-06   3.4447100e-06   8.6555552e-08  -2.0108362e-02  -5.3439699e-02  -4.1543594e-02   5.8712120e-04   1.3194480e-04  -2.2964882e-04   4.0434623e-04   2.8558014e-03   1.7258702e-03   3.4471130e-07   1.7409430e-08   5.2738579e-08
   1.0000000e+00  -1.6970132e-02  -8.4932637e-02  -8.4481447e-04  -2.5194808e-03  -1.5317476e-03  -1.0929192e-04   2.8798538e-04   7.2135528e-03   7.1371149e-07   6.3477835e-06   2.3462507e-06   1.1944724e-08  -5.2158630e-03  -1.7007320e-03   3.9563534e-02  -7.4480070e-04   3.2424540e-04   1.8491133e-04   2.7205227e-05   2.8924893e-06   1.5652732e-03   5.5472808e-07   1.0513508e-07   3.4192200e-08
   1.0000000e+00  -1.7761228e-02  -8.7972834e-02  -6.1951561e-02  -2.2822804e-03  -1.4950150e-03   4.1256413e-05   3.1546122e-04   7.7392195e-03   3.8379959e-03   5.2088038e-06   2.2350699e-06   1.7020916e-09  -7.9109600e-04  -3.0401970e-03  -6.1106747e-02   2.3720040e-04   3.6732600e-05   1.5054833e-04   6.2583288e-07   9.2427978e-06   3.7340345e-03   5.6264030e-08   1.3492839e-09   2.2664801e-08
   1.0000000e+00  -1.2656683e-02  -1.1486676e-01  -1.4657408e-02  -4.9117799e-03  -1.2018614e-03  -5.6430278e-05   1.6019162e-04   1.3194373e-02   2.1483961e-04   2.4125582e-05   1.4444708e-06   3.1843763e-09   5.1045450e-03  -2.6893926e-02   4.7294153e-02  -2.6294995e-03   2.9315360e-04  -9.7686691e-05   2.6056380e-05   7.2328326e-04   2.2367369e-03   6.9142676e-06   8.5939033e-08   9.5426896e-09
   1.0000000e+00   1.9596905e-02  -1.2016620e-01   5.4052767e-02  -3.3515417e-03  -2.1918692e-03  -3.8707628e-04   3.8403869e-04   1.4439916e-02   2.9217016e-03   1.1232832e-05   4.8042906e-06   1.4982805e-07   3.2253588e-02  -5.2994400e-03   6.8710175e-02   1.5602382e-03  -9.9000780e-04  -3.3064600e-04   1.0402939e-03   2.8084064e-05   4.7210881e-03   2.4343432e-06   9.8011544e-07   1.0932678e-07
   1.0000000e+00   5.8992303e-03  -1.8031799e-01   4.5999423e-02  -4.0493994e-03  -1.7804510e-03  -5.5804329e-04   3.4800918e-05   3.2514578e-02   2.1159469e-03   1.6397636e-05   3.1700058e-06   3.1141231e-07  -1.3697675e-02  -6.0151790e-02  -8.0533440e-03  -6.9785770e-04   4.1141820e-04  -1.7096701e-04   1.8762629e-04   3.6182378e-03   6.4856350e-05   4.8700537e-07   1.6926494e-07   2.9229719e-08
   1.0000000e+00   6.2521456e-03  -1.2284783e-01   6.4097927e-02  -3.1079151e-03  -2.2002222e-03  -7.4574677e-04   3.9089325e-05   1.5091589e-02   4.1085442e-03   9.6591363e-06   4.8409777e-06   5.5613824e-07   3.5291530e-04   5.7470160e-02   1.8098504e-02   9.4148430e-04  -4.1977120e-04  -1.8770348e-04   1.2454921e-07   3.3028193e-03   3.2755585e-04   8.8639269e-07   1.7620786e-07   3.5232596e-08
   1.0000000e+00   3.2336048e-03  -1.4338206e-01   3.9474118e-02  -3.1810697e-03  -1.8728104e-03  -4.7111770e-04   1.0456200e-05   2.0558415e-02   1.5582060e-03   1.0119204e-05   3.5074188e-06   2.2195189e-07  -3.0185408e-03  -2.0534230e-02  -2.4623809e-02  -7.3154600e-05   3.2741180e-04   2.7462907e-04   9.1115886e-06   4.2165460e-04   6.0633197e-04   5.3515955e-09   1.0719849e-07   7.5421126e-08
   1.0000000e+00   9.8349918e-03  -1.0884338e-01   1.3627558e-02  -3.3443490e-03  -2.0009144e-03   3.7705051e-04   9.6727064e-05   1.1846881e-02   1.8571034e-04   1.1184670e-05   4.0036584e-06   1.4216709e-07   6.6013870e-03   3.4538680e-02  -2.5846560e-02  -1.6327930e-04  -1.2810400e-04   8.4816821e-04   4.3578310e-05   1.1929204e-03   6.6804466e-04   2.6660130e-08   1.6410635e-08   7.1938931e-07
   1.0000000e+00   1.0300021e-02  -1.0870003e-01   1.0545035e-02  -2.5607574e-03  -2.2737610e-03  -1.3330955e-04   1.0609043e-04   1.1815697e-02   1.1119776e-04   6.5574785e-06   5.1699891e-06   1.7771436e-08   4.6502920e-04   1.4335000e-04  -3.0825230e-03   7.8359160e-04  -2.7284660e-04  -5.1036006e-04   2.1625216e-07   2.0549223e-08   9.5019480e-06   6.1401580e-07   7.4445267e-08   2.6046739e-07
   1.0000000e+00   1.9177309e-02  -1.6065469e-01   6.2246884e-02  -3.7290995e-03  -2.3393634e-03   4.6526788e-05   3.6776918e-04   2.5809929e-02   3.8746746e-03   1.3906183e-05   5.4726211e-06   2.1647420e-09   8.8772880e-03  -5.1954660e-02   5.1701849e-02  -1.1683421e-03  -6.5602400e-05   1.7983634e-04   7.8806242e-05   2.6992867e-03   2.6730812e-03   1.3650233e-06   4.3036749e-09   3.2341108e-08
   1.0000000e+00   2.2503061e-02  -1.2203797e-01  -6.4611628e-02  -7.5460048e-04  -2.7879415e-03   3.4733277e-05   5.0638775e-04   1.4893266e-02   4.1746625e-03   5.6942188e-07   7.7726178e-06   1.2064005e-09   3.3257520e-03   3.8616720e-02  -1.2685851e-01   2.9744990e-03  -4.4857810e-04  -1.1793511e-05   1.1060626e-05   1.4912511e-03   1.6093082e-02   8.8476444e-06   2.0122231e-07   1.3908690e-10
   1.0000000e+00   3.6384560e-02  -1.2154160e-01   1.6337455e-02  -9.2756712e-04  -2.6642912e-03   4.1982979e-04   1.3238362e-03   1.4772361e-02   2.6691244e-04   8.6038076e-07   7.0984476e-06   1.7625705e-07   1.3881499e-02   4.9637000e-04   8.0949083e-02  -1.7296664e-04   1.2365030e-04   3.8509651e-04   1.9269601e-04   2.4638318e-07   6.5527540e-03   2.9917459e-08   1.5289397e-08   1.4829932e-07
   1.0000000e+00   2.0815577e-02  -6.4688528e-02  -1.3812112e-01  -1.7630964e-04  -2.8039610e-03   1.0682383e-04   4.3328825e-04   4.1846057e-03   1.9077444e-02   3.1085089e-08   7.8621973e-06   1.1411331e-08  -1.5568983e-02   5.6853072e-02  -1.5445857e-01   7.5125748e-04  -1.3966980e-04  -3.1300596e-04   2.4239323e-04   3.2322718e-03   2.3857451e-02   5.6438780e-07   1.9507653e-08   9.7972731e-08
   1.0000000e+00   1.6652881e-02  -1.2980880e-01  -1.5949576e-02  -1.4293693e-03  -2.4533938e-03   2.0790321e-04   2.7731845e-04   1.6850325e-02   2.5438897e-04   2.0430966e-06   6.0191411e-06   4.3223745e-08  -4.1626960e-03  -6.5120272e-02   1.2217154e-01  -1.2530597e-03   3.5056720e-04   1.0107938e-04   1.7328038e-05   4.2406498e-03   1.4925886e-02   1.5701585e-06   1.2289736e-07   1.0217041e-08
   1.0000000e+00   9.4418333e-03  -6.7867178e-02  -6.1963620e-02  -5.0188230e-04  -2.6101434e-03  -3.3505018e-06   8.9148216e-05   4.6059538e-03   3.8394902e-03   2.5188584e-07   6.8128486e-06   1.1225862e-11  -7.2110477e-03   6.1941622e-02  -4.6014044e-02   9.2748700e-04  -1.5674960e-04  -2.1125371e-04   5.1999209e-05   3.8367645e-03   2.1172922e-03   8.6023214e-07   2.4570437e-08   4.4628131e-08
   1.0000000e+00   3.1565562e-02  -1.4153758e-01   5.8608526e-02  -5.4793644e-04  -2.7854531e-03   8.1253817e-05   9.9638470e-04   2.0032887e-02   3.4349593e-03   3.0023434e-07   7.7587490e-06   6.6021828e-09   2.2123729e-02  -7.3670402e-02   1.2057215e-01  -4.6054140e-05  -1.7530970e-04   8.4604319e-05   4.8945937e-04   5.4273281e-03   1.4537642e-02   2.1209838e-09   3.0733491e-08   7.1578908e-09
   1.0000000e+00   3.2308027e-02  -7.6290087e-02  -1.0115656e-01   3.3972797e-04  -2.6335306e-03   3.3303356e-04   1.0438086e-03   5.8201774e-03   1.0232650e-02   1.1541509e-07   6.9354834e-06   1.1091135e-07   7.4246500e-04   6.5247493e-02  -1.5976509e-01   8.8766441e-04   1.5192250e-04   2.5177974e-04   5.5125428e-07   4.2572353e-03   2.5524883e-02   7.8794810e-07   2.3080446e-08   6.3393039e-08
   1.0000000e+00   3.0396267e-02  -1.3467285e-01  -5.6691088e-02   1.3083144e-03  -2.8511526e-03   2.8025289e-04   9.2393305e-04   1.8136777e-02   3.2138795e-03   1.7116866e-06   8.1290711e-06   7.8541682e-08  -1.9117600e-03  -5.8382763e-02   4.4465472e-02   9.6858643e-04  -2.1762200e-04  -5.2780670e-05   3.6548263e-06   3.4085470e-03   1.9771782e-03   9.3815967e-07   4.7359335e-08   2.7857991e-09
   1.0000000e+00   2.0539440e-02  -1.2652648e-01  -7.1300670e-03   1.7866744e-04  -2.1241887e-03  -9.4910914e-05   4.2186860e-04   1.6008950e-02   5.0837855e-05   3.1922054e-08   4.5121776e-06   9.0080816e-09  -9.8568270e-03   8.1463700e-03   4.9561021e-02  -1.1296470e-03   7.2696390e-04  -3.7516380e-04   9.7157039e-05   6.6363344e-05   2.4562948e-03   1.2761023e-06   5.2847651e-07   1.4074788e-07
   1.0000000e+00   2.1040966e-03  -1.2719798e-01  -1.6465628e-01   3.4822375e-04  -1.6844007e-03   5.6386115e-05   4.4272225e-06   1.6179326e-02   2.7111691e-02   1.2125978e-07   2.8372057e-06   3.1793940e-09  -1.8435343e-02  -6.7150000e-04  -1.5752621e-01   1.6955631e-04   4.3978800e-04   1.5129703e-04   3.3986189e-04   4.5091225e-07   2.4814508e-02   2.8749342e-08   1.9341348e-07   2.2890791e-08
   1.0000000e+00   1.2853125e-02  -1.3714635e-01   4.9631694e-02  -9.4355596e-04  -2.6864185e-03   6.0643221e-04   1.6520282e-04   1.8809121e-02   2.4633050e-03   8.9029785e-07   7.2168444e-06   3.6776003e-07   1.0749028e-02  -9.9483700e-03   2.1428797e-01  -1.2917797e-03  -1.0020178e-03   5.5004609e-04   1.1554161e-04   9.8970066e-05   4.5919336e-02   1.6686948e-06   1.0040397e-06   3.0255071e-07
   1.0000000e+00   1.0766915e-02  -1.2847627e-01   1.0846276e-01  -7.6316830e-04  -3.0033046e-03   6.6427423e-04   1.1592646e-04   1.6506152e-02   1.1764170e-02   5.8242585e-07   9.0198385e-06   4.4126025e-07  -2.0862100e-03   8.6700800e-03   5.8831066e-02   1.8038766e-04  -3.1688610e-04   5.7842020e-05   4.3522722e-06   7.5170287e-05   3.4610943e-03   3.2539708e-08   1.0041680e-07   3.3456993e-09
   1.0000000e+00   2.2849840e-02  -1.6561287e-01   9.5620813e-02  -1.7525655e-03  -3.0915614e-03   5.0300418e-04   5.2211519e-04   2.7427623e-02   9.1433399e-03   3.0714858e-06   9.5577519e-06   2.5301321e-07   1.2082925e-02  -3.7136600e-02  -1.2841947e-02  -9.8939720e-04  -8.8256800e-05  -1.6127005e-04   1.4599708e-04   1.3791271e-03   1.6491560e-04   9.7890682e-07   7.7892627e-09   2.6008029e-08
   1.0000000e+00   3.1577379e-03  -1.3377872e-01   7.0987282e-02  -1.2781863e-03  -2.8375971e-03   2.4648825e-04   9.9713086e-06   1.7896746e-02   5.0391942e-03   1.6337602e-06   8.0519573e-06   6.0756457e-08  -1.9692102e-02   3.1834150e-02  -2.4633531e-02   4.7437920e-04   2.5396430e-04  -2.5651593e-04   3.8777889e-04   1.0134131e-03   6.0681085e-04   2.2503563e-07   6.4497866e-08   6.5800422e-08
   1.0000000e+00   1.6012328e-02  -2.0307807e-01   1.2066126e-01  -1.1126317e-03  -3.0919234e-03   5.6951830e-04   2.5639465e-04   4.1240703e-02   1.4559140e-02   1.2379493e-06   9.5599903e-06   3.2435109e-07   1.2854590e-02  -6.9299350e-02   4.9673978e-02   1.6555460e-04  -2.5432630e-04   3.2303005e-04   1.6524049e-04   4.8023999e-03   2.4675041e-03   2.7408326e-08   6.4681867e-08   1.0434841e-07
   1.0000000e+00  -9.7123408e-04  -1.2581141e-01   6.5397302e-02   1.0789661e-04  -2.4154344e-03   2.2185944e-04   9.4329564e-07   1.5828511e-02   4.2768071e-03   1.1641678e-08   5.8343233e-06   4.9221611e-08  -1.6983562e-02   7.7266660e-02  -5.5263958e-02   1.2205283e-03   6.7648900e-04  -3.4765886e-04   2.8844138e-04   5.9701367e-03   3.0541051e-03   1.4896894e-06   4.5763737e-07   1.2086668e-07
   1.0000000e+00   1.3974340e-02  -1.8302444e-01   7.9286616e-02  -9.4612714e-04  -2.6959429e-03   3.4300447e-04   1.9528218e-04   3.3497946e-02   6.2863675e-03   8.9515657e-07   7.2681081e-06   1.1765207e-07   1.4945574e-02  -5.7213030e-02   1.3889314e-02  -1.0540238e-03  -2.8050850e-04   1.2114503e-04   2.2337018e-04   3.2733308e-03   1.9291304e-04   1.1109661e-06   7.8685019e-08   1.4676118e-08
   1.0000000e+00   1.1645928e-02  -1.4433856e-01   8.6756998e-02  -1.2700086e-04  -2.5891176e-03   5.6107393e-04   1.3562764e-04   2.0833620e-02   7.5267767e-03   1.6129218e-08   6.7035299e-06   3.1480395e-07  -2.3284120e-03   3.8685880e-02   7.4703820e-03   8.1912628e-04   1.0682530e-04   2.1806946e-04   5.4215024e-06   1.4965973e-03   5.5806607e-05   6.7096786e-07   1.1411645e-08   4.7554289e-08
   1.0000000e+00   1.8940630e-02  -1.9499815e-01   1.4528763e-01   5.8890289e-04  -2.7277379e-03   7.2679335e-04   3.5874746e-04   3.8024279e-02   2.1108495e-02   3.4680661e-07   7.4405541e-06   5.2822857e-07   7.2947020e-03  -5.0659590e-02   5.8530632e-02   7.1590375e-04  -1.3862030e-04   1.6571942e-04   5.3212677e-05   2.5663941e-03   3.4258349e-03   5.1251818e-07   1.9215588e-08   2.7462926e-08
   1.0000000e+00  -1.2112430e-03  -1.2177733e-01   4.8601968e-02  -9.6732487e-04  -1.7934777e-03   7.4942288e-04   1.4671096e-06   1.4829718e-02   2.3621513e-03   9.3571740e-07   3.2165623e-06   5.6163465e-07  -2.0151873e-02   7.3220820e-02  -9.6685662e-02  -1.5562278e-03   9.3426020e-04   2.2629530e-05   4.0609799e-04   5.3612885e-03   9.3481172e-03   2.4218448e-06   8.7284212e-07   5.1209563e-10
   1.0000000e+00  -6.1688320e-04  -1.8275675e-01   8.1796211e-02   8.3539714e-04  -1.9816155e-03   4.1409409e-04   3.8054488e-07   3.3400030e-02   6.6906201e-03   6.9788838e-07   3.9268000e-06   1.7147392e-07   5.9435980e-04  -6.0979420e-02   3.3194243e-02   1.8027220e-03  -1.8813780e-04  -3.3532879e-04   3.5326357e-07   3.7184897e-03   1.1018578e-03   3.2498066e-06   3.5395832e-08   1.1244540e-07
   1.0000000e+00  -1.5463292e-02  -1.8900496e-01   5.0360366e-02  -1.4100506e-03  -5.4452271e-04   6.0349468e-04   2.3911340e-04   3.5722875e-02   2.5361665e-03   1.9882427e-06   2.9650498e-07   3.6420583e-07  -1.4846409e-02  -6.2482100e-03  -3.1435845e-02  -2.2454477e-03   1.4370928e-03   1.8940059e-04   2.2041585e-04   3.9040128e-05   9.8821235e-04   5.0420356e-06   2.0652357e-06   3.5872583e-08
   1.0000000e+00  -5.8705311e-02  -1.4434946e-01  -8.9004807e-03   8.6880414e-04  -5.5977127e-06   2.6754384e-04   3.4463135e-03   2.0836767e-02   7.9218557e-05   7.5482063e-07   3.1334387e-11   7.1579706e-08  -4.3242019e-02   4.4655500e-02  -5.9260847e-02   2.2788547e-03   5.3892500e-04  -3.3595084e-04   1.8698722e-03   1.9941137e-03   3.5118480e-03   5.1931789e-06   2.9044015e-07   1.1286297e-07
   1.0000000e+00  -1.4559618e-02  -1.8196605e-01   9.0218409e-02  -1.7514730e-03  -1.0401372e-03   4.5604032e-04   2.1198248e-04   3.3111643e-02   8.1393613e-03   3.0676577e-06   1.0818854e-06   2.0797277e-07   4.4145693e-02  -3.7616590e-02   9.9118890e-02  -2.6202771e-03  -1.0345395e-03   1.8849648e-04   1.9488422e-03   1.4150078e-03   9.8245543e-03   6.8658523e-06   1.0702720e-06   3.5530923e-08
   1.0000000e+00   9.9594494e-03  -1.7119822e-01   2.2429645e-01   1.2852317e-03  -2.7160372e-03   4.9116817e-04   9.9190632e-05   2.9308831e-02   5.0308897e-02   1.6518205e-06   7.3768581e-06   2.4124617e-07   2.4519067e-02   1.0767830e-02   1.3407804e-01   3.0367047e-03  -1.6759000e-03   3.5127850e-05   6.0118467e-04   1.1594616e-04   1.7976921e-02   9.2215754e-06   2.8086408e-06   1.2339658e-09
   1.0000000e+00   3.1386147e-03  -1.7565601e-01   1.0775510e-01  -1.0782814e-03  -2.2269493e-03   4.7297527e-04   9.8509022e-06   3.0855034e-02   1.1611162e-02   1.1626908e-06   4.9593032e-06   2.2370561e-07  -6.8208347e-03  -4.4577900e-03  -1.1654135e-01  -2.3635131e-03   4.8908790e-04  -1.8192900e-05   4.6523786e-05   1.9871892e-05   1.3581886e-02   5.5861942e-06   2.3920697e-07   3.3098161e-10
   1.0000000e+00   2.3272297e-02  -1.7183266e-01   2.0588151e-01   4.2932074e-04  -2.9912573e-03   5.4405713e-04   5.4159981e-04   2.9526463e-02   4.2387196e-02   1.8431630e-07   8.9476202e-06   2.9599816e-07   2.0133682e-02   3.8233500e-03   9.8126410e-02   1.5076021e-03  -7.6430800e-04   7.1081860e-05   4.0536516e-04   1.4618005e-05   9.6287923e-03   2.2728642e-06   5.8416672e-07   5.0526308e-09
   1.0000000e+00  -4.2126603e-02  -1.7872036e-01   3.0716649e-02   1.7178130e-04  -9.8546289e-04  -9.3175327e-05   1.7746507e-03   3.1940967e-02   9.4351253e-04   2.9508815e-08   9.7113711e-07   8.6816416e-09  -6.5398900e-02  -6.8877000e-03  -1.7516486e-01  -2.5753944e-04   2.0057944e-03  -6.3723246e-04   4.2770161e-03   4.7440411e-05   3.0682729e-02   6.6326563e-08   4.0232112e-06   4.0606520e-07
   1.0000000e+00  -8.9423428e-03  -1.9795471e-01   1.3086796e-01   1.0356276e-03  -1.8251310e-03   3.3568343e-04   7.9965495e-05   3.9186067e-02   1.7126423e-02   1.0725245e-06   3.3311032e-06   1.1268337e-07   3.3184260e-02  -1.9234350e-02   1.0015131e-01   8.6384630e-04  -8.3966811e-04   4.2885876e-04   1.1011951e-03   3.6996022e-04   1.0030285e-02   7.4623043e-07   7.0504253e-07   1.8391983e-07
   1.0000000e+00  -2.7273464e-02  -1.1925267e-01  -2.0281934e-01  -1.0804141e-03   4.4652356e-04   2.9121865e-04   7.4384184e-04   1.4221199e-02   4.1135685e-02   1.1672946e-06   1.9938329e-07   8.4808302e-08  -1.8331121e-02   7.8702040e-02  -3.3368730e-01  -2.1160417e-03   2.2716546e-03  -4.4464780e-05   3.3603000e-04   6.1940111e-03   1.1134721e-01   4.4776325e-06   5.1604144e-06   1.9771167e-09
   1.0000000e+00  -8.3592585e-02  -8.7981347e-02  -1.2919107e-01  -7.0426021e-03   4.9653741e-03  -2.8181434e-04   6.9877203e-03   7.7407174e-03   1.6690333e-02   4.9598244e-05   2.4654940e-05   7.9419322e-08  -5.6319121e-02   3.1271323e-02   7.3628270e-02  -5.9621880e-03   4.5188505e-03  -5.7303299e-04   3.1718434e-03   9.7789564e-04   5.4211221e-03   3.5547686e-05   2.0420010e-05   3.2836681e-07
   1.0000000e+00   2.1178723e-02  -1.9826890e-01   7.1177190e-02  -2.4212146e-03   1.5628522e-03   7.4662585e-04   4.4853831e-04   3.9310557e-02   5.0661924e-03   5.8622801e-06   2.4425070e-06   5.5745016e-07   1.0477131e-01  -1.1028755e-01   2.0036826e-01   4.6213875e-03  -3.4025219e-03   1.0284402e-03   1.0977027e-02   1.2163344e-02   4.0147440e-02   2.1357222e-05   1.1577155e-05   1.0576892e-06
   1.0000000e+00   8.9382495e-03  -1.4911658e-01   2.6920897e-02  -2.9854207e-03   2.1939543e-03   4.1230553e-04   7.9892304e-05   2.2235754e-02   7.2473470e-04   8.9127368e-06   4.8134355e-06   1.6999585e-07  -1.2240473e-02   4.9152320e-02  -4.4256293e-02  -5.6420610e-04   6.3110210e-04  -3.3432032e-04   1.4982919e-04   2.4159506e-03   1.9586195e-03   3.1832852e-07   3.9828986e-07   1.1177008e-07
   1.0000000e+00   2.2592601e-02  -1.8204185e-01   6.1418418e-02   5.2227843e-04   1.3248320e-03   5.4161131e-04   5.1042562e-04   3.3139235e-02   3.7722221e-03   2.7277476e-07   1.7551798e-06   2.9334281e-07   1.3654352e-02  -3.2925270e-02   3.4497521e-02   3.5076991e-03  -8.6912230e-04   1.2930578e-04   1.8644131e-04   1.0840734e-03   1.1900790e-03   1.2303953e-05   7.5537357e-07   1.6719985e-08
   1.0000000e+00   2.2205734e-02  -1.9627035e-01   8.9136370e-02  -1.5065921e-03   2.0672173e-03   7.0458759e-04   4.9309462e-04   3.8522050e-02   7.9452925e-03   2.2698198e-06   4.2733874e-06   4.9644367e-07  -3.8686700e-04  -1.4228500e-02   2.7717952e-02  -2.0288705e-03   7.4238530e-04   1.6297628e-04   1.4966608e-07   2.0245021e-04   7.6828486e-04   4.1163156e-06   5.5113593e-07   2.6561268e-08
   1.0000000e+00   2.9632928e-02  -1.8847384e-01   7.4012818e-02   2.3097119e-04   1.5678899e-03   7.3787863e-04   8.7811042e-04   3.5522388e-02   5.4778972e-03   5.3347691e-08   2.4582787e-06   5.4446487e-07   7.4271940e-03   7.7965100e-03  -1.5123552e-02   1.7375633e-03  -4.9932740e-04   3.3291040e-05   5.5163211e-05   6.0785568e-05   2.2872183e-04   3.0191262e-06   2.4932785e-07   1.1082933e-09
   1.0000000e+00   3.0589615e-02  -1.9603278e-01   1.6212912e-01   2.0937220e-05   2.0902547e-03   6.0723711e-04   9.3572455e-04   3.8428851e-02   2.6285852e-02   4.3836718e-10   4.3691647e-06   3.6873691e-07   9.5668700e-04  -7.5589400e-03   8.8116302e-02  -2.1003397e-04   5.2236480e-04  -1.3064152e-04   9.1525002e-07   5.7137574e-05   7.7644827e-03   4.4114269e-08   2.7286498e-07   1.7067207e-08
   1.0000000e+00   4.6379608e-03  -1.4345153e-01   1.0105596e-01  -3.7193477e-04   2.0696844e-03   7.0711541e-04   2.1510680e-05   2.0578341e-02   1.0212307e-02   1.3833547e-07   4.2835935e-06   5.0001220e-07  -2.5951654e-02   5.2581250e-02  -6.1073160e-02  -3.9287199e-04  -2.0570300e-05   9.9878300e-05   6.7348836e-04   2.7647879e-03   3.7299309e-03   1.5434840e-07   4.2313724e-10   9.9756748e-09
   1.0000000e+00   7.7064204e-03  -1.9430219e-01   8.3136348e-02  -7.1728842e-04   2.0265155e-03   9.4793631e-04   5.9388915e-05   3.7753341e-02   6.9116524e-03   5.1450268e-07   4.1067651e-06   8.9858325e-07   3.0684596e-03  -5.0850660e-02  -1.7919612e-02  -3.4535365e-04  -4.3168900e-05   2.4082090e-04   9.4154443e-06   2.5857896e-03   3.2111249e-04   1.1926914e-07   1.8635539e-09   5.7994706e-08
   1.0000000e+00   2.8678613e-02  -2.0127312e-01   1.9339161e-01  -1.1120553e-03   1.6614180e-03   9.1999502e-04   8.2246284e-04   4.0510869e-02   3.7400315e-02   1.2366670e-06   2.7603098e-06   8.4639084e-07   2.0972193e-02  -6.9709300e-03   1.1025526e-01  -3.9476688e-04  -3.6509750e-04  -2.7941290e-05   4.3983286e-04   4.8593865e-05   1.2156223e-02   1.5584089e-07   1.3329618e-07   7.8071569e-10
   1.0000000e+00   2.0168575e-02  -1.5725598e-01   1.1406869e-01   2.8445539e-05   2.1401263e-03   7.5693433e-04   4.0677142e-04   2.4729443e-02   1.3011666e-02   8.0914869e-10   4.5801406e-06   5.7294958e-07  -8.5100380e-03   4.4017140e-02  -7.9322920e-02   1.1405008e-03   4.7870830e-04  -1.6306069e-04   7.2420747e-05   1.9375086e-03   6.2921256e-03   1.3007422e-06   2.2916164e-07   2.6588789e-08
   1.0000000e+00   2.7215063e-02  -1.7965215e-01   1.6352831e-01  -8.1097756e-04   1.8071414e-03   8.0734244e-04   7.4065965e-04   3.2274895e-02   2.6741508e-02   6.5768460e-07   3.2657600e-06   6.5180182e-07   7.0464880e-03  -2.2396170e-02   4.9459620e-02  -8.3942310e-04  -3.3298490e-04   5.0408110e-05   4.9652993e-05   5.0158843e-04   2.4462540e-03   7.0463114e-07   1.1087894e-07   2.5409776e-09
   1.0000000e+00   4.2236947e-03  -1.7733875e-01   1.6246172e-01  -9.3445065e-04   2.5920145e-03   4.2628871e-04   1.7839597e-05   3.1449032e-02   2.6393810e-02   8.7319802e-07   6.7185392e-06   1.8172206e-07  -2.2991368e-02   2.3134000e-03  -1.0665900e-03  -1.2347309e-04   7.8487310e-04  -3.8105373e-04   5.2860302e-04   5.3518196e-06   1.1376142e-06   1.5245604e-08   6.1602578e-07   1.4520195e-07
   1.0000000e+00   3.0179498e-02  -2.2017922e-01   2.2483389e-01  -2.2718713e-03   1.8146577e-03   8.7905987e-04   9.1080210e-04   4.8478889e-02   5.0550278e-02   5.1613992e-06   3.2929826e-06   7.7274626e-07   2.5955803e-02  -4.2840470e-02   6.2372170e-02  -1.3374207e-03  -7.7735680e-04   4.5277116e-04   6.7370372e-04   1.8353059e-03   3.8902876e-03   1.7886940e-06   6.0428359e-07   2.0500172e-07
   1.0000000e+00   1.1341302e-02  -1.6287639e-01   1.7939940e-01  -3.3226914e-04   1.9980873e-03   1.1356636e-03   1.2862513e-04   2.6528718e-02   3.2184145e-02   1.1040278e-07   3.9923529e-06   1.2897318e-06  -1.8838196e-02   5.7302830e-02  -4.5434490e-02   1.9396022e-03   1.8342960e-04   2.5660373e-04   3.5487763e-04   3.2836143e-03   2.0642929e-03   3.7620565e-06   3.3646418e-08   6.5845474e-08
   1.0000000e+00   3.5025051e-02  -1.8569400e-01   1.8978526e-01  -2.0772761e-03   9.5303960e-04   1.2203827e-03   1.2267542e-03   3.4482262e-02   3.6018445e-02   4.3150760e-06   9.0828448e-07   1.4893339e-06   2.3683749e-02  -2.2817610e-02   1.0385860e-02  -1.7450070e-03  -1.0450477e-03   8.4719100e-05   5.6091997e-04   5.2064333e-04   1.0786609e-04   3.0450493e-06   1.0921247e-06   7.1773259e-09
   1.0000000e+00   4.3555859e-02  -1.5921215e-01   1.9532129e-01  -1.0960492e-03   7.4485403e-04   8.3559761e-04   1.8971129e-03   2.5348509e-02   3.8150406e-02   1.2013238e-06   5.5480753e-07   6.9822337e-07   8.5308080e-03   2.6481850e-02   5.5360300e-03   9.8122690e-04  -2.0818557e-04  -3.8478509e-04   7.2774685e-05   7.0128838e-04   3.0647628e-05   9.6280623e-07   4.3341232e-08   1.4805957e-07
   1.0000000e+00   4.8500020e-02  -2.1978277e-01   2.3058998e-01  -1.4279386e-03   1.0861204e-03   1.3222023e-03   2.3522519e-03   4.8304466e-02   5.3171739e-02   2.0390086e-06   1.1796575e-06   1.7482189e-06   4.9441610e-03  -6.0570620e-02   3.5268690e-02  -3.3188940e-04   3.4126637e-04   4.8660469e-04   2.4444728e-05   3.6688000e-03   1.2438805e-03   1.1015057e-07   1.1646274e-07   2.3678412e-07
   1.0000000e+00   3.9055799e-02  -1.4165857e-01   2.1007785e-01  -5.3226948e-04   1.2075319e-03   9.9990946e-04   1.5253554e-03   2.0067150e-02   4.4132703e-02   2.8331080e-07   1.4581333e-06   9.9981893e-07  -9.4442210e-03   7.8124200e-02  -2.0512130e-02   8.9566912e-04   1.2141150e-04  -3.2229284e-04   8.9193310e-05   6.1033906e-03   4.2074748e-04   8.0222317e-07   1.4740752e-08   1.0387267e-07
   1.0000000e+00   2.5318493e-02  -2.0900530e-01   1.7791291e-01  -6.6263646e-04   1.3474748e-03   1.0531398e-03   6.4102609e-04   4.3683215e-02   3.1653004e-02   4.3908708e-07   1.8156883e-06   1.1091034e-06  -1.3737306e-02  -6.7346730e-02  -3.2164940e-02  -1.3036698e-04   1.3994290e-04   5.3230340e-05   1.8871358e-04   4.5355820e-03   1.0345834e-03   1.6995549e-08   1.9584015e-08   2.8334691e-09
   1.0000000e+00   3.1899650e-02  -1.8666709e-01   2.0356941e-01  -2.4226469e-03   1.5887233e-03   1.2793707e-03   1.0175877e-03   3.4844602e-02   4.1440505e-02   5.8692180e-06   2.5240417e-06   1.6367894e-06   6.5811570e-03   2.2338210e-02   2.5656500e-02  -1.7600104e-03   2.4124850e-04   2.2623090e-04   4.3311627e-05   4.9899563e-04   6.5825599e-04   3.0976367e-06   5.8200839e-08   5.1180420e-08
   1.0000000e+00  -1.8474323e-02  -2.1487457e-01   1.0355306e-01  -1.0545200e-03   2.0603667e-03   9.8250977e-04   3.4130061e-04   4.6171081e-02   1.0723236e-02   1.1120124e-06   4.2451109e-06   9.6532545e-07  -5.0373973e-02  -2.8207480e-02  -1.0001635e-01   1.3681269e-03   4.7164340e-04  -2.9686093e-04   2.5375372e-03   7.9566193e-04   1.0003270e-02   1.8717712e-06   2.2244750e-07   8.8126412e-08
   1.0000000e+00   1.4519179e-03  -2.8806813e-01   2.2992008e-01  -3.2766684e-03   2.8534202e-03   9.7161856e-04   2.1080656e-06   8.2983248e-02   5.2863243e-02   1.0736556e-05   8.1420068e-06   9.4404263e-07   1.9926241e-02  -7.3193560e-02   1.2636702e-01  -2.2221484e-03   7.9305350e-04  -1.0891210e-05   3.9705508e-04   5.3572972e-03   1.5968624e-02   4.9379435e-06   6.2893385e-07   1.1861846e-10
   1.0000000e+00  -6.7898591e-02  -2.4572958e-01   1.0792880e-02  -2.9897436e-03   4.3804508e-03   3.8584773e-04   4.6102187e-03   6.0383026e-02   1.1648626e-04   8.9385668e-06   1.9188349e-05   1.4887847e-07  -6.9350509e-02   4.2338550e-02  -2.1912720e-01   2.8692480e-04   1.5270306e-03  -5.8577083e-04   4.8094931e-03   1.7925528e-03   4.8016730e-02   8.2325841e-08   2.3318225e-06   3.4312747e-07
   1.0000000e+00  -3.2281021e-02  -3.0825696e-01   1.4104394e-01  -4.8826243e-03   4.1827384e-03   7.0236189e-04   1.0420643e-03   9.5022353e-02   1.9893393e-02   2.3840020e-05   1.7495301e-05   4.9331222e-07   3.5617570e-02  -6.2527380e-02   1.3025106e-01  -1.8928807e-03  -1.9771240e-04   3.1651416e-04   1.2686113e-03   3.9096732e-03   1.6965339e-02   3.5829973e-06   3.9090193e-08   1.0018121e-07
   1.0000000e+00  -8.8412546e-02  -2.5339202e-01   4.2779297e-02  -3.7329342e-03   4.9774207e-03   2.1711064e-04   7.8167783e-03   6.4207516e-02   1.8300683e-03   1.3934798e-05   2.4774717e-05   4.7137030e-08  -5.6131525e-02   5.4864940e-02  -9.8264643e-02   1.1496901e-03   7.9468230e-04  -4.8525125e-04   3.1507481e-03   3.0101616e-03   9.6559401e-03   1.3217873e-06   6.3151996e-07   2.3546878e-07
   1.0000000e+00  -3.2043793e-02  -2.8524758e-01   1.9033859e-01  -4.0729291e-03   4.3467733e-03   5.6941624e-04   1.0268047e-03   8.1366182e-02   3.6228779e-02   1.6588751e-05   1.8894438e-05   3.2423485e-07   5.6368753e-02  -3.1855560e-02   1.4755929e-01  -3.3999490e-04  -6.3064740e-04   3.5230560e-04   3.1774363e-03   1.0147767e-03   2.1773745e-02   1.1559653e-07   3.9771614e-07   1.2411924e-07
   1.0000000e+00  -4.7575841e-02  -2.1424902e-01   9.0544318e-02  -2.7512878e-03   3.5803802e-03   2.6601445e-04   2.2634606e-03   4.5902643e-02   8.1982735e-03   7.5695846e-06   1.2819122e-05   7.0763688e-08  -1.5532048e-02   7.0998560e-02  -9.9794272e-02   1.3216413e-03  -7.6639310e-04  -3.0340179e-04   2.4124452e-04   5.0407955e-03   9.9588967e-03   1.7467357e-06   5.8735838e-07   9.2052646e-08
   1.0000000e+00  -3.2493840e-02  -2.7642696e-01   1.9886268e-01  -3.7681813e-03   3.8858901e-03   7.6569599e-05   1.0558496e-03   7.6411864e-02   3.9546365e-02   1.4199190e-05   1.5100142e-05   5.8629035e-09   1.5082001e-02  -6.2177940e-02   1.0831836e-01  -1.0168935e-03   3.0550990e-04  -1.8944485e-04   2.2746675e-04   3.8660962e-03   1.1732868e-02   1.0340724e-06   9.3336299e-08   3.5889352e-08
   1.0000000e+00  -1.2381237e-02  -2.3429742e-01   1.9406149e-01  -3.0917713e-03   3.5316946e-03   4.1749145e-04   1.5329503e-04   5.4895281e-02   3.7659862e-02   9.5590498e-06   1.2472867e-05   1.7429911e-07   2.0112603e-02   4.2129540e-02  -4.8011900e-03   6.7641000e-04  -3.5419550e-04   3.4092185e-04   4.0451680e-04   1.7748981e-03   2.3051425e-05   4.5753049e-07   1.2545445e-07   1.1622771e-07
   1.0000000e+00  -1.9574191e-02  -2.6494176e-01   2.1450057e-01  -2.8316055e-03   3.8310032e-03   2.3249707e-04   3.8314895e-04   7.0194136e-02   4.6010495e-02   8.0179897e-06   1.4676586e-05   5.4054888e-08  -7.1929540e-03  -3.0644340e-02   2.0439080e-02   2.6016580e-04   2.9930860e-04  -1.8499438e-04   5.1738587e-05   9.3907557e-04   4.1775599e-04   6.7686243e-08   8.9585638e-08   3.4222921e-08
   1.0000000e+00  -1.2803566e-02  -2.2190249e-01   1.5050741e-01  -3.1943909e-03   3.5705548e-03   4.6992065e-04   1.6393130e-04   4.9240715e-02   2.2652480e-02   1.0204133e-05   1.2748862e-05   2.2082542e-07   6.7706250e-03   4.3039270e-02  -6.3993160e-02  -3.6278540e-04  -2.6044840e-04   2.3742358e-04   4.5841363e-05   1.8523788e-03   4.0951245e-03   1.3161325e-07   6.7833369e-08   5.6369956e-08
   1.0000000e+00   4.4698561e-03  -2.3322945e-01   2.4659405e-01  -2.9931441e-03   2.9779912e-03   2.5298653e-04   1.9979614e-05   5.4395976e-02   6.0808625e-02   8.9589116e-06   8.8684316e-06   6.4002184e-08   1.7273422e-02  -1.1326960e-02   9.6086640e-02   2.0124680e-04  -5.9256360e-04  -2.1693412e-04   2.9837111e-04   1.2830002e-04   9.2326424e-03   4.0500275e-08   3.5113162e-07   4.7060412e-08
   1.0000000e+00  -4.4456741e-03  -2.3963630e-01   1.2561138e-01  -2.5558610e-03   3.1398154e-03   4.3098311e-04   1.9764018e-05   5.7425556e-02   1.5778219e-02   6.5324255e-06   9.8584407e-06   1.8574644e-07  -8.9155302e-03  -6.4068500e-03  -1.2098267e-01   4.3728310e-04   1.6182420e-04   1.7799658e-04   7.9486679e-05   4.1047727e-05   1.4636806e-02   1.9121651e-07   2.6187072e-08   3.1682782e-08
   1.0000000e+00   2.2311567e-03  -2.8945405e-01   1.6398179e-01  -1.3649698e-03   3.1300121e-03   2.5293901e-04   4.9780602e-06   8.3783647e-02   2.6890027e-02   1.8631426e-06   9.7969757e-06   6.3978143e-08   6.6768308e-03  -4.9817750e-02   3.8370410e-02   1.1908912e-03  -9.8033000e-06  -1.7804410e-04   4.4580070e-05   2.4818082e-03   1.4722884e-03   1.4182219e-06   9.6104691e-11   3.1699702e-08
   1.0000000e+00   9.2492608e-03  -2.8623423e-01   8.3265639e-02  -3.6596650e-03   3.0215492e-03   7.2206332e-04   8.5548825e-05   8.1930034e-02   6.9331666e-03   1.3393148e-05   9.1297596e-06   5.2137544e-07   7.0181041e-03   3.2198200e-03  -8.0716151e-02  -2.2946952e-03  -1.0846290e-04   4.6912431e-04   4.9253785e-05   1.0367241e-05   6.5150970e-03   5.2656261e-06   1.1764201e-08   2.2007762e-07
   1.0000000e+00   1.3598576e-02  -2.5590066e-01   1.3903831e-01  -3.1794420e-04   2.4567062e-03   4.2839143e-04   1.8492127e-04   6.5485148e-02   1.9331652e-02   1.0108851e-07   6.0354054e-06   1.8351922e-07   4.3493152e-03   3.0333570e-02   5.5772671e-02   3.3417208e-03  -5.6484300e-04  -2.9367189e-04   1.8916543e-05   9.2012547e-04   3.1105908e-03   1.1167098e-05   3.1904761e-07   8.6243179e-08
   1.0000000e+00   1.1687283e-02  -2.6662966e-01   9.6449561e-02  -1.8300040e-03   2.7953510e-03   6.5534597e-04   1.3659258e-04   7.1091376e-02   9.3025178e-03   3.3489146e-06   7.8139872e-06   4.2947834e-07  -1.9112930e-03  -1.0729000e-02  -4.2588749e-02  -1.5120598e-03   3.3864480e-04   2.2695454e-04   3.6530409e-06   1.1511144e-04   1.8138015e-03   2.2863248e-06   1.1468030e-07   5.1508363e-08
   1.0000000e+00   1.6337282e-02  -2.5772526e-01   1.6313461e-01  -2.5651383e-04   2.5813026e-03   5.7328245e-04   2.6690678e-04   6.6422310e-02   2.6612901e-02   6.5799345e-08   6.6631231e-06   3.2865277e-07   4.6499990e-03   8.9044000e-03   6.6685049e-02   1.5734902e-03  -2.1404840e-04  -8.2063520e-05   2.1622491e-05   7.9288339e-05   4.4468958e-03   2.4758713e-06   4.5816718e-08   6.7344213e-09
   1.0000000e+00   1.3167398e-02  -2.7063824e-01   1.1479693e-01  -6.9600615e-04   2.7282474e-03   6.7590708e-04   1.7338037e-04   7.3245057e-02   1.3178335e-02   4.8442456e-07   7.4433339e-06   4.5685038e-07  -3.1698840e-03  -1.2912980e-02  -4.8337680e-02  -4.3949232e-04   1.4694480e-04   1.0262463e-04   1.0048165e-05   1.6674505e-04   2.3365313e-03   1.9315350e-07   2.1592774e-08   1.0531815e-08
   1.0000000e+00   2.9584372e-02  -2.7420941e-01   2.1438177e-01  -9.2346733e-04   2.1480923e-03   7.7091724e-04   8.7523507e-04   7.5190801e-02   4.5959543e-02   8.5279191e-07   4.6143005e-06   5.9431339e-07   1.6416974e-02  -3.5711700e-03   9.9584840e-02  -2.2746118e-04  -5.8015510e-04   9.5010160e-05   2.6951704e-04   1.2753255e-05   9.9171404e-03   5.1738588e-08   3.3657994e-07   9.0269305e-09
   1.0000000e+00   5.0985226e-03  -2.7706691e-01   6.0846032e-02  -1.3109957e-03   2.8314098e-03   4.7769147e-04   2.5994933e-05   7.6766073e-02   3.7022396e-03   1.7187097e-06   8.0168815e-06   2.2818914e-07  -2.4485849e-02  -2.8575000e-03  -1.5353574e-01  -3.8752837e-04   6.8331750e-04  -2.9322577e-04   5.9955682e-04   8.1653063e-06   2.3573223e-02   1.5017824e-07   4.6692281e-07   8.5981352e-08
   1.0000000e+00   2.9890823e-02  -2.6910598e-01   2.3327459e-01  -1.2598580e-03   2.0856532e-03   7.6225598e-04   8.9346130e-04   7.2418028e-02   5.4417034e-02   1.5872422e-06   4.3499493e-06   5.8103418e-07   2.4792300e-02   7.9609300e-03   1.7242856e-01   5.1137700e-05  -7.4575660e-04   2.8456451e-04   6.1465816e-04   6.3376406e-05   2.9731608e-02   2.6150644e-09   5.5615291e-07   8.0976960e-08
   1.0000000e+00   5.8297527e-03  -2.8018184e-01  -1.9641646e-03  -1.8800879e-03   3.0574046e-03   8.3032755e-04   3.3986017e-05   7.8501863e-02   3.8579426e-06   3.5347305e-06   9.3477229e-06   6.8944384e-07  -2.4061070e-02  -1.1075860e-02  -2.3523875e-01  -6.2022990e-04   9.7175140e-04   6.8071570e-05   5.7893510e-04   1.2267467e-04   5.5337272e-02   3.8468513e-07   9.4430078e-07   4.6337386e-09
   1.0000000e+00  -5.5619326e-02  -2.6460759e-01  -4.1163661e-03  -1.5532166e-03   4.3934558e-03   3.6831517e-04   3.0935094e-03   7.0017177e-02   1.6944470e-05   2.4124818e-06   1.9302454e-05   1.3565606e-07  -6.1449079e-02   1.5574250e-02  -2.1522015e-03   3.2687130e-04   1.3360512e-03  -4.6201238e-04   3.7759893e-03   2.4255726e-04   4.6319713e-06   1.0684485e-07   1.7850328e-06   2.1345544e-07
   1.0000000e+00  -2.4482281e-02  -2.9670233e-01   1.2763628e-02  -1.0921196e-03   4.0384788e-03   3.1718211e-04   5.9938208e-04   8.8032273e-02   1.6291020e-04   1.1927252e-06   1.6309311e-05   1.0060449e-07   3.1137045e-02  -3.2094740e-02   1.6879994e-02   4.6109700e-04  -3.5497700e-04  -5.1133060e-05   9.6951557e-04   1.0300723e-03   2.8493420e-04   2.1261044e-07   1.2600867e-07   2.6145898e-09
   1.0000000e+00  -2.0309156e-02  -2.7783934e-01   8.6635134e-03  -2.0222822e-03   3.9833620e-03   2.9331584e-04   4.1246182e-04   7.7194699e-02   7.5056464e-05   4.0896253e-06   1.5867173e-05   8.6034182e-08   4.1731250e-03   1.8862990e-02  -4.1001146e-03  -9.3016260e-04  -5.5116800e-05  -2.3866270e-05   1.7414972e-05   3.5581239e-04   1.6810940e-05   8.6520246e-07   3.0378616e-09   5.6959884e-10
   1.0000000e+00  -3.6884911e-02  -3.0979687e-01  -6.8091373e-02  -2.8220371e-03   4.4146951e-03   3.0961884e-07   1.3604967e-03   9.5974101e-02   4.6364351e-03   7.9638934e-06   1.9489533e-05   9.5863826e-14  -1.6575755e-02  -3.1957530e-02  -7.6754886e-02  -7.9975490e-04   4.3133310e-04  -2.9300622e-04   2.7475565e-04   1.0212837e-03   5.8913126e-03   6.3960790e-07   1.8604824e-07   8.5852646e-08
   1.0000000e+00  -9.5480026e-02  -3.0505615e-01  -7.4838713e-02  -4.1216625e-03   6.2923499e-03  -1.5383294e-04   9.1164354e-03   9.3059255e-02   5.6008330e-03   1.6988102e-05   3.9593667e-05   2.3664573e-08  -5.8595115e-02   4.7407200e-03  -6.7473400e-03  -1.2996254e-03   1.8776548e-03  -1.5414256e-04   3.4333875e-03   2.2474426e-05   4.5526597e-05   1.6890262e-06   3.5255875e-06   2.3759928e-08
   1.0000000e+00  -6.0093552e-02  -3.6461189e-01   7.2717216e-03   9.3447071e-04   4.2484700e-03   4.8944988e-04   3.6112350e-03   1.3294183e-01   5.2877935e-05   8.7323551e-07   1.8049497e-05   2.3956119e-07   3.5386474e-02  -5.9555740e-02   8.2110435e-02   5.0561332e-03  -2.0438799e-03   6.4328282e-04   1.2522025e-03   3.5468862e-03   6.7421235e-03   2.5564483e-05   4.1774450e-06   4.1381279e-07
   1.0000000e+00  -5.8814553e-02  -3.6605453e-01  -1.1620363e-01  -2.9977533e-03   4.7374819e-03   1.6545172e-04   3.4591516e-03   1.3399592e-01   1.3503284e-02   8.9865248e-06   2.2443735e-05   2.7374272e-08   1.2789990e-03  -1.4426400e-03  -1.2347535e-01  -3.9322240e-03   4.8901190e-04  -3.2399816e-04   1.6358384e-06   2.0812102e-06   1.5246162e-02   1.5462386e-05   2.3913264e-07   1.0497481e-07
   1.0000000e+00  -1.3550948e-01  -3.5380719e-01  -2.8603202e-01  -1.2905696e-03   5.9095363e-03  -6.6738554e-04   1.8362819e-02   1.2517953e-01   8.1814316e-02   1.6655699e-06   3.4922619e-05   4.4540346e-07  -7.6694927e-02   1.2247340e-02  -1.6982839e-01   1.7071837e-03   1.1720544e-03  -8.3283726e-04   5.8821118e-03   1.4999734e-04   2.8841682e-02   2.9144762e-06   1.3737115e-06   6.9361790e-07
   1.0000000e+00  -7.0128885e-02  -3.6596084e-01  -5.9070591e-02  -3.0534035e-03   4.9132732e-03   4.2651130e-04   4.9180605e-03   1.3392734e-01   3.4893347e-03   9.3232729e-06   2.4140254e-05   1.8191189e-07   6.5380595e-02  -1.2153650e-02   2.2696143e-01  -1.7628339e-03  -9.9626310e-04   1.0938968e-03   4.2746222e-03   1.4771121e-04   5.1511490e-02   3.1075834e-06   9.9254016e-07   1.1966103e-06
   1.0000000e+00  -7.6773722e-02  -3.3487205e-01  -4.8796313e-02  -2.0549168e-03   4.6521422e-03   2.9353938e-04   5.8942044e-03   1.1213929e-01   2.3810802e-03   4.2226831e-06   2.1642427e-05   8.6165368e-08  -6.6448370e-03   3.1088790e-02   1.0274278e-02   9.9848670e-04  -2.6113100e-04  -1.3297192e-04   4.4153859e-05   9.6651286e-04   1.0556079e-04   9.9697569e-07   6.8189399e-08   1.7681532e-08
   1.0000000e+00  -7.7852220e-02  -3.9810644e-01  -1.8390435e-03  -3.0035064e-03   4.4538458e-03  -2.2680957e-04   6.0609682e-03   1.5848874e-01   3.3820810e-06   9.0210507e-06   1.9836742e-05   5.1442581e-08  -1.0784980e-03  -6.3234390e-02   4.6957270e-02  -9.4858960e-04  -1.9829640e-04  -5.2034895e-04   1.1631579e-06   3.9985881e-03   2.2049852e-03   8.9982223e-07   3.9321462e-08   2.7076303e-07
   1.0000000e+00  -5.9977627e-02  -3.6589372e-01   4.9744172e-02  -2.9292697e-03   3.8658047e-03   4.4469137e-04   3.5973157e-03   1.3387821e-01   2.4744826e-03   8.5806210e-06   1.4944446e-05   1.9775041e-07   1.7874593e-02   3.2212720e-02   5.1583216e-02   7.4236700e-05  -5.8804110e-04   6.7150094e-04   3.1950107e-04   1.0376593e-03   2.6608281e-03   5.5110876e-09   3.4579234e-07   4.5091351e-07
   1.0000000e+00  -6.7397541e-02  -3.4452328e-01   7.5279209e-03  -7.3006977e-04   3.8751109e-03   1.6089378e-04   4.5424285e-03   1.1869629e-01   5.6669593e-05   5.3300187e-07   1.5016484e-05   2.5886808e-08  -7.4199140e-03   2.1370440e-02  -4.2216251e-02   2.1991999e-03   9.3062000e-06  -2.8379759e-04   5.5055124e-05   4.5669571e-04   1.7822119e-03   4.8364803e-06   8.6605358e-11   8.0541072e-08
   1.0000000e+00  -5.9983036e-02  -3.6774235e-01   9.4570694e-02  -1.3503237e-03   3.9320310e-03   3.1834403e-04   3.5979646e-03   1.3523444e-01   8.9436162e-03   1.8233741e-06   1.5460868e-05   1.0134292e-07   7.4145050e-03  -2.3219070e-02   8.7042773e-02  -6.2025393e-04   5.6920100e-05   1.5745025e-04   5.4974884e-05   5.3912521e-04   7.5764443e-03   3.8471494e-07   3.2398978e-09   2.4790581e-08
   1.0000000e+00  -7.6117435e-02  -3.7876130e-01  -9.7262748e-03   6.8939249e-04   4.2160640e-03   9.8751301e-05   5.7938639e-03   1.4346012e-01   9.4600421e-05   4.7526201e-07   1.7775196e-05   9.7518194e-09  -1.6134399e-02  -1.1018950e-02  -1.0429697e-01   2.0397162e-03   2.8403300e-04  -2.1959273e-04   2.6031883e-04   1.2141726e-04   1.0877858e-02   4.1604421e-06   8.0674745e-08   4.8220967e-08
   1.0000000e+00  -4.8263298e-02  -3.6107095e-01   8.7386250e-02  -3.0198134e-04   3.5031475e-03   2.3507469e-04   2.3293459e-03   1.3037223e-01   7.6363567e-03   9.1192730e-08   1.2272042e-05   5.5260110e-08   2.7854137e-02   1.7690350e-02   9.7112525e-02  -9.9137383e-04  -7.1291650e-04   1.3632339e-04   7.7585295e-04   3.1294848e-04   9.4308425e-03   9.8282207e-07   5.0824994e-07   1.8584066e-08
   1.0000000e+00  -5.9974572e-02  -3.3253400e-01   2.8643059e-02   3.0512835e-04   3.8543413e-03   2.1287420e-04   3.5969493e-03   1.1057886e-01   8.2042483e-04   9.3103310e-08   1.4855947e-05   4.5315425e-08  -1.1711274e-02   2.8536950e-02  -5.8743191e-02   6.0710969e-04   3.5119380e-04  -2.2200490e-05   1.3715394e-04   8.1435752e-04   3.4507625e-03   3.6858218e-07   1.2333709e-07   4.9286176e-10
   1.0000000e+00  -4.4382984e-02  -3.7659961e-01   1.0919767e-01  -5.8651215e-04   3.7304218e-03   1.2820508e-04   1.9698493e-03   1.4182727e-01   1.1924131e-02   3.4399650e-07   1.3916047e-05   1.6436543e-08   1.5591588e-02  -4.4065610e-02   8.0554611e-02  -8.9164050e-04  -1.2391950e-04  -8.4669120e-05   2.4309762e-04   1.9417780e-03   6.4890454e-03   7.9502278e-07   1.5356042e-08   7.1688599e-09
   1.0000000e+00  -4.6554847e-02  -4.0716345e-01   1.1419091e-01  -1.3623834e-03   3.8084934e-03  -6.6736154e-05   2.1673538e-03   1.6578208e-01   1.3039564e-02   1.8560885e-06   1.4504622e-05   4.4537143e-09  -2.1718630e-03  -3.0563840e-02   4.9932400e-03  -7.7587125e-04   7.8071600e-05  -1.9494123e-04   4.7169889e-06   9.3414832e-04   2.4932446e-05   6.0197620e-07   6.0951747e-09   3.8002085e-08
   1.0000000e+00  -6.3947049e-02  -3.9120899e-01  -6.8188094e-02  -9.2903372e-04   4.0834620e-03  -5.3347635e-04   4.0892251e-03   1.5304447e-01   4.6496162e-03   8.6310365e-07   1.6674662e-05   2.8459702e-07  -1.7392202e-02   1.5954460e-02  -1.8237900e-01   4.3334968e-04   2.7496860e-04  -4.6674020e-04   3.0248869e-04   2.5454479e-04   3.3262101e-02   1.8779195e-07   7.5607731e-08   2.1784641e-07
   1.0000000e+00  -6.0253401e-02  -4.3106186e-01  -8.8834422e-02  -7.7333041e-04   4.1146883e-03  -5.6198302e-04   3.6304723e-03   1.8581433e-01   7.8915545e-03   5.9803992e-07   1.6930660e-05   3.1582491e-07   3.6936480e-03  -3.9852870e-02  -2.0646328e-02   1.5570331e-04   3.1226300e-05  -2.8506670e-05   1.3643036e-05   1.5882512e-03   4.2627086e-04   2.4243521e-08   9.7508181e-10   8.1263023e-10
   1.0000000e+00  -1.6785705e-02  -4.8526177e-01  -7.2702777e-02   8.3898265e-04   3.2730576e-03   3.7226341e-04   2.8175989e-04   2.3547899e-01   5.2856938e-03   7.0389189e-07   1.0712906e-05   1.3858005e-07   4.3467696e-02  -5.4199910e-02   1.6131645e-02   1.6123131e-03  -8.4163070e-04   9.3424643e-04   1.8894406e-03   2.9376302e-03   2.6022997e-04   2.5995534e-06   7.0834224e-07   8.7281639e-07
   1.0000000e+00  -1.5555381e-02  -4.5912858e-01  -6.1515348e-02  -1.2032384e-04   3.2401556e-03   2.7866031e-04   2.4196988e-04   2.1079905e-01   3.7841380e-03   1.4477826e-08   1.0498608e-05   7.7651568e-08   1.2303240e-03   2.6133190e-02   1.1187429e-02  -9.5930649e-04  -3.2902000e-05  -9.3603100e-05   1.5136971e-06   6.8294362e-04   1.2515857e-04   9.2026894e-07   1.0825416e-09   8.7615403e-09
   1.0000000e+00  -2.1620029e-02  -4.5334564e-01  -1.2099081e-01   2.0905492e-03   3.3682484e-03  -1.0489654e-04   4.6742565e-04   2.0552227e-01   1.4638776e-02   4.3703960e-06   1.1345097e-05   1.1003284e-08  -6.0646480e-03   5.7829400e-03  -5.9475462e-02   2.2108730e-03   1.2809280e-04  -3.8355685e-04   3.6779955e-05   3.3442395e-05   3.5373306e-03   4.8879596e-06   1.6407765e-08   1.4711586e-07
   1.0000000e+00  -4.6182192e-02  -4.1843795e-01  -2.1205965e-01   1.5334926e-04   3.7104508e-03   7.0002070e-05   2.1327949e-03   1.7509032e-01   4.4969295e-02   2.3515996e-08   1.3767445e-05   4.9002898e-09  -2.4562163e-02   3.4907690e-02  -9.1068840e-02  -1.9371999e-03   3.4220240e-04   1.7489861e-04   6.0329985e-04   1.2185468e-03   8.2935336e-03   3.7527436e-06   1.1710248e-07   3.0589524e-08
   1.0000000e+00  -1.8851810e-02  -4.6797504e-01  -3.2051700e-01   1.5952222e-03   3.1438705e-03   2.9132438e-04   3.5539074e-04   2.1900064e-01   1.0273115e-01   2.5447339e-06   9.8839217e-06   8.4869894e-08   2.7330382e-02  -4.9537090e-02  -1.0845735e-01   1.4418729e-03  -5.6658030e-04   2.2132231e-04   7.4694978e-04   2.4539233e-03   1.1762997e-02   2.0789976e-06   3.2101324e-07   4.8983565e-08
   1.0000000e+00   1.9072432e-02  -4.9623634e-01  -2.4940323e-01  -1.3543843e-03   2.9086728e-03   6.9808592e-04   3.6375766e-04   2.4625051e-01   6.2201971e-02   1.8343568e-06   8.4603775e-06   4.8732395e-07   3.7924242e-02  -2.8261300e-02   7.1113770e-02  -2.9496065e-03  -2.3519770e-04   4.0676154e-04   1.4382481e-03   7.9870108e-04   5.0571683e-03   8.7001785e-06   5.5317958e-08   1.6545495e-07
   1.0000000e+00   1.4867691e-02  -4.4486020e-01  -2.1613634e-01  -1.7104895e-03   3.3294387e-03   7.3505554e-04   2.2104824e-04   1.9790060e-01   4.6714917e-02   2.9257743e-06   1.1085162e-05   5.4030665e-07  -4.2047410e-03   5.1376140e-02   3.3266890e-02  -3.5610520e-04   4.2076590e-04   3.6969620e-05   1.7679847e-05   2.6395078e-03   1.1066860e-03   1.2681091e-07   1.7704394e-07   1.3667528e-09
   1.0000000e+00   9.3719168e-03  -4.6073159e-01  -2.4278048e-01  -1.7455422e-04   3.1781809e-03   5.2123442e-04   8.7832825e-05   2.1227360e-01   5.8942361e-02   3.0469176e-08   1.0100834e-05   2.7168532e-07  -5.4957742e-03  -1.5871390e-02  -2.6644140e-02   1.5359353e-03  -1.5125780e-04  -2.1382112e-04   3.0203534e-05   2.5190102e-04   7.0991020e-04   2.3590972e-06   2.2878922e-08   4.5719471e-08
   1.0000000e+00   2.0535220e-02  -5.0081534e-01  -1.3774552e-01  -1.8366013e-03   3.0076019e-03   5.0588929e-04   4.2169526e-04   2.5081600e-01   1.8973828e-02   3.3731043e-06   9.0456692e-06   2.5592397e-07   1.1163303e-02  -4.0083750e-02   1.0503496e-01  -1.6620471e-03  -1.7057900e-04  -1.5345130e-05   1.2461934e-04   1.6067070e-03   1.1032343e-02   2.7624005e-06   2.9097195e-08   2.3547301e-10
   1.0000000e+00   1.3459300e-02  -4.6725960e-01  -1.9052052e-01  -4.4446920e-04   3.1296977e-03   4.7292496e-04   1.8115276e-04   2.1833153e-01   3.6298069e-02   1.9755287e-07   9.7950077e-06   2.2365802e-07  -7.0759200e-03   3.3555740e-02  -5.2775000e-02   1.3921321e-03   1.2209580e-04  -3.2964330e-05   5.0068644e-05   1.1259877e-03   2.7852006e-03   1.9380318e-06   1.4907384e-08   1.0866471e-09
   1.0000000e+00   7.3659619e-03  -4.8844018e-01  -1.7323228e-01   1.1989693e-04   3.2939719e-03   1.7881009e-04   5.4257395e-05   2.3857381e-01   3.0009423e-02   1.4375274e-08   1.0850251e-05   3.1973048e-08  -6.0933381e-03  -2.1180580e-02   1.7288240e-02   5.6436613e-04   1.6427420e-04  -2.9411487e-04   3.7128769e-05   4.4861697e-04   2.9888324e-04   3.1850913e-07   2.6986013e-08   8.6503557e-08
   1.0000000e+00   1.8465843e-02  -5.0217634e-01  -1.1589486e-01  -1.3720381e-03   3.0806174e-03   6.3174979e-04   3.4098736e-04   2.5218108e-01   1.3431619e-02   1.8824885e-06   9.4902036e-06   3.9910780e-07   1.1099881e-02  -1.3736160e-02   5.7337420e-02  -1.4919350e-03  -2.1335450e-04   4.5293970e-04   1.2320736e-04   1.8868209e-04   3.2875797e-03   2.2258701e-06   4.5520143e-08   2.0515437e-07
   1.0000000e+00   5.0574370e-04  -4.6815022e-01  -1.7719232e-01  -1.2879992e-04   3.3540649e-03   4.2256222e-04   2.5577669e-07   2.1916463e-01   3.1397118e-02   1.6589419e-08   1.1249751e-05   1.7855883e-07  -1.7960099e-02   3.4026120e-02  -6.1297460e-02   1.2432382e-03   2.7344750e-04  -2.0918757e-04   3.2256517e-04   1.1577768e-03   3.7573786e-03   1.5456412e-06   7.4773535e-08   4.3759439e-08
   1.0000000e+00  -8.6835977e-03  -4.9058609e-01  -1.2137759e-01  -1.0928093e-03   3.5728541e-03   5.0598820e-04   7.5404869e-05   2.4067471e-01   1.4732519e-02   1.1942322e-06   1.2765286e-05   2.5602406e-07  -9.1893414e-03  -2.2435870e-02   5.5814730e-02  -9.6400938e-04   2.1878920e-04   8.3425980e-05   8.4443995e-05   5.0336826e-04   3.1152841e-03   9.2931408e-07   4.7868714e-08   6.9598941e-09
   1.0000000e+00  -1.8594663e-02  -4.4817375e-01  -2.2743312e-01  -1.1382243e-03   3.7652345e-03   6.3536320e-04   3.4576149e-04   2.0085971e-01   5.1725824e-02   1.2955546e-06   1.4176991e-05   4.0368640e-07  -9.9110653e-03   4.2412340e-02  -1.0605553e-01  -4.5415000e-05   1.9238040e-04   1.2937500e-04   9.8229215e-05   1.7988066e-03   1.1247775e-02   2.0625222e-09   3.7010218e-08   1.6737891e-08
   1.0000000e+00  -2.7925322e-02  -5.0287789e-01  -2.2370191e-01  -1.9679583e-03   3.8650507e-03   5.7474310e-04   7.7982361e-04   2.5288617e-01   5.0042545e-02   3.8728599e-06   1.4938617e-05   3.3032963e-07  -9.3306590e-03  -5.4704140e-02   3.7312100e-03  -8.2973400e-04   9.9816200e-05  -6.0620100e-05   8.7061197e-05   2.9925429e-03   1.3921928e-05   6.8845851e-07   9.9632738e-09   3.6747965e-09
   1.0000000e+00  -1.6039355e-02  -5.3114608e-01  -9.3765790e-02  -2.2511805e-03   3.9258534e-03   5.6963524e-04   2.5726091e-04   2.8211616e-01   8.7920234e-03   5.0678136e-06   1.5412325e-05   3.2448431e-07   1.1885967e-02  -2.8268190e-02   1.2993612e-01  -2.8322220e-04   6.0802700e-05  -5.1078600e-06   1.4127621e-04   7.9909057e-04   1.6883395e-02   8.0214815e-08   3.6969683e-09   2.6090234e-11
   1.0000000e+00  -2.1182167e-02  -5.0321543e-01  -2.1961233e-01  -2.5086162e-03   4.1981609e-03   6.1161300e-04   4.4868420e-04   2.5322577e-01   4.8229575e-02   6.2931552e-06   1.7624555e-05   3.7407046e-07  -5.1428120e-03   2.7930650e-02  -1.2584654e-01  -2.5743570e-04   2.7230750e-04   4.1977760e-05   2.6448515e-05   7.8012121e-04   1.5837352e-02   6.6273140e-08   7.4151375e-08   1.7621323e-09
   1.0000000e+00   1.0866856e-02  -5.5448838e-01  -6.3356779e-02  -3.5715357e-03   4.0132521e-03   5.8106620e-04   1.1808856e-04   3.0745736e-01   4.0140814e-03   1.2755867e-05   1.6106192e-05   3.3763793e-07   3.2049023e-02  -5.1272950e-02   1.5625555e-01  -1.0629195e-03  -1.8490880e-04  -3.0546800e-05   1.0271399e-03   2.6289154e-03   2.4415797e-02   1.1297979e-06   3.4191264e-08   9.3310699e-10
   1.0000000e+00   7.0455696e-03  -4.5122406e-01  -1.9165865e-01  -1.0842091e-03   3.6981628e-03   5.5011352e-04   4.9640051e-05   2.0360315e-01   3.6733038e-02   1.1755094e-06   1.3676408e-05   3.0262488e-07  -3.8212864e-03   1.0326432e-01  -1.2830187e-01   2.4873266e-03  -3.1508930e-04  -3.0952680e-05   1.4602230e-05   1.0663520e-02   1.6461370e-02   6.1867936e-06   9.9281267e-08   9.5806840e-10
   1.0000000e+00   1.2268830e-02  -5.0219539e-01  -1.2481030e-01  -1.8719831e-03   3.8699821e-03   3.9025352e-04   1.5052419e-04   2.5220021e-01   1.5577611e-02   3.5043207e-06   1.4976761e-05   1.5229781e-07   5.2232604e-03  -5.0971330e-02   6.6848350e-02  -7.8777400e-04   1.7181930e-04  -1.5986000e-04   2.7282449e-05   2.5980765e-03   4.4687019e-03   6.2058788e-07   2.9521872e-08   2.5555220e-08
   1.0000000e+00  -4.0958800e-02  -4.3342225e-01  -2.4719544e-01  -3.0659081e-03   4.9513298e-03   4.8922745e-04   1.6776233e-03   1.8785485e-01   6.1105586e-02   9.3997925e-06   2.4515667e-05   2.3934350e-07  -5.3227630e-02   6.8773140e-02  -1.2238514e-01  -1.1939250e-03   1.0813477e-03   9.8973930e-05   2.8331806e-03   4.7297448e-03   1.4978122e-02   1.4254569e-06   1.1693128e-06   9.7958388e-09
   1.0000000e+00  -6.6368782e-02  -5.2037967e-01  -1.6360952e-01  -2.4007044e-03   4.9387091e-03   1.4125586e-04   4.4048152e-03   2.7079500e-01   2.6768075e-02   5.7633816e-06   2.4390848e-05   1.9953218e-08  -2.5409982e-02  -8.6957420e-02   8.3585920e-02   6.6520370e-04  -1.2620700e-05  -3.4797159e-04   6.4566719e-04   7.5615929e-03   6.9866060e-03   4.4249596e-07   1.5928207e-10   1.2108423e-07
   1.0000000e+00  -6.2326087e-02  -5.5258118e-01  -2.3951454e-01  -4.4911435e-03   5.8223757e-03   3.6367610e-04   3.8845411e-03   3.0534596e-01   5.7367215e-02   2.0170370e-05   3.3900059e-05   1.3226031e-07   4.0426950e-03  -3.2201510e-02  -7.5905020e-02  -2.0904391e-03   8.8366660e-04   2.2242024e-04   1.6343383e-05   1.0369372e-03   5.7615721e-03   4.3699356e-06   7.8086666e-07   4.9470763e-08
   1.0000000e+00  -1.4444018e-01  -5.2435262e-01  -4.1644701e-01  -3.0646115e-03   6.8639719e-03  -8.2747794e-04   2.0862966e-02   2.7494567e-01   1.7342811e-01   9.3918436e-06   4.7114110e-05   6.8471974e-07  -8.2114093e-02   2.8228560e-02  -1.7693247e-01   1.4265320e-03   1.0415962e-03  -1.1911540e-03   6.7427243e-03   7.9685160e-04   3.1305099e-02   2.0349935e-06   1.0849226e-06   1.4188479e-06
   1.0000000e+00  -4.3539916e-02  -5.4506008e-01  -1.3776164e-01  -4.9217825e-03   5.6310482e-03   9.1275855e-05   1.8957243e-03   2.9709049e-01   1.8978269e-02   2.4223943e-05   3.1708704e-05   8.3312817e-09   1.0090026e-01  -2.0707460e-02   2.7868537e-01  -1.8571710e-03  -1.2329237e-03   9.1875379e-04   1.0180863e-02   4.2879890e-04   7.7665535e-02   3.4490841e-06   1.5201009e-06   8.4410854e-07
   1.0000000e+00  -4.6953225e-02  -5.2994261e-01  -2.6754273e-01  -2.5642071e-03   4.9619166e-03   1.0928767e-04   2.2046053e-03   2.8083917e-01   7.1579112e-02   6.5751581e-06   2.4620616e-05   1.1943795e-08  -3.4133090e-03   1.5117470e-02  -1.2978109e-01   2.3575754e-03  -6.6913160e-04   1.8011815e-05   1.1650678e-05   2.2853790e-04   1.6843131e-02   5.5581618e-06   4.4773710e-07   3.2442548e-10
   1.0000000e+00  -7.1544837e-02  -5.7543824e-01  -1.7532864e-01  -5.4532846e-03   5.5800892e-03  -5.1707322e-04   5.1186637e-03   3.3112917e-01   3.0740132e-02   2.9738313e-05   3.1137395e-05   2.6736471e-07  -2.4591612e-02  -4.5495630e-02   9.2214090e-02  -2.8890775e-03   6.1817260e-04  -6.2636089e-04   6.0474738e-04   2.0698523e-03   8.5034384e-03   8.3467688e-06   3.8213736e-07   3.9232796e-07
   1.0000000e+00  -8.7726419e-02  -5.0419741e-01  -1.9543077e-01  -2.3584874e-03   5.7777155e-03  -5.4273146e-04   7.6959246e-03   2.5421503e-01   3.8193186e-02   5.5624628e-06   3.3381996e-05   2.9455744e-07  -1.6181582e-02   7.1240830e-02  -2.0102130e-02   3.0947972e-03   1.9762630e-04  -2.5658240e-05   2.6184360e-04   5.0752559e-03   4.0409563e-04   9.5777697e-06   3.9056154e-08   6.5834528e-10
   1.0000000e+00  -7.5746539e-02  -5.5038953e-01  -1.4420490e-01  -4.5620897e-03   6.1842925e-03  -3.2073708e-04   5.7375382e-03   3.0292863e-01   2.0795053e-02   2.0812662e-05   3.8245474e-05   1.0287227e-07   1.1979880e-02  -4.6192120e-02   5.1225870e-02  -2.2036023e-03   4.0657700e-04   2.2199438e-04   1.4351752e-04   2.1337120e-03   2.6240898e-03   4.8558631e-06   1.6530486e-07   4.9281505e-08
   1.0000000e+00  -3.3363371e-02  -5.0403375e-01  -1.1877819e-01  -1.6947401e-03   4.8245709e-03   1.9104655e-04   1.1131145e-03   2.5405002e-01   1.4108258e-02   2.8721440e-06   2.3276484e-05   3.6498784e-08   4.2383168e-02   4.6355780e-02   2.5426710e-02   2.8673496e-03  -1.3597216e-03   5.1178363e-04   1.7963329e-03   2.1488583e-03   6.4651758e-04   8.2216937e-06   1.8488428e-06   2.6192248e-07
   1.0000000e+00  -3.1545821e-02  -5.1242889e-01  -1.7751544e-01  -2.2942702e-03   4.8877083e-03   1.7347335e-04   9.9513882e-04   2.6258337e-01   3.1511731e-02   5.2636758e-06   2.3889692e-05   3.0093003e-08   1.8175500e-03  -8.3951400e-03  -5.8737250e-02  -5.9953010e-04   6.3137400e-05  -1.7573200e-05   3.3034880e-06   7.0478376e-05   3.4500645e-03   3.5943634e-07   3.9863313e-09   3.0881736e-10
   1.0000000e+00  -2.3535652e-02  -4.9561425e-01  -1.4665919e-01  -1.1696250e-03   4.2861149e-03   1.6258312e-04   5.5392692e-04   2.4563348e-01   2.1508918e-02   1.3680226e-06   1.8370781e-05   2.6433271e-08   8.0101690e-03   1.6814640e-02   3.0856250e-02   1.1246452e-03  -6.0159340e-04  -1.0890230e-05   6.4162807e-05   2.8273212e-04   9.5210816e-04   1.2648268e-06   3.6191462e-07   1.1859711e-10
   1.0000000e+00  -2.7155963e-02  -5.3968947e-01  -1.9182222e-01  -1.8444418e-03   3.2637056e-03  -1.7756168e-04   7.3744633e-04   2.9126472e-01   3.6795764e-02   3.4019656e-06   1.0651774e-05   3.1528150e-08  -3.6203110e-03  -4.4075220e-02  -4.5163030e-02  -6.7481680e-04  -1.0224093e-03  -3.4014480e-04   1.3106652e-05   1.9426250e-03   2.0396993e-03   4.5537771e-07   1.0453208e-06   1.1569848e-07
   1.0000000e+00   1.9251572e-02  -5.2255461e-01  -2.5089232e-01  -1.7680039e-03   3.0056673e-03   5.9668277e-04   3.7062302e-04   2.7306332e-01   6.2946956e-02   3.1258378e-06   9.0340359e-06   3.5603033e-07   4.6407535e-02   1.7134860e-02  -5.9070100e-02   7.6437900e-05  -2.5803830e-04   7.7424445e-04   2.1536593e-03   2.9360343e-04   3.4892767e-03   5.8427526e-09   6.6583764e-08   5.9945447e-07
   1.0000000e+00   4.5235161e-02  -6.0787944e-01  -8.5138060e-02  -2.0395239e-03   3.5601894e-03   4.7528191e-04   2.0462198e-03   3.6951741e-01   7.2484893e-03   4.1596577e-06   1.2674949e-05   2.2589289e-07   2.5983589e-02  -8.5324830e-02   1.6575426e-01  -2.7152000e-04   5.5452210e-04  -1.2140086e-04   6.7514690e-04   7.2803266e-03   2.7474475e-02   7.3723110e-08   3.0749476e-07   1.4738169e-08
   1.0000000e+00   3.6106047e-02  -5.3976263e-01  -1.7878773e-01  -6.1904620e-04   2.4759395e-03   7.1078084e-05   1.3036466e-03   2.9134370e-01   3.1965052e-02   3.8321820e-07   6.1302764e-06   5.0520940e-09  -9.1291140e-03   6.8116810e-02  -9.3649670e-02   1.4204777e-03  -1.0842499e-03  -4.0420383e-04   8.3340722e-05   4.6398998e-03   8.7702607e-03   2.0177569e-06   1.1755978e-06   1.6338073e-07
   1.0000000e+00   3.8502589e-02  -5.8817035e-01  -1.3099727e-01  -4.7167818e-04   2.1643104e-03  -1.5694070e-05   1.4824494e-03   3.4594436e-01   1.7160285e-02   2.2248031e-07   4.6842395e-06   2.4630383e-10   2.3965420e-03  -4.8407720e-02   4.7790460e-02   1.4736802e-04  -3.1162910e-04  -8.6772154e-05   5.7434136e-06   2.3433074e-03   2.2839281e-03   2.1717333e-08   9.7112696e-08   7.5294067e-09
   1.0000000e+00   1.7517618e-02  -5.3046229e-01  -2.3697717e-01  -9.6626324e-04   3.3925961e-03   4.3219113e-04   3.0686694e-04   2.8139024e-01   5.6158179e-02   9.3366465e-07   1.1509708e-05   1.8678917e-07  -2.0984971e-02   5.7708060e-02  -1.0597990e-01  -4.9458506e-04   1.2282857e-03   4.4788520e-04   4.4036901e-04   3.3302202e-03   1.1231739e-02   2.4461438e-07   1.5086858e-06   2.0060115e-07
   1.0000000e+00   5.0900043e-03  -5.7860998e-01  -1.3839787e-01   1.3590277e-03   4.1021817e-03   1.9897645e-04   2.5908144e-05   3.3478951e-01   1.9153970e-02   1.8469563e-06   1.6827895e-05   3.9591628e-08  -1.2427614e-02  -4.8147690e-02   9.8579300e-02   2.3252909e-03   7.0958560e-04  -2.3321468e-04   1.5444558e-04   2.3182001e-03   9.7178784e-03   5.4069780e-06   5.0351172e-07   5.4389087e-08
   1.0000000e+00  -1.6611782e-03  -5.5915505e-01  -1.9465661e-01  -6.4598559e-04   4.1995810e-03   2.4193260e-04   2.7595130e-06   3.1265437e-01   3.7891196e-02   4.1729738e-07   1.7636481e-05   5.8531383e-08  -6.7511825e-03   1.9454930e-02  -5.6258740e-02  -2.0050133e-03   9.7399300e-05   4.2956150e-05   4.5578465e-05   3.7849430e-04   3.1650458e-03   4.0200783e-06   9.4866236e-09   1.8452308e-09
   1.0000000e+00   6.4248072e-03  -5.9858435e-01  -1.4929578e-01   7.1820018e-04   3.3264539e-03   3.3033155e-04   4.1278148e-05   3.5830322e-01   2.2289230e-02   5.1581150e-07   1.1065296e-05   1.0911893e-07   8.0859854e-03  -3.9429300e-02   4.5360830e-02   1.3641858e-03  -8.7312710e-04   8.8398950e-05   6.5383160e-05   1.5546697e-03   2.0576049e-03   1.8610028e-06   7.6235093e-07   7.8143744e-09
   1.0000000e+00   3.1061219e-03  -6.0301521e-01  -1.3672783e-01  -4.8781072e-04   3.1127808e-03   2.6384457e-04   9.6479933e-06   3.6362734e-01   1.8694499e-02   2.3795930e-07   9.6894043e-06   6.9613957e-08  -3.3186853e-03  -4.4308600e-03   1.2567950e-02  -1.2060109e-03  -2.1367310e-04  -6.6486980e-05   1.1013672e-05   1.9632520e-05   1.5795337e-04   1.4544623e-06   4.5656194e-08   4.4205185e-09
   1.0000000e+00  -1.7910683e-02  -5.3741458e-01  -2.3340889e-01   8.5082099e-04   3.2741333e-03   1.9742082e-04   3.2079257e-04   2.8881443e-01   5.4479710e-02   7.2389636e-07   1.0719949e-05   3.8974980e-08  -2.1016805e-02   6.5600630e-02  -9.6681060e-02   1.3386317e-03   1.6135250e-04  -6.6423750e-05   4.4170609e-04   4.3034427e-03   9.3472274e-03   1.7919349e-06   2.6034629e-08   4.4121146e-09
   1.0000000e+00  -1.4525084e-02  -5.3191415e-01  -1.4879748e-01   7.7067056e-05   3.3993987e-03   1.2583489e-04   2.1097807e-04   2.8293266e-01   2.2140690e-02   5.9393311e-09   1.1555912e-05   1.5834420e-08   3.3855990e-03   5.5004300e-03   8.4611410e-02  -7.7375393e-04   1.2526540e-04  -7.1585930e-05   1.1462281e-05   3.0254730e-05   7.1590907e-03   5.9869515e-07   1.5691420e-08   5.1245454e-09
   1.0000000e+00  -3.6552299e-02  -5.0530490e-01  -2.1645988e-01   1.9471265e-04   3.7610594e-03  -1.4500514e-04   1.3360706e-03   2.5533304e-01   4.6854880e-02   3.7913016e-08   1.4145568e-05   2.1026491e-08  -2.2027215e-02   2.6609250e-02  -6.7662400e-02   1.1764559e-04   3.6166070e-04  -2.7084003e-04   4.8519820e-04   7.0805219e-04   4.5782004e-03   1.3840486e-08   1.3079846e-07   7.3354322e-08
