   1.0000000e+00   0.0000000e+00   0.0000000e+00   0.0000000e+00   0.0000000e+00   0.0000000e+00  -0.0000000e+00   0.0000000e+00   0.0000000e+00   0.0000000e+00   0.0000000e+00   0.0000000e+00   0.0000000e+00   0.0000000e+00   0.0000000e+00   0.0000000e+00   0.0000000e+00   0.0000000e+00   0.0000000e+00   0.0000000e+00   0.0000000e+00   0.0000000e+00   0.0000000e+00   0.0000000e+00   0.0000000e+00
   1.0000000e+00  -3.0734170e-03  -6.0004725e-03  -2.5354900e-02   5.4135292e-04  -1.0357669e-04  -3.2541856e-05   9.4458921e-06   3.6005670e-05   6.4287095e-04   2.9306298e-07   1.0728131e-08   1.0589724e-09  -3.0734170e-03  -6.0004725e-03  -2.5354900e-02   5.4135292e-04  -1.0357669e-04  -3.2541856e-05   9.4458921e-06   3.6005670e-05   6.4287095e-04   2.9306298e-07   1.0728131e-08   1.0589724e-09
   1.0000000e+00  -7.8496625e-03  -2.6069548e-02  -1.5964288e-02   3.2361554e-04   3.4586295e-04  -2.0785394e-04   6.1617201e-05   6.7962133e-04   2.5485849e-04   1.0472702e-07   1.1962118e-07   4.3203260e-08  -4.7762455e-03  -2.0069076e-02   9.3906120e-03  -2.1773738e-04   4.4943964e-04  -1.7531208e-04   2.2812521e-05   4.0276779e-04   8.8183594e-05   4.7409567e-08   2.0199599e-07   3.0734327e-08
   1.0000000e+00  -2.1017412e-02  -3.1773136e-02  -6.3934288e-02   1.0165354e-03  -1.8234778e-06  -5.6728813e-04   4.4173161e-04   1.0095322e-03   4.0875932e-03   1.0333442e-06   3.3250713e-12   3.2181582e-07  -1.3167749e-02  -5.7035880e-03  -4.7970000e-02   6.9291986e-04  -3.4768643e-04  -3.5943419e-04   1.7338963e-04   3.2530916e-05   2.3011209e-03   4.8013793e-07   1.2088585e-07   1.2919294e-07
   1.0000000e+00   8.1579728e-03  -4.8277664e-02  -5.3483258e-02  -1.0396066e-04   1.8439082e-05  -4.1066374e-04   6.6552520e-05   2.3307328e-03   2.8604589e-03   1.0807819e-08   3.3999975e-10   1.6864471e-07   2.9175385e-02  -1.6504528e-02   1.0451030e-02  -1.1204961e-03   2.0262560e-05   1.5662439e-04   8.5120308e-04   2.7239944e-04   1.0922403e-04   1.2555114e-06   4.1057133e-10   2.4531200e-08
   1.0000000e+00  -5.1565668e-03  -2.2567474e-02  -7.3288217e-02   8.7718807e-04  -1.1285642e-04  -3.6824013e-04   2.6590181e-05   5.0929088e-04   5.3711628e-03   7.6945891e-07   1.2736572e-08   1.3560079e-07  -1.3314540e-02   2.5710190e-02  -1.9804959e-02   9.8114873e-04  -1.3129550e-04   4.2423610e-05   1.7727696e-04   6.6101387e-04   3.9223640e-04   9.6265283e-07   1.7238509e-08   1.7997627e-09
   1.0000000e+00   1.1072512e-02  -5.9229120e-02  -4.4273460e-02   4.6969162e-04   6.8801959e-05  -1.9885855e-04   1.2260052e-04   3.5080887e-03   1.9601393e-03   2.2061022e-07   4.7337096e-09   3.9544723e-08   1.6229079e-02  -3.6661646e-02   2.9014757e-02  -4.0749645e-04   1.8165838e-04   1.6938158e-04   2.6338300e-04   1.3440763e-03   8.4185612e-04   1.6605336e-07   3.2999767e-08   2.8690120e-08
   1.0000000e+00  -6.8466077e-03  -2.4224685e-02  -8.2684541e-02   8.0369460e-04   1.1980706e-04  -3.4673877e-04   4.6876037e-05   5.8683536e-04   6.8367333e-03   6.4592501e-07   1.4353732e-08   1.2022777e-07  -1.7919120e-02   3.5004435e-02  -3.8411081e-02   3.3400298e-04   5.1005101e-05  -1.4788022e-04   3.2109485e-04   1.2253105e-03   1.4754111e-03   1.1155799e-07   2.6015203e-09   2.1868559e-08
   1.0000000e+00  -5.3442956e-03  -6.9099568e-02  -7.5979228e-02   5.3172313e-04  -4.3526215e-05  -2.5988597e-04   2.8561495e-05   4.7747503e-03   5.7728431e-03   2.8272949e-07   1.8945314e-09   6.7540717e-08   1.5023121e-03  -4.4874883e-02   6.7053130e-03  -2.7197147e-04  -1.6333328e-04   8.6852800e-05   2.2569416e-06   2.0137551e-03   4.4961222e-05   7.3968480e-08   2.6677759e-08   7.5434089e-09
   1.0000000e+00  -1.3375167e-02  -5.3938704e-02  -6.8766477e-02   7.2082295e-04   4.0868993e-04  -2.6226757e-04   1.7889509e-04   2.9093838e-03   4.7288284e-03   5.1958573e-07   1.6702746e-07   6.8784278e-08  -8.0308714e-03   1.5160864e-02   7.2127510e-03   1.8909982e-04   4.5221614e-04  -2.3816000e-06   6.4494895e-05   2.2985180e-04   5.2023777e-05   3.5758742e-08   2.0449944e-07   5.6720186e-12
   1.0000000e+00  -2.6744316e-03  -8.3917383e-02  -4.7440118e-02   2.9329484e-04   1.1596375e-04  -1.3867184e-04   7.1525844e-06   7.0421272e-03   2.2505648e-03   8.6021863e-08   1.3447591e-08   1.9229879e-08   1.0700735e-02  -2.9978679e-02   2.1326359e-02  -4.2752811e-04  -2.9272618e-04   1.2359573e-04   1.1450574e-04   8.9872119e-04   4.5481359e-04   1.8278028e-07   8.5688616e-08   1.5275904e-08
   1.0000000e+00  -7.9713863e-04  -7.7374169e-02  -7.8096069e-02   5.7068358e-04   5.3963599e-04  -2.4127674e-04   6.3543000e-07   5.9867620e-03   6.0989960e-03   3.2567975e-07   2.9120700e-07   5.8214465e-08   1.8772930e-03   6.5432140e-03  -3.0655951e-02   2.7738874e-04   4.2367224e-04  -1.0260490e-04   3.5242289e-06   4.2813649e-05   9.3978733e-04   7.6944513e-08   1.7949817e-07   1.0527766e-08
   1.0000000e+00  -2.3495023e-03  -8.6861396e-02  -5.5615082e-02   3.9861002e-04   2.8067122e-04  -2.4190230e-04   5.5201611e-06   7.5449021e-03   3.0930373e-03   1.5888995e-07   7.8776334e-08   5.8516723e-08  -1.5523637e-03  -9.4872270e-03   2.2480987e-02  -1.7207356e-04  -2.5896477e-04  -6.2556000e-07   2.4098330e-06   9.0007476e-05   5.0539478e-04   2.9609310e-08   6.7062752e-08   3.9132531e-13
   1.0000000e+00   4.3818790e-03  -1.0487700e-01  -6.0756434e-02   8.0275800e-04   6.2101790e-04  -3.4099976e-04   1.9200864e-05   1.0999185e-02   3.6913443e-03   6.4442041e-07   3.8566323e-07   1.1628084e-07   6.7313813e-03  -1.8015604e-02  -5.1413520e-03   4.0414798e-04   3.4034668e-04  -9.9097460e-05   4.5311494e-05   3.2456199e-04   2.6433500e-05   1.6333559e-07   1.1583586e-07   9.8203066e-09
   1.0000000e+00  -2.5298290e-03  -9.2174671e-02  -6.1930469e-02   6.5268173e-04   3.9877016e-04  -1.9457819e-04   6.4000348e-06   8.4961700e-03   3.8353830e-03   4.2599344e-07   1.5901764e-07   3.7860672e-08  -6.9117080e-03   1.2702329e-02  -1.1740350e-03  -1.5007627e-04  -2.2224774e-04   1.4642157e-04   4.7771707e-05   1.6134916e-04   1.3783582e-06   2.2522887e-08   4.9394058e-08   2.1439276e-08
   1.0000000e+00   8.9778375e-03  -1.0038854e-01  -4.8727265e-02   1.5378218e-04   4.5492664e-04  -1.9216018e-04   8.0601566e-05   1.0077859e-02   2.3743464e-03   2.3648959e-08   2.0695825e-07   3.6925535e-08   1.1507666e-02  -8.2138690e-03   1.3203204e-02  -4.9889955e-04   5.6156480e-05   2.4180100e-06   1.3242639e-04   6.7467644e-05   1.7432460e-04   2.4890076e-07   3.1535502e-09   5.8467724e-12
   1.0000000e+00   2.0713567e-02  -9.3767920e-02  -6.7326504e-02   1.0596563e-03   3.2231480e-04  -5.1147001e-05   4.2905186e-04   8.7924228e-03   4.5328581e-03   1.1228715e-06   1.0388683e-07   2.6160157e-09   1.1735729e-02   6.6206200e-03  -1.8599239e-02   9.0587412e-04  -1.3261184e-04   1.4101318e-04   1.3772735e-04   4.3832609e-05   3.4593169e-04   8.2060792e-07   1.7585900e-08   1.9884717e-08
   1.0000000e+00   3.7414846e-02  -9.5406508e-02  -5.0436451e-02   5.1607094e-04   2.4677922e-04   1.3978293e-04   1.3998707e-03   9.1024018e-03   2.5438356e-03   2.6632922e-07   6.0899983e-08   1.9539268e-08   1.6701279e-02  -1.6385880e-03   1.6890053e-02  -5.4358536e-04  -7.5535580e-05   1.9092993e-04   2.7893272e-04   2.6849706e-06   2.8527389e-04   2.9548504e-07   5.7056238e-09   3.6454239e-08
   1.0000000e+00   2.3395639e-02  -8.2483442e-02  -7.1064792e-02   1.5465203e-03   5.6318320e-04   9.1976477e-05   5.4735592e-04   6.8035182e-03   5.0502047e-03   2.3917250e-06   3.1717532e-07   8.4596723e-09  -1.4019207e-02   1.2923066e-02  -2.0628341e-02   1.0304494e-03   3.1640398e-04  -4.7806453e-05   1.9653816e-04   1.6700563e-04   4.2552845e-04   1.0618259e-06   1.0011148e-07   2.2854569e-09
   1.0000000e+00   4.0809690e-02  -1.2146656e-01  -4.2750072e-02   6.6922404e-04   2.1728645e-04   3.3504238e-04   1.6654308e-03   1.4754125e-02   1.8275687e-03   4.4786082e-07   4.7213401e-08   1.1225340e-07   1.7414051e-02  -3.8983118e-02   2.8314720e-02  -8.7729626e-04  -3.4589675e-04   2.4306590e-04   3.0324917e-04   1.5196835e-03   8.0172337e-04   7.6964873e-07   1.1964456e-07   5.9081033e-08
   1.0000000e+00   3.7602106e-02  -1.1313847e-01  -4.9446209e-02   9.0212810e-04   4.3750898e-04   3.2864056e-04   1.4139184e-03   1.2800313e-02   2.4449276e-03   8.1383511e-07   1.9141411e-07   1.0800462e-07  -3.2075840e-03   8.3280900e-03  -6.6961370e-03   2.3290406e-04   2.2022253e-04  -6.4018200e-06   1.0288595e-05   6.9357083e-05   4.4838251e-05   5.4244301e-08   4.8497963e-08   4.0983299e-11
   1.0000000e+00   3.2790440e-02  -1.2968087e-01  -5.4560128e-02   1.2981468e-03   2.0951437e-04   4.8571213e-05   1.0752130e-03   1.6817128e-02   2.9768076e-03   1.6851851e-06   4.3896271e-08   2.3591627e-09  -4.8116660e-03  -1.6542400e-02  -5.1139190e-03   3.9601870e-04  -2.2799461e-04  -2.8006935e-04   2.3152130e-05   2.7365100e-04   2.6152168e-05   1.5683081e-07   5.1981542e-08   7.8438839e-08
   1.0000000e+00   3.8330014e-02  -1.2607725e-01  -5.7212404e-02   4.4202405e-04   4.8213624e-04  -1.5441061e-04   1.4691900e-03   1.5895473e-02   3.2732592e-03   1.9538526e-07   2.3245535e-07   2.3842636e-08   5.5395740e-03   3.6036200e-03  -2.6522760e-03  -8.5612275e-04   2.7262187e-04  -2.0298182e-04   3.0686880e-05   1.2986077e-05   7.0345680e-06   7.3294616e-07   7.4322684e-08   4.1201620e-08
   1.0000000e+00   4.2278574e-02  -1.4569402e-01  -4.3419365e-02   1.4675361e-03   2.0637991e-04   8.9095453e-05   1.7874778e-03   2.1226747e-02   1.8852413e-03   2.1536622e-06   4.2592667e-08   7.9379997e-09   3.9485600e-03  -1.9616770e-02   1.3793039e-02   1.0255120e-03  -2.7575633e-04   2.4350606e-04   1.5591126e-05   3.8481767e-04   1.9024792e-04   1.0516750e-06   7.6041554e-08   5.9295203e-08
   1.0000000e+00   3.6610652e-02  -1.4798604e-01  -1.8670146e-02   3.7222112e-04   3.3156799e-04   9.6626328e-05   1.3403398e-03   2.1899868e-02   3.4857435e-04   1.3854856e-07   1.0993733e-07   9.3366473e-09  -5.6679220e-03  -2.2920200e-03   2.4749219e-02  -1.0953150e-03   1.2518808e-04   7.5308750e-06   3.2125340e-05   5.2533557e-06   6.1252384e-04   1.1997149e-06   1.5672055e-08   5.6714078e-11
   1.0000000e+00   4.2997811e-02  -1.2495222e-01  -5.1737573e-02   7.2616884e-04   1.4384106e-04   3.1675124e-04   1.8488118e-03   1.5613057e-02   2.6767765e-03   5.2732118e-07   2.0690251e-08   1.0033135e-07   6.3871590e-03   2.3033820e-02  -3.3067427e-02   3.5394772e-04  -1.8772693e-04   2.2012491e-04   4.0795800e-05   5.3055686e-04   1.0934547e-03   1.2527899e-07   3.5241400e-08   4.8454977e-08
   1.0000000e+00   4.6253535e-02  -1.5226481e-01  -7.5308725e-02   1.0738269e-03   2.5650133e-04   1.1362460e-04   2.1393895e-03   2.3184572e-02   5.6714041e-03   1.1531042e-06   6.5792932e-08   1.2910550e-08   3.2557240e-03  -2.7312590e-02  -2.3571152e-02   3.4765806e-04   1.1266027e-04  -2.0312664e-04   1.0599739e-05   7.4597757e-04   5.5559921e-04   1.2086613e-07   1.2692336e-08   4.1260432e-08
   1.0000000e+00   4.8635803e-02  -1.3884346e-01  -9.3568941e-02   1.9391091e-03   2.9232546e-04   3.6569280e-04   2.3654413e-03   1.9277506e-02   8.7551467e-03   3.7601441e-06   8.5454175e-08   1.3373122e-07   2.3822680e-03   1.3421350e-02  -1.8260216e-02   8.6528220e-04   3.5824130e-05   2.5206820e-04   5.6752008e-06   1.8013264e-04   3.3343549e-04   7.4871329e-07   1.2833683e-09   6.3538377e-08
   1.0000000e+00   4.0616274e-02  -1.7786354e-01  -7.4231023e-02   1.6478101e-03   2.3117998e-04   1.7743922e-04   1.6496817e-03   3.1635439e-02   5.5102448e-03   2.7152781e-06   5.3444183e-08   3.1484677e-08  -8.0195290e-03  -3.9020080e-02   1.9337918e-02  -2.9129900e-04  -6.1145480e-05  -1.8825358e-04   6.4312845e-05   1.5225666e-03   3.7395507e-04   8.4855107e-08   3.7387697e-09   3.5439410e-08
   1.0000000e+00   4.2349959e-02  -1.5405344e-01  -9.6872075e-02   1.9030707e-03   4.2102752e-04   3.7584209e-04   1.7935190e-03   2.3732462e-02   9.3841989e-03   3.6216781e-06   1.7726417e-07   1.4125728e-07   1.7336850e-03   2.3810100e-02  -2.2641052e-02   2.5526060e-04   1.8984754e-04   1.9840287e-04   3.0056637e-06   5.6692086e-04   5.1261724e-04   6.5157974e-08   3.6042088e-08   3.9363699e-08
   1.0000000e+00   4.3184749e-02  -1.8754445e-01  -7.1622643e-02   1.4857188e-03   2.1200394e-04   2.6276678e-04   1.8649225e-03   3.5172921e-02   5.1298030e-03   2.2073604e-06   4.4945671e-08   6.9046381e-08   8.3479000e-04  -3.3491010e-02   2.5249432e-02  -4.1735190e-04  -2.0902358e-04  -1.1307531e-04   6.9687434e-07   1.1216478e-03   6.3753382e-04   1.7418261e-07   4.3690857e-08   1.2786026e-08
   1.0000000e+00   4.6775860e-02  -1.8263141e-01  -8.3378930e-02   1.5793189e-03   5.3710347e-04   4.2521824e-04   2.1879811e-03   3.3354232e-02   6.9520460e-03   2.4942482e-06   2.8848014e-07   1.8081055e-07   3.5911110e-03   4.9130400e-03  -1.1756287e-02   9.3600100e-05   3.2509953e-04   1.6245146e-04   1.2896078e-05   2.4137962e-05   1.3821028e-04   8.7609787e-09   1.0568970e-07   2.6390477e-08
   1.0000000e+00   3.5257166e-02  -2.2693106e-01  -6.7083056e-02   1.0955791e-03   1.7919589e-04   2.1326019e-04   1.2430678e-03   5.1497706e-02   4.5001364e-03   1.2002936e-06   3.2111167e-08   4.5479909e-08  -1.1518694e-02  -4.4299650e-02   1.6295874e-02  -4.8373980e-04  -3.5790758e-04  -2.1195805e-04   1.3268031e-04   1.9624590e-03   2.6555551e-04   2.3400419e-07   1.2809784e-07   4.4926215e-08
   1.0000000e+00   1.8805086e-02  -2.3744598e-01  -7.9816671e-02   1.1653049e-03   6.2610243e-04   4.8176204e-05   3.5363126e-04   5.6380593e-02   6.3707010e-03   1.3579355e-06   3.9200425e-07   2.3209466e-09  -1.6452080e-02  -1.0514920e-02  -1.2733615e-02   6.9725800e-05   4.4690654e-04  -1.6508399e-04   2.7067094e-04   1.1056354e-04   1.6214495e-04   4.8616872e-09   1.9972546e-07   2.7252722e-08
   1.0000000e+00   2.8553586e-02  -2.2524670e-01  -7.9365367e-02   1.0623232e-03   4.3364453e-04   2.4974407e-04   8.1530727e-04   5.0736076e-02   6.2988615e-03   1.1285306e-06   1.8804758e-07   6.2372101e-08   9.7485000e-03   1.2199280e-02   4.5130400e-04  -1.0298170e-04  -1.9245790e-04   2.0156787e-04   9.5033252e-05   1.4882243e-04   2.0367530e-07   1.0605231e-08   3.7040043e-08   4.0629605e-08
   1.0000000e+00   3.2290605e-02  -2.3846259e-01  -8.9973214e-02   8.1074021e-04   7.3216171e-04   1.7282535e-04   1.0426832e-03   5.6864407e-02   8.0951792e-03   6.5729969e-07   5.3606077e-07   2.9868602e-08   3.7370190e-03  -1.3215890e-02  -1.0607847e-02  -2.5158299e-04   2.9851718e-04  -7.6918720e-05   1.3965311e-05   1.7465975e-04   1.1252642e-04   6.3294001e-08   8.9112507e-08   5.9164895e-09
   1.0000000e+00   3.7891769e-02  -2.1301874e-01  -1.0002318e-01   1.9987842e-03   5.2121421e-04   1.3225130e-04   1.4357862e-03   4.5376984e-02   1.0004637e-02   3.9951383e-06   2.7166425e-07   1.7490406e-08   5.6011640e-03   2.5443850e-02  -1.0049966e-02   1.1880440e-03  -2.1094750e-04  -4.0574050e-05   3.1373038e-05   6.4738950e-04   1.0100182e-04   1.4114485e-06   4.4498848e-08   1.6462535e-09
   1.0000000e+00   3.0782692e-02  -2.3796426e-01  -6.0195848e-02   1.3195774e-03   5.2315810e-04   1.9784747e-06   9.4757413e-04   5.6626989e-02   3.6235401e-03   1.7412845e-06   2.7369440e-07   3.9143621e-12  -7.1090770e-03  -2.4945520e-02   3.9827332e-02  -6.7920680e-04   1.9438900e-06  -1.3027283e-04   5.0538976e-05   6.2227897e-04   1.5862164e-03   4.6132188e-07   3.7787083e-12   1.6971009e-08
   1.0000000e+00   2.7470775e-02  -2.0015576e-01  -8.0334534e-02   2.5069999e-03   5.3476697e-04   1.8601049e-04   7.5464348e-04   4.0062328e-02   6.4536374e-03   6.2850485e-06   2.8597571e-07   3.4599902e-08  -3.3119170e-03   3.7808500e-02  -2.0138686e-02   1.1874225e-03   1.1608870e-05   1.8403202e-04   1.0968794e-05   1.4294827e-03   4.0556667e-04   1.4099722e-06   1.3476586e-10   3.3867783e-08
   1.0000000e+00   2.6240628e-02  -2.4968652e-01  -5.7124716e-02   1.2262870e-03   5.7372121e-04  -2.0446485e-05   6.8857056e-04   6.2343358e-02   3.2632332e-03   1.5037798e-06   3.2915603e-07   4.1805875e-10  -1.2301470e-03  -4.9530760e-02   2.3209818e-02  -1.2807129e-03   3.8954240e-05  -2.0645697e-04   1.5132616e-06   2.4532962e-03   5.3869565e-04   1.6402255e-06   1.5174328e-09   4.2624483e-08
   1.0000000e+00   2.0842933e-02  -2.2515132e-01  -7.4898806e-02   2.3535493e-03   5.8908698e-04   8.9932506e-05   4.3442786e-04   5.0693117e-02   5.6098311e-03   5.5391943e-06   3.4702347e-07   8.0878556e-09  -5.3976950e-03   2.4535200e-02  -1.7774090e-02   1.1272623e-03   1.5365770e-05   1.1037899e-04   2.9135111e-05   6.0197604e-04   3.1591828e-04   1.2707203e-06   2.3610689e-10   1.2183522e-08
   1.0000000e+00   2.0899610e-02  -2.6939579e-01  -6.4213917e-02   1.4704275e-03   4.3092535e-04  -2.9089354e-05   4.3679370e-04   7.2574092e-02   4.1234271e-03   2.1621570e-06   1.8569666e-07   8.4619052e-10   5.6677000e-05  -4.4244470e-02   1.0684889e-02  -8.8312180e-04  -1.5816163e-04  -1.1902186e-04   3.2122823e-09   1.9575731e-03   1.1416685e-04   7.7990411e-07   2.5015101e-08   1.4166203e-08
   1.0000000e+00   2.3140647e-02  -2.2238791e-01  -8.2186164e-02   3.1788602e-03   4.7819095e-04   1.1680170e-04   5.3548954e-04   4.9456383e-02   6.7545656e-03   1.0105152e-05   2.2866658e-07   1.3642637e-08   2.2410370e-03   4.7007880e-02  -1.7972247e-02   1.7084327e-03   4.7265600e-05   1.4589105e-04   5.0222468e-06   2.2097408e-03   3.2300166e-04   2.9187423e-06   2.2340369e-09   2.1284200e-08
   1.0000000e+00  -9.6602805e-03  -2.8681185e-01  -5.0769847e-02   1.5490483e-03   5.5565627e-04  -4.2784980e-04   9.3321019e-05   8.2261037e-02   2.5775774e-03   2.3995506e-06   3.0875389e-07   1.8305545e-07  -3.2800928e-02  -6.4423940e-02   3.1416317e-02  -1.6298119e-03   7.7465320e-05  -5.4465150e-04   1.0759008e-03   4.1504440e-03   9.8698497e-04   2.6562868e-06   6.0008758e-09   2.9664526e-07
   1.0000000e+00   1.4845503e-03  -2.7803783e-01  -4.6545538e-02   8.7356698e-04   6.1492759e-04  -1.8871493e-04   2.2038896e-06   7.7305035e-02   2.1664871e-03   7.6311927e-07   3.7813594e-07   3.5613325e-08   1.1144831e-02   8.7740200e-03   4.2243090e-03  -6.7548132e-04   5.9271320e-05   2.3913487e-04   1.2420725e-04   7.6983427e-05   1.7844787e-05   4.5627501e-07   3.5130894e-09   5.7185486e-08
   1.0000000e+00  -2.1013105e-02  -2.9482394e-01  -1.5206863e-02   6.9958141e-04   5.7606138e-04  -8.3909930e-04   4.4155058e-04   8.6921156e-02   2.3124868e-04   4.8941415e-07   3.3184671e-07   7.0408764e-07  -2.2497655e-02  -1.6786110e-02   3.1338675e-02  -1.7398557e-04  -3.8866210e-05  -6.5038437e-04   5.0614449e-04   2.8177349e-04   9.8211255e-04   3.0270979e-08   1.5105823e-09   4.2299983e-07
   1.0000000e+00  -2.3118985e-02  -3.2694468e-01  -8.0515028e-02   1.5668772e-03   3.7715866e-04  -8.5982686e-04   5.3448747e-04   1.0689282e-01   6.4826697e-03   2.4551042e-06   1.4224865e-07   7.3930223e-07  -2.1058800e-03  -3.2120740e-02  -6.5308165e-02   8.6729579e-04  -1.9890272e-04  -2.0727560e-05   4.4347306e-06   1.0317419e-03   4.2651564e-03   7.5220199e-07   3.9562292e-08   4.2963174e-10
   1.0000000e+00  -2.6956909e-02  -3.3911618e-01  -4.3922323e-02   1.1726963e-03   5.6120340e-04  -1.0638835e-03   7.2667494e-04   1.1499978e-01   1.9291705e-03   1.3752166e-06   3.1494926e-07   1.1318481e-06  -3.8379240e-03  -1.2171500e-02   3.6592705e-02  -3.9418090e-04   1.8404474e-04  -2.0405664e-04   1.4729661e-05   1.4814541e-04   1.3390261e-03   1.5537858e-07   3.3872466e-08   4.1639112e-08
   1.0000000e+00  -4.4213853e-02  -3.6307318e-01  -1.0326801e-01   1.8289552e-03   3.4201836e-04  -1.2691230e-03   1.9548648e-03   1.3182213e-01   1.0664282e-02   3.3450771e-06   1.1697656e-07   1.6106732e-06  -1.7256944e-02  -2.3957000e-02  -5.9345687e-02   6.5625890e-04  -2.1918504e-04  -2.0523950e-04   2.9780212e-04   5.7393785e-04   3.5219106e-03   4.3067574e-07   4.8042082e-08   4.2123252e-08
   1.0000000e+00  -5.2170713e-02  -3.7140555e-01  -5.0739624e-02   8.8087112e-04   6.5647678e-04  -1.5109703e-03   2.7217833e-03   1.3794208e-01   2.5745094e-03   7.7593393e-07   4.3096176e-07   2.2830312e-06  -7.9568600e-03  -8.3323700e-03   5.2528386e-02  -9.4808408e-04   3.1445842e-04  -2.4184730e-04   6.3311621e-05   6.9428390e-05   2.7592313e-03   8.9886342e-07   9.8884098e-08   5.8490117e-08
   1.0000000e+00  -8.5468137e-02  -3.7848996e-01  -1.1145638e-01   1.2089701e-03   6.0094948e-04  -1.9131097e-03   7.3048024e-03   1.4325465e-01   1.2422525e-02   1.4616087e-06   3.6114028e-07   3.6599887e-06  -3.3297424e-02  -7.0844100e-03  -6.0716756e-02   3.2809898e-04  -5.5527300e-05  -4.0213940e-04   1.1087184e-03   5.0188865e-05   3.6865245e-03   1.0764894e-07   3.0832810e-09   1.6171610e-07
   1.0000000e+00  -8.3237436e-02  -3.9468656e-01  -1.0001230e-01   1.2407793e-03   7.6411480e-04  -2.2369752e-03   6.9284708e-03   1.5577748e-01   1.0002460e-02   1.5395333e-06   5.8387143e-07   5.0040580e-06   2.2307010e-03  -1.6196600e-02   1.1444080e-02   3.1809200e-05   1.6316532e-04  -3.2386550e-04   4.9760270e-06   2.6232985e-04   1.3096697e-04   1.0118252e-09   2.6622922e-08   1.0488886e-07
   1.0000000e+00  -8.3319948e-02  -3.6761223e-01  -1.3320605e-01   1.2908614e-03   7.8296446e-04  -1.9966010e-03   6.9422137e-03   1.3513875e-01   1.7743852e-02   1.6663232e-06   6.1303335e-07   3.9864156e-06  -8.2512000e-05   2.7074330e-02  -3.3193750e-02   5.0082100e-05   1.8849660e-05   2.4037420e-04   6.8082301e-09   7.3301934e-04   1.1018250e-03   2.5082167e-09   3.5530968e-10   5.7779756e-08
   1.0000000e+00  -7.3262026e-02  -3.9626124e-01  -9.2048024e-02   1.6270392e-03   7.5868195e-04  -1.8681215e-03   5.3673245e-03   1.5702297e-01   8.4728387e-03   2.6472566e-06   5.7559830e-07   3.4898779e-06   1.0057922e-02  -2.8649010e-02   4.1158026e-02   3.3617780e-04  -2.4282510e-05   1.2847950e-04   1.0116179e-04   8.2076577e-04   1.6939831e-03   1.1301551e-07   5.8964029e-10   1.6506982e-08
   1.0000000e+00  -7.0776227e-02  -3.6690838e-01  -1.1214413e-01   1.4947601e-03   9.4582202e-04  -1.8654977e-03   5.0092743e-03   1.3462176e-01   1.2576306e-02   2.2343078e-06   8.9457929e-07   3.4800817e-06   2.4857990e-03   2.9352860e-02  -2.0096106e-02  -1.3227910e-04   1.8714007e-04   2.6238000e-06   6.1791967e-06   8.6159039e-04   4.0385348e-04   1.7497760e-08   3.5021406e-08   6.8843264e-12
   1.0000000e+00  -4.6436761e-02  -3.5221536e-01  -1.5854692e-01   2.2329510e-03   6.6403606e-04  -1.3824883e-03   2.1563728e-03   1.2405566e-01   2.5137126e-02   4.9860702e-06   4.4094389e-07   1.9112739e-06   2.4339466e-02   1.4693020e-02  -4.6402790e-02   7.3819090e-04  -2.8178596e-04   4.8300940e-04   5.9240961e-04   2.1588484e-04   2.1532189e-03   5.4492580e-07   7.9403327e-08   2.3329808e-07
   1.0000000e+00  -6.4823780e-02  -3.1827406e-01  -1.3237985e-01   2.8977072e-03   8.5303851e-04  -1.6658908e-03   4.2021225e-03   1.0129838e-01   1.7524425e-02   8.3967070e-06   7.2767470e-07   2.7751922e-06  -1.8387019e-02   3.3941300e-02   2.6167070e-02   6.6475620e-04   1.8900245e-04  -2.8340250e-04   3.3808247e-04   1.1520118e-03   6.8471555e-04   4.4190081e-07   3.5721926e-08   8.0316977e-08
   1.0000000e+00  -6.9540440e-02  -3.7794054e-01  -9.2437674e-02   1.9708494e-03   1.3039925e-03  -2.0887808e-03   4.8358728e-03   1.4283905e-01   8.5447236e-03   3.8842474e-06   1.7003964e-06   4.3630052e-06  -4.7166600e-03  -5.9666480e-02   3.9942176e-02  -9.2685780e-04   4.5095399e-04  -4.2289000e-04   2.2246882e-05   3.5600888e-03   1.5953774e-03   8.5906538e-07   2.0335950e-07   1.7883595e-07
   1.0000000e+00  -5.3331832e-02  -3.6679321e-01  -1.0521627e-01   2.4941183e-03   1.5105883e-03  -1.7422761e-03   2.8442843e-03   1.3453726e-01   1.1070463e-02   6.2206261e-06   2.2818770e-06   3.0355260e-06   1.6208608e-02   1.1147330e-02  -1.2778596e-02   5.2326890e-04   2.0659580e-04   3.4650470e-04   2.6271897e-04   1.2426297e-04   1.6329252e-04   2.7381034e-07   4.2681825e-08   1.2006551e-07
   1.0000000e+00  -5.9761799e-02  -3.8961384e-01  -1.0476679e-01   2.2859749e-03   1.5153877e-03  -1.8978499e-03   3.5714726e-03   1.5179894e-01   1.0976080e-02   5.2256812e-06   2.2963999e-06   3.6018342e-06  -6.4299670e-03  -2.2820630e-02   4.4948000e-04  -2.0814340e-04   4.7994000e-06  -1.5557380e-04   4.1344476e-05   5.2078115e-04   2.0203227e-07   4.3323675e-08   2.3034240e-11   2.4203207e-08
   1.0000000e+00  -6.5145139e-02  -3.8934548e-01  -8.8389121e-02   2.1717262e-03   1.3302988e-03  -2.0673532e-03   4.2438891e-03   1.5158990e-01   7.8126367e-03   4.7163947e-06   1.7696949e-06   4.2739493e-06  -5.3833400e-03   2.6836000e-04   1.6377669e-02  -1.1424870e-04  -1.8508890e-04  -1.6950330e-04   2.8980350e-05   7.2017090e-08   2.6822804e-04   1.3052765e-08   3.4257901e-08   2.8731369e-08
   1.0000000e+00  -6.2380986e-02  -3.6665343e-01  -1.3093088e-01   3.1519410e-03   1.3724649e-03  -1.8470574e-03   3.8913874e-03   1.3443474e-01   1.7142895e-02   9.9347321e-06   1.8836599e-06   3.4116210e-06   2.7641530e-03   2.2692050e-02  -4.2541759e-02   9.8021480e-04   4.2166100e-05   2.2029580e-04   7.6405418e-06   5.1492913e-04   1.8098013e-03   9.6082105e-07   1.7779800e-09   4.8530239e-08
   1.0000000e+00  -9.2196376e-02  -3.7181415e-01  -1.1997680e-01   3.4274424e-03   1.8767021e-03  -2.4535243e-03   8.5001717e-03   1.3824576e-01   1.4394433e-02   1.1747361e-05   3.5220108e-06   6.0197815e-06  -2.9815390e-02  -5.1607200e-03   1.0954080e-02   2.7550140e-04   5.0423720e-04  -6.0646690e-04   8.8895748e-04   2.6633031e-05   1.1999187e-04   7.5901021e-08   2.5425515e-07   3.6780210e-07
   1.0000000e+00  -8.3361796e-02  -4.0540047e-01  -1.0313489e-01   2.8147500e-03   1.1356210e-03  -2.3218904e-03   6.9491890e-03   1.6434954e-01   1.0636806e-02   7.9228176e-06   1.2896351e-06   5.3911750e-06   8.8345800e-03  -3.3586320e-02   1.6841910e-02  -6.1269240e-04  -7.4108110e-04   1.3163390e-04   7.8049804e-05   1.1280409e-03   2.8364993e-04   3.7539198e-07   5.4920120e-07   1.7327484e-08
   1.0000000e+00  -9.3886851e-02  -4.1767204e-01  -1.0269882e-01   2.1758277e-03   1.4425467e-03  -2.4821175e-03   8.8147408e-03   1.7444993e-01   1.0547048e-02   4.7342262e-06   2.0809410e-06   6.1609073e-06  -1.0525055e-02  -1.2271570e-02   4.3607000e-04  -6.3892230e-04   3.0692570e-04  -1.6022710e-04   1.1077678e-04   1.5059143e-04   1.9015704e-07   4.0822171e-07   9.4203385e-08   2.5672724e-08
   1.0000000e+00  -7.7051728e-02  -4.6421021e-01  -9.5235885e-02   2.2181611e-03   7.4363940e-04  -1.9554907e-03   5.9369688e-03   2.1549112e-01   9.0698738e-03   4.9202387e-06   5.5299956e-07   3.8239439e-06   1.6835123e-02  -4.6538170e-02   7.4629350e-03   4.2333400e-05  -6.9890730e-04   5.2662680e-04   2.8342137e-04   2.1658013e-03   5.5695399e-05   1.7921168e-09   4.8847141e-07   2.7733579e-07
   1.0000000e+00  -8.3807374e-02  -4.3178091e-01  -8.9507276e-02   1.9649479e-03   1.2800011e-03  -2.4644346e-03   7.0236759e-03   1.8643475e-01   8.0115525e-03   3.8610202e-06   1.6384028e-06   6.0734379e-06  -6.7556460e-03   3.2429300e-02   5.7286090e-03  -2.5321320e-04   5.3636170e-04  -5.0894390e-04   4.5638753e-05   1.0516595e-03   3.2816961e-05   6.4116925e-08   2.8768387e-07   2.5902389e-07
   1.0000000e+00  -8.7423921e-02  -4.8657856e-01  -7.9536899e-02   2.3959908e-03   6.8447291e-04  -2.3455988e-03   7.6429420e-03   2.3675870e-01   6.3261183e-03   5.7407719e-06   4.6850316e-07   5.5018337e-06  -3.6165470e-03  -5.4797650e-02   9.9703770e-03   4.3104290e-04  -5.9552819e-04   1.1883580e-04   1.3079412e-05   3.0027824e-03   9.9408418e-05   1.8579798e-07   3.5465383e-07   1.4121947e-08
   1.0000000e+00  -8.3191580e-02  -4.6433654e-01  -8.9918214e-02   2.4494537e-03   9.2808250e-04  -2.3611894e-03   6.9208390e-03   2.1560842e-01   8.0852852e-03   5.9998234e-06   8.6133713e-07   5.5752154e-06   4.2323410e-03   2.2242020e-02  -1.0381315e-02   5.3462900e-05   2.4360959e-04  -1.5590600e-05   1.7912710e-05   4.9470745e-04   1.0777170e-04   2.8582817e-09   5.9345632e-08   2.4306681e-10
   1.0000000e+00  -8.3426088e-02  -4.8307353e-01  -8.8422345e-02   2.9580153e-03   8.0738085e-04  -2.2057627e-03   6.9599122e-03   2.3336004e-01   7.8185111e-03   8.7498545e-06   6.5186384e-07   4.8653891e-06  -2.3450800e-04  -1.8736990e-02   1.4958690e-03   5.0856160e-04  -1.2070165e-04   1.5542670e-04   5.4994002e-08   3.5107479e-04   2.2376241e-06   2.5863490e-07   1.4568888e-08   2.4157459e-08
   1.0000000e+00  -7.8031971e-02  -4.8658518e-01  -1.0000654e-01   2.2341950e-03   1.0140184e-03  -2.1961323e-03   6.0889885e-03   2.3676514e-01   1.0001308e-02   4.9916273e-06   1.0282333e-06   4.8229971e-06   5.3941170e-03  -3.5116500e-03  -1.1584195e-02  -7.2382030e-04   2.0663755e-04   9.6304000e-06   2.9096498e-05   1.2331686e-05   1.3419357e-04   5.2391583e-07   4.2699077e-08   9.2744604e-11
   1.0000000e+00  -9.4265512e-02  -4.5293716e-01  -1.0522856e-01   2.7532567e-03   6.9939198e-04  -2.3502855e-03   8.8859868e-03   2.0515207e-01   1.1073050e-02   7.5804225e-06   4.8914914e-07   5.5238419e-06  -1.6233541e-02   3.3648020e-02  -5.2220200e-03   5.1906170e-04  -3.1462642e-04  -1.5415320e-04   2.6352785e-04   1.1321892e-03   2.7269493e-05   2.6942505e-07   9.8989784e-08   2.3763209e-08
   1.0000000e+00  -8.9607713e-02  -4.5717954e-01  -9.9889467e-02   2.5783993e-03   7.7499152e-04  -2.3522138e-03   8.0295422e-03   2.0901313e-01   9.9779056e-03   6.6481430e-06   6.0061186e-07   5.5329098e-06   4.6577990e-03  -4.2423800e-03   5.3390930e-03  -1.7485740e-04   7.5599540e-05  -1.9283000e-06   2.1695092e-05   1.7997788e-05   2.8505914e-05   3.0575110e-08   5.7152904e-09   3.7183409e-12
   1.0000000e+00  -7.9471575e-02  -4.1908116e-01  -1.5296248e-01   4.0417434e-03   8.5019672e-04  -2.1107528e-03   6.3157312e-03   1.7562902e-01   2.3397520e-02   1.6335690e-05   7.2283446e-07   4.4552774e-06   1.0136138e-02   3.8098380e-02  -5.3073013e-02   1.4633441e-03   7.5205200e-05   2.4146100e-04   1.0274129e-04   1.4514866e-03   2.8167447e-03   2.1413760e-06   5.6558221e-09   5.8303415e-08
   1.0000000e+00  -8.8237616e-02  -4.7467228e-01  -8.3306792e-02   2.7642451e-03   1.3170761e-03  -2.6771531e-03   7.7858769e-03   2.2531377e-01   6.9400216e-03   7.6410510e-06   1.7346895e-06   7.1671487e-06  -8.7660410e-03  -5.5591120e-02   6.9655688e-02  -1.2774983e-03   4.6687938e-04  -5.6640030e-04   7.6843475e-05   3.0903726e-03   4.8519149e-03   1.6320019e-06   2.1797636e-07   3.2080930e-07
   1.0000000e+00  -8.1099289e-02  -5.2014966e-01  -8.7313603e-02   2.8201576e-03   8.7105295e-04  -2.3581066e-03   6.5770947e-03   2.7055567e-01   7.6236653e-03   7.9532889e-06   7.5873324e-07   5.5606667e-06   7.1383270e-03  -4.5477380e-02  -4.0068110e-03   5.5912500e-05  -4.4602315e-04   3.1904650e-04   5.0955712e-05   2.0681921e-03   1.6054534e-05   3.1262077e-09   1.9893665e-07   1.0179067e-07
   1.0000000e+00  -8.6696576e-02  -5.1881914e-01  -7.0320818e-02   2.0926748e-03   1.0853758e-03  -2.5503948e-03   7.5162963e-03   2.6917330e-01   4.9450174e-03   4.3792878e-06   1.1780406e-06   6.5045136e-06  -5.5972870e-03   1.3305200e-03   1.6992785e-02  -7.2748280e-04   2.1432285e-04  -1.9228820e-04   3.1329622e-05   1.7702835e-06   2.8875474e-04   5.2923122e-07   4.5934284e-08   3.6974752e-08
   1.0000000e+00  -8.8277980e-02  -5.3091049e-01  -1.1830338e-01   2.8712826e-03   5.6338676e-04  -2.3940916e-03   7.7930018e-03   2.8186595e-01   1.3995690e-02   8.2442638e-06   3.1740464e-07   5.7316746e-06  -1.5814040e-03  -1.2091350e-02  -4.7982562e-02   7.7860780e-04  -5.2198904e-04   1.5630320e-04   2.5008386e-06   1.4620074e-04   2.3023263e-03   6.0623011e-07   2.7247256e-07   2.4430690e-08
   1.0000000e+00  -8.8258335e-02  -5.4248805e-01  -1.1149273e-01   2.9211837e-03   7.0183535e-04  -2.5419503e-03   7.7895337e-03   2.9429328e-01   1.2430629e-02   8.5333142e-06   4.9257286e-07   6.4615113e-06   1.9645000e-05  -1.1577560e-02   6.8106500e-03   4.9901100e-05   1.3844859e-04  -1.4785870e-04   3.8592603e-10   1.3403990e-04   4.6384953e-05   2.4901198e-09   1.9168012e-08   2.1862195e-08
   1.0000000e+00  -9.2104147e-02  -5.4785693e-01  -1.0637109e-01   3.3631141e-03   4.8456473e-04  -2.5906166e-03   8.4831739e-03   3.0014722e-01   1.1314809e-02   1.1310536e-05   2.3480298e-07   6.7112944e-06  -3.8458120e-03  -5.3688800e-03   5.1216400e-03   4.4193040e-04  -2.1727062e-04  -4.8666300e-05   1.4790270e-05   2.8824872e-05   2.6231196e-05   1.9530248e-07   4.7206522e-08   2.3684088e-09
   1.0000000e+00  -9.5325808e-02  -5.4474034e-01  -1.1532466e-01   3.2824621e-03   7.1081213e-04  -2.4829284e-03   9.0870097e-03   2.9674204e-01   1.3299777e-02   1.0774557e-05   5.0525388e-07   6.1649334e-06  -3.2216610e-03   3.1165900e-03  -8.9535700e-03  -8.0652000e-05   2.2624740e-04   1.0768820e-04   1.0379100e-05   9.7131332e-06   8.0166416e-05   6.5047451e-09   5.1187886e-08   1.1596748e-08
   1.0000000e+00  -8.2288908e-02  -5.3078475e-01  -9.5803217e-02   2.8612450e-03   7.3827356e-04  -2.1941961e-03   6.7714644e-03   2.8173245e-01   9.1782564e-03   8.1867230e-06   5.4504785e-07   4.8144965e-06   1.3036900e-02   1.3955590e-02   1.9521443e-02  -4.2121710e-04   2.7461430e-05   2.8873230e-04   1.6996076e-04   1.9475849e-04   3.8108674e-04   1.7742385e-07   7.5413014e-10   8.3366341e-08
   1.0000000e+00  -9.0749776e-02  -5.5114997e-01  -1.0154204e-01   3.5900574e-03   8.4571391e-04  -2.2943951e-03   8.2355218e-03   3.0376629e-01   1.0310786e-02   1.2888512e-05   7.1523202e-07   5.2642489e-06  -8.4608680e-03  -2.0365220e-02  -5.7388230e-03   7.2881240e-04   1.0744035e-04  -1.0019900e-04   7.1586287e-05   4.1474219e-04   3.2934089e-05   5.3116751e-07   1.1543429e-08   1.0039840e-08
   1.0000000e+00  -7.0662091e-02  -5.4566919e-01  -8.2524670e-02   3.3174128e-03   1.0523204e-03  -2.4359739e-03   4.9931311e-03   2.9775486e-01   6.8103212e-03   1.1005228e-05   1.1073782e-06   5.9339688e-06   2.0087685e-02   5.4807800e-03   1.9017370e-02  -2.7264460e-04   2.0660649e-04  -1.4157880e-04   4.0351509e-04   3.0038949e-05   3.6166036e-04   7.4335078e-08   4.2686242e-08   2.0044557e-08
   1.0000000e+00  -6.0331514e-02  -5.5056523e-01  -1.1649059e-01   4.1596115e-03   8.8855095e-04  -2.0322042e-03   3.6398916e-03   3.0312207e-01   1.3570058e-02   1.7302368e-05   7.8952279e-07   4.1298539e-06   1.0330577e-02  -4.8960400e-03  -3.3965920e-02   8.4219870e-04  -1.6376945e-04   4.0376970e-04   1.0672082e-04   2.3971208e-05   1.1536837e-03   7.0929865e-07   2.6820433e-08   1.6302997e-07
   1.0000000e+00  -7.1841162e-02  -5.5068990e-01  -8.4838020e-02   3.6497272e-03   7.8017511e-04  -2.3060655e-03   5.1611526e-03   3.0325937e-01   7.1974896e-03   1.3320509e-05   6.0867320e-07   5.3179381e-06  -1.1509648e-02  -1.2467000e-04   3.1652570e-02  -5.0988430e-04  -1.0837584e-04  -2.7386130e-04   1.3247200e-04   1.5542609e-08   1.0018852e-03   2.5998200e-07   1.1745323e-08   7.5000012e-08
   1.0000000e+00  -6.5064425e-02  -5.7986252e-01  -9.9774701e-02   3.2055689e-03   7.5672432e-04  -2.3086029e-03   4.2333794e-03   3.3624054e-01   9.9549910e-03   1.0275672e-05   5.7263170e-07   5.3296473e-06   6.7767370e-03  -2.9172620e-02  -1.4936681e-02  -4.4415830e-04  -2.3450790e-05  -2.5374000e-06   4.5924164e-05   8.5104176e-04   2.2310444e-04   1.9727660e-07   5.4993955e-10   6.4383988e-12
   1.0000000e+00  -7.8183842e-02  -5.7354474e-01  -7.8980257e-02   3.1803289e-03   9.0246030e-04  -2.5136918e-03   6.1127131e-03   3.2895357e-01   6.2378810e-03   1.0114492e-05   8.1443459e-07   6.3186465e-06  -1.3119417e-02   6.3177800e-03   2.0794444e-02  -2.5240000e-05   1.4573598e-04  -2.0508890e-04   1.7211910e-04   3.9914344e-05   4.3240890e-04   6.3705760e-10   2.1238976e-08   4.2061457e-08
   1.0000000e+00  -8.7953891e-02  -6.0969049e-01  -1.0547630e-01   3.4423755e-03   7.3186996e-04  -2.7359525e-03   7.7358869e-03   3.7172249e-01   1.1125250e-02   1.1849949e-05   5.3563364e-07   7.4854361e-06  -9.7700490e-03  -3.6145750e-02  -2.6496043e-02   2.6204660e-04  -1.7059034e-04  -2.2226070e-04   9.5453857e-05   1.3065152e-03   7.0204029e-04   6.8668421e-08   2.9101064e-08   4.9399819e-08
   1.0000000e+00  -9.9190271e-02  -6.2025668e-01  -4.9894493e-02   2.8811096e-03   9.2916859e-04  -3.1598603e-03   9.8387099e-03   3.8471835e-01   2.4894604e-03   8.3007925e-06   8.6335427e-07   9.9847171e-06  -1.1236380e-02  -1.0566190e-02   5.5581807e-02  -5.6126590e-04   1.9729863e-04  -4.2390780e-04   1.2625624e-04   1.1164437e-04   3.0893373e-03   3.1501941e-07   3.8926749e-08   1.7969782e-07
   1.0000000e+00  -1.0757942e-01  -6.3897060e-01  -8.2166741e-02   3.5089853e-03   7.1675506e-04  -3.2540492e-03   1.1573332e-02   4.0828343e-01   6.7513733e-03   1.2312978e-05   5.1373782e-07   1.0588836e-05  -8.3891490e-03  -1.8713920e-02  -3.2272248e-02   6.2787570e-04  -2.1241353e-04  -9.4188900e-05   7.0377821e-05   3.5021080e-04   1.0414980e-03   3.9422789e-07   4.5119508e-08   8.8715489e-09
   1.0000000e+00  -1.1398472e-01  -6.2394533e-01  -6.3244416e-02   2.5654213e-03   7.5980992e-04  -3.3190505e-03   1.2992516e-02   3.8930777e-01   3.9998562e-03   6.5813864e-06   5.7731111e-07   1.1016096e-05  -6.4053000e-03   1.5025270e-02   1.8922325e-02  -9.4356400e-04   4.3054860e-05  -6.5001300e-05   4.1027868e-05   2.2575874e-04   3.5805438e-04   8.9031302e-07   1.8537210e-09   4.2251690e-09
   1.0000000e+00  -1.2015341e-01  -6.2397459e-01  -1.0599506e-01   2.9933429e-03   6.4223195e-04  -3.3810415e-03   1.4436842e-02   3.8934429e-01   1.1234953e-02   8.9601017e-06   4.1246188e-07   1.1431442e-05  -6.1686900e-03  -2.9260000e-05  -4.2750644e-02   4.2792160e-04  -1.1757797e-04  -6.1991000e-05   3.8052736e-05   8.5614760e-10   1.8276176e-03   1.8311690e-07   1.3824579e-08   3.8428841e-09
   1.0000000e+00  -1.0780840e-01  -6.5331114e-01  -8.7150556e-02   2.7230211e-03   6.6590314e-04  -3.3512236e-03   1.1622651e-02   4.2681545e-01   7.5952194e-03   7.4148439e-06   4.4342699e-07   1.1230700e-05   1.2345010e-02  -2.9336550e-02   1.8844504e-02  -2.7032180e-04   2.3671190e-05   2.9817900e-05   1.5239927e-04   8.6063317e-04   3.5511533e-04   7.3073876e-08   5.6032524e-10   8.8910716e-10
   1.0000000e+00  -1.0218861e-01  -6.2540104e-01  -1.1153169e-01   3.7608087e-03   6.0819456e-04  -3.0563952e-03   1.0442512e-02   3.9112646e-01   1.2439318e-02   1.4143682e-05   3.6990062e-07   9.3415516e-06   5.6197900e-03   2.7910100e-02  -2.4381134e-02   1.0377876e-03  -5.7708580e-05   2.9482840e-04   3.1582040e-05   7.7897368e-04   5.9443970e-04   1.0770031e-06   3.3302802e-09   8.6923785e-08
   1.0000000e+00  -9.1768454e-02  -6.3938412e-01  -1.0155197e-01   3.5785870e-03   7.0577613e-04  -2.5918140e-03   8.4214491e-03   4.0881205e-01   1.0312803e-02   1.2806285e-05   4.9811995e-07   6.7174998e-06   1.0420156e-02  -1.3983080e-02   9.9797200e-03  -1.8222170e-04   9.7581570e-05   4.6458120e-04   1.0857965e-04   1.9552653e-04   9.9594811e-05   3.3204748e-08   9.5221628e-09   2.1583569e-07
   1.0000000e+00  -9.2613548e-02  -6.1399414e-01  -1.1312396e-01   3.5270546e-03   9.5737646e-04  -2.7361272e-03   8.5772693e-03   3.7698880e-01   1.2797030e-02   1.2440114e-05   9.1656969e-07   7.4863921e-06  -8.4509400e-04   2.5389980e-02  -1.1571990e-02  -5.1532400e-05   2.5160033e-04  -1.4431320e-04   7.1418387e-07   6.4465108e-04   1.3391095e-04   2.6555882e-09   6.3302726e-08   2.0826300e-08
   1.0000000e+00  -8.9407867e-02  -6.4991153e-01  -1.1344561e-01   4.2912065e-03   5.5215593e-04  -2.6635044e-03   7.9937667e-03   4.2238500e-01   1.2869906e-02   1.8414453e-05   3.0487617e-07   7.0942557e-06   3.2056810e-03  -3.5917390e-02  -3.2165000e-04   7.6415190e-04  -4.0522053e-04   7.2622800e-05   1.0276391e-05   1.2900589e-03   1.0345872e-07   5.8392813e-07   1.6420368e-07   5.2740711e-09
   1.0000000e+00  -8.3905643e-02  -6.5054888e-01  -9.0485653e-02   3.5428933e-03   7.6917881e-04  -2.5992732e-03   7.0401569e-03   4.2321385e-01   8.1876534e-03   1.2552093e-05   5.9163604e-07   6.7562212e-06   5.5022240e-03  -6.3735000e-04   2.2959957e-02  -7.4831320e-04   2.1702288e-04   6.4231200e-05   3.0274469e-05   4.0621502e-07   5.2715963e-04   5.5997265e-07   4.7098930e-08   4.1256471e-09
   1.0000000e+00  -7.9295306e-02  -6.7203496e-01  -8.4673283e-02   4.4963492e-03   7.7002622e-04  -2.3646119e-03   6.2877456e-03   4.5163099e-01   7.1695649e-03   2.0217156e-05   5.9294038e-07   5.5913894e-06   4.6103370e-03  -2.1486080e-02   5.8123700e-03   9.5345590e-04   8.4741000e-07   2.3466130e-04   2.1255207e-05   4.6165163e-04   3.3783645e-05   9.0907815e-07   7.1810371e-13   5.5065926e-08
   1.0000000e+00  -9.5917973e-02  -6.7523328e-01  -7.6790519e-02   3.3336354e-03   1.0652166e-03  -2.6388799e-03   9.2002575e-03   4.5593998e-01   5.8967838e-03   1.1113125e-05   1.1346864e-06   6.9636871e-06  -1.6622667e-02  -3.1983200e-03   7.8827640e-03  -1.1627138e-03   2.9519038e-04  -2.7426800e-04   2.7631306e-04   1.0229251e-05   6.2137968e-05   1.3519034e-06   8.7137360e-08   7.5222936e-08
   1.0000000e+00  -1.0202582e-01  -6.6082329e-01  -7.7982400e-02   3.7769254e-03   1.0077482e-03  -2.4570167e-03   1.0409268e-02   4.3668742e-01   6.0812547e-03   1.4265165e-05   1.0155564e-06   6.0369311e-06  -6.1078470e-03   1.4409990e-02  -1.1918810e-03   4.4329000e-04  -5.7468400e-05   1.8186320e-04   3.7305795e-05   2.0764781e-04   1.4205803e-06   1.9650602e-07   3.3026170e-09   3.3074224e-08
   1.0000000e+00  -9.1846595e-02  -6.8675252e-01  -9.5984581e-02   4.0847432e-03   1.1758184e-03  -2.5703569e-03   8.4357970e-03   4.7162902e-01   9.2130398e-03   1.6685127e-05   1.3825489e-06   6.6067346e-06   1.0179225e-02  -2.5929230e-02  -1.8002181e-02   3.0781780e-04   1.6807020e-04  -1.1334020e-04   1.0361662e-04   6.7232497e-04   3.2407852e-04   9.4751798e-08   2.8247592e-08   1.2846001e-08
   1.0000000e+00  -1.0343026e-01  -6.6818855e-01  -1.2343978e-01   4.4951504e-03   1.0175801e-03  -2.8298358e-03   1.0697819e-02   4.4647594e-01   1.5237379e-02   2.0206377e-05   1.0354693e-06   8.0079707e-06  -1.1583665e-02   1.8563970e-02  -2.7455199e-02   4.1040720e-04  -1.5823830e-04  -2.5947890e-04   1.3418129e-04   3.4462098e-04   7.5378795e-04   1.6843407e-07   2.5039360e-08   6.7329300e-08
   1.0000000e+00  -8.8873056e-02  -7.1876188e-01  -8.1291265e-02   3.5693824e-03   9.9563170e-04  -2.7108604e-03   7.8984201e-03   5.1661864e-01   6.6082698e-03   1.2740491e-05   9.9128248e-07   7.3487641e-06   1.4557204e-02  -5.0573330e-02   4.2148515e-02  -9.2576800e-04  -2.1948400e-05   1.1897540e-04   2.1191219e-04   2.5576617e-03   1.7764973e-03   8.5704639e-07   4.8173226e-10   1.4155146e-08
   1.0000000e+00  -1.0470169e-01  -7.2321710e-01  -8.5178991e-02   4.0050970e-03   7.1331812e-04  -2.7771734e-03   1.0962444e-02   5.2304297e-01   7.2554605e-03   1.6040802e-05   5.0882274e-07   7.7126921e-06  -1.5828634e-02  -4.4552200e-03  -3.8877260e-03   4.3571460e-04  -2.8231358e-04  -6.6313000e-05   2.5054565e-04   1.9848985e-05   1.5114413e-05   1.8984721e-07   7.9700957e-08   4.3974140e-09
   1.0000000e+00  -1.1463902e-01  -7.4763289e-01  -7.9163317e-02   3.2636540e-03   1.0018921e-03  -2.9707054e-03   1.3142105e-02   5.5895494e-01   6.2668308e-03   1.0651437e-05   1.0037878e-06   8.8250906e-06  -9.9373300e-03  -2.4415790e-02   6.0156740e-03  -7.4144300e-04   2.8857398e-04  -1.9353200e-04   9.8750528e-05   5.9613080e-04   3.6188334e-05   5.4973772e-07   8.3274942e-08   3.7454635e-08
   1.0000000e+00  -1.0062917e-01  -7.0161548e-01  -1.2119652e-01   4.9101732e-03   6.8084783e-04  -2.7261478e-03   1.0126230e-02   4.9226428e-01   1.4688596e-02   2.4109801e-05   4.6355377e-07   7.4318818e-06   1.4009850e-02   4.6017410e-02  -4.2033203e-02   1.6465192e-03  -3.2104427e-04   2.4455760e-04   1.9627590e-04   2.1176020e-03   1.7667902e-03   2.7110255e-06   1.0306942e-07   5.9808420e-08
   1.0000000e+00  -1.0697875e-01  -7.3830085e-01  -1.0633592e-01   3.7330594e-03   1.0124885e-03  -2.9294621e-03   1.1444453e-02   5.4508815e-01   1.1307328e-02   1.3935732e-05   1.0251330e-06   8.5817482e-06  -6.3495800e-03  -3.6685370e-02   1.4860600e-02  -1.1771138e-03   3.3164067e-04  -2.0331430e-04   4.0317166e-05   1.3458164e-03   2.2083743e-04   1.3855969e-06   1.0998553e-07   4.1336705e-08
   1.0000000e+00  -1.0187808e-01  -7.1771555e-01  -1.0691461e-01   3.8354874e-03   9.4364170e-04  -2.7213126e-03   1.0379143e-02   5.1511561e-01   1.1430734e-02   1.4710964e-05   8.9045966e-07   7.4055423e-06   5.1006700e-03   2.0585300e-02  -5.7869000e-04   1.0242800e-04  -6.8846800e-05   2.0814950e-04   2.6016834e-05   4.2375458e-04   3.3488212e-07   1.0491495e-08   4.7398819e-09   4.3326214e-08
   1.0000000e+00  -1.0060470e-01  -7.4643025e-01  -7.1749313e-02   3.2931250e-03   9.5483746e-04  -3.0198717e-03   1.0121306e-02   5.5715812e-01   5.1479639e-03   1.0844672e-05   9.1171458e-07   9.1196251e-06   1.2733800e-03  -2.8714700e-02   3.5165297e-02  -5.4236240e-04   1.1195760e-05  -2.9855910e-04   1.6214966e-06   8.2453400e-04   1.2365981e-03   2.9415697e-07   1.2534504e-10   8.9137536e-08
   1.0000000e+00  -1.1182249e-01  -7.5489885e-01  -7.5427119e-02   3.5172147e-03   8.8080740e-04  -3.0347643e-03   1.2504269e-02   5.6987227e-01   5.6892503e-03   1.2370799e-05   7.7582168e-07   9.2097944e-06  -1.1217790e-02  -8.4686000e-03  -3.6778060e-03   2.2408970e-04  -7.4030060e-05  -1.4892600e-05   1.2583881e-04   7.1717186e-05   1.3526257e-05   5.0216194e-08   5.4804498e-09   2.2178953e-10
   1.0000000e+00  -1.1311845e-01  -7.7794921e-01  -7.5150748e-02   2.8619089e-03   8.0885145e-04  -3.0986196e-03   1.2795784e-02   6.0520497e-01   5.6476349e-03   8.1905226e-06   6.5424067e-07   9.6014434e-06  -1.2959600e-03  -2.3050360e-02   2.7637100e-04  -6.5530580e-04  -7.1955950e-05  -6.3855300e-05   1.6795123e-06   5.3131910e-04   7.6380930e-08   4.2942569e-07   5.1776587e-09   4.0774993e-09
   1.0000000e+00  -1.0323958e-01  -7.5221367e-01  -1.1716251e-01   4.0625196e-03   8.3767823e-04  -3.0305955e-03   1.0658411e-02   5.6582541e-01   1.3727054e-02   1.6504066e-05   7.0170482e-07   9.1845091e-06   9.8788700e-03   2.5735540e-02  -4.2011762e-02   1.2006107e-03   2.8826780e-05   6.8024100e-05   9.7592072e-05   6.6231802e-04   1.7649881e-03   1.4414661e-06   8.3098325e-10   4.6272782e-09
   1.0000000e+00  -9.7415694e-02  -7.6865482e-01  -1.0537846e-01   3.5520377e-03   5.6439185e-04  -3.1208912e-03   9.4898174e-03   5.9083023e-01   1.1104620e-02   1.2616972e-05   3.1853816e-07   9.7399619e-06   5.8238860e-03  -1.6441150e-02   1.1784050e-02  -5.1048190e-04  -2.7328638e-04  -9.0295700e-05   3.3917648e-05   2.7031141e-04   1.3886383e-04   2.6059177e-07   7.4685445e-08   8.1533134e-09
   1.0000000e+00  -1.0060949e-01  -7.6134837e-01  -1.1183675e-01   3.7385307e-03   7.5389624e-04  -3.1842791e-03   1.0122269e-02   5.7965134e-01   1.2507459e-02   1.3976612e-05   5.6835954e-07   1.0139633e-05  -3.1937960e-03   7.3064500e-03  -6.4582900e-03   1.8649300e-04   1.8950439e-04  -6.3387900e-05   1.0200333e-05   5.3384212e-05   4.1709510e-05   3.4779639e-08   3.5911914e-08   4.0180259e-09
   1.0000000e+00  -1.0089462e-01  -7.9519307e-01  -1.1105494e-01   3.8029906e-03   6.8776117e-04  -3.2634274e-03   1.0179724e-02   6.3233202e-01   1.2333200e-02   1.4462738e-05   4.7301543e-07   1.0649958e-05  -2.8513000e-04  -3.3844700e-02   7.8181000e-04   6.4459900e-05  -6.6135070e-05  -7.9148300e-05   8.1299117e-08   1.1454637e-03   6.1122688e-07   4.1550787e-09   4.3738475e-09   6.2644534e-09
   1.0000000e+00  -1.0102111e-01  -7.7723701e-01  -8.3817677e-02   3.9420988e-03   1.1222904e-03  -3.1684200e-03   1.0205265e-02   6.0409737e-01   7.0254030e-03   1.5540143e-05   1.2595357e-06   1.0038885e-05  -1.2649000e-04   1.7956060e-02   2.7237263e-02   1.3910820e-04   4.3452923e-04   9.5007400e-05   1.5999720e-08   3.2242009e-04   7.4186850e-04   1.9351091e-08   1.8881565e-07   9.0264061e-09
   1.0000000e+00  -1.0912763e-01  -7.8196723e-01  -9.0630084e-02   3.5359602e-03   9.6596279e-04  -3.5007986e-03   1.1908840e-02   6.1147275e-01   8.2138121e-03   1.2503015e-05   9.3308411e-07   1.2255591e-05  -8.1065200e-03  -4.7302200e-03  -6.8124070e-03  -4.0613860e-04  -1.5632761e-04  -3.3237860e-04   6.5715667e-05   2.2374981e-05   4.6408889e-05   1.6494856e-07   2.4438322e-08   1.1047553e-07
   1.0000000e+00  -1.2624228e-01  -7.7915542e-01  -6.6579458e-02   3.7618689e-03   1.2079269e-03  -3.6437079e-03   1.5937113e-02   6.0708317e-01   4.4328242e-03   1.4151658e-05   1.4590874e-06   1.3276607e-05  -1.7114650e-02   2.8118100e-03   2.4050626e-02   2.2590870e-04   2.4196411e-04  -1.4290930e-04   2.9291124e-04   7.9062755e-06   5.7843261e-04   5.1034741e-08   5.8546631e-08   2.0423068e-08
   1.0000000e+00  -1.1520802e-01  -8.0156963e-01  -7.6948341e-02   4.0362282e-03   1.0755885e-03  -3.4545371e-03   1.3272888e-02   6.4251387e-01   5.9210472e-03   1.6291138e-05   1.1568906e-06   1.1933827e-05   1.1034260e-02  -2.2414210e-02  -1.0368883e-02   2.7435930e-04  -1.3233840e-04   1.8917080e-04   1.2175489e-04   5.0239681e-04   1.0751373e-04   7.5273025e-08   1.7513452e-08   3.5785592e-08
   1.0000000e+00  -1.1482795e-01  -7.9529620e-01  -5.3025383e-02   3.7959301e-03   1.1550809e-03  -3.4191194e-03   1.3185458e-02   6.3249605e-01   2.8116912e-03   1.4409085e-05   1.3342119e-06   1.1690377e-05   3.8007000e-04   6.2734300e-03   2.3922958e-02  -2.4029810e-04   7.9492400e-05   3.5417700e-05   1.4445320e-07   3.9355924e-05   5.7230792e-04   5.7743177e-08   6.3190417e-09   1.2544135e-09
   1.0000000e+00  -1.2839834e-01  -8.1380607e-01  -7.6940479e-02   4.5654938e-03   1.1236923e-03  -3.5796141e-03   1.6486134e-02   6.6228032e-01   5.9198373e-03   2.0843734e-05   1.2626844e-06   1.2813637e-05  -1.3570390e-02  -1.8509870e-02  -2.3915096e-02   7.6956370e-04  -3.1388600e-05  -1.6049470e-04   1.8415548e-04   3.4261529e-04   5.7193182e-04   5.9222829e-07   9.8524421e-10   2.5758549e-08
   1.0000000e+00  -1.2300573e-01  -7.8110180e-01  -7.6818492e-02   4.1190371e-03   9.9971811e-04  -3.4982717e-03   1.5130410e-02   6.1012002e-01   5.9010807e-03   1.6966467e-05   9.9943630e-07   1.2237905e-05   5.3926100e-03   3.2704270e-02   1.2198700e-04  -4.4645670e-04  -1.2397419e-04   8.1342400e-05   2.9080243e-05   1.0695693e-03   1.4880828e-08   1.9932358e-07   1.5369600e-08   6.6165860e-09
   1.0000000e+00  -1.1526204e-01  -8.0866883e-01  -1.2566510e-01   4.4251142e-03   8.7913062e-04  -3.2073949e-03   1.3285338e-02   6.5394528e-01   1.5791717e-02   1.9581636e-05   7.7287065e-07   1.0287382e-05   7.7436900e-03  -2.7567030e-02  -4.8846608e-02   3.0607710e-04  -1.2058749e-04   2.9087680e-04   5.9964735e-05   7.5994114e-04   2.3859911e-03   9.3683191e-08   1.4541343e-08   8.4609313e-08
   1.0000000e+00  -1.0671733e-01  -8.0632508e-01  -7.7797415e-02   4.7512641e-03   1.2012856e-03  -3.2639085e-03   1.1388589e-02   6.5016013e-01   6.0524378e-03   2.2574511e-05   1.4430871e-06   1.0653099e-05   8.5447100e-03   2.3437500e-03   4.7867685e-02   3.2614990e-04   3.2215498e-04  -5.6513600e-05   7.3012069e-05   5.4931641e-06   2.2913153e-03   1.0637376e-07   1.0378383e-07   3.1937870e-09
   1.0000000e+00  -1.0444483e-01  -8.1289615e-01  -1.1006995e-01   5.5729989e-03   7.9101087e-04  -3.2206280e-03   1.0908723e-02   6.6080015e-01   1.2115394e-02   3.1058317e-05   6.2569820e-07   1.0372445e-05   2.2725000e-03  -6.5710700e-03  -3.2272535e-02   8.2173480e-04  -4.1027473e-04   4.3280500e-05   5.1642562e-06   4.3178961e-05   1.0415165e-03   6.7524808e-07   1.6832535e-07   1.8732017e-09
   1.0000000e+00  -1.1128196e-01  -7.8959524e-01  -8.5143191e-02   5.5682610e-03   7.3711205e-04  -3.3741447e-03   1.2383675e-02   6.2346064e-01   7.2493630e-03   3.1005531e-05   5.4333417e-07   1.1384852e-05  -6.8371300e-03   2.3300910e-02   2.4926759e-02  -4.7379000e-06  -5.3898820e-05  -1.5351670e-04   4.6746347e-05   5.4293241e-04   6.2134331e-04   2.2447696e-11   2.9050828e-09   2.3567377e-08
   1.0000000e+00  -1.2222256e-01  -8.4793348e-01  -6.0642695e-02   4.5207270e-03   1.1033353e-03  -3.6351849e-03   1.4938354e-02   7.1899119e-01   3.6775365e-03   2.0436973e-05   1.2173488e-06   1.3214569e-05  -1.0940600e-02  -5.8338240e-02   2.4500496e-02  -1.0475340e-03   3.6622325e-04  -2.6104020e-04   1.1969673e-04   3.4033502e-03   6.0027430e-04   1.0973275e-06   1.3411947e-07   6.8141986e-08
   1.0000000e+00  -1.4013659e-01  -8.1852182e-01  -8.0143643e-02   4.1223417e-03   1.7279118e-03  -4.0211137e-03   1.9638264e-02   6.6997797e-01   6.4230035e-03   1.6993701e-05   2.9856792e-06   1.6169355e-05  -1.7914030e-02   2.9411660e-02  -1.9500948e-02  -3.9838530e-04   6.2457650e-04  -3.8592880e-04   3.2091247e-04   8.6504574e-04   3.8028697e-04   1.5871085e-07   3.9009580e-07   1.4894104e-07
   1.0000000e+00  -1.2972172e-01  -8.6918791e-01  -9.3875193e-02   3.9743204e-03   8.2205469e-04  -3.8380184e-03   1.6827725e-02   7.5548762e-01   8.8125519e-03   1.5795223e-05   6.7577391e-07   1.4730385e-05   1.0414870e-02  -5.0666090e-02  -1.3731550e-02  -1.4802130e-04  -9.0585711e-04   1.8309530e-04   1.0846952e-04   2.5670527e-03   1.8855547e-04   2.1910305e-08   8.2057710e-07   3.3523889e-08
   1.0000000e+00  -1.1955681e-01  -8.8272779e-01  -1.2532598e-01   4.7208776e-03   1.2289658e-03  -3.5237313e-03   1.4293831e-02   7.7920835e-01   1.5706601e-02   2.2286685e-05   1.5103569e-06   1.2416682e-05   1.0164910e-02  -1.3539880e-02  -3.1450787e-02   7.4655720e-04   4.0691111e-04   3.1428710e-04   1.0332540e-04   1.8332835e-04   9.8915200e-04   5.5734765e-07   1.6557665e-07   9.8776381e-08
   1.0000000e+00  -1.2792190e-01  -9.4060789e-01  -1.1359852e-01   4.5653463e-03   9.3103505e-04  -3.6241162e-03   1.6364012e-02   8.8474320e-01   1.2904624e-02   2.0842387e-05   8.6682626e-07   1.3134218e-05  -8.3650900e-03  -5.7880100e-02   1.1727460e-02  -1.5553130e-04  -2.9793075e-04  -1.0038490e-04   6.9974731e-05   3.3501060e-03   1.3753332e-04   2.4189985e-08   8.8762732e-08   1.0077128e-08
   1.0000000e+00  -1.3195146e-01  -9.0431578e-01  -1.1121627e-01   4.4110290e-03   1.1666430e-03  -3.7329424e-03   1.7411188e-02   8.1778703e-01   1.2369059e-02   1.9457177e-05   1.3610559e-06   1.3934859e-05  -4.0295600e-03   3.6292110e-02   2.3822500e-03  -1.5431730e-04   2.3560795e-04  -1.0882620e-04   1.6237354e-05   1.3171172e-03   5.6751151e-06   2.3813829e-08   5.5511106e-08   1.1843142e-08
   1.0000000e+00  -1.3530454e-01  -8.8520299e-01  -1.2599746e-01   4.6509221e-03   8.2989169e-04  -3.9720266e-03   1.8307319e-02   7.8358433e-01   1.5875360e-02   2.1631076e-05   6.8872022e-07   1.5776995e-05  -3.3530800e-03   1.9112790e-02  -1.4781190e-02   2.3989310e-04  -3.3675131e-04  -2.3908420e-04   1.1243145e-05   3.6529874e-04   2.1848358e-04   5.7548699e-08   1.1340144e-07   5.7161255e-08
   1.0000000e+00  -1.3209311e-01  -9.1569395e-01  -1.0234762e-01   4.7046329e-03   7.3169783e-04  -4.0124270e-03   1.7448590e-02   8.3849541e-01   1.0475035e-02   2.2133571e-05   5.3538171e-07   1.6099570e-05   3.2114300e-03  -3.0490960e-02   2.3649840e-02   5.3710800e-05  -9.8193860e-05  -4.0400400e-05   1.0313283e-05   9.2969864e-04   5.5931493e-04   2.8848500e-09   9.6420341e-09   1.6321923e-09
   1.0000000e+00  -1.1946682e-01  -9.1049775e-01  -1.0416458e-01   4.8004402e-03   8.8444652e-04  -3.7045984e-03   1.4272321e-02   8.2900615e-01   1.0850260e-02   2.3044226e-05   7.8224565e-07   1.3724049e-05   1.2626290e-02   5.1962000e-03  -1.8169600e-03   9.5807300e-05   1.5274869e-04   3.0782860e-04   1.5942320e-04   2.7000494e-05   3.3013436e-06   9.1790387e-09   2.3332162e-08   9.4758447e-08
   1.0000000e+00  -1.2213235e-01  -9.3551783e-01  -9.3817078e-02   4.4788186e-03   9.6172450e-04  -3.8874716e-03   1.4916311e-02   8.7519361e-01   8.8016441e-03   2.0059816e-05   9.2491401e-07   1.5112435e-05  -2.6655300e-03  -2.5020080e-02   1.0347502e-02  -3.2162160e-04   7.7277980e-05  -1.8287320e-04   7.1050502e-06   6.2600440e-04   1.0707080e-04   1.0344045e-07   5.9718862e-09   3.3442607e-08
   1.0000000e+00  -1.3227686e-01  -9.1380043e-01  -1.0899578e-01   4.7442533e-03   1.2605498e-03  -4.0082476e-03   1.7497168e-02   8.3503123e-01   1.1880080e-02   2.2507939e-05   1.5889858e-06   1.6066049e-05  -1.0144510e-02   2.1717400e-02  -1.5178702e-02   2.6543470e-04   2.9882530e-04  -1.2077600e-04   1.0291108e-04   4.7164546e-04   2.3039299e-04   7.0455580e-08   8.9296560e-08   1.4586842e-08
   1.0000000e+00  -1.2922471e-01  -9.3624529e-01  -1.3029042e-01   4.9805643e-03   8.5775153e-04  -3.9758427e-03   1.6699026e-02   8.7655524e-01   1.6975594e-02   2.4806021e-05   7.3573769e-07   1.5807325e-05   3.0521500e-03  -2.2444860e-02  -2.1294640e-02   2.3631100e-04  -4.0279827e-04   3.2404900e-05   9.3156196e-06   5.0377174e-04   4.5346169e-04   5.5842889e-08   1.6224645e-07   1.0500775e-09
   1.0000000e+00  -1.2431468e-01  -9.3734638e-01  -1.2973925e-01   4.5301847e-03   1.2654845e-03  -3.9291205e-03   1.5454140e-02   8.7861824e-01   1.6832273e-02   2.0522573e-05   1.6014510e-06   1.5437988e-05   4.9100300e-03  -1.1010900e-03   5.5117000e-04  -4.5037960e-04   4.0773297e-04   4.6722200e-05   2.4108395e-05   1.2123992e-06   3.0378837e-07   2.0284178e-07   1.6624617e-07   2.1829640e-09
   1.0000000e+00  -1.1986597e-01  -9.2209396e-01  -1.5147302e-01   5.0360008e-03   1.1498174e-03  -4.0481356e-03   1.4367851e-02   8.5025727e-01   2.2944076e-02   2.5361304e-05   1.3220801e-06   1.6387402e-05   4.4487100e-03   1.5252420e-02  -2.1733770e-02   5.0581610e-04  -1.1566710e-04  -1.1901510e-04   1.9791021e-05   2.3263632e-04   4.7235676e-04   2.5584993e-07   1.3378878e-08   1.4164594e-08
   1.0000000e+00  -1.1529795e-01  -9.3577219e-01  -1.1269748e-01   4.7355544e-03   1.4409625e-03  -4.0961108e-03   1.3293617e-02   8.7566959e-01   1.2700722e-02   2.2425475e-05   2.0763729e-06   1.6778124e-05   4.5680200e-03  -1.3678230e-02   3.8775540e-02  -3.0044640e-04   2.9114510e-04  -4.7975200e-05   2.0866807e-05   1.8709398e-04   1.5035425e-03   9.0268039e-08   8.4765469e-08   2.3016198e-09
   1.0000000e+00  -1.3067845e-01  -9.5699688e-01  -1.2037323e-01   4.7681181e-03   1.1514146e-03  -4.4022618e-03   1.7076857e-02   9.1584303e-01   1.4489715e-02   2.2734950e-05   1.3257556e-06   1.9379909e-05  -1.5380500e-02  -2.1224690e-02  -7.6757500e-03   3.2563700e-05  -2.8954790e-04  -3.0615100e-04   2.3655978e-04   4.5048747e-04   5.8917138e-05   1.0603946e-09   8.3837986e-08   9.3728435e-08
   1.0000000e+00  -9.8895826e-02  -9.7425918e-01  -1.1908747e-01   4.0168605e-03   1.3609291e-03  -3.9139584e-03   9.7803844e-03   9.4918095e-01   1.4181826e-02   1.6135168e-05   1.8521280e-06   1.5319070e-05   3.1782624e-02  -1.7262300e-02   1.2857600e-03  -7.5125760e-04   2.0951450e-04   4.8830340e-04   1.0101352e-03   2.9798700e-04   1.6531788e-06   5.6438798e-07   4.3896326e-08   2.3844021e-07
   1.0000000e+00  -8.2196948e-02  -9.4414823e-01  -1.6304157e-01   5.5483467e-03   1.3729272e-03  -3.5133573e-03   6.7563383e-03   8.9141588e-01   2.6582554e-02   3.0784151e-05   1.8849291e-06   1.2343680e-05   1.6698878e-02   3.0110950e-02  -4.3954100e-02   1.5314862e-03   1.1998100e-05   4.0060110e-04   2.7885253e-04   9.0666931e-04   1.9319629e-03   2.3454500e-06   1.4395440e-10   1.6048124e-07
   1.0000000e+00  -5.8836085e-02  -9.6692028e-01  -1.5385064e-01   5.0137466e-03   9.5620097e-04  -3.2194155e-03   3.4616849e-03   9.3493483e-01   2.3670019e-02   2.5137655e-05   9.1432030e-07   1.0364636e-05   2.3360863e-02  -2.2772050e-02   9.1909300e-03  -5.3460010e-04  -4.1672623e-04   2.9394180e-04   5.4572992e-04   5.1856626e-04   8.4473194e-05   2.8579727e-07   1.7366075e-07   8.6401782e-08
   1.0000000e+00  -7.3475600e-02  -9.5018388e-01  -1.5658598e-01   6.1420762e-03   9.6624618e-04  -3.2720131e-03   5.3986638e-03   9.0284941e-01   2.4519169e-02   3.7725100e-05   9.3363168e-07   1.0706070e-05  -1.4639515e-02   1.6736400e-02  -2.7353400e-03   1.1283296e-03   1.0045210e-05  -5.2597600e-05   2.1431540e-04   2.8010708e-04   7.4820849e-06   1.2731277e-06   1.0090624e-10   2.7665075e-09
   1.0000000e+00  -7.4551433e-02  -9.6967082e-01  -1.2327872e-01   4.4394037e-03   1.0445320e-03  -3.6085208e-03   5.5579162e-03   9.4026150e-01   1.5197643e-02   1.9708305e-05   1.0910471e-06   1.3021422e-05  -1.0758330e-03  -1.9486940e-02   3.3307260e-02  -1.7026725e-03   7.8285820e-05  -3.3650770e-04   1.1574166e-06   3.7974083e-04   1.1093736e-03   2.8990936e-06   6.1286696e-09   1.1323743e-07
   1.0000000e+00  -9.7456051e-02  -9.6898439e-01  -1.2868103e-01   5.2807561e-03   9.6679424e-04  -3.8306994e-03   9.4976819e-03   9.3893075e-01   1.6558807e-02   2.7886385e-05   9.3469110e-07   1.4674258e-05  -2.2904618e-02   6.8643000e-04  -5.4023100e-03   8.4135240e-04  -7.7737760e-05  -2.2217860e-04   5.2462153e-04   4.7118614e-07   2.9184953e-05   7.0787386e-07   6.0431593e-09   4.9363330e-08
   1.0000000e+00  -1.0069031e-01  -1.0213313e+00  -1.1688069e-01   4.7406086e-03   6.8340989e-04  -3.9291355e-03   1.0138539e-02   1.0431176e+00   1.3661096e-02   2.2473370e-05   4.6704908e-07   1.5438106e-05  -3.2342590e-03  -5.2346910e-02   1.1800340e-02  -5.4014750e-04  -2.8338435e-04  -9.8436100e-05   1.0460431e-05   2.7401990e-03   1.3924802e-04   2.9175932e-07   8.0306690e-08   9.6896658e-09
   1.0000000e+00  -8.0479972e-02  -9.8231595e-01  -1.8293584e-01   6.1263328e-03   5.9894018e-04  -3.5994641e-03   6.4770259e-03   9.6494463e-01   3.3465522e-02   3.7531954e-05   3.5872934e-07   1.2956142e-05   2.0210338e-02   3.9015350e-02  -6.6055150e-02   1.3857242e-03  -8.4469710e-05   3.2967140e-04   4.0845776e-04   1.5221975e-03   4.3632828e-03   1.9202316e-06   7.1351319e-09   1.0868323e-07
   1.0000000e+00  -9.5556662e-02  -9.9073132e-01  -1.6924689e-01   5.8831332e-03   7.1879697e-04  -4.0977585e-03   9.1310757e-03   9.8154855e-01   2.8644510e-02   3.4611256e-05   5.1666908e-07   1.6791625e-05  -1.5076690e-02  -8.4153700e-03   1.3688950e-02  -2.4319960e-04   1.1985679e-04  -4.9829440e-04   2.2730658e-04   7.0818452e-05   1.8738735e-04   5.9146045e-08   1.4365650e-08   2.4829731e-07
   1.0000000e+00  -8.1748459e-02  -9.7977228e-01  -1.6673716e-01   6.0249474e-03   6.7618385e-04  -3.6439532e-03   6.6828105e-03   9.5995372e-01   2.7801281e-02   3.6299991e-05   4.5722460e-07   1.3278395e-05   1.3808203e-02   1.0959040e-02   2.5097300e-03   1.4181420e-04  -4.2613120e-05   4.5380530e-04   1.9066647e-04   1.2010056e-04   6.2987447e-06   2.0111267e-08   1.8158780e-09   2.0593925e-07
   1.0000000e+00  -1.0952481e-01  -1.0413474e+00  -1.4614698e-01   4.4718175e-03   7.2302397e-04  -4.5318066e-03   1.1995684e-02   1.0844044e+00   2.1358940e-02   1.9997152e-05   5.2276366e-07   2.0537271e-05  -2.7776351e-02  -6.1575120e-02   2.0590180e-02  -1.5531299e-03   4.6840120e-05  -8.8785340e-04   7.7152567e-04   3.7914954e-03   4.2395551e-04   2.4122125e-06   2.1939968e-09   7.8828366e-07
   1.0000000e+00  -1.1473350e-01  -1.0519922e+00  -1.6691868e-01   5.2434870e-03   7.9440635e-04  -4.6679807e-03   1.3163776e-02   1.1066876e+00   2.7861846e-02   2.7494156e-05   6.3108145e-07   2.1790044e-05  -5.2086900e-03  -1.0644800e-02  -2.0771700e-02   7.7166950e-04   7.1382380e-05  -1.3617410e-04   2.7130452e-05   1.1331177e-04   4.3146352e-04   5.9547382e-07   5.0954442e-09   1.8543386e-08
   1.0000000e+00  -1.1231330e-01  -1.0713438e+00  -1.4604675e-01   4.3238058e-03   4.9201787e-04  -4.7517149e-03   1.2614277e-02   1.1477775e+00   2.1329653e-02   1.8695297e-05   2.4208158e-07   2.2578794e-05   2.4202000e-03  -1.9351600e-02   2.0871930e-02  -9.1968120e-04  -3.0238848e-04  -8.3734200e-05   5.8573680e-06   3.7448442e-04   4.3563746e-04   8.4581351e-07   9.1438793e-08   7.0114162e-09
   1.0000000e+00  -9.8885792e-02  -1.0462194e+00  -1.6136138e-01   3.9173520e-03   5.6480047e-04  -4.4834662e-03   9.7783999e-03   1.0945750e+00   2.6037495e-02   1.5345647e-05   3.1899957e-07   2.0101469e-05   1.3427508e-02   2.5124400e-02  -1.5314630e-02  -4.0645380e-04   7.2782600e-05   2.6824870e-04   1.8029797e-04   6.3123548e-04   2.3453789e-04   1.6520469e-07   5.2973069e-09   7.1957365e-08
   1.0000000e+00  -1.0176729e-01  -1.1233871e+00  -7.9497823e-02   2.5493776e-03  -5.6922255e-04  -4.9287191e-03   1.0356581e-02   1.2619986e+00   6.3199039e-03   6.4993261e-06   3.2401431e-07   2.4292272e-05  -2.8814980e-03  -7.7167700e-02   8.1863557e-02  -1.3679744e-03  -1.1340230e-03  -4.4525290e-04   8.3030307e-06   5.9548539e-03   6.7016420e-03   1.8713540e-06   1.2860082e-06   1.9825014e-07
   1.0000000e+00  -1.2965569e-01  -1.0992724e+00  -1.0756412e-01   3.1105436e-03  -7.1394696e-04  -5.2827057e-03   1.6810598e-02   1.2083998e+00   1.1570040e-02   9.6754815e-06   5.0972026e-07   2.7906980e-05  -2.7888400e-02   2.4114700e-02  -2.8066297e-02   5.6116600e-04  -1.4472441e-04  -3.5398660e-04   7.7776285e-04   5.8151876e-04   7.8771703e-04   3.1490728e-07   2.0945155e-08   1.2530651e-07
   1.0000000e+00  -1.1918892e-01  -1.1363008e+00  -7.0658938e-02   2.3117488e-03  -1.2321774e-03  -5.0398298e-03   1.4205999e-02   1.2911795e+00   4.9926855e-03   5.3441825e-06   1.5182611e-06   2.5399884e-05   1.0466770e-02  -3.7028400e-02   3.6905182e-02  -7.9879480e-04  -5.1823044e-04   2.4287590e-04   1.0955327e-04   1.3711024e-03   1.3619925e-03   6.3807313e-07   2.6856279e-07   5.8988703e-08
   1.0000000e+00  -1.2388227e-01  -1.0989057e+00  -3.6103728e-02   1.8810079e-03  -5.3487324e-04  -4.9873259e-03   1.5346817e-02   1.2075937e+00   1.3034792e-03   3.5381907e-06   2.8608938e-07   2.4873420e-05  -4.6933500e-03   3.7395100e-02   3.4555210e-02  -4.3074090e-04   6.9730416e-04   5.2503900e-05   2.2027534e-05   1.3983935e-03   1.1940625e-03   1.8553772e-07   4.8623309e-07   2.7566595e-09
   1.0000000e+00  -1.1358181e-01  -1.1525622e+00  -3.5148002e-02   2.4515136e-03  -1.0850443e-03  -4.7812020e-03   1.2900828e-02   1.3283996e+00   1.2353820e-03   6.0099189e-06   1.1773211e-06   2.2859893e-05   1.0300460e-02  -5.3656500e-02   9.5572600e-04   5.7050570e-04  -5.5017106e-04   2.0612390e-04   1.0609948e-04   2.8790200e-03   9.1341219e-07   3.2547675e-07   3.0268820e-07   4.2487062e-08
   1.0000000e+00  -1.1270725e-01  -1.1360807e+00  -2.1125858e-02   2.1153581e-03  -7.3770251e-04  -4.7138233e-03   1.2702924e-02   1.2906794e+00   4.4630188e-04   4.4747399e-06   5.4420499e-07   2.2220130e-05   8.7456000e-04   1.6481500e-02   1.4022144e-02  -3.3615550e-04   3.4734179e-04   6.7378700e-05   7.6485519e-07   2.7163984e-04   1.9662052e-04   1.1300052e-07   1.2064632e-07   4.5398892e-09
   1.0000000e+00  -1.2310232e-01  -1.1563753e+00  -1.5762810e-02   2.3172190e-03  -1.2979075e-03  -4.9263939e-03   1.5154181e-02   1.3372038e+00   2.4846618e-04   5.3695039e-06   1.6845639e-06   2.4269357e-05  -1.0395070e-02  -2.0294600e-02   5.3630480e-03   2.0186090e-04  -5.6020499e-04  -2.1257060e-04   1.0805748e-04   4.1187079e-04   2.8762284e-05   4.0747823e-08   3.1382963e-07   4.5186260e-08
   1.0000000e+00  -1.2183213e-01  -1.1569035e+00   1.4744305e-02   1.4801279e-03  -8.3281641e-04  -4.8519180e-03   1.4843068e-02   1.3384257e+00   2.1739453e-04   2.1907786e-06   6.9358317e-07   2.3541108e-05   1.2701900e-03  -5.2820000e-04   3.0507115e-02  -8.3709110e-04   4.6509109e-04   7.4475900e-05   1.6133826e-06   2.7899524e-07   9.3068407e-04   7.0072151e-07   2.1630972e-07   5.5466597e-09
   1.0000000e+00  -1.3800930e-01  -1.1390268e+00  -8.6079300e-03   2.4785083e-03  -1.1334350e-03  -4.8202180e-03   1.9046567e-02   1.2973821e+00   7.4096459e-05   6.1430034e-06   1.2846749e-06   2.3234502e-05  -1.6177170e-02   1.7876700e-02  -2.3352235e-02   9.9838040e-04  -3.0061859e-04   3.1700000e-05   2.6170083e-04   3.1957640e-04   5.4532688e-04   9.9676342e-07   9.0371537e-08   1.0048900e-09
   1.0000000e+00  -1.3627432e-01  -1.1532300e+00   2.3753374e-02   1.6857002e-03  -8.8927000e-04  -4.9251574e-03   1.8570690e-02   1.3299394e+00   5.6422278e-04   2.8415852e-06   7.9080113e-07   2.4257175e-05   1.7349800e-03  -1.4203200e-02   3.2361304e-02  -7.9280810e-04   2.4416500e-04  -1.0493940e-04   3.0101556e-06   2.0173089e-04   1.0472540e-03   6.2854468e-07   5.9616547e-08   1.1012278e-08
   1.0000000e+00  -1.4400427e-01  -1.1545105e+00  -6.5982029e-03   2.2325684e-03  -1.5059306e-03  -5.0248753e-03   2.0737230e-02   1.3328945e+00   4.3536282e-05   4.9843617e-06   2.2678270e-06   2.5249372e-05  -7.7299500e-03  -1.2805000e-03  -3.0351577e-02   5.4686820e-04  -6.1666060e-04  -9.9717900e-05   5.9752127e-05   1.6396803e-06   9.2121822e-04   2.9906483e-07   3.8027030e-07   9.9436596e-09
   1.0000000e+00  -1.3698242e-01  -1.1645700e+00   1.3172733e-02   1.1671131e-03  -1.1626326e-03  -5.1507866e-03   1.8764183e-02   1.3562233e+00   1.7352089e-04   1.3621530e-06   1.3517146e-06   2.6530603e-05   7.0218500e-03  -1.0059500e-02   1.9770936e-02  -1.0654553e-03   3.4329800e-04  -1.2591130e-04   4.9306377e-05   1.0119354e-04   3.9088991e-04   1.1351950e-06   1.1785352e-07   1.5853655e-08
   1.0000000e+00  -1.3680515e-01  -1.1620999e+00  -8.1017106e-03   2.4644628e-03  -1.2988710e-03  -5.0433618e-03   1.8715649e-02   1.3504762e+00   6.5637715e-05   6.0735769e-06   1.6870659e-06   2.5435498e-05   1.7727000e-04   2.4701000e-03  -2.1274444e-02   1.2973497e-03  -1.3623840e-04   1.0742480e-04   3.1424653e-08   6.1013940e-06   4.5260195e-04   1.6831162e-06   1.8560902e-08   1.1540088e-08
   1.0000000e+00  -1.3203816e-01  -1.1809985e+00   1.7134885e-02   1.7260699e-03  -1.0799941e-03  -5.1154111e-03   1.7434076e-02   1.3947575e+00   2.9360428e-04   2.9793173e-06   1.1663873e-06   2.6167431e-05   4.7669900e-03  -1.8898600e-02   2.5236596e-02  -7.3839290e-04   2.1887690e-04  -7.2049300e-05   2.2724194e-05   3.5715708e-04   6.3688576e-04   5.4522407e-07   4.7907097e-08   5.1911016e-09
   1.0000000e+00  -1.4724819e-01  -1.1639792e+00   4.0610731e-03   2.4479337e-03  -9.5476077e-04  -5.0104605e-03   2.1682029e-02   1.3548476e+00   1.6492315e-05   5.9923794e-06   9.1156813e-07   2.5104714e-05  -1.5210030e-02   1.7019300e-02  -1.3073812e-02   7.2186380e-04   1.2523333e-04   1.0495060e-04   2.3134501e-04   2.8965657e-04   1.7092456e-04   5.2108735e-07   1.5683387e-08   1.1014628e-08
   1.0000000e+00  -1.0526871e-01  -1.1666530e+00   1.2449027e-02   1.3388189e-03  -1.1011223e-03  -4.5381803e-03   1.1081501e-02   1.3610792e+00   1.5497827e-04   1.7924360e-06   1.2124703e-06   2.0595080e-05   4.1979480e-02  -2.6738000e-03   8.3879539e-03  -1.1091148e-03  -1.4636153e-04   4.7228020e-04   1.7622767e-03   7.1492064e-06   7.0357771e-05   1.2301356e-06   2.1421697e-08   2.2304859e-07
   1.0000000e+00  -1.1846709e-01  -1.1825524e+00  -4.2920479e-03   2.6931191e-03  -1.1109787e-03  -4.8890513e-03   1.4034451e-02   1.3984302e+00   1.8421675e-05   7.2528905e-06   1.2342737e-06   2.3902823e-05  -1.3198380e-02  -1.5899400e-02  -1.6741075e-02   1.3543002e-03  -9.8564000e-06  -3.5087100e-04   1.7419723e-04   2.5279092e-04   2.8026359e-04   1.8341290e-06   9.7148621e-11   1.2311046e-07
   1.0000000e+00  -1.1337109e-01  -1.1906573e+00   8.5828736e-03   1.8089793e-03  -1.3385268e-03  -4.6605079e-03   1.2853004e-02   1.4176648e+00   7.3665719e-05   3.2724061e-06   1.7916540e-06   2.1720334e-05   5.0960000e-03  -8.1049000e-03   1.2874922e-02  -8.8413980e-04  -2.2754810e-04   2.2854340e-04   2.5969216e-05   6.5689404e-05   1.6576360e-04   7.8170319e-07   5.1778138e-08   5.2232086e-08
   1.0000000e+00  -1.0604689e-01  -1.1915277e+00   2.7254748e-02   2.0957843e-03  -1.2078629e-03  -4.6830290e-03   1.1245943e-02   1.4197383e+00   7.4282129e-04   4.3923118e-06   1.4589328e-06   2.1930761e-05   7.3242000e-03  -8.7040000e-04   1.8671874e-02   2.8680500e-04   1.3066390e-04  -2.2521100e-05   5.3643906e-05   7.5759616e-07   3.4863889e-04   8.2257108e-08   1.7073055e-08   5.0719995e-10
   1.0000000e+00  -1.1252947e-01  -1.1885689e+00  -5.2407013e-03   1.7684914e-03  -1.5194084e-03  -4.8793493e-03   1.2662882e-02   1.4126960e+00   2.7464950e-05   3.1275618e-06   2.3086019e-06   2.3808050e-05  -6.4825800e-03   2.9588000e-03  -3.2495449e-02  -3.2729290e-04  -3.1154550e-04  -1.9632030e-04   4.2023843e-05   8.7544974e-06   1.0559542e-03   1.0712064e-07   9.7060599e-08   3.8541660e-08
   1.0000000e+00  -1.2011540e-01  -1.2029750e+00   4.6984544e-03   2.5232840e-03  -1.0313417e-03  -5.0424834e-03   1.4427709e-02   1.4471489e+00   2.2075474e-05   6.3669621e-06   1.0636657e-06   2.5426639e-05  -7.5859300e-03  -1.4406100e-02   9.9391557e-03   7.5479260e-04   4.8806670e-04  -1.6313410e-04   5.7546334e-05   2.0753572e-04   9.8786816e-05   5.6971187e-07   2.3820910e-07   2.6612735e-08
   1.0000000e+00  -1.1070120e-01  -1.2174416e+00   2.9445003e-02   1.9694058e-03  -1.0260432e-03  -4.8888339e-03   1.2254756e-02   1.4821640e+00   8.6700820e-04   3.8785592e-06   1.0527646e-06   2.3900697e-05   9.4142000e-03  -1.4466600e-02   2.4746549e-02  -5.5387820e-04   5.2985000e-06   1.5364950e-04   8.8627162e-05   2.0928252e-04   6.1239167e-04   3.0678106e-07   2.8074102e-11   2.3608169e-08
   1.0000000e+00  -1.2896655e-01  -1.2043374e+00   5.3169855e-02   1.5855052e-03  -9.0359504e-04  -5.0852332e-03   1.6632371e-02   1.4504286e+00   2.8270335e-03   2.5138267e-06   8.1648400e-07   2.5859597e-05  -1.8265350e-02   1.3104200e-02   2.3724852e-02  -3.8390060e-04   1.2244816e-04  -1.9639930e-04   3.3362301e-04   1.7172006e-04   5.6286860e-04   1.4737967e-07   1.4993552e-08   3.8572685e-08
   1.0000000e+00  -1.3847657e-01  -1.2092285e+00  -9.2480392e-03   2.6054075e-03  -9.8257238e-04  -5.2105273e-03   1.9175760e-02   1.4622336e+00   8.5526229e-05   6.7881482e-06   9.6544848e-07   2.7149595e-05  -9.5100200e-03  -4.8911000e-03  -6.2417894e-02   1.0199023e-03  -7.8977340e-05  -1.2529410e-04   9.0440480e-05   2.3922859e-05   3.8959935e-03   1.0402007e-06   6.2374202e-09   1.5698611e-08
   1.0000000e+00  -1.4083309e-01  -1.2288039e+00   1.4957992e-02   2.0606978e-03  -7.4228367e-04  -5.2447666e-03   1.9833959e-02   1.5099590e+00   2.2374152e-04   4.2464754e-06   5.5098505e-07   2.7507577e-05  -2.3565200e-03  -1.9575400e-02   2.4206031e-02  -5.4470970e-04   2.4028871e-04  -3.4239300e-05   5.5531865e-06   3.8319629e-04   5.8593195e-04   2.9670866e-07   5.7738664e-08   1.1723297e-09
   1.0000000e+00  -1.4389553e-01  -1.1997694e+00   5.7074404e-03   2.7689778e-03  -2.2174724e-04  -5.0616945e-03   2.0705924e-02   1.4394466e+00   3.2574876e-05   7.6672381e-06   4.9171838e-08   2.5620751e-05  -3.0624400e-03   2.9034500e-02  -9.2505516e-03   7.0828000e-04   5.2053643e-04   1.8307210e-04   9.3785388e-06   8.4300219e-04   8.5572705e-05   5.0166056e-07   2.7095817e-07   3.3515394e-08
   1.0000000e+00  -1.4244641e-01  -1.2058285e+00   4.2385025e-02   1.8379541e-03  -2.3627315e-04  -5.4487771e-03   2.0290980e-02   1.4540224e+00   1.7964903e-03   3.3780753e-06   5.5825001e-08   2.9689172e-05   1.4491200e-03  -6.0591000e-03   3.6677585e-02  -9.3102370e-04  -1.4525910e-05  -3.8708260e-04   2.0999488e-06   3.6712693e-05   1.3452452e-03   8.6680513e-07   2.1100206e-10   1.4983294e-07
   1.0000000e+00  -1.2479142e-01  -1.2315712e+00   3.5604828e-02   2.8917845e-03  -9.6817561e-04  -4.7897036e-03   1.5572899e-02   1.5167676e+00   1.2677038e-03   8.3624176e-06   9.3736401e-07   2.2941261e-05   1.7654990e-02  -2.5742700e-02  -6.7801970e-03   1.0538304e-03  -7.3190246e-04   6.5907350e-04   3.1169867e-04   6.6268660e-04   4.5971071e-05   1.1105585e-06   5.3568121e-07   4.3437788e-07
   1.0000000e+00  -1.4491186e-01  -1.2440956e+00   7.2028967e-02   2.1777622e-03  -5.6103411e-04  -5.1898753e-03   2.0999447e-02   1.5477739e+00   5.1881721e-03   4.7426482e-06   3.1475927e-07   2.6934806e-05  -2.0120440e-02  -1.2524400e-02   3.6424139e-02  -7.1402230e-04   4.0714150e-04  -4.0017170e-04   4.0483211e-04   1.5686060e-04   1.3267179e-03   5.0982784e-07   1.6576420e-07   1.6013739e-07
   1.0000000e+00  -1.3760794e-01  -1.2561164e+00   3.6214906e-02   2.5691801e-03  -8.8654197e-04  -4.6132927e-03   1.8935945e-02   1.5778284e+00   1.3115194e-03   6.6006864e-06   7.8595666e-07   2.1282470e-05   7.3039200e-03  -1.2020800e-02  -3.5814061e-02   3.9141790e-04  -3.2550786e-04   5.7658260e-04   5.3347247e-05   1.4449963e-04   1.2826470e-03   1.5320797e-07   1.0595537e-07   3.3244749e-07
   1.0000000e+00  -1.4350434e-01  -1.2785557e+00   5.1333675e-02   1.5235175e-03  -4.9466348e-04  -5.1649471e-03   2.0593496e-02   1.6347047e+00   2.6351462e-03   2.3211056e-06   2.4469196e-07   2.6676679e-05  -5.8964000e-03  -2.2439300e-02   1.5118769e-02  -1.0456626e-03   3.9187849e-04  -5.5165440e-04   3.4767533e-05   5.0352218e-04   2.2857718e-04   1.0934103e-06   1.5356875e-07   3.0432258e-07
   1.0000000e+00  -1.3871951e-01  -1.2976042e+00   4.4489289e-02   2.9131483e-03  -8.1889089e-04  -5.2172160e-03   1.9243102e-02   1.6837767e+00   1.9792968e-03   8.4864330e-06   6.7058229e-07   2.7219343e-05   4.7848300e-03  -1.9048500e-02  -6.8443860e-03   1.3896308e-03  -3.2422741e-04  -5.2268900e-05   2.2894598e-05   3.6284535e-04   4.6845620e-05   1.9310738e-06   1.0512341e-07   2.7320379e-09
   1.0000000e+00  -1.3046854e-01  -1.3026225e+00   2.6269703e-02   1.4177117e-03  -4.0302222e-04  -5.0171497e-03   1.7022040e-02   1.6968254e+00   6.9009730e-04   2.0099065e-06   1.6242691e-07   2.5171791e-05   8.2509700e-03  -5.0183000e-03  -1.8219586e-02  -1.4954366e-03   4.1586867e-04   2.0006630e-04   6.8078506e-05   2.5183335e-05   3.3195331e-04   2.2363306e-06   1.7294675e-07   4.0026524e-08
   1.0000000e+00  -1.3720276e-01  -1.2837391e+00   2.3859408e-02   2.4572455e-03  -5.2940755e-04  -5.1314705e-03   1.8824597e-02   1.6479861e+00   5.6927135e-04   6.0380554e-06   2.8027235e-07   2.6331989e-05  -6.7342200e-03   1.8883400e-02  -2.4102950e-03   1.0395338e-03  -1.2638533e-04  -1.1432080e-04   4.5349719e-05   3.5658280e-04   5.8095220e-06   1.0806305e-06   1.5973252e-08   1.3069245e-08
   1.0000000e+00  -1.1692370e-01  -1.3196665e+00   1.2781842e-02   2.1508800e-03  -7.7231663e-04  -4.8366532e-03   1.3671152e-02   1.7415197e+00   1.6337548e-04   4.6262848e-06   5.9647298e-07   2.3393214e-05   2.0279060e-02  -3.5927400e-02  -1.1077566e-02  -3.0636550e-04  -2.4290908e-04   2.9481730e-04   4.1124027e-04   1.2907781e-03   1.2271247e-04   9.3859820e-08   5.9004821e-08   8.6917240e-08
   1.0000000e+00  -1.3417413e-01  -1.2913236e+00   2.6355466e-02   3.1660956e-03  -4.9680686e-04  -5.0394368e-03   1.8002697e-02   1.6675166e+00   6.9461059e-04   1.0024161e-05   2.4681706e-07   2.5395923e-05  -1.7250430e-02   2.8342900e-02   1.3573624e-02   1.0152156e-03   2.7550977e-04  -2.0278360e-04   2.9757734e-04   8.0331998e-04   1.8424327e-04   1.0306627e-06   7.5905633e-08   4.1121188e-08
   1.0000000e+00  -1.1098574e-01  -1.2994670e+00   3.7534950e-02   1.9766666e-03  -7.3900562e-04  -4.7806217e-03   1.2317834e-02   1.6886145e+00   1.4088725e-03   3.9072108e-06   5.4612931e-07   2.2854344e-05   2.3188390e-02  -8.1434000e-03   1.1179484e-02  -1.1894290e-03  -2.4219876e-04   2.5881510e-04   5.3770143e-04   6.6314964e-05   1.2498086e-04   1.4147413e-06   5.8660239e-08   6.6985256e-08
   1.0000000e+00  -1.2067142e-01  -1.2624089e+00   1.2029193e-02   2.8783020e-03  -6.5846711e-04  -4.6251465e-03   1.4561592e-02   1.5936762e+00   1.4470148e-04   8.2846224e-06   4.3357893e-07   2.1391980e-05  -9.6856800e-03   3.7058100e-02  -2.5505757e-02   9.0163540e-04   8.0538510e-05   1.5547520e-04   9.3812397e-05   1.3733028e-03   6.5054364e-04   8.1294639e-07   6.4864516e-09   2.4172538e-08
   1.0000000e+00  -1.4823313e-01  -1.3295980e+00   1.1314434e-01   2.0712861e-03  -3.4968746e-04  -5.5774089e-03   2.1973061e-02   1.7678308e+00   1.2801642e-02   4.2902261e-06   1.2228132e-07   3.1107490e-05  -2.7561710e-02  -6.7189100e-02   1.0111515e-01  -8.0701590e-04   3.0877965e-04  -9.5226240e-04   7.5964786e-04   4.5143752e-03   1.0224273e-02   6.5127466e-07   9.5344872e-08   9.0680368e-07
   1.0000000e+00  -1.4953563e-01  -1.2766736e+00   5.3101653e-02   3.0521657e-03  -3.7689222e-04  -5.2016099e-03   2.2360905e-02   1.6298955e+00   2.8197856e-03   9.3157155e-06   1.4204775e-07   2.7056746e-05  -1.3025000e-03   5.2924400e-02  -6.0042687e-02   9.8087960e-04  -2.7204760e-05   3.7579900e-04   1.6965063e-06   2.8009921e-03   3.6051243e-03   9.6212479e-07   7.4009897e-10   1.4122489e-07
   1.0000000e+00  -1.4220889e-01  -1.2879714e+00   9.8391175e-02   2.0576594e-03  -5.5155700e-04  -5.4491044e-03   2.0223368e-02   1.6588703e+00   9.6808233e-03   4.2339622e-06   3.0421512e-07   2.9692739e-05   7.3267400e-03  -1.1297800e-02   4.5289522e-02  -9.9450630e-04  -1.7466478e-04  -2.4749450e-04   5.3681119e-05   1.2764028e-04   2.0511408e-03   9.8904278e-07   3.0507785e-08   6.1253528e-08
   1.0000000e+00  -1.1223664e-01  -1.2222461e+00  -3.1538756e-02   3.9119524e-03  -3.8722567e-04  -4.2759275e-03   1.2597063e-02   1.4938855e+00   9.9469313e-04   1.5303372e-05   1.4994372e-07   1.8283556e-05   2.9972250e-02   6.5725300e-02  -1.2992993e-01   1.8542930e-03   1.6433133e-04   1.1731769e-03   8.9833577e-04   4.3198151e-03   1.6881787e-02   3.4384025e-06   2.7004786e-08   1.3763440e-06
   1.0000000e+00  -1.0573846e-01  -1.2897940e+00   9.0405762e-02   3.4613820e-03   1.3525805e-04  -4.7191813e-03   1.1180622e-02   1.6635686e+00   8.1732018e-03   1.1981165e-05   1.8294740e-08   2.2270672e-05   6.4981800e-03  -6.7547900e-02   1.2194452e-01  -4.5057040e-04   5.2248372e-04  -4.4325380e-04   4.2226343e-05   4.5627188e-03   1.4870465e-02   2.0301369e-07   2.7298924e-07   1.9647393e-07
   1.0000000e+00  -1.4089131e-01  -1.3243292e+00   8.4034837e-02   2.6752951e-03   2.3374980e-04  -5.1469136e-03   1.9850361e-02   1.7538478e+00   7.0618538e-03   7.1572039e-06   5.4638969e-08   2.6490720e-05  -3.5152850e-02  -3.4535200e-02  -6.3709250e-03  -7.8608690e-04   9.8491750e-05  -4.2773230e-04   1.2357229e-03   1.1926800e-03   4.0588685e-05   6.1793261e-07   9.7006248e-09   1.8295492e-07
   1.0000000e+00  -1.2850884e-01  -1.3569439e+00   1.2896676e-01   2.3541754e-03   2.7600171e-05  -5.0484125e-03   1.6514522e-02   1.8412967e+00   1.6632425e-02   5.5421418e-06   7.6176944e-10   2.5486469e-05   1.2382470e-02  -3.2614700e-02   4.4931923e-02  -3.2111970e-04  -2.0614963e-04   9.8501100e-05   1.5332556e-04   1.0637187e-03   2.0188777e-03   1.0311786e-07   4.2497670e-08   9.7024667e-09
   1.0000000e+00  -1.3216796e-01  -1.3525935e+00   6.4416237e-02   2.4596226e-03  -1.5940478e-04  -4.9649294e-03   1.7468370e-02   1.8295092e+00   4.1494516e-03   6.0497433e-06   2.5409884e-08   2.4650524e-05  -3.6591200e-03   4.3504000e-03  -6.4550523e-02   1.0544720e-04  -1.8700495e-04   8.3483100e-05   1.3389159e-05   1.8925980e-05   4.1667700e-03   1.1119112e-08   3.4970852e-08   6.9694280e-09
   1.0000000e+00  -1.1371563e-01  -1.3803221e+00   1.0195755e-01   2.0751481e-03  -2.7627699e-04  -4.8213844e-03   1.2931245e-02   1.9052891e+00   1.0395342e-02   4.3062396e-06   7.6328975e-08   2.3245748e-05   1.8452330e-02  -2.7728600e-02   3.7541313e-02  -3.8447450e-04  -1.1687221e-04   1.4354500e-04   3.4048848e-04   7.6887526e-04   1.4093502e-03   1.4782064e-07   1.3659113e-08   2.0605167e-08
   1.0000000e+00  -1.1783789e-01  -1.3530107e+00   3.7517962e-02   3.2909162e-03   8.6888615e-06  -4.6896577e-03   1.3885768e-02   1.8306380e+00   1.4075975e-03   1.0830129e-05   7.5496314e-11   2.1992889e-05  -4.1222600e-03   2.7311400e-02  -6.4439588e-02   1.2157681e-03   2.8496585e-04   1.3172670e-04   1.6993028e-05   7.4591257e-04   4.1524605e-03   1.4780921e-06   8.1205537e-08   1.7351923e-08
   1.0000000e+00  -9.9979152e-02  -1.4032963e+00   1.1289055e-01   2.5448193e-03  -1.4058135e-04  -4.5971497e-03   9.9958308e-03   1.9692405e+00   1.2744276e-02   6.4761053e-06   1.9763116e-08   2.1133785e-05   1.7858738e-02  -5.0285600e-02   7.5372588e-02  -7.4609690e-04  -1.4927021e-04   9.2508000e-05   3.1893452e-04   2.5286416e-03   5.6810270e-03   5.5666058e-07   2.2281596e-08   8.5577301e-09
   1.0000000e+00  -1.0853323e-01  -1.3491296e+00   4.1590180e-02   3.0124573e-03   9.6905051e-05  -4.5942624e-03   1.1779462e-02   1.8201507e+00   1.7297431e-03   9.0748990e-06   9.3905889e-09   2.1107247e-05  -8.5540780e-03   5.4166700e-02  -7.1300370e-02   4.6763800e-04   2.3748640e-04   2.8873000e-06   7.3172250e-05   2.9340314e-03   5.0837428e-03   2.1868530e-07   5.6399791e-08   8.3365013e-12
   1.0000000e+00  -9.1321195e-02  -1.3785903e+00   1.0478047e-01   1.9883658e-03  -1.9163723e-04  -4.6344508e-03   8.3395607e-03   1.9005112e+00   1.0978947e-02   3.9535986e-06   3.6724828e-08   2.1478134e-05   1.7212035e-02  -2.9460700e-02   6.3190290e-02  -1.0240915e-03  -2.8854228e-04  -4.0188400e-05   2.9625415e-04   8.6793284e-04   3.9930128e-03   1.0487634e-06   8.3256648e-08   1.6151075e-09
   1.0000000e+00  -9.7337845e-02  -1.3477682e+00  -7.3798907e-03   3.7201783e-03  -2.4705158e-04  -4.3630137e-03   9.4746561e-03   1.8164791e+00   5.4462787e-05   1.3839727e-05   6.1034483e-08   1.9035889e-05  -6.0166500e-03   3.0822100e-02  -1.1216036e-01   1.7318125e-03  -5.5414350e-05   2.7143710e-04   3.6200077e-05   9.5000185e-04   1.2579947e-02   2.9991745e-06   3.0707502e-09   7.3678099e-08
