   1.0000000e+00   0.0000000e+00   0.0000000e+00   0.0000000e+00   0.0000000e+00   0.0000000e+00  -0.0000000e+00   0.0000000e+00   0.0000000e+00   0.0000000e+00   0.0000000e+00   0.0000000e+00   0.0000000e+00   0.0000000e+00   0.0000000e+00   0.0000000e+00   0.0000000e+00   0.0000000e+00   0.0000000e+00   0.0000000e+00   0.0000000e+00   0.0000000e+00   0.0000000e+00   0.0000000e+00   0.0000000e+00
   1.0000000e+00   3.3699480e-02   7.7353936e-02  -1.0880893e-01   1.2061962e-03   8.1606418e-05   1.1557701e-04   1.1356550e-03   5.9836314e-03   1.1839383e-02   1.4549093e-06   6.6596075e-09   1.3358045e-08   3.3699480e-02   7.7353936e-02  -1.0880893e-01   1.2061962e-03   8.1606418e-05   1.1557701e-04   1.1356550e-03   5.9836314e-03   1.1839383e-02   1.4549093e-06   6.6596075e-09   1.3358045e-08
   1.0000000e+00   2.8424770e-02  -1.1243552e-02   7.6566711e-02  -7.9604812e-04  -8.9332661e-04  -1.5807341e-05   8.0796755e-04   1.2641746e-04   5.8624612e-03   6.3369261e-07   7.9803243e-07   2.4987203e-10  -5.2747100e-03  -8.8597488e-02   1.8537564e-01  -2.0022443e-03  -9.7493303e-04  -1.3138435e-04   2.7822566e-05   7.8495149e-03   3.4364128e-02   4.0089823e-06   9.5049441e-07   1.7261848e-08
   1.0000000e+00   3.2092002e-02   6.2005384e-02   6.9286355e-02   5.8575237e-04  -4.1786459e-04  -3.0997136e-06   1.0298966e-03   3.8446676e-03   4.8005990e-03   3.4310584e-07   1.7461082e-07   9.6082244e-12   3.6672320e-03   7.3248936e-02  -7.2803560e-03   1.3818005e-03   4.7546202e-04   1.2707627e-05   1.3448591e-05   5.3654066e-03   5.3003583e-05   1.9093726e-06   2.2606413e-07   1.6148379e-10
   1.0000000e+00   4.0116851e-02  -1.2937575e-02   5.0932584e-02   3.3669583e-05  -3.5344964e-04   7.7094572e-05   1.6093617e-03   1.6738085e-04   2.5941281e-03   1.1336408e-09   1.2492665e-07   5.9435730e-09   8.0248490e-03  -7.4942959e-02  -1.8353771e-02  -5.5208279e-04   6.4414950e-05   8.0194286e-05   6.4398201e-05   5.6164471e-03   3.3686091e-04   3.0479540e-07   4.1492858e-09   6.4311234e-09
   1.0000000e+00   2.8506126e-02   2.3966318e-03   1.2598388e-01  -7.1757751e-04   2.1915498e-04  -9.4343482e-05   8.1259922e-04   5.7438440e-06   1.5871938e-02   5.1491748e-07   4.8028905e-08   8.9006926e-09  -1.1610725e-02   1.5334207e-02   7.5051296e-02  -7.5124709e-04   5.7260462e-04  -1.7143805e-04   1.3480894e-04   2.3513790e-04   5.6326970e-03   5.6437219e-07   3.2787605e-07   2.9391006e-08
   1.0000000e+00   3.7613963e-02  -6.6036538e-02   6.1388889e-02   5.2531806e-04  -9.2729049e-04   1.5597400e-04   1.4148102e-03   4.3608244e-03   3.7685957e-03   2.7595906e-07   8.5986765e-07   2.4327889e-08   9.1078370e-03  -6.8433170e-02  -6.4594991e-02   1.2428956e-03  -1.1464455e-03   2.5031748e-04   8.2952695e-05   4.6830987e-03   4.1725129e-03   1.5447894e-06   1.3143372e-06   6.2658842e-08
   1.0000000e+00   3.8732412e-02  -7.0846849e-02   6.8399365e-02  -1.9254854e-03   4.1997356e-04  -3.5759719e-05   1.5001997e-03   5.0192760e-03   4.6784731e-03   3.7074940e-06   1.7637779e-07   1.2787575e-09   1.1184490e-03  -4.8103110e-03   7.0104760e-03  -2.4508035e-03   1.3472640e-03  -1.9173372e-04   1.2509282e-06   2.3139092e-05   4.9146774e-05   6.0064376e-06   1.8151204e-06   3.6761819e-08
   1.0000000e+00   5.7886416e-04   3.3292081e-02  -1.1606987e-01   8.9578608e-05   9.3815329e-04  -3.6121734e-04   3.3508372e-07   1.1083627e-03   1.3472215e-02   8.0243270e-09   8.8013160e-07   1.3047797e-07  -3.8153548e-02   1.0413893e-01  -1.8446924e-01   2.0150640e-03   5.1817973e-04  -3.2545762e-04   1.4556932e-03   1.0844917e-02   3.4028899e-02   4.0604830e-06   2.6851023e-07   1.0592266e-07
   1.0000000e+00   1.1975375e-02  -6.1330489e-02  -1.6791633e-02  -1.4131558e-04   3.4448097e-04  -4.0425725e-04   1.4340961e-04   3.7614289e-03   2.8195894e-04   1.9970093e-08   1.1866714e-07   1.6342392e-07   1.1396511e-02  -9.4622570e-02   9.9278237e-02  -2.3089419e-04  -5.9367232e-04  -4.3039910e-05   1.2988046e-04   8.9534308e-03   9.8561683e-03   5.3312126e-08   3.5244682e-07   1.8524339e-09
   1.0000000e+00   2.9010157e-02  -2.2656802e-03   5.4123930e-02   1.9763922e-04  -1.7224951e-04  -4.3721758e-04   8.4158921e-04   5.1333068e-06   2.9293998e-03   3.9061261e-08   2.9669894e-08   1.9115921e-07   1.7034782e-02   5.9064809e-02   7.0915563e-02   3.3895480e-04  -5.1673048e-04  -3.2960330e-05   2.9018380e-04   3.4886516e-03   5.0290171e-03   1.1489036e-07   2.6701039e-07   1.0863834e-09
   1.0000000e+00   5.6630467e-02  -8.5852399e-05  -3.9391514e-02   9.0875448e-04  -1.1507608e-03  -2.2648918e-04   3.2070098e-03   7.3706344e-09   1.5516914e-03   8.2583470e-07   1.3242504e-06   5.1297349e-08   2.7620310e-02   2.1798278e-03  -9.3515444e-02   7.1111526e-04  -9.7851129e-04   2.1072840e-04   7.6288152e-04   4.7516492e-06   8.7451383e-03   5.0568491e-07   9.5748434e-07   4.4406459e-08
   1.0000000e+00   6.1325714e-02  -7.5036839e-02   1.2604001e-01  -1.2092621e-03  -1.0205192e-03   2.4447492e-05   3.7608432e-03   5.6305272e-03   1.5886084e-02   1.4623148e-06   1.0414594e-06   5.9767987e-10   4.6952470e-03  -7.4950987e-02   1.6543152e-01  -2.1180166e-03   1.3024160e-04   2.5093667e-04   2.2045344e-05   5.6176504e-03   2.7367589e-02   4.4859942e-06   1.6962874e-08   6.2969213e-08
   1.0000000e+00   6.0113360e-02  -6.4864021e-02   2.5220412e-01   2.5420261e-04  -9.5199125e-04  -1.5631988e-04   3.6136161e-03   4.2073412e-03   6.3606918e-02   6.4618967e-08   9.0628734e-07   2.4435905e-08  -1.2123540e-03   1.0172818e-02   1.2616411e-01   1.4634647e-03   6.8527950e-05  -1.8076737e-04   1.4698022e-06   1.0348623e-04   1.5917383e-02   2.1417290e-06   4.6960799e-09   3.2676843e-08
   1.0000000e+00   4.8321477e-02  -5.9145976e-02   2.3833308e-02  -6.8573574e-04  -1.9115484e-04  -6.7911545e-06   2.3349651e-03   3.4982465e-03   5.6802657e-04   4.7023351e-07   3.6540173e-08   4.6119779e-11  -1.1791883e-02   5.7180450e-03  -2.2837081e-01  -9.3993835e-04   7.6083641e-04   1.4952873e-04   1.3904850e-04   3.2696039e-05   5.2153228e-02   8.8348410e-07   5.7887204e-07   2.2358840e-08
   1.0000000e+00   2.9627142e-02  -8.3511066e-02   2.3947006e-01  -2.0913574e-03   1.7279380e-04  -4.4021183e-04   8.7776754e-04   6.9740981e-03   5.7345910e-02   4.3737758e-06   2.9857697e-08   1.9378646e-07  -1.8694335e-02  -2.4365090e-02   2.1563675e-01  -1.4056217e-03   3.6394864e-04  -4.3342068e-04   3.4947816e-04   5.9365761e-04   4.6499209e-02   1.9757723e-06   1.3245861e-07   1.8785348e-07
   1.0000000e+00   2.7404442e-02  -9.7542666e-03  -1.0131184e-01   2.8974040e-04  -5.5802156e-04  -3.9181092e-04   7.5100344e-04   9.5145717e-05   1.0264089e-02   8.3949499e-08   3.1138806e-07   1.5351580e-07  -2.2227000e-03   7.3756799e-02  -3.4078190e-01   2.3810978e-03  -7.3081536e-04   4.8400910e-05   4.9403953e-06   5.4400655e-03   1.1613230e-01   5.6696267e-06   5.3409109e-07   2.3426481e-09
   1.0000000e+00   4.6968766e-02  -1.0052021e-01   1.5391699e-01  -2.2120085e-03  -2.9559122e-04  -3.9765468e-04   2.2060650e-03   1.0104313e-02   2.3690440e-02   4.8929816e-06   8.7374169e-08   1.5812924e-07   1.9564324e-02  -9.0765943e-02   2.5522883e-01  -2.5017489e-03   2.6243034e-04  -5.8437600e-06   3.8276277e-04   8.2384565e-03   6.5141756e-02   6.2587476e-06   6.8869683e-08   3.4149531e-11
   1.0000000e+00   6.5923758e-02  -4.0925301e-04  -3.6570296e-02   9.5387947e-04  -5.1122096e-04  -2.5269289e-04   4.3459419e-03   1.6748803e-07   1.3373865e-03   9.0988604e-07   2.6134687e-07   6.3853697e-08   1.8954992e-02   1.0011096e-01  -1.9048729e-01   3.1658880e-03  -2.1562974e-04   1.4496179e-04   3.5929172e-04   1.0022204e-02   3.6285406e-02   1.0022847e-05   4.6496185e-08   2.1013921e-08
   1.0000000e+00   7.0379232e-02  -1.0679283e-01   1.0373805e-01  -1.8517971e-03  -4.4420408e-04  -2.8936310e-04   4.9532363e-03   1.1404709e-02   1.0761583e-02   3.4291525e-06   1.9731726e-07   8.3731004e-08   4.4554740e-03  -1.0638358e-01   1.4030835e-01  -2.8056766e-03   6.7016880e-05  -3.6670210e-05   1.9851249e-05   1.1317465e-02   1.9686432e-02   7.8718210e-06   4.4912622e-09   1.3447043e-09
   1.0000000e+00   6.9362769e-02   4.7442366e-03   8.4285691e-03  -7.8841357e-05  -4.6445574e-04  -1.3263692e-04   4.8111937e-03   2.2507781e-05   7.1040777e-05   6.2159596e-09   2.1571913e-07   1.7592553e-08  -1.0164630e-03   1.1153707e-01  -9.5309481e-02   1.7729557e-03  -2.0251660e-05   1.5672618e-04   1.0331970e-06   1.2440517e-02   9.0838971e-03   3.1433721e-06   4.1012973e-10   2.4563095e-08
   1.0000000e+00   1.2313049e-01  -1.6751172e-01   2.5227757e-01  -1.5162994e-03  -3.2010305e-03   3.7868411e-04   1.5161118e-02   2.8060176e-02   6.3643972e-02   2.2991639e-06   1.0246596e-05   1.4340166e-07   5.3767721e-02  -1.7225596e-01   2.4384900e-01  -1.4374580e-03  -2.7365748e-03   5.1132103e-04   2.8909678e-03   2.9672115e-02   5.9462335e-02   2.0662856e-06   7.4888414e-06   2.6144920e-07
   1.0000000e+00   7.1144311e-02  -1.3600200e-01   2.6225418e-01  -2.8005551e-03  -8.9918227e-04  -4.5565350e-04   5.0615130e-03   1.8496544e-02   6.8777255e-02   7.8431089e-06   8.0852875e-07   2.0762011e-07  -5.1986179e-02   3.1509720e-02   9.9766100e-03  -1.2842557e-03   2.3018482e-03  -8.3433761e-04   2.7025628e-03   9.9286245e-04   9.9532747e-05   1.6493127e-06   5.2985053e-06   6.9611925e-07
   1.0000000e+00   5.1279009e-02  -8.4606594e-02   7.6620388e-02   7.6444222e-04  -1.3628426e-03  -6.8208819e-04   2.6295368e-03   7.1582757e-03   5.8706839e-03   5.8437191e-07   1.8573400e-06   4.6524430e-07  -1.9865302e-02   5.1395406e-02  -1.8563379e-01   3.5649973e-03  -4.6366033e-04  -2.2643469e-04   3.9463022e-04   2.6414878e-03   3.4459905e-02   1.2709206e-05   2.1498090e-07   5.1272669e-08
   1.0000000e+00   4.3437666e-02  -1.5132753e-01   1.7270574e-01  -2.8309439e-03  -4.7691301e-04  -5.6786315e-04   1.8868308e-03   2.2900021e-02   2.9827273e-02   8.0142434e-06   2.2744602e-07   3.2246856e-07  -7.8413430e-03  -6.6720936e-02   9.6085352e-02  -3.5953861e-03   8.8592959e-04   1.1422504e-04   6.1486660e-05   4.4516833e-03   9.2323949e-03   1.2926801e-05   7.8487124e-07   1.3047360e-08
   1.0000000e+00  -5.0377103e-02  -5.8794012e-02   2.0321093e-01   5.2876588e-04   2.2293261e-03  -2.8595998e-04   2.5378525e-03   3.4567358e-03   4.1294682e-02   2.7959336e-07   4.9698949e-06   8.1773110e-08  -9.3814769e-02   9.2533518e-02   3.0505190e-02   3.3597098e-03   2.7062391e-03   2.8190317e-04   8.8012109e-03   8.5624520e-03   9.3056662e-04   1.1287650e-05   7.3237301e-06   7.9469397e-08
   1.0000000e+00   1.1376798e-02  -1.5138858e-01   2.4761325e-01  -1.1095451e-03  -5.3351328e-04   7.1346668e-06   1.2943153e-04   2.2918502e-02   6.1312322e-02   1.2310903e-06   2.8463642e-07   5.0903470e-11   6.1753901e-02  -9.2594568e-02   4.4402320e-02  -1.6383110e-03  -2.7628394e-03   2.9309465e-04   3.8135443e-03   8.5737540e-03   1.9715660e-03   2.6840629e-06   7.6332814e-06   8.5904472e-08
   1.0000000e+00  -1.4136865e-02  -1.8125453e-01   4.7012967e-01  -2.7892317e-03   7.9799432e-05  -4.2529908e-04   1.9985095e-04   3.2853205e-02   2.2102191e-01   7.7798135e-06   6.3679493e-09   1.8087931e-07  -2.5513663e-02  -2.9865950e-02   2.2251642e-01  -1.6796866e-03   6.1331271e-04  -4.3243375e-04   6.5094700e-04   8.9197497e-04   4.9513557e-02   2.8213471e-06   3.7615248e-07   1.8699895e-07
   1.0000000e+00  -3.1114503e-01  -2.0156325e-01   3.6722949e-01  -1.2662883e-03   2.7389544e-03  -2.4191991e-03   9.6811230e-02   4.0627744e-02   1.3485750e-01   1.6034861e-06   7.5018712e-06   5.8525243e-06  -2.9700816e-01  -2.0308720e-02  -1.0290018e-01   1.5229434e-03   2.6591550e-03  -1.9939000e-03   8.8213850e-02   4.1244411e-04   1.0588447e-02   2.3193566e-06   7.0711051e-06   3.9756373e-06
   1.0000000e+00  -3.0840073e-01  -2.4320733e-01   5.6032946e-01  -4.7201148e-03   2.2785372e-03  -2.8932229e-03   9.5111010e-02   5.9149805e-02   3.1396910e-01   2.2279484e-05   5.1917318e-06   8.3707387e-06   2.7443000e-03  -4.1644080e-02   1.9309997e-01  -3.4538265e-03  -4.6041720e-04  -4.7402380e-04   7.5311825e-06   1.7342294e-03   3.7287598e-02   1.1928917e-05   2.1198400e-07   2.2469856e-07
   1.0000000e+00  -2.3580585e-01  -2.1717947e-01   4.4504093e-01  -6.2161132e-04   3.3449432e-03  -2.2638610e-03   5.5604399e-02   4.7166922e-02   1.9806143e-01   3.8640063e-07   1.1188645e-05   5.1250666e-06   7.2594880e-02   2.6027860e-02  -1.1528853e-01   4.0985035e-03   1.0664060e-03   6.2936190e-04   5.2700166e-03   6.7744950e-04   1.3291445e-02   1.6797731e-05   1.1372218e-06   3.9609640e-07
   1.0000000e+00  -3.0718443e-01  -3.6662661e-01   6.7210625e-01  -4.7674647e-03   4.9504925e-03  -3.2379611e-03   9.4362274e-02   1.3441507e-01   4.5172681e-01   2.2728720e-05   2.4507376e-05   1.0484392e-05  -7.1378580e-02  -1.4944714e-01   2.2706532e-01  -4.1458534e-03   1.6055493e-03  -9.7410010e-04   5.0949017e-03   2.2334448e-02   5.1558660e-02   1.7188100e-05   2.5777886e-06   9.4887100e-07
   1.0000000e+00  -3.2353461e-01  -2.0919753e-01   6.1678886e-01  -2.0029889e-03   3.9402893e-03  -3.4528537e-03   1.0467464e-01   4.3763607e-02   3.8042850e-01   4.0119645e-06   1.5525880e-05   1.1922199e-05  -1.6350180e-02   1.5742908e-01  -5.5317390e-02   2.7644758e-03  -1.0102032e-03  -2.1489260e-04   2.6732839e-04   2.4783915e-02   3.0600136e-03   7.6423264e-06   1.0205105e-06   4.6178830e-08
   1.0000000e+00  -3.4282637e-01  -3.1904942e-01   6.0609920e-01  -2.4905736e-03   4.6799753e-03  -3.5093889e-03   1.1752992e-01   1.0179253e-01   3.6735624e-01   6.2029569e-06   2.1902169e-05   1.2315810e-05  -1.9291760e-02  -1.0985189e-01  -1.0689660e-02  -4.8758470e-04   7.3968600e-04  -5.6535200e-05   3.7217200e-04   1.2067438e-02   1.1426883e-04   2.3773884e-07   5.4713538e-07   3.1962288e-09
   1.0000000e+00  -3.4842973e-01  -2.2808441e-01   5.9358205e-01  -4.2097155e-03   4.5892777e-03  -3.6164582e-03   1.2140328e-01   5.2022498e-02   3.5233965e-01   1.7721705e-05   2.1061470e-05   1.3078770e-05  -5.6033600e-03   9.0965010e-02  -1.2517150e-02  -1.7191419e-03  -9.0697600e-05  -1.0706930e-04   3.1397643e-05   8.2746330e-03   1.5667904e-04   2.9554489e-06   8.2260546e-09   1.1463835e-08
   1.0000000e+00  -3.1787060e-01  -2.4528946e-01   4.4586422e-01  -8.8805468e-05   3.3112082e-03  -3.3556093e-03   1.0104172e-01   6.0166919e-02   1.9879490e-01   7.8864111e-09   1.0964100e-05   1.1260114e-05   3.0559130e-02  -1.7205050e-02  -1.4771783e-01   4.1209100e-03  -1.2780695e-03   2.6084890e-04   9.3386043e-04   2.9601375e-04   2.1820557e-02   1.6981899e-05   1.6334616e-06   6.8042149e-08
   1.0000000e+00  -2.5529436e-01  -3.2692100e-01   5.8922204e-01  -4.7455978e-03   2.0010753e-03  -2.9673349e-03   6.5175210e-02   1.0687734e-01   3.4718261e-01   2.2520698e-05   4.0043024e-06   8.8050764e-06   6.2576240e-02  -8.1631540e-02   1.4335782e-01  -4.6567923e-03  -1.3101329e-03   3.8827440e-04   3.9157858e-03   6.6637083e-03   2.0551465e-02   2.1685715e-05   1.7164482e-06   1.5075701e-07
   1.0000000e+00  -2.6305854e-01  -2.2155171e-01   6.9615537e-01  -3.2798793e-03   2.5086238e-03  -3.1119283e-03   6.9199795e-02   4.9085160e-02   4.8463230e-01   1.0757608e-05   6.2931934e-06   9.6840977e-06  -7.7641800e-03   1.0536929e-01   1.0693333e-01   1.4657185e-03   5.0754850e-04  -1.4459340e-04   6.0282491e-05   1.1102687e-02   1.1434737e-02   2.1483307e-06   2.5760548e-07   2.0907251e-08
   1.0000000e+00  -2.6431373e-01  -2.6781839e-01   4.5668751e-01  -1.1470192e-03   1.8002086e-03  -3.2963274e-03   6.9861748e-02   7.1726690e-02   2.0856348e-01   1.3156530e-06   3.2407510e-06   1.0865774e-05  -1.2551900e-03  -4.6266680e-02  -2.3946786e-01   2.1328601e-03  -7.0841520e-04  -1.8439910e-04   1.5755019e-06   2.1406057e-03   5.7344856e-02   4.5490922e-06   5.0185210e-07   3.4003028e-08
   1.0000000e+00  -2.4035923e-01  -3.1610595e-01   6.2144248e-01  -5.7466375e-03   1.3454963e-03  -3.2002572e-03   5.7772559e-02   9.9922972e-02   3.8619076e-01   3.3023843e-05   1.8103603e-06   1.0241646e-05   2.3954500e-02  -4.8287560e-02   1.6475497e-01  -4.5996183e-03  -4.5471230e-04   9.6070200e-05   5.7381807e-04   2.3316885e-03   2.7144200e-02   2.1156489e-05   2.0676328e-07   9.2294833e-09
   1.0000000e+00  -2.4870622e-01  -1.9933811e-01   5.9073648e-01  -1.9597596e-03   2.3727086e-03  -3.2934047e-03   6.1854784e-02   3.9735682e-02   3.4896959e-01   3.8406577e-06   5.6297461e-06   1.0846515e-05  -8.3469900e-03   1.1676784e-01  -3.0706000e-02   3.7868779e-03   1.0272123e-03  -9.3147500e-05   6.9672242e-05   1.3634728e-02   9.4285844e-04   1.4340444e-05   1.0551651e-06   8.6764568e-09
   1.0000000e+00  -2.7271434e-01  -3.2543570e-01   5.6714598e-01  -1.5378968e-03   1.2676206e-03  -3.8770023e-03   7.4373111e-02   1.0590839e-01   3.2165456e-01   2.3651266e-06   1.6068620e-06   1.5031147e-05  -2.4008120e-02  -1.2609759e-01  -2.3590500e-02   4.2186280e-04  -1.1050880e-03  -5.8359760e-04   5.7638983e-04   1.5900602e-02   5.5651169e-04   1.7796822e-07   1.2212195e-06   3.4058616e-07
   1.0000000e+00  -2.9323121e-01  -3.6369183e-01   7.2183136e-01  -5.8211035e-03   1.6357691e-03  -3.9283163e-03   8.5984543e-02   1.3227175e-01   5.2104051e-01   3.3885246e-05   2.6757405e-06   1.5431669e-05  -2.0516870e-02  -3.8256130e-02   1.5468538e-01  -4.2832067e-03   3.6814850e-04  -5.1314000e-05   4.2094195e-04   1.4635315e-03   2.3927567e-02   1.8345860e-05   1.3553332e-07   2.6331266e-09
   1.0000000e+00  -3.2282233e-01  -2.3462088e-01   5.4437999e-01  -9.9420420e-04   2.9588332e-03  -3.8178198e-03   1.0421426e-01   5.5046957e-02   2.9634957e-01   9.8844199e-07   8.7546939e-06   1.4575748e-05  -2.9591120e-02   1.2907095e-01  -1.7745137e-01   4.8268993e-03   1.3230641e-03   1.1049650e-04   8.7563438e-04   1.6659310e-02   3.1488989e-02   2.3298957e-05   1.7504986e-06   1.2209477e-08
   1.0000000e+00  -2.6388202e-01  -3.4791978e-01   5.5478687e-01  -3.4302585e-03   1.5849525e-03  -3.5968003e-03   6.9633720e-02   1.2104817e-01   3.0778847e-01   1.1766673e-05   2.5120744e-06   1.2936972e-05   5.8940310e-02  -1.1329890e-01   1.0406880e-02  -2.4360543e-03  -1.3738807e-03   2.2101950e-04   3.4739601e-03   1.2836641e-02   1.0830315e-04   5.9343606e-06   1.8875482e-06   4.8849619e-08
   1.0000000e+00  -2.8428641e-01  -3.0449991e-01   7.2356343e-01  -4.9146268e-03   1.4694651e-03  -3.8534221e-03   8.0818763e-02   9.2720195e-02   5.2354404e-01   2.4153557e-05   2.1593277e-06   1.4848862e-05  -2.0404390e-02   4.3419870e-02   1.6877656e-01  -1.4843683e-03  -1.1548740e-04  -2.5662180e-04   4.1633913e-04   1.8852851e-03   2.8485527e-02   2.2033493e-06   1.3337340e-08   6.5854748e-08
   1.0000000e+00  -3.0360385e-01  -3.1630097e-01   4.8200589e-01  -1.0885543e-04   1.7358461e-03  -3.9384922e-03   9.2175298e-02   1.0004630e-01   2.3232968e-01   1.1849505e-08   3.0131617e-06   1.5511721e-05  -1.9317440e-02  -1.1801060e-02  -2.4155754e-01   4.8057714e-03   2.6638100e-04  -8.5070100e-05   3.7316349e-04   1.3926502e-04   5.8350045e-02   2.3095438e-05   7.0958837e-08   7.2369219e-09
   1.0000000e+00  -2.6316599e-01  -4.1076987e-01   6.9070776e-01  -5.7684970e-03   1.1837415e-03  -3.6236424e-03   6.9256338e-02   1.6873189e-01   4.7707721e-01   3.3275558e-05   1.4012439e-06   1.3130784e-05   4.0437860e-02  -9.4468900e-02   2.0870187e-01  -5.6596416e-03  -5.5210460e-04   3.1484980e-04   1.6352205e-03   8.9243731e-03   4.3556471e-02   3.2031543e-05   3.0481949e-07   9.9130397e-08
   1.0000000e+00  -2.6957529e-01  -2.6091400e-01   5.4576524e-01  -8.3850398e-04   1.3676843e-03  -3.4260879e-03   7.2670837e-02   6.8076115e-02   2.9785970e-01   7.0308892e-07   1.8705603e-06   1.1738078e-05  -6.4093000e-03   1.4985587e-01  -1.4494252e-01   4.9299930e-03   1.8394280e-04   1.9755450e-04   4.1079126e-05   2.2456782e-02   2.1008334e-02   2.4304831e-05   3.3834954e-08   3.9027780e-08
   1.0000000e+00  -2.7959299e-01  -3.7938251e-01   6.1622972e-01  -3.1690900e-03   1.3951785e-03  -3.5750331e-03   7.8172240e-02   1.4393109e-01   3.7973907e-01   1.0043131e-05   1.9465230e-06   1.2780862e-05  -1.0017700e-02  -1.1846851e-01   7.0464480e-02  -2.3305860e-03   2.7494200e-05  -1.4894520e-04   1.0035431e-04   1.4034788e-02   4.9652429e-03   5.4316312e-06   7.5593103e-10   2.2184673e-08
   1.0000000e+00  -3.0752056e-01  -4.0549001e-01   9.4092848e-01  -4.9222892e-03   1.9455991e-03  -3.8979695e-03   9.4568895e-02   1.6442215e-01   8.8534640e-01   2.4228931e-05   3.7853559e-06   1.5194166e-05  -2.7927570e-02  -2.6107500e-02   3.2469876e-01  -1.7531992e-03   5.5042060e-04  -3.2293640e-04   7.7994917e-04   6.8160156e-04   1.0542928e-01   3.0737074e-06   3.0296284e-07   1.0428792e-07
   1.0000000e+00  -3.0786463e-01  -3.8293971e-01   5.2507511e-01  -1.3789025e-03   1.4054587e-03  -3.8076109e-03   9.4780630e-02   1.4664282e-01   2.7570387e-01   1.9013721e-06   1.9753142e-06   1.4497901e-05  -3.4407000e-04   2.2550300e-02  -4.1585337e-01   3.5433867e-03  -5.4014040e-04   9.0358600e-05   1.1838416e-07   5.0851603e-04   1.7293403e-01   1.2555589e-05   2.9175165e-07   8.1646766e-09
   1.0000000e+00  -3.0743037e-01  -4.8114542e-01   8.8416676e-01  -5.9501231e-03   1.2233363e-03  -4.0475474e-03   9.4513432e-02   2.3150092e-01   7.8175086e-01   3.5403965e-05   1.4965517e-06   1.6382640e-05   4.3426000e-04  -9.8205710e-02   3.5909165e-01  -4.5712206e-03  -1.8212240e-04  -2.3993650e-04   1.8858175e-07   9.6443615e-03   1.2894681e-01   2.0896058e-05   3.3168569e-08   5.7569524e-08
   1.0000000e+00  -3.2480901e-01  -3.4469357e-01   5.7427374e-01  -5.9772049e-04   1.9404777e-03  -4.1213482e-03   1.0550089e-01   1.1881366e-01   3.2979033e-01   3.5726978e-07   3.7654537e-06   1.6985511e-05  -1.7378640e-02   1.3645185e-01  -3.0989302e-01   5.3524026e-03   7.1714140e-04  -7.3800800e-05   3.0201713e-04   1.8619107e-02   9.6033684e-02   2.8648214e-05   5.1429179e-07   5.4465581e-09
   1.0000000e+00  -3.0241109e-01  -4.8121170e-01   8.0440571e-01  -4.9121427e-03   8.1517045e-04  -4.0877106e-03   9.1452467e-02   2.3156470e-01   6.4706855e-01   2.4129146e-05   6.6450286e-07   1.6709378e-05   2.2397920e-02  -1.3651813e-01   2.3013197e-01  -4.3144222e-03  -1.1253072e-03   3.3637600e-05   5.0166682e-04   1.8637200e-02   5.2960724e-02   1.8614239e-05   1.2663164e-06   1.1314881e-09
   1.0000000e+00  -3.4110320e-01  -3.2590686e-01   8.7415915e-01  -2.6370940e-03   2.3767424e-03  -4.3557794e-03   1.1635139e-01   1.0621528e-01   7.6415422e-01   6.9542648e-06   5.6489044e-06   1.8972814e-05  -3.8692110e-02   1.5530484e-01   6.9753440e-02   2.2750487e-03   1.5615719e-03  -2.6806880e-04   1.4970794e-03   2.4119593e-02   4.8655424e-03   5.1758466e-06   2.4385070e-06   7.1860882e-08
   1.0000000e+00  -2.9944200e-01  -4.0359477e-01   5.1783001e-01  -1.1394044e-03   1.0600642e-03  -4.0478147e-03   8.9665511e-02   1.6288874e-01   2.6814792e-01   1.2982424e-06   1.1237361e-06   1.6384804e-05   4.1661200e-02  -7.7687910e-02  -3.5632914e-01   1.4976896e-03  -1.3166782e-03   3.0796470e-04   1.7356556e-03   6.0354114e-03   1.2697046e-01   2.2430741e-06   1.7336415e-06   9.4842256e-08
   1.0000000e+00  -3.0697310e-01  -4.3785358e-01   8.3108066e-01  -4.8495745e-03   1.2726728e-03  -4.0753489e-03   9.4232484e-02   1.9171576e-01   6.9069506e-01   2.3518373e-05   1.6196961e-06   1.6608469e-05  -7.5311000e-03  -3.4258810e-02   3.1325065e-01  -3.7101701e-03   2.1260860e-04  -2.7534200e-05   5.6717467e-05   1.1736661e-03   9.8125970e-02   1.3765362e-05   4.5202417e-08   7.5813217e-10
   1.0000000e+00  -2.8641902e-01  -3.8185039e-01   4.9955150e-01  -1.2478774e-03   1.5145708e-03  -3.5244335e-03   8.2035855e-02   1.4580972e-01   2.4955170e-01   1.5571980e-06   2.2939247e-06   1.2421631e-05   2.0554080e-02   5.6003190e-02  -3.3152916e-01   3.6016971e-03   2.4189800e-04   5.5091540e-04   4.2247020e-04   3.1363573e-03   1.0991158e-01   1.2972222e-05   5.8514642e-08   3.0350778e-07
   1.0000000e+00  -3.0470098e-01  -4.9769013e-01   9.7192075e-01  -5.1770700e-03   1.1356817e-03  -4.2462785e-03   9.2842687e-02   2.4769547e-01   9.4462994e-01   2.6802054e-05   1.2897729e-06   1.8030881e-05  -1.8281960e-02  -1.1583974e-01   4.7236925e-01  -3.9291926e-03  -3.7888910e-04  -7.2184500e-04   3.3423006e-04   1.3418845e-02   2.2313271e-01   1.5438554e-05   1.4355695e-07   5.2106020e-07
   1.0000000e+00  -3.4697241e-01  -4.1400369e-01   7.7311984e-01  -1.6451172e-03   2.0385887e-03  -4.5940690e-03   1.2038985e-01   1.7139906e-01   5.9771429e-01   2.7064106e-06   4.1558439e-06   2.1105470e-05  -4.2271430e-02   8.3686440e-02  -1.9880091e-01   3.5319528e-03   9.0290700e-04  -3.4779050e-04   1.7868738e-03   7.0034202e-03   3.9521802e-02   1.2474691e-05   8.1524105e-07   1.2095823e-07
   1.0000000e+00  -3.4013270e-01  -5.6083232e-01   1.0415288e+00  -4.8014465e-03   1.9153152e-03  -4.5849434e-03   1.1569025e-01   3.1453289e-01   1.0847822e+00   2.3053888e-05   3.6684323e-06   2.1021706e-05   6.8397100e-03  -1.4682863e-01   2.6840896e-01  -3.1563293e-03  -1.2327350e-04   9.1256000e-06   4.6781633e-05   2.1558647e-02   7.2043370e-02   9.9624147e-06   1.5196356e-08   8.3276575e-11
   1.0000000e+00  -3.3424244e-01  -4.8811984e-01   8.1942682e-01  -2.2321219e-03   2.5651332e-03  -4.4091944e-03   1.1171801e-01   2.3826098e-01   6.7146031e-01   4.9823682e-06   6.5799083e-06   1.9440995e-05   5.8902600e-03   7.2712480e-02  -2.2210198e-01   2.5693246e-03   6.4981800e-04   1.7574900e-04   3.4695163e-05   5.2871047e-03   4.9329290e-02   6.6014289e-06   4.2226343e-07   3.0887711e-08
   1.0000000e+00  -3.0162381e-01  -5.1745832e-01   6.8641638e-01  -4.3586843e-03   1.4032506e-03  -4.1739132e-03   9.0976923e-02   2.6776311e-01   4.7116745e-01   1.8998129e-05   1.9691122e-06   1.7421551e-05   3.2618630e-02  -2.9338480e-02  -1.3301044e-01  -2.1265624e-03  -1.1618826e-03   2.3528120e-04   1.0639750e-03   8.6074641e-04   1.7691777e-02   4.5222676e-06   1.3499712e-06   5.5357243e-08
   1.0000000e+00  -3.1187455e-01  -5.3265213e-01   8.2292972e-01  -1.2624189e-03   1.2058100e-03  -4.4756755e-03   9.7265735e-02   2.8371829e-01   6.7721332e-01   1.5937015e-06   1.4539778e-06   2.0031671e-05  -1.0250740e-02  -1.5193810e-02   1.3651334e-01   3.0962654e-03  -1.9744060e-04  -3.0176230e-04   1.0507767e-04   2.3085186e-04   1.8635892e-02   9.5868594e-06   3.8982791e-08   9.1060486e-08
   1.0000000e+00  -3.1455517e-01  -6.0243938e-01   8.7865456e-01  -4.4175616e-03  -2.5670281e-04  -4.4337560e-03   9.8944955e-02   3.6293321e-01   7.7203384e-01   1.9514850e-05   6.5896333e-08   1.9658192e-05  -2.6806200e-03  -6.9787250e-02   5.5724840e-02  -3.1551427e-03  -1.4625128e-03   4.1919500e-05   7.1857236e-06   4.8702603e-03   3.1052578e-03   9.9549255e-06   2.1389437e-06   1.7572445e-09
   1.0000000e+00  -3.3859485e-01  -5.1464166e-01   9.4536328e-01  -1.9018420e-03   2.1190712e-04  -4.9389630e-03   1.1464647e-01   2.6485604e-01   8.9371173e-01   3.6170030e-06   4.4904628e-08   2.4393356e-05  -2.4039680e-02   8.7797720e-02   6.6708720e-02   2.5157196e-03   4.6860993e-04  -5.0520700e-04   5.7790621e-04   7.7084396e-03   4.4500533e-03   6.3288451e-06   2.1959527e-07   2.5523411e-07
   1.0000000e+00  -3.5992645e-01  -6.3708890e-01   1.0544989e+00  -3.6002967e-03   4.6548215e-04  -5.2427557e-03   1.2954705e-01   4.0588227e-01   1.1119679e+00   1.2962136e-05   2.1667363e-07   2.7486487e-05  -2.1331600e-02  -1.2244724e-01   1.0913562e-01  -1.6984547e-03   2.5357503e-04  -3.0379270e-04   4.5503716e-04   1.4993327e-02   1.1910584e-02   2.8847484e-06   6.4300296e-08   9.2290005e-08
   1.0000000e+00  -3.6784871e-01  -6.1143195e-01   1.2161705e+00  -3.4563372e-03   6.5176633e-04  -5.1979951e-03   1.3531267e-01   3.7384903e-01   1.4790707e+00   1.1946267e-05   4.2479935e-07   2.7019153e-05  -7.9222600e-03   2.5656950e-02   1.6167160e-01   1.4395950e-04   1.8628418e-04   4.4760600e-05   6.2762204e-05   6.5827908e-04   2.6137706e-02   2.0724338e-08   3.4701796e-08   2.0035113e-09
   1.0000000e+00  -3.7456931e-01  -6.5233051e-01   1.0379588e+00  -4.0076640e-03   5.5077278e-04  -5.2711289e-03   1.4030217e-01   4.2553509e-01   1.0773585e+00   1.6061371e-05   3.0335066e-07   2.7784800e-05  -6.7206000e-03  -4.0898560e-02  -1.7821170e-01  -5.5132680e-04  -1.0099355e-04  -7.3133800e-05   4.5166464e-05   1.6726922e-03   3.1759410e-02   3.0396124e-07   1.0199697e-08   5.3485527e-09
   1.0000000e+00  -3.8361270e-01  -5.9573633e-01   1.2207852e+00  -4.5389152e-03   1.0831658e-03  -5.2297959e-03   1.4715870e-01   3.5490177e-01   1.4903165e+00   2.0601751e-05   1.1732482e-06   2.7350765e-05  -9.0433900e-03   5.6594180e-02   1.8282640e-01  -5.3125120e-04   5.3239302e-04   4.1333000e-05   8.1782903e-05   3.2029012e-03   3.3425493e-02   2.8222784e-07   2.8344233e-07   1.7084169e-09
   1.0000000e+00  -3.8863023e-01  -6.2152617e-01   9.2455792e-01  -3.3664461e-03   8.5957480e-04  -5.2507488e-03   1.5103346e-01   3.8629478e-01   8.5480735e-01   1.1332959e-05   7.3886884e-07   2.7570363e-05  -5.0175300e-03  -2.5789840e-02  -2.9622728e-01   1.1724691e-03  -2.2359100e-04  -2.0952900e-05   2.5175607e-05   6.6511585e-04   8.7750601e-02   1.3746838e-06   4.9992935e-08   4.3902402e-10
   1.0000000e+00  -4.0321023e-01  -6.4385510e-01   1.2249604e+00  -5.9019349e-03   1.8796852e-03  -5.2396177e-03   1.6257849e-01   4.1454939e-01   1.5005280e+00   3.4832836e-05   3.5332165e-06   2.7453594e-05  -1.4580000e-02  -2.2328930e-02   3.0040248e-01  -2.5354888e-03   1.0201104e-03   1.1131100e-05   2.1257640e-04   4.9858111e-04   9.0241650e-02   6.4287035e-06   1.0406252e-06   1.2390139e-10
   1.0000000e+00  -4.3472442e-01  -5.7517919e-01   6.5643219e-01  -2.0437330e-03   1.6410546e-03  -5.5554885e-03   1.8898532e-01   3.3083110e-01   4.3090322e-01   4.1768446e-06   2.6930602e-06   3.0863452e-05  -3.1514190e-02   6.8675910e-02  -5.6852821e-01   3.8582019e-03  -2.3863060e-04  -3.1587080e-04   9.9314417e-04   4.7163806e-03   3.2322433e-01   1.4885722e-05   5.6944563e-08   9.9774362e-08
   1.0000000e+00  -4.0166467e-01  -6.7175567e-01   1.0987527e+00  -5.8960585e-03   1.1797353e-03  -5.1821436e-03   1.6133451e-01   4.5125568e-01   1.2072575e+00   3.4763506e-05   1.3917754e-06   2.6854612e-05   3.3059750e-02  -9.6576480e-02   4.4232051e-01  -3.8523255e-03  -4.6131930e-04   3.7334490e-04   1.0929471e-03   9.3270165e-03   1.9564743e-01   1.4840412e-05   2.1281550e-07   1.3938641e-07
   1.0000000e+00  -3.9938881e-01  -5.4965198e-01   7.2130880e-01  -1.1578864e-03   1.5815968e-03  -5.2504251e-03   1.5951142e-01   3.0211730e-01   5.2028638e-01   1.3407009e-06   2.5014484e-06   2.7566964e-05   2.2758600e-03   1.2210369e-01  -3.7744390e-01   4.7381721e-03   4.0186150e-04  -6.8281500e-05   5.1795387e-06   1.4909311e-02   1.4246390e-01   2.2450275e-05   1.6149267e-07   4.6623632e-09
   1.0000000e+00  -3.7080855e-01  -6.7798130e-01   1.0324321e+00  -5.8617698e-03   2.7901918e-04  -5.0560249e-03   1.3749898e-01   4.5965864e-01   1.0659160e+00   3.4360345e-05   7.7851703e-08   2.5563388e-05   2.8580260e-02  -1.2832932e-01   3.1112330e-01  -4.7038834e-03  -1.3025776e-03   1.9440020e-04   8.1683126e-04   1.6468414e-02   9.6797708e-02   2.2126519e-05   1.6967085e-06   3.7791438e-08
   1.0000000e+00  -3.4019745e-01  -4.7107069e-01   7.4722311e-01  -2.6987309e-03   4.3316719e-04  -4.7547422e-03   1.1573430e-01   2.2190759e-01   5.5834238e-01   7.2831485e-06   1.8763381e-07   2.2607573e-05   3.0611100e-02   2.0691061e-01  -2.8520899e-01   3.1630389e-03   1.5414801e-04   3.0128270e-04   9.3703944e-04   4.2812001e-02   8.1344168e-02   1.0004815e-05   2.3761609e-08   9.0771265e-08
   1.0000000e+00  -3.1181189e-01  -5.4195937e-01   4.9638217e-01  -7.3372791e-04   1.4436864e-04  -4.3977965e-03   9.7226655e-02   2.9371996e-01   2.4639526e-01   5.3835665e-07   2.0842304e-08   1.9340614e-05   2.8385560e-02  -7.0888680e-02  -2.5084094e-01   1.9650030e-03  -2.8879855e-04   3.5694570e-04   8.0574002e-04   5.0252050e-03   6.2921177e-02   3.8612368e-06   8.3404602e-08   1.2741023e-07
   1.0000000e+00  -3.4143045e-01  -7.0284258e-01   1.0379515e+00  -6.9464556e-03   7.3622972e-04  -4.7047251e-03   1.1657475e-01   4.9398769e-01   1.0773433e+00   4.8253245e-05   5.4203420e-07   2.2134438e-05  -2.9618560e-02  -1.6088321e-01   5.4156933e-01  -6.2127277e-03   5.9186108e-04  -3.0692860e-04   8.7725910e-04   2.5883407e-02   2.9329734e-01   3.8597985e-05   3.5029954e-07   9.4205165e-08
   1.0000000e+00  -3.3460900e-01  -5.2823136e-01   8.2718868e-01  -1.5226032e-03   5.6572925e-04  -4.7495511e-03   1.1196318e-01   2.7902837e-01   6.8424111e-01   2.3183205e-06   3.2004958e-07   2.2558236e-05   6.8214500e-03   1.7461122e-01  -2.1076282e-01   5.4238524e-03  -1.7050047e-04  -4.4826000e-05   4.6532180e-05   3.0489078e-02   4.4420966e-02   2.9418175e-05   2.9070410e-08   2.0093703e-09
   1.0000000e+00  -3.4847943e-01  -6.7832618e-01   9.1731406e-01  -3.8152147e-03   6.8997121e-04  -5.0584898e-03   1.2143791e-01   4.6012641e-01   8.4146508e-01   1.4555863e-05   4.7606027e-07   2.5588319e-05  -1.3870430e-02  -1.5009482e-01   9.0125380e-02  -2.2926115e-03   1.2424196e-04  -3.0893870e-04   1.9238883e-04   2.2528455e-02   8.1225841e-03   5.2560675e-06   1.5436065e-08   9.5443120e-08
   1.0000000e+00  -3.6005081e-01  -5.7716245e-01   9.2732063e-01  -4.9695862e-03   6.3320468e-04  -5.0947185e-03   1.2963659e-01   3.3311649e-01   8.5992355e-01   2.4696787e-05   4.0094817e-07   2.5956157e-05  -1.1571380e-02   1.0116373e-01   1.0006570e-02  -1.1543715e-03  -5.6766530e-05  -3.6228700e-05   1.3389684e-04   1.0234100e-02   1.0013144e-04   1.3325736e-06   3.2224389e-09   1.3125187e-09
   1.0000000e+00  -3.7876178e-01  -6.4388558e-01   7.9933415e-01  -1.0533632e-04   6.8226408e-04  -5.2534287e-03   1.4346049e-01   4.1458864e-01   6.3893508e-01   1.1095740e-08   4.6548427e-07   2.7598513e-05  -1.8710970e-02  -6.6723130e-02  -1.2798648e-01   4.8642499e-03   4.9059400e-05  -1.5871020e-04   3.5010040e-04   4.4519761e-03   1.6380539e-02   2.3660927e-05   2.4068247e-09   2.5188928e-08
   1.0000000e+00  -3.6794092e-01  -7.0810838e-01   8.2114389e-01  -5.3068246e-03   3.1520535e-04  -5.0220771e-03   1.3538052e-01   5.0141748e-01   6.7427729e-01   2.8162387e-05   9.9354413e-08   2.5221258e-05   1.0820860e-02  -6.4222800e-02   2.1809740e-02  -5.2014883e-03  -3.6705873e-04   2.3135160e-04   1.1709101e-04   4.1245680e-03   4.7566476e-04   2.7055480e-05   1.3473211e-07   5.3523563e-08
   1.0000000e+00  -3.8251620e-01  -6.9803716e-01   1.2020379e+00  -5.6248324e-03   7.0075803e-04  -5.0625029e-03   1.4631864e-01   4.8725588e-01   1.4448951e+00   3.1638740e-05   4.9106182e-07   2.5628936e-05  -1.4575280e-02   1.0071220e-02   3.8089401e-01  -3.1800780e-04   3.8555268e-04  -4.0425800e-05   2.1243879e-04   1.0142947e-04   1.4508025e-01   1.0112896e-07   1.4865087e-07   1.6342453e-09
   1.0000000e+00  -3.7878937e-01  -6.3491307e-01   6.5124645e-01  -1.1032255e-03   1.0689584e-04  -5.1424524e-03   1.4348139e-01   4.0311461e-01   4.2412194e-01   1.2171065e-06   1.1426721e-08   2.6444817e-05   3.7268300e-03   6.3124090e-02  -5.5079145e-01   4.5216069e-03  -5.9386219e-04  -7.9949500e-05   1.3889262e-05   3.9846507e-03   3.0337122e-01   2.0444929e-05   3.5267230e-07   6.3919226e-09
   1.0000000e+00  -3.8716820e-01  -7.8076873e-01   1.1887546e+00  -5.3423704e-03   2.8069049e-04  -5.2897915e-03   1.4989922e-01   6.0959981e-01   1.4131375e+00   2.8540921e-05   7.8787151e-08   2.7981894e-05  -8.3788300e-03  -1.4585566e-01   5.3750815e-01  -4.2391449e-03   1.7379465e-04  -1.4733910e-04   7.0204792e-05   2.1273874e-02   2.8891501e-01   1.7970349e-05   3.0204580e-08   2.1708810e-08
   1.0000000e+00  -3.8032619e-01  -5.5449858e-01   6.6102527e-01  -1.4066211e-03   4.1694503e-04  -5.1488858e-03   1.4464801e-01   3.0746868e-01   4.3695441e-01   1.9785829e-06   1.7384316e-07   2.6511025e-05   6.8420100e-03   2.2627015e-01  -5.2772933e-01   3.9357493e-03   1.3625454e-04   1.4090570e-04   4.6813101e-05   5.1198181e-02   2.7849825e-01   1.5490123e-05   1.8565300e-08   1.9854416e-08
   1.0000000e+00  -3.7773506e-01  -8.1103021e-01   1.2521740e+00  -4.5070989e-03  -9.2436835e-05  -5.2341553e-03   1.4268378e-01   6.5777000e-01   1.5679397e+00   2.0313940e-05   8.5445685e-09   2.7396382e-05   2.5911300e-03  -2.5653163e-01   5.9114873e-01  -3.1004778e-03  -5.0938186e-04  -8.5269500e-05   6.7139547e-06   6.5808477e-02   3.4945682e-01   9.6129626e-06   2.5946988e-07   7.2708876e-09
   1.0000000e+00  -4.0768761e-01  -6.1378202e-01   8.9192052e-01  -2.0308941e-03   7.4663237e-04  -5.5687805e-03   1.6620919e-01   3.7672837e-01   7.9552221e-01   4.1245308e-06   5.5745990e-07   3.1011316e-05  -2.9952550e-02   1.9724819e-01  -3.6025348e-01   2.4762048e-03   8.3906921e-04  -3.3462520e-04   8.9715525e-04   3.8906848e-02   1.2978257e-01   6.1315902e-06   7.0403713e-07   1.1197402e-07
   1.0000000e+00  -3.7550884e-01  -7.5615051e-01   1.0050355e+00  -2.3767897e-03  -2.1247818e-04  -5.2059717e-03   1.4100689e-01   5.7176359e-01   1.0100964e+00   5.6491293e-06   4.5146977e-08   2.7102141e-05   3.2178770e-02  -1.4236849e-01   1.1311498e-01  -3.4589560e-04  -9.5911055e-04   3.6280880e-04   1.0354732e-03   2.0268787e-02   1.2794999e-02   1.1964377e-07   9.1989305e-07   1.3163023e-07
   1.0000000e+00  -3.8793891e-01  -8.1041711e-01   1.2072459e+00  -6.1847337e-03  -6.1173075e-04  -5.6065774e-03   1.5049660e-01   6.5677589e-01   1.4574427e+00   3.8250931e-05   3.7421451e-07   3.1433710e-05  -1.2430070e-02  -5.4266600e-02   2.0221040e-01  -3.8079440e-03  -3.9925257e-04  -4.0060570e-04   1.5450664e-04   2.9448639e-03   4.0889046e-02   1.4500438e-05   1.5940261e-07   1.6048493e-07
   1.0000000e+00  -3.4537802e-01  -6.7215069e-01   7.8469144e-01  -8.0832870e-05  -5.9817167e-04  -4.7792703e-03   1.1928598e-01   4.5178655e-01   6.1574066e-01   6.5339529e-09   3.5780935e-07   2.2841425e-05   4.2560890e-02   1.3826642e-01  -4.2255446e-01   6.1039008e-03   1.3559080e-05   8.2730710e-04   1.8114294e-03   1.9117603e-02   1.7855227e-01   3.7257605e-05   1.8384865e-10   6.8443704e-07
   1.0000000e+00  -3.6079682e-01  -8.4427992e-01   1.1743999e+00  -4.9037549e-03  -1.6349939e-03  -5.1737951e-03   1.3017435e-01   7.1280858e-01   1.3792151e+00   2.4046812e-05   2.6732051e-06   2.6768156e-05  -1.5418800e-02  -1.7212923e-01   3.8970846e-01  -4.8229220e-03  -1.0368222e-03  -3.9452480e-04   2.3773939e-04   2.9628472e-02   1.5187268e-01   2.3260577e-05   1.0750003e-06   1.5564982e-07
   1.0000000e+00  -3.3730718e-01  -7.1041085e-01   1.1516590e+00  -1.2806321e-03  -1.8727312e-03  -5.0873637e-03   1.1377613e-01   5.0468358e-01   1.3263185e+00   1.6400186e-06   3.5071221e-06   2.5881269e-05   2.3489640e-02   1.3386907e-01  -2.2740900e-02   3.6231228e-03  -2.3773730e-04   8.6431400e-05   5.5176319e-04   1.7920928e-02   5.1714853e-04   1.3127019e-05   5.6519024e-08   7.4703869e-09
   1.0000000e+00  -3.6511899e-01  -8.7963356e-01   1.1223853e+00  -3.5812975e-03  -1.2841966e-03  -5.3685011e-03   1.3331188e-01   7.7375520e-01   1.2597488e+00   1.2825692e-05   1.6491609e-06   2.8820804e-05  -2.7811810e-02  -1.6922271e-01  -2.9273700e-02  -2.3006654e-03   5.8853460e-04  -2.8113740e-04   7.7349678e-04   2.8636326e-02   8.5694951e-04   5.2930613e-06   3.4637298e-07   7.9038238e-08
   1.0000000e+00  -3.7695614e-01  -8.0710955e-01   1.2244974e+00  -4.9397081e-03  -5.4314084e-04  -5.1992990e-03   1.4209593e-01   6.5142583e-01   1.4993939e+00   2.4400716e-05   2.9500197e-07   2.7032710e-05  -1.1837150e-02   7.2524010e-02   1.0211210e-01  -1.3584106e-03   7.4105576e-04   1.6920210e-04   1.4011812e-04   5.2597320e-03   1.0426881e-02   1.8452794e-06   5.4916364e-07   2.8629351e-08
   1.0000000e+00  -3.3802741e-01  -8.5029435e-01   9.3516907e-01  -8.1070500e-04  -1.5343933e-03  -4.9140932e-03   1.1426253e-01   7.2300048e-01   8.7454119e-01   6.5724260e-07   2.3543628e-06   2.4148312e-05   3.8928730e-02  -4.3184800e-02  -2.8932833e-01   4.1290031e-03  -9.9125246e-04   2.8520580e-04   1.5154460e-03   1.8649270e-03   8.3710883e-02   1.7048667e-05   9.8258144e-07   8.1342348e-08
   1.0000000e+00  -3.5711973e-01  -9.1127221e-01   1.1683590e+00  -6.3614129e-03  -8.4335281e-04  -4.9892922e-03   1.2753450e-01   8.3041704e-01   1.3650628e+00   4.0467574e-05   7.1124396e-07   2.4893037e-05  -1.9092320e-02  -6.0977860e-02   2.3318993e-01  -5.5507079e-03   6.9104049e-04  -7.5199000e-05   3.6451668e-04   3.7182994e-03   5.4377543e-02   3.0810358e-05   4.7753696e-07   5.6548896e-09
   1.0000000e+00  -3.9983468e-01  -7.3961426e-01   9.0640400e-01  -7.1649367e-04   3.9837986e-04  -4.9219647e-03   1.5986777e-01   5.4702925e-01   8.2156821e-01   5.1336318e-07   1.5870651e-07   2.4225737e-05  -4.2714950e-02   1.7165795e-01  -2.6195500e-01   5.6449192e-03   1.2417327e-03   6.7327500e-05   1.8245670e-03   2.9466452e-02   6.8620422e-02   3.1865113e-05   1.5419000e-06   4.5329923e-09
   1.0000000e+00  -3.7879228e-01  -8.7967086e-01   1.0868333e+00  -2.6561500e-03  -3.6438360e-04  -5.4136074e-03   1.4348359e-01   7.7382082e-01   1.1812066e+00   7.0551328e-06   1.3277541e-07   2.9307145e-05   2.1042400e-02  -1.4005660e-01   1.8042930e-01  -1.9396563e-03  -7.6276346e-04  -4.9164270e-04   4.4278260e-04   1.9615851e-02   3.2554732e-02   3.7622667e-06   5.8180810e-07   2.4171254e-07
   1.0000000e+00  -4.1374834e-01  -8.7130412e-01   1.3093272e+00  -5.3787814e-03   4.9204827e-04  -5.5861999e-03   1.7118769e-01   7.5917087e-01   1.7143377e+00   2.8931289e-05   2.4211150e-07   3.1205629e-05  -3.4956060e-02   8.3667400e-03   2.2249390e-01  -2.7226314e-03   8.5643187e-04  -1.7259250e-04   1.2219261e-03   7.0002338e-05   4.9503536e-02   7.4127217e-06   7.3347555e-07   2.9788171e-08
   1.0000000e+00  -3.7596747e-01  -7.0945851e-01   7.7313436e-01  -1.1226519e-03  -7.3296570e-04  -5.3774155e-03   1.4135154e-01   5.0333138e-01   5.9773674e-01   1.2603473e-06   5.3723872e-07   2.8916597e-05   3.7780870e-02   1.6184561e-01  -5.3619284e-01   4.2561295e-03  -1.2250140e-03   2.0878440e-04   1.4273941e-03   2.6194001e-02   2.8750276e-01   1.8114638e-05   1.5006592e-06   4.3590926e-08
   1.0000000e+00  -3.9066435e-01  -9.1523268e-01   1.1863799e+00  -3.8700142e-03  -8.2861632e-04  -5.4509232e-03   1.5261863e-01   8.3765086e-01   1.4074973e+00   1.4977010e-05   6.8660501e-07   2.9712564e-05  -1.4696880e-02  -2.0577417e-01   4.1324554e-01  -2.7473623e-03  -9.5650620e-05  -7.3507700e-05   2.1599828e-04   4.2343009e-02   1.7077188e-01   7.5479996e-06   9.1490411e-09   5.4033820e-09
   1.0000000e+00  -4.0433955e-01  -7.4563341e-01   9.1832434e-01  -3.2103777e-03  -7.8712972e-05  -5.7274576e-03   1.6349047e-01   5.5596918e-01   8.4331959e-01   1.0306525e-05   6.1957320e-09   3.2803771e-05  -1.3675200e-02   1.6959927e-01  -2.6805556e-01   6.5963650e-04   7.4990335e-04  -2.7653440e-04   1.8701110e-04   2.8763912e-02   7.1853783e-02   4.3512031e-07   5.6235503e-07   7.6471274e-08
   1.0000000e+00  -3.7708194e-01  -9.2060578e-01   1.2238360e+00  -2.3662806e-03  -1.1776318e-03  -5.4505912e-03   1.4219079e-01   8.4751500e-01   1.4977746e+00   5.5992839e-06   1.3868167e-06   2.9708944e-05   2.7257610e-02  -1.7497237e-01   3.0551166e-01   8.4409710e-04  -1.0989188e-03   2.7686640e-04   7.4297730e-04   3.0615330e-02   9.3337374e-02   7.1249991e-07   1.2076226e-06   7.6655003e-08
   1.0000000e+00  -3.3988903e-01  -7.8879341e-01   9.1179429e-01  -5.4767663e-03  -8.9166189e-04  -5.1051498e-03   1.1552455e-01   6.2219504e-01   8.3136883e-01   2.9994969e-05   7.9506093e-07   2.6062554e-05   3.7192910e-02   1.3181237e-01  -3.1204171e-01  -3.1104857e-03   2.8596991e-04   3.4544140e-04   1.3833126e-03   1.7374501e-02   9.7370029e-02   9.6751213e-06   8.1778789e-08   1.1932976e-07
   1.0000000e+00  -3.6996610e-01  -8.1961296e-01   1.1305033e+00   1.2716914e-03  -6.6228271e-04  -5.4842987e-03   1.3687492e-01   6.7176540e-01   1.2780377e+00   1.6171990e-06   4.3861839e-07   3.0077532e-05  -3.0077070e-02  -3.0819550e-02   2.1870901e-01   6.7484577e-03   2.2937918e-04  -3.7914890e-04   9.0463014e-04   9.4984466e-04   4.7833631e-02   4.5541681e-05   5.2614808e-08   1.4375389e-07
   1.0000000e+00  -3.8391281e-01  -9.1109722e-01   9.7409073e-01  -4.4855724e-03  -7.9956234e-04  -5.6321235e-03   1.4738905e-01   8.3009814e-01   9.4885275e-01   2.0120360e-05   6.3929994e-07   3.1720815e-05  -1.3946710e-02  -9.1484260e-02  -1.5641257e-01  -5.7572638e-03  -1.3727963e-04  -1.4782480e-04   1.9451072e-04   8.3693698e-03   2.4464892e-02   3.3146086e-05   1.8845697e-08   2.1852171e-08
   1.0000000e+00  -3.7964773e-01  -8.8087198e-01   1.2090181e+00  -3.4987359e-03  -6.5441121e-04  -5.5449351e-03   1.4413240e-01   7.7593545e-01   1.4617248e+00   1.2241153e-05   4.2825403e-07   3.0746305e-05   4.2650800e-03   3.0225240e-02   2.3492737e-01   9.8683650e-04   1.4515113e-04   8.7188400e-05   1.8190907e-05   9.1356513e-04   5.5190869e-02   9.7384628e-07   2.1068851e-08   7.6018171e-09
   1.0000000e+00  -4.1036001e-01  -9.6245747e-01   1.1475918e+00  -2.5709681e-03  -5.7617434e-04  -5.8212724e-03   1.6839534e-01   9.2632438e-01   1.3169669e+00   6.6098770e-06   3.3197687e-07   3.3887212e-05  -3.0712280e-02  -8.1585490e-02  -6.1426300e-02   9.2776780e-04   7.8236870e-05  -2.7633730e-04   9.4324414e-04   6.6561922e-03   3.7731903e-03   8.6075309e-07   6.1210078e-09   7.6362303e-08
   1.0000000e+00  -4.0476189e-01  -9.3304768e-01   1.2390798e+00  -3.7061647e-03  -5.0744508e-04  -5.7410277e-03   1.6383219e-01   8.7057797e-01   1.5353188e+00   1.3735657e-05   2.5750051e-07   3.2959399e-05   5.5981200e-03   2.9409790e-02   9.1488000e-02  -1.1351966e-03   6.8729260e-05   8.0244700e-05   3.1338948e-05   8.6493575e-04   8.3700541e-03   1.2886713e-06   4.7237112e-09   6.4392119e-09
   1.0000000e+00  -4.2328287e-01  -9.7175637e-01   9.8271177e-01  -8.8315790e-04  -5.9894989e-04  -5.9364690e-03   1.7916839e-01   9.4431044e-01   9.6572242e-01   7.7996788e-07   3.5874097e-07   3.5241664e-05  -1.8520980e-02  -3.8708690e-02  -2.5636803e-01   2.8230068e-03  -9.1504810e-05  -1.9544130e-04   3.4302670e-04   1.4983627e-03   6.5724567e-02   7.9693674e-06   8.3731303e-09   3.8197302e-08
   1.0000000e+00  -4.1126327e-01  -1.0121892e+00   1.1928006e+00  -4.9610355e-03  -9.2876886e-04  -5.7611256e-03   1.6913748e-01   1.0245270e+00   1.4227733e+00   2.4611873e-05   8.6261160e-07   3.3190568e-05   1.2019600e-02  -4.0432830e-02   2.1008883e-01  -4.0778776e-03  -3.2981897e-04   1.7534340e-04   1.4447078e-04   1.6348137e-03   4.4137316e-02   1.6629086e-05   1.0878055e-07   3.0745308e-08
   1.0000000e+00  -4.0866584e-01  -8.8861796e-01   9.6560776e-01   8.0044876e-04  -9.1399675e-04  -5.9081323e-03   1.6700777e-01   7.8964188e-01   9.3239835e-01   6.4071822e-07   8.3539006e-07   3.4906027e-05   2.5974300e-03   1.2357124e-01  -2.2719284e-01   5.7614843e-03   1.4772110e-05  -1.4700670e-04   6.7466426e-06   1.5269851e-02   5.1616587e-02   3.3194701e-05   2.1821523e-10   2.1610970e-08
   1.0000000e+00  -3.7729414e-01  -9.9668300e-01   1.0793123e+00  -3.1529201e-03  -1.4956611e-03  -5.8244489e-03   1.4235087e-01   9.9337700e-01   1.1649150e+00   9.9409052e-06   2.2370021e-06   3.3924205e-05   3.1371700e-02  -1.0806504e-01   1.1370454e-01  -3.9533689e-03  -5.8166435e-04   8.3683400e-05   9.8418356e-04   1.1678053e-02   1.2928722e-02   1.5629125e-05   3.3833342e-07   7.0029114e-09
   1.0000000e+00  -3.8432506e-01  -8.7957672e-01   1.2933525e+00  -3.3335345e-03  -4.8720692e-04  -5.4186310e-03   1.4770575e-01   7.7365521e-01   1.6727607e+00   1.1112452e-05   2.3737058e-07   2.9361562e-05  -7.0309200e-03   1.1710628e-01   2.1404020e-01  -1.8061440e-04   1.0084542e-03   4.0581790e-04   4.9433836e-05   1.3713881e-02   4.5813207e-02   3.2621561e-08   1.0169798e-06   1.6468817e-07
   1.0000000e+00  -3.5229885e-01  -9.7639732e-01   1.0718358e+00  -5.0653181e-04  -2.5663904e-03  -5.1499778e-03   1.2411448e-01   9.5335173e-01   1.1488320e+00   2.5657447e-07   6.5863597e-06   2.6522271e-05   3.2026210e-02  -9.6820600e-02  -2.2151670e-01   2.8270027e-03  -2.0791835e-03   2.6865320e-04   1.0256781e-03   9.3742286e-03   4.9069648e-02   7.9919442e-06   4.3230039e-06   7.2174542e-08
   1.0000000e+00  -3.8848158e-01  -1.0370408e+00   1.4042514e+00  -5.7619219e-03  -9.3988470e-04  -5.3627169e-03   1.5091794e-01   1.0754536e+00   1.9719220e+00   3.3199744e-05   8.8338325e-07   2.8758733e-05  -3.6182730e-02  -6.0643480e-02   3.3241560e-01  -5.2553901e-03   1.6265057e-03  -2.1273910e-04   1.3091900e-03   3.6776317e-03   1.1050013e-01   2.7619125e-05   2.6455208e-06   4.5257925e-08
   1.0000000e+00  -3.7895958e-01  -1.0054973e+00   1.2102153e+00   1.6172226e-06  -1.7034713e-03  -5.2725274e-03   1.4361036e-01   1.0110248e+00   1.4646211e+00   2.6154089e-12   2.9018145e-06   2.7799545e-05   9.5220000e-03   3.1543500e-02  -1.9403610e-01   5.7635391e-03  -7.6358660e-04   9.0189500e-05   9.0668484e-05   9.9499239e-04   3.7650008e-02   3.3218383e-05   5.8306450e-07   8.1341459e-09
   1.0000000e+00  -3.8142433e-01  -1.1036410e+00   1.3897070e+00  -6.0072164e-03  -1.7470317e-03  -5.3793793e-03   1.4548452e-01   1.2180235e+00   1.9312855e+00   3.6086649e-05   3.0521198e-06   2.8937722e-05  -2.4647500e-03  -9.8143700e-02   1.7949170e-01  -6.0088336e-03  -4.3560400e-05  -1.0685190e-04   6.0749926e-06   9.6321858e-03   3.2217270e-02   3.6106082e-05   1.8975084e-09   1.1417329e-08
   1.0000000e+00  -4.0080644e-01  -9.2589829e-01   1.1504867e+00  -1.4247008e-03  -1.0670059e-03  -5.6775121e-03   1.6064580e-01   8.5728764e-01   1.3236196e+00   2.0297724e-06   1.1385016e-06   3.2234144e-05  -1.9382110e-02   1.7774271e-01  -2.3922030e-01   4.5825156e-03   6.8002580e-04  -2.9813280e-04   3.7566619e-04   3.1592471e-02   5.7226352e-02   2.0999449e-05   4.6243509e-07   8.8883166e-08
   1.0000000e+00  -3.9392644e-01  -1.0847378e+00   1.4608111e+00  -4.8207170e-03  -2.0557817e-03  -5.5074694e-03   1.5517804e-01   1.1766561e+00   2.1339691e+00   2.3239312e-05   4.2262384e-06   3.0332219e-05   6.8800000e-03  -1.5883951e-01   3.1032440e-01  -3.3960162e-03  -9.8877580e-04   1.7004270e-04   4.7334400e-05   2.5229990e-02   9.6301233e-02   1.1532926e-05   9.7767758e-07   2.8914520e-08
   1.0000000e+00  -4.0707169e-01  -9.1350811e-01   1.1591145e+00  -1.5055436e-03  -8.6961399e-04  -5.7770570e-03   1.6570736e-01   8.3449707e-01   1.3435464e+00   2.2666615e-06   7.5622849e-07   3.3374388e-05  -1.3145250e-02   1.7122969e-01  -3.0169660e-01   3.3151734e-03   1.1861677e-03  -2.6958760e-04   1.7279760e-04   2.9319607e-02   9.1020838e-02   1.0990375e-05   1.4069938e-06   7.2677474e-08
   1.0000000e+00  -3.9992811e-01  -1.1056528e+00   1.5131747e+00  -4.2420142e-03  -2.4196932e-03  -5.5852638e-03   1.5994249e-01   1.2224681e+00   2.2896977e+00   1.7994684e-05   5.8549152e-06   3.1195172e-05   7.1435800e-03  -1.9214469e-01   3.5406020e-01  -2.7364706e-03  -1.5500792e-03   1.9179320e-04   5.1030735e-05   3.6919582e-02   1.2535863e-01   7.4882713e-06   2.4027456e-06   3.6784632e-08
   1.0000000e+00  -3.9619801e-01  -9.1633991e-01   1.1561372e+00  -1.5677098e-03  -1.4581902e-03  -5.7082383e-03   1.5697286e-01   8.3967883e-01   1.3366532e+00   2.4577140e-06   2.1263187e-06   3.2583984e-05   3.7301000e-03   1.8931289e-01  -3.5703750e-01   2.6743044e-03   9.6150300e-04  -1.2297450e-04   1.3913646e-05   3.5839370e-02   1.2747578e-01   7.1519040e-06   9.2448802e-07   1.5122728e-08
   1.0000000e+00  -3.9138563e-01  -1.1210948e+00   1.4848199e+00  -3.9196213e-03  -2.4860484e-03  -5.4909789e-03   1.5318271e-01   1.2568536e+00   2.2046901e+00   1.5363431e-05   6.1804366e-06   3.0150849e-05   4.8123800e-03  -2.0475489e-01   3.2868270e-01  -2.3519115e-03  -1.0278582e-03   2.1725940e-04   2.3159001e-05   4.1924565e-02   1.0803232e-01   5.5314877e-06   1.0564925e-06   4.7201647e-08
   1.0000000e+00  -4.0440885e-01  -1.0325741e+00   1.3427422e+00  -3.6721881e-03  -1.0735214e-03  -5.7095880e-03   1.6354652e-01   1.0662093e+00   1.8029566e+00   1.3484965e-05   1.1524482e-06   3.2599395e-05  -1.3023220e-02   8.8520700e-02  -1.4207770e-01   2.4743320e-04   1.4125270e-03  -2.1860910e-04   1.6960426e-04   7.8359143e-03   2.0186073e-02   6.1223188e-08   1.9952325e-06   4.7789939e-08
   1.0000000e+00  -3.8042071e-01  -1.1330795e+00   1.2576877e+00  -2.3001291e-03  -2.1800088e-03  -5.6396545e-03   1.4471992e-01   1.2838692e+00   1.5817784e+00   5.2905939e-06   4.7524384e-06   3.1805703e-05   2.3988140e-02  -1.0050540e-01  -8.5054500e-02   1.3720590e-03  -1.1064874e-03   6.9933500e-05   5.7543086e-04   1.0101335e-02   7.2342680e-03   1.8825459e-06   1.2243144e-06   4.8906944e-09
   1.0000000e+00  -3.9668404e-01  -9.6117483e-01   1.1813652e+00  -4.3227104e-03  -9.9232842e-04  -5.5558915e-03   1.5735823e-01   9.2385705e-01   1.3956237e+00   1.8685825e-05   9.8471569e-07   3.0867930e-05  -1.6263330e-02   1.7190467e-01  -7.6322500e-02  -2.0225813e-03   1.1876804e-03   8.3763000e-05   2.6449590e-04   2.9551216e-02   5.8251240e-03   4.0908351e-06   1.4105847e-06   7.0162402e-09
   1.0000000e+00  -3.7108038e-01  -9.9868097e-01   9.8084268e-01   1.4400964e-03  -2.8868937e-03  -5.4781877e-03   1.3770065e-01   9.9736368e-01   9.6205236e-01   2.0738776e-06   8.3341552e-06   3.0010540e-05   2.5603660e-02  -3.7506140e-02  -2.0052252e-01   5.7628068e-03  -1.8945653e-03   7.7703800e-05   6.5554741e-04   1.4067105e-03   4.0209281e-02   3.3209942e-05   3.5893776e-06   6.0378805e-09
   1.0000000e+00  -3.7162752e-01  -1.0764908e+00   1.1789346e+00  -5.7451443e-03  -2.7168296e-03  -5.2653978e-03   1.3810701e-01   1.1588324e+00   1.3898868e+00   3.3006683e-05   7.3811631e-06   2.7724414e-05  -5.4714000e-04  -7.7809830e-02   1.9809192e-01  -7.1852407e-03   1.7006410e-04   2.1278990e-04   2.9936218e-07   6.0543696e-03   3.9240409e-02   5.1627684e-05   2.8921798e-08   4.5279542e-08
   1.0000000e+00  -3.8420910e-01  -9.2372668e-01   1.0727892e+00  -1.6432991e-05  -2.0975081e-03  -5.4450455e-03   1.4761663e-01   8.5327098e-01   1.1508767e+00   2.7004319e-10   4.3995402e-06   2.9648520e-05  -1.2581580e-02   1.5276412e-01  -1.0614540e-01   5.7287113e-03   6.1932150e-04  -1.7964770e-04   1.5829616e-04   2.3336876e-02   1.1266846e-02   3.2818133e-05   3.8355912e-07   3.2273296e-08
   1.0000000e+00  -3.6289309e-01  -1.1347841e+00   1.2317867e+00  -4.3420903e-03  -2.8780412e-03  -5.3291316e-03   1.3169139e-01   1.2877350e+00   1.5172985e+00   1.8853748e-05   8.2831211e-06   2.8399644e-05   2.1316010e-02  -2.1105742e-01   1.5899750e-01  -4.3256573e-03  -7.8053310e-04   1.1591390e-04   4.5437228e-04   4.4545235e-02   2.5280205e-02   1.8711311e-05   6.0923192e-07   1.3436032e-08
   1.0000000e+00  -3.6443801e-01  -9.2755917e-01   1.0689445e+00  -2.1630954e-03  -1.5487630e-03  -5.1937593e-03   1.3281506e-01   8.6036601e-01   1.1426423e+00   4.6789817e-06   2.3986668e-06   2.6975136e-05  -1.5449200e-03   2.0722493e-01  -1.6284220e-01   2.1789949e-03   1.3292782e-03   1.3537230e-04   2.3867778e-06   4.2942172e-02   2.6517582e-02   4.7480188e-06   1.7669805e-06   1.8325660e-08
   1.0000000e+00  -3.4204224e-01  -1.0925597e+00   9.3374322e-01  -3.7754296e-04  -2.6366275e-03  -5.0498501e-03   1.1699289e-01   1.1936867e+00   8.7187640e-01   1.4253869e-07   6.9518046e-06   2.5500986e-05   2.2395770e-02  -1.6500053e-01  -1.3520128e-01   1.7855524e-03  -1.0878645e-03   1.4390920e-04   5.0157051e-04   2.7225175e-02   1.8279386e-02   3.1881975e-06   1.1834492e-06   2.0709858e-08
   1.0000000e+00  -3.7472061e-01  -1.1692737e+00   1.3379811e+00  -5.5917580e-03  -2.1388609e-03  -5.2511798e-03   1.4041554e-01   1.3672010e+00   1.7901934e+00   3.1267758e-05   4.5747259e-06   2.7574889e-05  -3.2678370e-02  -7.6714000e-02   4.0423788e-01  -5.2142150e-03   4.9776660e-04  -2.0132970e-04   1.0678759e-03   5.8850378e-03   1.6340826e-01   2.7188038e-05   2.4777159e-07   4.0533648e-08
   1.0000000e+00  -3.5148855e-01  -1.0386548e+00   8.5195002e-01   4.2173219e-04  -2.5787074e-03  -5.2256783e-03   1.2354420e-01   1.0788038e+00   7.2581884e-01   1.7785804e-07   6.6497319e-06   2.7307714e-05   2.3232060e-02   1.3061890e-01  -4.8603108e-01   6.0134902e-03  -4.3984650e-04   2.5501500e-05   5.3972861e-04   1.7061297e-02   2.3622621e-01   3.6162064e-05   1.9346494e-07   6.5032650e-10
   1.0000000e+00  -3.7536480e-01  -1.1784192e+00   1.3053933e+00  -6.2108502e-03  -2.9070314e-03  -5.4771100e-03   1.4089873e-01   1.3886718e+00   1.7040517e+00   3.8574660e-05   8.4508316e-06   2.9998734e-05  -2.3876250e-02  -1.3976440e-01   4.5344328e-01  -6.6325824e-03  -3.2832400e-04  -2.5143170e-04   5.7007531e-04   1.9534088e-02   2.0561081e-01   4.3991149e-05   1.0779665e-07   6.3217900e-08
   1.0000000e+00  -3.7809698e-01  -1.0360494e+00   1.0136824e+00   8.7361140e-04  -2.4061189e-03  -5.5347872e-03   1.4295733e-01   1.0733984e+00   1.0275520e+00   7.6319688e-07   5.7894082e-06   3.0633869e-05  -2.7321800e-03   1.4236980e-01  -2.9171090e-01   7.0844616e-03   5.0091250e-04  -5.7677200e-05   7.4648076e-06   2.0269160e-02   8.5095249e-02   5.0189596e-05   2.5091333e-07   3.3266594e-09
   1.0000000e+00  -3.7719304e-01  -1.2146867e+00   1.3042122e+00  -5.2865281e-03  -2.8050072e-03  -5.5844168e-03   1.4227459e-01   1.4754638e+00   1.7009695e+00   2.7947379e-05   7.8680654e-06   3.1185711e-05   9.0394000e-04  -1.7863730e-01   2.9052980e-01  -6.1601395e-03  -3.9888830e-04  -4.9629600e-05   8.1710752e-07   3.1911285e-02   8.4407565e-02   3.7947319e-05   1.5911188e-07   2.4630972e-09
   1.0000000e+00  -3.9120174e-01  -1.0383059e+00   1.2570873e+00   2.0412166e-04  -2.0516209e-03  -5.7710949e-03   1.5303880e-01   1.0780791e+00   1.5802685e+00   4.1665652e-08   4.2091483e-06   3.3305536e-05  -1.4008700e-02   1.7638080e-01  -4.7124900e-02   5.4906498e-03   7.5338630e-04  -1.8667810e-04   1.9624368e-04   3.1110187e-02   2.2207562e-03   3.0147235e-05   5.6759092e-07   3.4848713e-08
   1.0000000e+00  -3.8662401e-01  -1.2231441e+00   1.2262434e+00  -3.6736515e-03  -2.4799775e-03  -5.7208444e-03   1.4947813e-01   1.4960815e+00   1.5036729e+00   1.3495715e-05   6.1502884e-06   3.2728061e-05   4.5777300e-03  -1.8483820e-01  -3.0843900e-02  -3.8777732e-03  -4.2835660e-04   5.0250500e-05   2.0955612e-05   3.4165160e-02   9.5134617e-04   1.5037125e-05   1.8348938e-07   2.5251128e-09
   1.0000000e+00  -3.7177658e-01  -1.0829273e+00   1.3176794e+00  -2.6077357e-03  -1.8077541e-03  -5.4565986e-03   1.3821783e-01   1.1727315e+00   1.7362790e+00   6.8002855e-06   3.2679749e-06   2.9774468e-05   1.4847430e-02   1.4021680e-01   9.1436000e-02   1.0659158e-03   6.7222340e-04   2.6424580e-04   2.2044618e-04   1.9660751e-02   8.3605421e-03   1.1361765e-06   4.5188430e-07   6.9825843e-08
   1.0000000e+00  -3.8093537e-01  -1.2249510e+00   1.1109766e+00  -1.2489556e-03  -2.5191247e-03  -5.7007827e-03   1.4511176e-01   1.5005050e+00   1.2342690e+00   1.5598901e-06   6.3459893e-06   3.2498923e-05  -9.1587900e-03  -1.4202370e-01  -2.0670280e-01   1.3587801e-03  -7.1137060e-04  -2.4418410e-04   8.3883434e-05   2.0170731e-02   4.2726048e-02   1.8462834e-06   5.0604813e-07   5.9625875e-08
   1.0000000e+00  -3.7687301e-01  -1.1645365e+00   1.2506494e+00  -4.8056424e-03  -1.9481284e-03  -5.6518367e-03   1.4203327e-01   1.3561453e+00   1.5641239e+00   2.3094199e-05   3.7952043e-06   3.1943258e-05   4.0623600e-03   6.0414500e-02   1.3967280e-01  -3.5566868e-03   5.7099630e-04   4.8946000e-05   1.6502769e-05   3.6499118e-03   1.9508491e-02   1.2650021e-05   3.2603677e-07   2.3957109e-09
   1.0000000e+00  -4.0570337e-01  -1.2392270e+00   1.1628952e+00   1.7371079e-04  -2.0271198e-03  -5.9558792e-03   1.6459522e-01   1.5356836e+00   1.3523252e+00   3.0175439e-08   4.1092147e-06   3.5472497e-05  -2.8830360e-02  -7.4690500e-02  -8.7754200e-02   4.9793532e-03  -7.8991400e-05  -3.0404250e-04   8.3118966e-04   5.5786708e-03   7.7007996e-03   2.4793958e-05   6.2396413e-09   9.2441842e-08
   1.0000000e+00  -3.9791758e-01  -1.2306832e+00   1.2368666e+00  -5.3698071e-03  -1.8404125e-03  -5.7212178e-03   1.5833840e-01   1.5145811e+00   1.5298390e+00   2.8834828e-05   3.3871182e-06   3.2732333e-05   7.7857900e-03   8.5438000e-03   7.3971400e-02  -5.5435179e-03   1.8670730e-04   2.3466140e-04   6.0618526e-05   7.2996518e-05   5.4717680e-03   3.0730591e-05   3.4859616e-08   5.5065973e-08
   1.0000000e+00  -4.0825135e-01  -1.2077743e+00   1.2489689e+00   2.1170597e-03  -2.4824746e-03  -6.0550327e-03   1.6666916e-01   1.4587188e+00   1.5599233e+00   4.4819418e-06   6.1626801e-06   3.6663421e-05  -1.0333770e-02   2.2908900e-02   1.2102300e-02   7.4868668e-03  -6.4206210e-04  -3.3381490e-04   1.0678680e-04   5.2481770e-04   1.4646567e-04   5.6053174e-05   4.1224374e-07   1.1143239e-07
   1.0000000e+00  -4.0269971e-01  -1.3087758e+00   1.2926253e+00  -5.0819763e-03  -2.3352690e-03  -5.7550028e-03   1.6216706e-01   1.7128941e+00   1.6708802e+00   2.5826483e-05   5.4534813e-06   3.3120057e-05   5.5516400e-03  -1.0100150e-01   4.3656400e-02  -7.1990360e-03   1.4720560e-04   3.0002990e-04   3.0820707e-05   1.0201303e-02   1.9058813e-03   5.1826119e-05   2.1669489e-08   9.0017941e-08
   1.0000000e+00  -3.9521751e-01  -1.0681804e+00   1.1638400e+00  -7.6306302e-04  -1.6303249e-03  -5.6977253e-03   1.5619688e-01   1.1410094e+00   1.3545235e+00   5.8226517e-07   2.6579593e-06   3.2464074e-05   7.4822000e-03   2.4059540e-01  -1.2878530e-01   4.3189133e-03   7.0494410e-04   5.7277500e-05   5.5983317e-05   5.7886147e-02   1.6585653e-02   1.8653012e-05   4.9694618e-07   3.2807120e-09
   1.0000000e+00  -3.4328522e-01  -1.2325733e+00   1.0294237e+00   1.0640802e-04  -2.4398668e-03  -5.4060785e-03   1.1784474e-01   1.5192369e+00   1.0597132e+00   1.1322667e-08   5.9529500e-06   2.9225685e-05   5.1932290e-02  -1.6439290e-01  -1.3441630e-01   8.6947104e-04  -8.0954190e-04   2.9164680e-04   2.6969627e-03   2.7025026e-02   1.8067742e-02   7.5597989e-07   6.5535809e-07   8.5057856e-08
   1.0000000e+00  -3.9888128e-01  -1.1555399e+00   1.2429075e+00  -3.5479822e-03  -5.9376846e-04  -5.9005617e-03   1.5910628e-01   1.3352725e+00   1.5448191e+00   1.2588178e-05   3.5256098e-07   3.4816628e-05  -5.5596060e-02   7.7033400e-02   2.1348380e-01  -3.6543902e-03   1.8460983e-03  -4.9448320e-04   3.0909219e-03   5.9341447e-03   4.5575333e-02   1.3354568e-05   3.4080791e-06   2.4451364e-07
   1.0000000e+00  -4.5830331e-01  -1.1847699e+00   1.0181874e+00   1.6344428e-03  -9.6249158e-04  -6.8409754e-03   2.1004192e-01   1.4036797e+00   1.0367056e+00   2.6714033e-06   9.2639004e-07   4.6798944e-05  -5.9422030e-02  -2.9230000e-02  -2.2472010e-01   5.1824250e-03  -3.6872312e-04  -9.4041370e-04   3.5309776e-03   8.5439290e-04   5.0499123e-02   2.6857529e-05   1.3595674e-07   8.8437793e-07
   1.0000000e+00  -4.5689387e-01  -1.2971825e+00   1.2833991e+00  -5.0113699e-03  -9.6452827e-04  -6.5666714e-03   2.0875201e-01   1.6826824e+00   1.6471132e+00   2.5113828e-05   9.3031478e-07   4.3121173e-05   1.4094400e-03  -1.1241260e-01   2.6521170e-01  -6.6458127e-03  -2.0366900e-06   2.7430400e-04   1.9865211e-06   1.2636593e-02   7.0337246e-02   4.4166826e-05   4.1481062e-12   7.5242684e-08
   1.0000000e+00  -4.9877041e-01  -1.1586413e+00   1.0342043e+00   1.6167672e-03   3.3005137e-05  -6.9843059e-03   2.4877192e-01   1.3424497e+00   1.0695785e+00   2.6139362e-06   1.0893391e-09   4.8780529e-05  -4.1876540e-02   1.3854120e-01  -2.4919480e-01   6.6281371e-03   9.9753341e-04  -4.1763450e-04   1.7536446e-03   1.9193664e-02   6.2098048e-02   4.3932201e-05   9.9507290e-07   1.7441858e-07
   1.0000000e+00  -4.3069955e-01  -1.3425129e+00   1.2876160e+00  -4.5289005e-03  -1.9491710e-03  -6.0771402e-03   1.8550210e-01   1.8023409e+00   1.6579550e+00   2.0510940e-05   3.7992676e-06   3.6931633e-05   6.8070860e-02  -1.8387160e-01   2.5341170e-01  -6.1456677e-03  -1.9821761e-03   9.0716570e-04   4.6336420e-03   3.3808765e-02   6.4217490e-02   3.7769231e-05   3.9290222e-06   8.2294961e-07
   1.0000000e+00  -3.9462227e-01  -1.1977115e+00   1.3328082e+00  -1.1030222e-03  -1.0905777e-03  -5.8932424e-03   1.5572674e-01   1.4345128e+00   1.7763777e+00   1.2166580e-06   1.1893597e-06   3.4730306e-05   3.6077280e-02   1.4480140e-01   4.5192200e-02   3.4258783e-03   8.5859330e-04   1.8389780e-04   1.3015701e-03   2.0967445e-02   2.0423349e-03   1.1736642e-05   7.3718245e-07   3.3818401e-08
   1.0000000e+00  -3.8142475e-01  -1.3292501e+00   1.1387096e+00  -8.6018103e-04  -3.0536938e-03  -5.6548689e-03   1.4548484e-01   1.7669058e+00   1.2966596e+00   7.3991140e-07   9.3250458e-06   3.1977542e-05   1.3197520e-02  -1.3153860e-01  -1.9409860e-01   2.4284117e-04  -1.9631161e-03   2.3837350e-04   1.7417453e-04   1.7302403e-02   3.7674267e-02   5.8971834e-08   3.8538248e-06   5.6821926e-08
   1.0000000e+00  -3.7819006e-01  -1.2618802e+00   1.3124209e+00  -3.4025356e-03  -2.6404372e-03  -5.7209691e-03   1.4302772e-01   1.5923416e+00   1.7224486e+00   1.1577249e-05   6.9719086e-06   3.2729487e-05   3.2346900e-03   6.7369900e-02   1.7371130e-01  -2.5423546e-03   4.1325660e-04  -6.6100200e-05   1.0463219e-05   4.5387034e-03   3.0175616e-02   6.4635668e-06   1.7078102e-07   4.3692364e-09
   1.0000000e+00  -3.7497254e-01  -1.2501039e+00   9.4774560e-01   2.6037492e-03  -3.3053514e-03  -5.7421774e-03   1.4060441e-01   1.5627598e+00   8.9822172e-01   6.7795099e-06   1.0925348e-05   3.2972601e-05   3.2175200e-03   1.1776300e-02  -3.6467530e-01   6.0062848e-03  -6.6491420e-04  -2.1208300e-05   1.0352435e-05   1.3868124e-04   1.3298807e-01   3.6075457e-05   4.4211089e-07   4.4979199e-10
   1.0000000e+00  -3.9043909e-01  -1.4189580e+00   1.3031568e+00  -5.1744207e-03  -3.0293669e-03  -5.7363218e-03   1.5244268e-01   2.0134418e+00   1.6982176e+00   2.6774630e-05   9.1770638e-06   3.2905388e-05  -1.5466550e-02  -1.6885410e-01   3.5541120e-01  -7.7781699e-03   2.7598450e-04   5.8556000e-06   2.3921417e-04   2.8511707e-02   1.2631712e-01   6.0499927e-05   7.6167444e-08   3.4288051e-11
   1.0000000e+00  -4.0457680e-01  -1.2199613e+00   1.2345515e+00   7.8859521e-04  -2.1843386e-03  -5.8930623e-03   1.6368239e-01   1.4883056e+00   1.5241174e+00   6.2188241e-07   4.7713351e-06   3.4728183e-05  -1.4137710e-02   1.9899670e-01  -6.8605300e-02   5.9630159e-03   8.4502830e-04  -1.5674050e-04   1.9987484e-04   3.9599687e-02   4.7066872e-03   3.5557559e-05   7.1407283e-07   2.4567584e-08
   1.0000000e+00  -3.6735984e-01  -1.3194305e+00   9.2321480e-01   7.4716397e-04  -2.9183572e-03  -5.7263948e-03   1.3495325e-01   1.7408968e+00   8.5232557e-01   5.5825400e-07   8.5168087e-06   3.2791597e-05   3.7216960e-02  -9.9469200e-02  -3.1133670e-01  -4.1431240e-05  -7.3401860e-04   1.6666750e-04   1.3851021e-03   9.8941217e-03   9.6930541e-02   1.7165476e-09   5.3878331e-07   2.7778056e-08
   1.0000000e+00  -3.8779631e-01  -1.3224273e+00   1.2997504e+00  -4.5155746e-03  -2.3373789e-03  -5.7587442e-03   1.5038598e-01   1.7488140e+00   1.6893511e+00   2.0390414e-05   5.4633401e-06   3.3163135e-05  -2.0436470e-02  -2.9968000e-03   3.7653560e-01  -5.2627386e-03   5.8097830e-04  -3.2349400e-05   4.1764931e-04   8.9808102e-06   1.4177906e-01   2.7696417e-05   3.3753579e-07   1.0464837e-09
   1.0000000e+00  -3.8125085e-01  -1.1855974e+00   8.2267952e-01   3.3622020e-03  -2.7216575e-03  -5.9632347e-03   1.4535221e-01   1.4056412e+00   6.7680159e-01   1.1304402e-05   7.4074195e-06   3.5560168e-05   6.5454600e-03   1.3682990e-01  -4.7707088e-01   7.8777766e-03  -3.8427860e-04  -2.0449050e-04   4.2843047e-05   1.8722422e-02   2.2759662e-01   6.2059364e-05   1.4767004e-07   4.1816365e-08
   1.0000000e+00  -3.8642521e-01  -1.3533842e+00   1.2799332e+00  -2.2628686e-03  -2.6376889e-03  -6.0111150e-03   1.4932444e-01   1.8316488e+00   1.6382290e+00   5.1205743e-06   6.9574027e-06   3.6133504e-05  -5.1743600e-03  -1.6778680e-01   4.5725368e-01  -5.6250706e-03   8.3968600e-05  -4.7880300e-05   2.6774001e-05   2.8152410e-02   2.0908093e-01   3.1641419e-05   7.0507258e-09   2.2925231e-09
   1.0000000e+00  -4.0153612e-01  -1.2290551e+00   1.0096611e+00   2.0407673e-03  -2.3557648e-03  -6.2777123e-03   1.6123126e-01   1.5105764e+00   1.0194155e+00   4.1647312e-06   5.5496278e-06   3.9409672e-05  -1.5110910e-02   1.2432910e-01  -2.7027210e-01   4.3036359e-03   2.8192410e-04  -2.6659730e-04   2.2833960e-04   1.5457725e-02   7.3047008e-02   1.8521282e-05   7.9481198e-08   7.1074120e-08
   1.0000000e+00  -4.0119122e-01  -1.4439709e+00   1.5188388e+00  -3.2993705e-03  -3.0734491e-03  -5.8745144e-03   1.6095440e-01   2.0850520e+00   2.3068713e+00   1.0885846e-05   9.4460894e-06   3.4509919e-05   3.4490000e-04  -2.1491580e-01   5.0917770e-01  -5.3401378e-03  -7.1768430e-04   4.0319790e-04   1.1895601e-07   4.6188801e-02   2.5926193e-01   2.8517072e-05   5.1507075e-07   1.6256855e-07
   1.0000000e+00  -4.0357120e-01  -1.2204022e+00   1.1213395e+00   1.3153321e-03  -2.3116522e-03  -6.2144985e-03   1.6286971e-01   1.4893815e+00   1.2574023e+00   1.7300985e-06   5.3437359e-06   3.8619992e-05  -2.3799800e-03   2.2356870e-01  -3.9749930e-01   4.6147026e-03   7.6179690e-04  -3.3998410e-04   5.6643048e-06   4.9982964e-02   1.5800569e-01   2.1295480e-05   5.8033452e-07   1.1558919e-07
   1.0000000e+00  -4.0203227e-01  -1.4980724e+00   1.6357122e+00  -1.6983076e-03  -3.0894781e-03  -6.1906034e-03   1.6162995e-01   2.2442209e+00   2.6755544e+00   2.8842487e-06   9.5448749e-06   3.8323570e-05   1.5389300e-03  -2.7767020e-01   5.1437270e-01  -3.0136397e-03  -7.7782590e-04   2.3895100e-05   2.3683055e-06   7.7100740e-02   2.6457927e-01   9.0820242e-06   6.0501313e-07   5.7097580e-10
   1.0000000e+00  -4.2843493e-01  -1.3752463e+00   1.3595461e+00   1.3795710e-03  -2.4845274e-03  -6.3546797e-03   1.8355649e-01   1.8913024e+00   1.8483656e+00   1.9032161e-06   6.1728764e-06   4.0381954e-05  -2.6402660e-02   1.2282610e-01  -2.7616610e-01   3.0778786e-03   6.0495070e-04  -1.6407630e-04   6.9710046e-04   1.5086251e-02   7.6267715e-02   9.4733367e-06   3.6596535e-07   2.6921032e-08
   1.0000000e+00  -4.1941911e-01  -1.5275955e+00   1.5515428e+00  -1.6861173e-03  -3.4481915e-03  -6.2421674e-03   1.7591239e-01   2.3335480e+00   2.4072851e+00   2.8429915e-06   1.1890025e-05   3.8964654e-05   9.0158200e-03  -1.5234920e-01   1.9199670e-01  -3.0656883e-03  -9.6366410e-04   1.1251230e-04   8.1285010e-05   2.3210279e-02   3.6862733e-02   9.3984448e-06   9.2864850e-07   1.2659018e-08
   1.0000000e+00  -4.1307606e-01  -1.4023866e+00   1.3869970e+00  -4.2825670e-04  -2.9279384e-03  -6.3746240e-03   1.7063183e-01   1.9666882e+00   1.9237607e+00   1.8340380e-07   8.5728233e-06   4.0635831e-05   6.3430500e-03   1.2520890e-01  -1.6454580e-01   1.2578606e-03   5.2025310e-04  -1.3245660e-04   4.0234283e-05   1.5677269e-02   2.7075320e-02   1.5822133e-06   2.7066329e-07   1.7544751e-08
   1.0000000e+00  -4.2548659e-01  -1.6113765e+00   1.7795470e+00  -1.5793835e-03  -2.9979524e-03  -6.6053304e-03   1.8103884e-01   2.5965342e+00   3.1667875e+00   2.4944522e-06   8.9877186e-06   4.3630390e-05  -1.2410530e-02  -2.0898990e-01   3.9255000e-01  -1.1511268e-03  -7.0014000e-05  -2.3070640e-04   1.5402125e-04   4.3676778e-02   1.5409550e-01   1.3250929e-06   4.9019602e-09   5.3225443e-08
   1.0000000e+00  -4.5833412e-01  -1.4170964e+00   1.2947647e+00   7.0088713e-04  -2.1661136e-03  -6.8499306e-03   2.1007017e-01   2.0081622e+00   1.6764156e+00   4.9124277e-07   4.6920481e-06   4.6921549e-05  -3.2847530e-02   1.9428010e-01  -4.8478230e-01   2.2802706e-03   8.3183880e-04  -2.4460020e-04   1.0789602e-03   3.7744757e-02   2.3501388e-01   5.1996341e-06   6.9195579e-07   5.9829258e-08
   1.0000000e+00  -4.4623783e-01  -1.5802124e+00   1.5743658e+00  -2.3633023e-03  -2.9418721e-03  -6.7493479e-03   1.9912820e-01   2.4970712e+00   2.4786277e+00   5.5851978e-06   8.6546115e-06   4.5553697e-05   1.2096290e-02  -1.6311600e-01   2.7960110e-01  -3.0641894e-03  -7.7575850e-04   1.0058270e-04   1.4632023e-04   2.6606829e-02   7.8176775e-02   9.3892569e-06   6.0180125e-07   1.0116880e-08
   1.0000000e+00  -4.3676511e-01  -1.3418463e+00   1.2483639e+00   1.7306417e-04  -2.0808258e-03  -6.6323652e-03   1.9076376e-01   1.8005515e+00   1.5584124e+00   2.9951207e-08   4.3298360e-06   4.3988268e-05   9.4727200e-03   2.3836610e-01  -3.2600190e-01   2.5363665e-03   8.6104630e-04   1.1698270e-04   8.9732424e-05   5.6818398e-02   1.0627724e-01   6.4331549e-06   7.4140073e-07   1.3684952e-08
   1.0000000e+00  -4.2070501e-01  -1.5770790e+00   1.5730201e+00  -1.7931030e-03  -2.3347409e-03  -6.0869902e-03   1.7699271e-01   2.4871782e+00   2.4743922e+00   3.2152184e-06   5.4510151e-06   3.7051450e-05   1.6060100e-02  -2.3523270e-01   3.2465620e-01  -1.9661672e-03  -2.5391510e-04   5.4537500e-04   2.5792681e-04   5.5334423e-02   1.0540165e-01   3.8658133e-06   6.4472878e-08   2.9743389e-07
   1.0000000e+00  -4.5498039e-01  -1.3305103e+00   1.2540667e+00  -6.5355104e-05  -6.2239111e-04  -6.3480438e-03   2.0700716e-01   1.7702577e+00   1.5726833e+00   4.2712896e-09   3.8737069e-07   4.0297660e-05  -3.4275380e-02   2.4656870e-01  -3.1895340e-01   1.7277479e-03   1.7123498e-03  -2.6105360e-04   1.1748017e-03   6.0796124e-02   1.0173127e-01   2.9851128e-06   2.9321418e-06   6.8148982e-08
   1.0000000e+00  -4.2315699e-01  -1.5538910e+00   1.4006599e+00  -4.7171928e-04  -2.7574591e-03  -5.8831960e-03   1.7906184e-01   2.4145772e+00   1.9618482e+00   2.2251908e-07   7.6035807e-06   3.4611995e-05   3.1823400e-02  -2.2338070e-01   1.4659320e-01  -4.0636418e-04  -2.1350680e-03   4.6484780e-04   1.0127288e-03   4.9898937e-02   2.1489566e-02   1.6513184e-07   4.5585153e-06   2.1608348e-07
   1.0000000e+00  -4.4731404e-01  -1.3734696e+00   1.3164007e+00  -5.4593269e-04  -1.2987887e-03  -6.4147666e-03   2.0008985e-01   1.8864187e+00   1.7329108e+00   2.9804250e-07   1.6868521e-06   4.1149231e-05  -2.4157050e-02   1.8042140e-01  -8.4259200e-02  -7.4213410e-05   1.4586704e-03  -5.3157060e-04   5.8356306e-04   3.2551882e-02   7.0996128e-03   5.5076302e-09   2.1277193e-06   2.8256730e-07
   1.0000000e+00  -4.1287619e-01  -1.5340821e+00   1.1743529e+00   6.3349942e-04  -3.4929796e-03  -6.2260380e-03   1.7046675e-01   2.3534079e+00   1.3791047e+00   4.0132152e-07   1.2200906e-05   3.8763549e-05   3.4437850e-02  -1.6061250e-01  -1.4204780e-01   1.1794321e-03  -2.1941909e-03   1.8872860e-04   1.1859655e-03   2.5796375e-02   2.0177577e-02   1.3910601e-06   4.8144737e-06   3.5618484e-08
   1.0000000e+00  -4.3951428e-01  -1.5226086e+00   1.4969555e+00  -3.6712524e-03  -2.0783997e-03  -6.4147883e-03   1.9317280e-01   2.3183369e+00   2.2408758e+00   1.3478094e-05   4.3197453e-06   4.1149509e-05  -2.6638090e-02   1.1473500e-02   3.2260260e-01  -4.3047518e-03   1.4145799e-03  -1.8875030e-04   7.0958784e-04   1.3164120e-04   1.0407244e-01   1.8530888e-05   2.0010363e-06   3.5626676e-08
   1.0000000e+00  -4.1988625e-01  -1.4758750e+00   1.1614800e+00   3.0254973e-03  -2.7994716e-03  -6.2174170e-03   1.7630446e-01   2.1782070e+00   1.3490358e+00   9.1536339e-06   7.8370412e-06   3.8656274e-05   1.9628030e-02   4.6733600e-02  -3.3547550e-01   6.6967497e-03  -7.2107190e-04   1.9737130e-04   3.8525956e-04   2.1840294e-03   1.1254381e-01   4.4846457e-05   5.1994468e-07   3.8955430e-08
   1.0000000e+00  -4.3485403e-01  -1.5913365e+00   1.6302639e+00  -3.0020205e-03  -2.2112682e-03  -6.2925277e-03   1.8909803e-01   2.5323519e+00   2.6577604e+00   9.0121271e-06   4.8897071e-06   3.9595905e-05  -1.4967780e-02  -1.1546150e-01   4.6878390e-01  -6.0275178e-03   5.8820340e-04  -7.5110700e-05   2.2403444e-04   1.3331358e-02   2.1975834e-01   3.6330971e-05   3.4598324e-07   5.6416173e-09
   1.0000000e+00  -4.2223294e-01  -1.4346784e+00   9.9498369e-01   2.4607391e-03  -2.5259753e-03  -6.2106404e-03   1.7828066e-01   2.0583021e+00   9.8999254e-01   6.0552369e-06   6.3805512e-06   3.8572054e-05   1.2621090e-02   1.5665810e-01  -6.3528021e-01   5.4627596e-03  -3.1470710e-04   8.1887300e-05   1.5929191e-04   2.4541760e-02   4.0358095e-01   2.9841742e-05   9.9040559e-08   6.7055299e-09
   1.0000000e+00  -4.2986552e-01  -1.6298164e+00   1.6378725e+00  -2.6286261e-03  -2.6363065e-03  -6.1237797e-03   1.8478437e-01   2.6563015e+00   2.6826263e+00   6.9096752e-06   6.9501120e-06   3.7500678e-05  -7.6325800e-03  -1.9513800e-01   6.4288881e-01  -5.0893652e-03  -1.1033120e-04   8.6860700e-05   5.8256277e-05   3.8078839e-02   4.1330602e-01   2.5901638e-05   1.2172974e-08   7.5447812e-09
   1.0000000e+00  -4.5932955e-01  -1.4758966e+00   1.1623007e+00   1.9793718e-03  -1.5076464e-03  -6.4144651e-03   2.1098364e-01   2.1782708e+00   1.3509429e+00   3.9179127e-06   2.2729977e-06   4.1145363e-05  -2.9464030e-02   1.5391980e-01  -4.7557180e-01   4.6079979e-03   1.1286601e-03  -2.9068540e-04   8.6812906e-04   2.3691305e-02   2.2616854e-01   2.1233645e-05   1.2738736e-06   8.4498002e-08
   1.0000000e+00  -4.5493059e-01  -1.6624407e+00   1.6701614e+00  -1.7694439e-03  -1.8546994e-03  -6.3930872e-03   2.0696184e-01   2.7637091e+00   2.7894391e+00   3.1309317e-06   3.4399099e-06   4.0871564e-05   4.3989600e-03  -1.8654410e-01   5.0786070e-01  -3.7488157e-03  -3.4705300e-04   2.1377900e-05   1.9350849e-05   3.4798701e-02   2.5792249e-01   1.4053619e-05   1.2044578e-07   4.5701461e-10
   1.0000000e+00  -4.6882474e-01  -1.5237117e+00   1.1750272e+00   1.5541030e-03  -1.2928670e-03  -6.5879164e-03   2.1979664e-01   2.3216973e+00   1.3806889e+00   2.4152361e-06   1.6715051e-06   4.3400642e-05  -1.3894150e-02   1.3872900e-01  -4.9513420e-01   3.3235469e-03   5.6183240e-04  -1.9482920e-04   1.9304740e-04   1.9245735e-02   2.4515788e-01   1.1045964e-05   3.1565565e-07   3.7958417e-08
   1.0000000e+00  -4.5631807e-01  -1.6733515e+00   1.6174681e+00  -1.8966643e-03  -2.4530823e-03  -6.5850627e-03   2.0822618e-01   2.8001052e+00   2.6162031e+00   3.5973355e-06   6.0176128e-06   4.3363051e-05   1.2506670e-02  -1.4963980e-01   4.4244090e-01  -3.4507673e-03  -1.1602153e-03   2.8537000e-06   1.5641679e-04   2.2392070e-02   1.9575395e-01   1.1907795e-05   1.3460995e-06   8.1436037e-12
   1.0000000e+00  -4.5222058e-01  -1.5214367e+00   1.1282778e+00   1.7374303e-03  -2.0957426e-03  -6.6316052e-03   2.0450345e-01   2.3147696e+00   1.2730108e+00   3.0186640e-06   4.3921370e-06   4.3978188e-05   4.0974900e-03   1.5191480e-01  -4.8919030e-01   3.6340946e-03   3.5733970e-04  -4.6542500e-05   1.6789424e-05   2.3078106e-02   2.3930715e-01   1.3206644e-05   1.2769166e-07   2.1662043e-09
   1.0000000e+00  -4.4287458e-01  -1.6280330e+00   1.5090378e+00  -2.0631415e-03  -3.0383697e-03  -6.6594431e-03   1.9613789e-01   2.6504914e+00   2.2771951e+00   4.2565528e-06   9.2316904e-06   4.4348182e-05   9.3460000e-03  -1.0659630e-01   3.8076000e-01  -3.8005718e-03  -9.4262710e-04  -2.7837900e-05   8.7347716e-05   1.1362771e-02   1.4497818e-01   1.4444346e-05   8.8854585e-07   7.7494868e-10
   1.0000000e+00  -4.2919055e-01  -1.5253063e+00   1.2007179e+00   1.8411178e-03  -3.1105870e-03  -6.6161745e-03   1.8420453e-01   2.3265593e+00   1.4417235e+00   3.3897148e-06   9.6757515e-06   4.3773765e-05   1.3684030e-02   1.0272670e-01  -3.0831990e-01   3.9042593e-03  -7.2217300e-05   4.3268600e-05   1.8725268e-04   1.0552775e-02   9.5061161e-02   1.5243241e-05   5.2153384e-09   1.8721717e-09
   1.0000000e+00  -4.2258284e-01  -1.6484143e+00   1.5049141e+00  -2.6677105e-03  -3.1536156e-03  -6.5069156e-03   1.7857626e-01   2.7172697e+00   2.2647664e+00   7.1166793e-06   9.9452914e-06   4.2339951e-05   6.6077100e-03  -1.2310800e-01   3.0419620e-01  -4.5088283e-03  -4.3028600e-05   1.0925890e-04   4.3661831e-05   1.5155580e-02   9.2535328e-02   2.0329533e-05   1.8514604e-09   1.1937507e-08
   1.0000000e+00  -3.7946494e-01  -1.5609015e+00   1.3175602e+00   1.5618625e-03  -3.9650247e-03  -5.9734437e-03   1.4399364e-01   2.4364135e+00   1.7359649e+00   2.4394145e-06   1.5721421e-05   3.5682030e-05   4.3117900e-02   8.7512800e-02  -1.8735390e-01   4.2295730e-03  -8.1140910e-04   5.3347190e-04   1.8591533e-03   7.6584902e-03   3.5101484e-02   1.7889288e-05   6.5838473e-07   2.8459227e-07
   1.0000000e+00  -3.9355754e-01  -1.7081810e+00   1.5662213e+00  -2.4428437e-03  -3.3985723e-03  -5.9441585e-03   1.5488754e-01   2.9178823e+00   2.4530492e+00   5.9674853e-06   1.1550294e-05   3.5333020e-05  -1.4092600e-02  -1.4727950e-01   2.4866110e-01  -4.0047062e-03   5.6645240e-04   2.9285200e-05   1.9860137e-04   2.1691251e-02   6.1832343e-02   1.6037672e-05   3.2086832e-07   8.5762294e-10
   1.0000000e+00  -4.1892308e-01  -1.5560485e+00   1.1478589e+00   2.1815507e-03  -2.5068679e-03  -6.1533882e-03   1.7549655e-01   2.4212869e+00   1.3175801e+00   4.7591635e-06   6.2843867e-06   3.7864186e-05  -2.5365540e-02   1.5213250e-01  -4.1836240e-01   4.6243944e-03   8.9170440e-04  -2.0922970e-04   6.4341062e-04   2.3144298e-02   1.7502710e-01   2.1385024e-05   7.9513674e-07   4.3777067e-08
   1.0000000e+00  -3.9324298e-01  -1.7085273e+00   1.3500896e+00  -2.7041549e-03  -3.2958675e-03  -5.8675506e-03   1.5464004e-01   2.9190655e+00   1.8227419e+00   7.3124537e-06   1.0862743e-05   3.4428150e-05   2.5680100e-02  -1.5247880e-01   2.0223070e-01  -4.8857056e-03  -7.8899960e-04   2.8583760e-04   6.5946754e-04   2.3249784e-02   4.0897256e-02   2.3870119e-05   6.2252037e-07   8.1703134e-08
   1.0000000e+00  -4.3487502e-01  -1.5773856e+00   1.5682402e+00   1.1853648e-03  -1.5188019e-03  -6.3700009e-03   1.8911628e-01   2.4881453e+00   2.4593773e+00   1.4050897e-06   2.3067592e-06   4.0576911e-05  -4.1632040e-02   1.3114170e-01   2.1815060e-01   3.8895197e-03   1.7770656e-03  -5.0245030e-04   1.7332268e-03   1.7198145e-02   4.7589684e-02   1.5128363e-05   3.1579621e-06   2.5245630e-07
   1.0000000e+00  -4.2783482e-01  -1.7018560e+00   1.3622755e+00  -4.6605310e-04  -2.8558346e-03  -6.3949162e-03   1.8304263e-01   2.8963138e+00   1.8557945e+00   2.1720549e-07   8.1557913e-06   4.0894953e-05   7.0402000e-03  -1.2447040e-01  -2.0596470e-01  -1.6514179e-03  -1.3370327e-03  -2.4915300e-05   4.9564416e-05   1.5492880e-02   4.2421458e-02   2.7271811e-06   1.7876564e-06   6.2077217e-10
   1.0000000e+00  -4.4286152e-01  -1.6521300e+00   1.6409241e+00  -1.0793728e-03  -1.9161213e-03  -6.5704536e-03   1.9612633e-01   2.7295335e+00   2.6926319e+00   1.1650456e-06   3.6715208e-06   4.3170861e-05  -1.5026700e-02   4.9726000e-02   2.7864860e-01  -6.1331970e-04   9.3971330e-04  -1.7553740e-04   2.2580171e-04   2.4726751e-03   7.7645042e-02   3.7616105e-07   8.8306109e-07   3.0813379e-08
   1.0000000e+00  -4.1375605e-01  -1.6709545e+00   1.0229848e+00   1.3542102e-03  -3.0862999e-03  -6.4224770e-03   1.7119407e-01   2.7920889e+00   1.0464979e+00   1.8338853e-06   9.5252471e-06   4.1248211e-05   2.9105470e-02  -1.8824500e-02  -6.1793930e-01   2.4335830e-03  -1.1701786e-03   1.4797660e-04   8.4712838e-04   3.5436180e-04   3.8184898e-01   5.9223262e-06   1.3693180e-06   2.1897074e-08
   1.0000000e+00  -3.8717769e-01  -1.6468701e+00   1.2661891e+00  -4.0644919e-03  -3.3158442e-03  -5.8642057e-03   1.4990656e-01   2.7121811e+00   1.6032348e+00   1.6520094e-05   1.0994823e-05   3.4388908e-05   2.6578360e-02   2.4084400e-02   2.4320430e-01  -5.4187021e-03  -2.2954430e-04   5.5827130e-04   7.0640922e-04   5.8005832e-04   5.9148332e-02   2.9362332e-05   5.2690586e-08   3.1166684e-07
   1.0000000e+00  -3.9171757e-01  -1.6080066e+00   1.0980253e+00   2.9141266e-03  -3.2955789e-03  -6.2027492e-03   1.5344265e-01   2.5856852e+00   1.2056596e+00   8.4921338e-06   1.0860840e-05   3.8474098e-05  -4.5398800e-03   3.8863500e-02  -1.6816380e-01   6.9786185e-03   2.0265300e-05  -3.3854350e-04   2.0610510e-05   1.5103716e-03   2.8279064e-02   4.8701116e-05   4.1068238e-10   1.1461170e-07
   1.0000000e+00  -4.1624103e-01  -1.7530567e+00   1.5561438e+00  -1.5988760e-03  -3.1761515e-03  -6.2917427e-03   1.7325660e-01   3.0732078e+00   2.4215835e+00   2.5564045e-06   1.0087938e-05   3.9586026e-05  -2.4523460e-02  -1.4505010e-01   4.5811850e-01  -4.5130026e-03   1.1942740e-04  -8.8993500e-05   6.0140009e-04   2.1039532e-02   2.0987256e-01   2.0367192e-05   1.4262904e-08   7.9198430e-09
   1.0000000e+00  -4.1809520e-01  -1.5710978e+00   1.2797023e+00   1.2321067e-03  -2.3842659e-03  -6.3284676e-03   1.7480360e-01   2.4683483e+00   1.6376380e+00   1.5180869e-06   5.6847239e-06   4.0049502e-05  -1.8541700e-03   1.8195890e-01  -2.7644150e-01   2.8309827e-03   7.9188560e-04  -3.6724900e-05   3.4379464e-06   3.3109041e-02   7.6419903e-02   8.0144630e-06   6.2708280e-07   1.3487183e-09
   1.0000000e+00  -4.2180588e-01  -1.7843178e+00   1.7018954e+00   1.6317670e-04  -3.6588985e-03  -6.2915843e-03   1.7792020e-01   3.1837900e+00   2.8964480e+00   2.6626635e-08   1.3387538e-05   3.9584033e-05  -3.7106800e-03  -2.1322000e-01   4.2219310e-01  -1.0689300e-03  -1.2746326e-03   3.6883300e-05   1.3769146e-05   4.5462768e-02   1.7824701e-01   1.1426113e-06   1.6246883e-06   1.3603778e-09
