   1.0000000e+00   0.0000000e+00   0.0000000e+00   0.0000000e+00   0.0000000e+00   0.0000000e+00  -0.0000000e+00   0.0000000e+00   0.0000000e+00   0.0000000e+00   0.0000000e+00   0.0000000e+00   0.0000000e+00   0.0000000e+00   0.0000000e+00   0.0000000e+00   0.0000000e+00   0.0000000e+00   0.0000000e+00   0.0000000e+00   0.0000000e+00   0.0000000e+00   0.0000000e+00   0.0000000e+00   0.0000000e+00
   1.0000000e+00  -1.8538633e-03  -8.2479044e-03   3.4225995e-02  -5.0670913e-04   1.4209051e-04   1.3498207e-04   3.4368091e-06   6.8027927e-05   1.1714187e-03   2.5675414e-07   2.0189713e-08   1.8220159e-08  -1.8538633e-03  -8.2479044e-03   3.4225995e-02  -5.0670913e-04   1.4209051e-04   1.3498207e-04   3.4368091e-06   6.8027927e-05   1.1714187e-03   2.5675414e-07   2.0189713e-08   1.8220159e-08
   1.0000000e+00   1.4419958e-02  -1.9472640e-02   4.6565168e-03   2.4260070e-04  -1.7109344e-04   6.3352370e-04   2.0793519e-04   3.7918371e-04   2.1683149e-05   5.8855100e-08   2.9272965e-08   4.0135228e-07   1.6273821e-02  -1.1224736e-02  -2.9569478e-02   7.4930983e-04  -3.1318395e-04   4.9854163e-04   2.6483726e-04   1.2599469e-04   8.7435404e-04   5.6146522e-07   9.8084187e-08   2.4854376e-07
   1.0000000e+00   1.7485613e-02  -2.6834134e-02  -9.1508672e-03  -1.6397404e-04  -2.9046469e-04   6.2018754e-04   3.0574666e-04   7.2007075e-04   8.3738371e-05   2.6887486e-08   8.4369736e-08   3.8463258e-07   3.0656550e-03  -7.3614940e-03  -1.3807384e-02  -4.0657474e-04  -1.1937125e-04  -1.3336160e-05   9.3982406e-06   5.4191594e-05   1.9064385e-04   1.6530302e-07   1.4249495e-08   1.7785316e-10
   1.0000000e+00   2.5174237e-02  -1.9487934e-02  -6.0073006e-03   1.1065261e-05  -4.1014422e-04   7.7194151e-04   6.3374221e-04   3.7977957e-04   3.6087660e-05   1.2244000e-10   1.6821828e-07   5.9589369e-07   7.6886240e-03   7.3462000e-03   3.1435666e-03   1.7503930e-04  -1.1967953e-04   1.5175397e-04   5.9114939e-05   5.3966654e-05   9.8820110e-06   3.0638757e-08   1.4323190e-08   2.3029267e-08
   1.0000000e+00   1.6274225e-02  -2.1260117e-02   5.7590203e-03  -8.7510491e-04  -8.8442879e-04   5.7021102e-04   2.6485040e-04   4.5199257e-04   3.3166315e-05   7.6580860e-07   7.8221428e-07   3.2514061e-07  -8.9000120e-03  -1.7721830e-03   1.1766321e-02  -8.8617017e-04  -4.7428457e-04  -2.0173049e-04   7.9210214e-05   3.1406326e-06   1.3844631e-04   7.8529757e-07   2.2494585e-07   4.0695191e-08
   1.0000000e+00   2.8345300e-02  -2.9501647e-02   2.8880164e-04   2.7118610e-04   3.4958208e-04   4.5328387e-04   8.0345603e-04   8.7034718e-04   8.3406387e-08   7.3541901e-08   1.2220763e-07   2.0546627e-07   1.2071075e-02  -8.2415300e-03  -5.4702187e-03   1.1462910e-03   1.2340109e-03  -1.1692715e-04   1.4571085e-04   6.7922817e-05   2.9923292e-05   1.3139831e-06   1.5227828e-06   1.3671958e-08
   1.0000000e+00   2.1687552e-02  -3.5106190e-02   3.5304216e-03   9.5609472e-04   7.3442237e-04   4.6093163e-04   4.7034991e-04   1.2324446e-03   1.2463877e-05   9.1411711e-07   5.3937622e-07   2.1245797e-07  -6.6577480e-03  -5.6045430e-03   3.2416200e-03   6.8490862e-04   3.8484029e-04   7.6477600e-06   4.4325608e-05   3.1410902e-05   1.0508100e-05   4.6909982e-07   1.4810205e-07   5.8488233e-11
   1.0000000e+00   2.0762974e-02  -5.8845839e-02  -1.4121280e-02  -7.9444435e-05   1.0688693e-04   3.5657647e-04   4.3110109e-04   3.4628328e-03   1.9941055e-04   6.3114183e-09   1.1424816e-08   1.2714678e-07  -9.2457800e-04  -2.3739649e-02  -1.7651702e-02  -1.0355392e-03  -6.2753544e-04  -1.0435516e-04   8.5484448e-07   5.6357093e-04   3.1158257e-04   1.0723413e-06   3.9380073e-07   1.0889999e-08
   1.0000000e+00   2.1175047e-02  -4.5247381e-02  -1.1965666e-03   2.6115334e-04   2.4946645e-04   4.4615335e-04   4.4838262e-04   2.0473255e-03   1.4317716e-06   6.8201067e-08   6.2233510e-08   1.9905281e-07   4.1207300e-04   1.3598458e-02   1.2924713e-02   3.4059778e-04   1.4257952e-04   8.9576880e-05   1.6980416e-07   1.8491806e-04   1.6704822e-04   1.1600684e-07   2.0328920e-08   8.0240174e-09
   1.0000000e+00   1.6449144e-02  -3.1518816e-02  -1.9514673e-02   1.6031557e-04  -3.3467165e-04   4.7032725e-04   2.7057434e-04   9.9343576e-04   3.8082246e-04   2.5701082e-08   1.1200511e-07   2.2120772e-07  -4.7259030e-03   1.3728565e-02  -1.8318106e-02  -1.0083777e-04  -5.8413810e-04   2.4173900e-05   2.2334159e-05   1.8847350e-04   3.3555302e-04   1.0168256e-08   3.4121732e-07   5.8437744e-10
   1.0000000e+00   2.0515564e-02  -3.4556951e-02  -1.6829384e-02  -2.6605954e-04  -3.1378544e-04   6.3741066e-04   4.2088837e-04   1.1941829e-03   2.8322817e-04   7.0787679e-08   9.8461302e-08   4.0629235e-07   4.0664200e-03  -3.0381350e-03   2.6852890e-03  -4.2637511e-04   2.0886210e-05   1.6708341e-04   1.6535772e-05   9.2302643e-06   7.2107770e-06   1.8179573e-07   4.3623377e-10   2.7916866e-08
   1.0000000e+00   1.7334403e-02  -4.1604786e-02  -2.1687358e-02  -1.4359850e-04  -9.2343311e-05   5.6958559e-04   3.0048153e-04   1.7309582e-03   4.7034150e-04   2.0620529e-08   8.5272871e-09   3.2442774e-07  -3.1811610e-03  -7.0478350e-03  -4.8579740e-03   1.2246104e-04   2.2144213e-04  -6.7825070e-05   1.0119785e-05   4.9671978e-05   2.3599911e-05   1.4996706e-08   4.9036616e-08   4.6002401e-09
   1.0000000e+00   1.9371967e-02  -5.2051382e-02  -2.6232049e-02   2.4625466e-04  -2.4377760e-04   4.1838408e-04   3.7527311e-04   2.7093464e-03   6.8812039e-04   6.0641358e-08   5.9427518e-08   1.7504524e-07   2.0375640e-03  -1.0446596e-02  -4.5446910e-03   3.8985316e-04  -1.5143429e-04  -1.5120151e-04   4.1516671e-06   1.0913137e-04   2.0654216e-05   1.5198549e-07   2.2932344e-08   2.2861897e-08
   1.0000000e+00   1.7281112e-03  -5.9941764e-02  -1.9728963e-02   1.2745444e-05  -3.9203807e-04   1.2656949e-04   2.9863683e-06   3.5930151e-03   3.8923198e-04   1.6244634e-10   1.5369385e-07   1.6019836e-08  -1.7643856e-02  -7.8903820e-03   6.5030860e-03  -2.3350922e-04  -1.4826047e-04  -2.9181459e-04   3.1130565e-04   6.2258128e-05   4.2290128e-05   5.4526554e-08   2.1981167e-08   8.5155755e-08
   1.0000000e+00   5.9641468e-02  -6.8157193e-02  -3.6808058e-02   7.2518831e-04  -7.3066133e-05   1.5357564e-03   3.5571047e-03   4.6454030e-03   1.3548331e-03   5.2589808e-07   5.3386598e-09   2.3585477e-06   5.7913357e-02  -8.2154290e-03  -1.7079095e-02   7.1244287e-04   3.1897194e-04   1.4091869e-03   3.3539569e-03   6.7493274e-05   2.9169549e-04   5.0757484e-07   1.0174310e-07   1.9858077e-06
   1.0000000e+00   1.2267516e-01  -6.9031083e-02   2.4419648e-03  -1.6471469e-04  -7.0223059e-05   2.5271543e-03   1.5049195e-02   4.7652904e-03   5.9631921e-06   2.7130929e-08   4.9312780e-09   6.3865089e-06   6.3033692e-02  -8.7389000e-04   3.9250023e-02  -8.8990300e-04   2.8430740e-06   9.9139790e-04   3.9732463e-03   7.6368373e-07   1.5405643e-03   7.9192735e-07   8.0830698e-12   9.8286980e-07
   1.0000000e+00   8.3990694e-02  -6.5018101e-02  -2.5264910e-02  -3.0908315e-05   2.3280959e-04   1.6806335e-03   7.0544367e-03   4.2273535e-03   6.3831568e-04   9.5532394e-10   5.4200305e-08   2.8245290e-06  -3.8684466e-02   4.0129820e-03  -2.7706875e-02   1.3380638e-04   3.0303265e-04  -8.4652080e-04   1.4964879e-03   1.6104025e-05   7.6767091e-04   1.7904146e-08   9.1828786e-08   7.1659746e-07
   1.0000000e+00   9.5046292e-02  -8.1415601e-02  -9.6473948e-04   5.1494032e-05   3.1912026e-04   1.9646952e-03   9.0337976e-03   6.6285001e-03   9.3072226e-07   2.6516353e-09   1.0183774e-07   3.8600272e-06   1.1055598e-02  -1.6397500e-02   2.4300171e-02   8.2402347e-05   8.6310670e-05   2.8406170e-04   1.2222625e-04   2.6887801e-04   5.9049829e-04   6.7901468e-09   7.4495318e-09   8.0691049e-08
   1.0000000e+00   9.2833471e-02  -7.3616459e-02  -4.7773030e-03   1.4364789e-04   1.3669178e-04   1.8729264e-03   8.6180533e-03   5.4193830e-03   2.2822624e-05   2.0634716e-08   1.8684643e-08   3.5078533e-06  -2.2128210e-03   7.7991420e-03  -3.8125635e-03   9.2153858e-05  -1.8242848e-04  -9.1768800e-05   4.8965768e-06   6.0826616e-05   1.4535641e-05   8.4923335e-09   3.3280150e-08   8.4215127e-09
   1.0000000e+00   8.8717835e-02  -8.0382882e-02  -1.5838805e-02  -2.3674953e-04  -1.1345685e-04   1.8005538e-03   7.8708542e-03   6.4614077e-03   2.5086774e-04   5.6050340e-08   1.2872457e-08   3.2419940e-06  -4.1156360e-03  -6.7664230e-03  -1.1061502e-02  -3.8039742e-04  -2.5014863e-04  -7.2372600e-05   1.6938460e-05   4.5784480e-05   1.2235683e-04   1.4470220e-07   6.2574337e-08   5.2377932e-09
   1.0000000e+00   7.3333239e-02  -7.4912523e-02  -2.1980207e-02   3.1099703e-04   1.2009200e-04   1.5939788e-03   5.3777639e-03   5.6118861e-03   4.8312950e-04   9.6719153e-08   1.4422088e-08   2.5407684e-06  -1.5384596e-02   5.4703590e-03  -6.1414020e-03   5.4774656e-04   2.3354885e-04  -2.0657500e-04   2.3668579e-04   2.9924828e-05   3.7716819e-05   3.0002629e-07   5.4545065e-08   4.2673231e-08
   1.0000000e+00   8.1518854e-02  -9.2635803e-02  -4.8757561e-03  -9.6579955e-05  -1.9863330e-04   1.8131491e-03   6.6453236e-03   8.5813920e-03   2.3772998e-05   9.3276877e-09   3.9455188e-08   3.2875097e-06   8.1856150e-03  -1.7723280e-02   1.7104451e-02  -4.0757699e-04  -3.1872530e-04   2.1917030e-04   6.7004293e-05   3.1411465e-04   2.9256224e-04   1.6611900e-07   1.0158582e-07   4.8035620e-08
   1.0000000e+00   7.3603208e-02  -9.8977534e-02  -2.2401978e-02   3.7989496e-05  -1.6611500e-04   1.7541337e-03   5.4174322e-03   9.7965522e-03   5.0184862e-04   1.4432018e-09   2.7594193e-08   3.0769850e-06  -7.9156460e-03  -6.3417310e-03  -1.7526222e-02   1.3456945e-04   3.2518300e-05  -5.9015400e-05   6.2657452e-05   4.0217552e-05   3.0716845e-04   1.8108937e-08   1.0574398e-09   3.4828174e-09
   1.0000000e+00   8.1342991e-02  -9.4581684e-02  -2.4728355e-02  -7.1555829e-05  -1.4688855e-04   1.8442769e-03   6.6166822e-03   8.9456949e-03   6.1149154e-04   5.1202367e-09   2.1576246e-08   3.4013573e-06   7.7397830e-03   4.3958500e-03  -2.3263770e-03  -1.0954532e-04   1.9226450e-05   9.0143200e-05   5.9904241e-05   1.9323497e-05   5.4120299e-06   1.2000178e-08   3.6965638e-10   8.1257965e-09
   1.0000000e+00   7.4915402e-02  -9.8061124e-02  -2.1174967e-02   8.2753514e-05   4.5549944e-05   1.7019702e-03   5.6123175e-03   9.6159840e-03   4.4837923e-04   6.8481441e-09   2.0747974e-09   2.8967026e-06  -6.4275890e-03  -3.4794400e-03   3.5533880e-03   1.5430934e-04   1.9243849e-04  -1.4230670e-04   4.1313900e-05   1.2106503e-05   1.2626566e-05   2.3811373e-08   3.7032574e-08   2.0251197e-08
   1.0000000e+00   7.1598785e-02  -1.0701970e-01  -1.0853715e-02  -1.3241692e-04  -3.7855288e-04   1.6490790e-03   5.1263860e-03   1.1453216e-02   1.1780313e-04   1.7534241e-08   1.4330228e-07   2.7194615e-06  -3.3166170e-03  -8.9585760e-03   1.0321252e-02  -2.1517043e-04  -4.2410282e-04  -5.2891200e-05   1.0999948e-05   8.0256084e-05   1.0652824e-04   4.6298316e-08   1.7986321e-07   2.7974790e-09
   1.0000000e+00   6.4490167e-02  -1.2150585e-01  -2.6819320e-02  -1.4993111e-04  -2.2451716e-04   1.6044031e-03   4.1589816e-03   1.4763672e-02   7.1927593e-04   2.2479338e-08   5.0407955e-08   2.5741093e-06  -7.1086180e-03  -1.4486150e-02  -1.5965605e-02  -1.7514190e-05   1.5403572e-04  -4.4675900e-05   5.0532450e-05   2.0984854e-04   2.5490054e-04   3.0674685e-10   2.3727003e-08   1.9959360e-09
   1.0000000e+00   7.5734578e-02  -1.3370255e-01  -2.5716978e-02   1.1558184e-04  -1.8692005e-04   1.7043408e-03   5.7357263e-03   1.7876372e-02   6.6136296e-04   1.3359162e-08   3.4939105e-08   2.9047776e-06   1.1244411e-02  -1.2196700e-02   1.1023420e-03   2.6551295e-04   3.7597110e-05   9.9937700e-05   1.2643678e-04   1.4875949e-04   1.2151579e-06   7.0497127e-08   1.4135427e-09   9.9875439e-09
   1.0000000e+00   7.3820068e-02  -1.4907365e-01  -1.4810184e-02   2.6012606e-04   8.1354403e-05   1.7251498e-03   5.4494024e-03   2.2222953e-02   2.1934155e-04   6.7665567e-08   6.6185389e-09   2.9761418e-06  -1.9145100e-03  -1.5371100e-02   1.0906794e-02   1.4454422e-04   2.6827445e-04   2.0809000e-05   3.6653485e-06   2.3627072e-04   1.1895816e-04   2.0893032e-08   7.1971182e-08   4.3301448e-10
   1.0000000e+00   8.1053686e-02  -1.4825557e-01  -1.9141970e-03  -7.1598200e-04  -2.6686751e-04   1.7309184e-03   6.5697000e-03   2.1979714e-02   3.6641502e-06   5.1263022e-07   7.1218268e-08   2.9960785e-06   7.2336180e-03   8.1808000e-04   1.2895987e-02  -9.7610806e-04  -3.4822191e-04   5.7686000e-06   5.2325229e-05   6.6925489e-07   1.6630648e-04   9.5278694e-07   1.2125850e-07   3.3276746e-11
   1.0000000e+00   7.3539921e-02  -1.4491450e-01  -1.7885553e-02   2.9894462e-04   3.9270454e-05   1.8917527e-03   5.4081200e-03   2.1000212e-02   3.1989301e-04   8.9367886e-08   1.5421686e-09   3.5787283e-06  -7.5137650e-03   3.3410700e-03  -1.5971356e-02   1.0149266e-03   3.0613796e-04   1.6083430e-04   5.6456664e-05   1.1162749e-05   2.5508421e-04   1.0300760e-06   9.3720453e-08   2.5867672e-08
   1.0000000e+00   8.3594867e-02  -1.3937952e-01  -2.9370439e-02  -4.4362418e-04  -4.4159299e-04   1.8588795e-03   6.9881018e-03   1.9426651e-02   8.6262269e-04   1.9680241e-07   1.9500437e-07   3.4554330e-06   1.0054946e-02   5.5349800e-03  -1.1484886e-02  -7.4256880e-04  -4.8086344e-04  -3.2873200e-05   1.0110194e-04   3.0636004e-05   1.3190261e-04   5.5140842e-07   2.3122965e-07   1.0806473e-09
   1.0000000e+00   6.8065978e-02  -1.6584974e-01  -5.8374296e-02   2.1482572e-03   6.7937429e-04   2.0229237e-03   4.6329774e-03   2.7506136e-02   3.4075584e-03   4.6150090e-06   4.6154943e-07   4.0922203e-06  -1.5528889e-02  -2.6470220e-02  -2.9003857e-02   2.5918814e-03   1.1209673e-03   1.6404420e-04   2.4114639e-04   7.0067255e-04   8.4122372e-04   6.7178491e-06   1.2565676e-06   2.6910500e-08
   1.0000000e+00   7.5094025e-02  -3.4405510e-01  -9.4235402e-01   1.5780767e-02   2.4852578e-03   5.6371352e-03   5.6391126e-03   1.1837391e-01   8.8803110e-01   2.4903261e-04   6.1765063e-06   3.1777293e-05   7.0280470e-03  -1.7820536e-01  -8.8397972e-01   1.3632510e-02   1.8058835e-03   3.6142115e-03   4.9393445e-05   3.1757150e-02   7.8142015e-01   1.8584532e-04   3.2612153e-06   1.3062525e-05
   1.0000000e+00   9.5571222e-02  -2.6162511e-01  -8.8751739e-01   1.1083802e-02   9.8657081e-04   5.8826934e-03   9.1338585e-03   6.8447698e-02   7.8768712e-01   1.2285067e-04   9.7332196e-07   3.4606082e-05   2.0477197e-02   8.2429990e-02   5.4836630e-02  -4.6969650e-03  -1.4986870e-03   2.4555820e-04   4.1931560e-04   6.7947033e-03   3.0070560e-03   2.2061480e-05   2.2460627e-06   6.0298830e-08
   1.0000000e+00   3.3746239e-02  -2.2178997e-01  -2.6104912e-01   2.5487680e-03   1.8763311e-03   2.6036729e-03   1.1388086e-03   4.9190791e-02   6.8146643e-02   6.4962183e-06   3.5206184e-06   6.7791126e-06  -6.1824983e-02   3.9835140e-02   6.2646827e-01  -8.5350340e-03   8.8976029e-04  -3.2790205e-03   3.8223285e-03   1.5868384e-03   3.9246249e-01   7.2846805e-05   7.9167337e-07   1.0751975e-05
   1.0000000e+00   5.6381968e-02  -1.1400873e-01  -3.6284172e-01   2.9540765e-03   4.3172467e-04   2.3968379e-03   3.1789263e-03   1.2997991e-02   1.3165411e-01   8.7265680e-06   1.8638619e-07   5.7448319e-06   2.2635729e-02   1.0778124e-01  -1.0179260e-01   4.0530850e-04  -1.4446064e-03  -2.0683500e-04   5.1237623e-04   1.1616796e-02   1.0361733e-02   1.6427498e-07   2.0868877e-06   4.2780717e-08
   1.0000000e+00   5.7882198e-02  -1.3257700e-01  -3.7549416e-01   3.1575709e-03   9.4920483e-04   2.5977122e-03   3.3503488e-03   1.7576661e-02   1.4099586e-01   9.9702540e-06   9.0098981e-07   6.7481087e-06   1.5002300e-03  -1.8568270e-02  -1.2652440e-02   2.0349440e-04   5.1748016e-04   2.0087430e-04   2.2506901e-06   3.4478065e-04   1.6008424e-04   4.1409971e-08   2.6778572e-07   4.0350484e-08
   1.0000000e+00   7.2991608e-02  -1.4908641e-01  -3.6537305e-01   2.7535348e-03   7.1485170e-04   2.6241671e-03   5.3277748e-03   2.2226758e-02   1.3349747e-01   7.5819539e-06   5.1101295e-07   6.8862530e-06   1.5109410e-02  -1.6509410e-02   1.0121110e-02  -4.0403610e-04  -2.3435313e-04   2.6454900e-05   2.2829427e-04   2.7256062e-04   1.0243687e-04   1.6324517e-07   5.4921390e-08   6.9986173e-10
   1.0000000e+00   8.8170347e-02  -1.7372034e-01  -3.3671546e-01   3.4662692e-03   1.0911907e-03   3.0792421e-03   7.7740101e-03   3.0178757e-02   1.1337730e-01   1.2015022e-05   1.1906971e-06   9.4817319e-06   1.5178739e-02  -2.4633930e-02   2.8657590e-02   7.1273440e-04   3.7633900e-04   4.5507500e-04   2.3039412e-04   6.0683051e-04   8.2125746e-04   5.0799032e-07   1.4163104e-07   2.0709326e-07
   1.0000000e+00   9.1812471e-02  -1.6625523e-01  -3.4061605e-01   2.8952824e-03   7.7369005e-04   3.0790861e-03   8.4295298e-03   2.7640802e-02   1.1601929e-01   8.3826602e-06   5.9859629e-07   9.4807712e-06   3.6421240e-03   7.4651100e-03  -3.9005900e-03  -5.7098680e-04  -3.1750065e-04  -1.5600000e-07   1.3265067e-05   5.5727867e-05   1.5214602e-05   3.2602593e-07   1.0080666e-07   2.4336000e-14
   1.0000000e+00   1.0637960e-01  -1.7093702e-01  -3.7069855e-01   2.8313326e-03   1.1818532e-03   3.4828039e-03   1.1316619e-02   2.9219465e-02   1.3741741e-01   8.0164443e-06   1.3967770e-06   1.2129923e-05   1.4567129e-02  -4.6817900e-03  -3.0082500e-02  -6.3949800e-05   4.0816315e-04   4.0371780e-04   2.1220125e-04   2.1919158e-05   9.0495681e-04   4.0895769e-09   1.6659716e-07   1.6298806e-07
   1.0000000e+00   1.2902505e-01  -1.6733270e-01  -3.9428039e-01   2.9583082e-03   4.0133052e-04   3.6405323e-03   1.6647464e-02   2.8000232e-02   1.5545703e-01   8.7515874e-06   1.6106619e-07   1.3253475e-05   2.2645450e-02   3.6043200e-03  -2.3581840e-02   1.2697560e-04  -7.8052268e-04   1.5772840e-04   5.1281641e-04   1.2991123e-05   5.5610318e-04   1.6122803e-08   6.0921565e-07   2.4878248e-08
   1.0000000e+00   1.1192754e-01  -1.7931005e-01  -3.7001290e-01   2.4954755e-03   3.3009474e-04   2.9976038e-03   1.2527774e-02   3.2152094e-02   1.3690955e-01   6.2273980e-06   1.0896254e-07   8.9856285e-06  -1.7097510e-02  -1.1977350e-02   2.4267490e-02  -4.6283270e-04  -7.1235780e-05  -6.4292850e-04   2.9232485e-04   1.4345691e-04   5.8891107e-04   2.1421411e-07   5.0745364e-09   4.1335706e-07
   1.0000000e+00   1.3033813e-01  -1.9383804e-01  -3.7207048e-01   2.0541049e-03   4.0884237e-04   3.7569236e-03   1.6988028e-02   3.7573186e-02   1.3843644e-01   4.2193469e-06   1.6715208e-07   1.4114475e-05   1.8410590e-02  -1.4527990e-02  -2.0575800e-03  -4.4137060e-04   7.8747630e-05   7.5931980e-04   3.3894982e-04   2.1106249e-04   4.2336355e-06   1.9480801e-07   6.2011892e-09   5.7656656e-07
   1.0000000e+00   1.3735784e-01  -1.8763181e-01  -3.8288799e-01   2.9601373e-03   6.8228267e-04   4.0504420e-03   1.8867176e-02   3.5205696e-02   1.4660321e-01   8.7624128e-06   4.6550964e-07   1.6406080e-05   7.0197100e-03   6.2062300e-03  -1.0817510e-02   9.0603240e-04   2.7344030e-04   2.9351840e-04   4.9276328e-05   3.8517291e-05   1.1701852e-04   8.2089471e-07   7.4769598e-08   8.6153051e-08
   1.0000000e+00   1.3143839e-01  -1.8770373e-01  -3.6705480e-01   2.6092535e-03   5.1322495e-04   3.8329874e-03   1.7276050e-02   3.5232690e-02   1.3472923e-01   6.8082038e-06   2.6339985e-07   1.4691792e-05  -5.9194500e-03  -7.1920000e-05   1.5833190e-02  -3.5088380e-04  -1.6905772e-04  -2.1745460e-04   3.5039888e-05   5.1724864e-09   2.5068991e-04   1.2311944e-07   2.8580513e-08   4.7286503e-08
   1.0000000e+00   1.3034031e-01  -1.9850089e-01  -3.7887067e-01   2.5879641e-03   7.1279407e-04   3.6113204e-03   1.6988596e-02   3.9402603e-02   1.4354298e-01   6.6975582e-06   5.0807539e-07   1.3041635e-05  -1.0980800e-03  -1.0797160e-02  -1.1815870e-02  -2.1289400e-05   1.9956912e-04  -2.2166700e-04   1.2057797e-06   1.1657866e-04   1.3961478e-04   4.5323855e-10   3.9827834e-08   4.9136259e-08
   1.0000000e+00   1.5044137e-01  -1.9568018e-01  -3.8654364e-01   2.6526891e-03   5.5200072e-04   4.3690629e-03   2.2632606e-02   3.8290733e-02   1.4941599e-01   7.0367595e-06   3.0470479e-07   1.9088711e-05   2.0101060e-02   2.8207100e-03  -7.6729700e-03   6.4725000e-05  -1.6079335e-04   7.5774250e-04   4.0405261e-04   7.9564049e-06   5.8874469e-05   4.1893256e-09   2.5854501e-08   5.7417370e-07
   1.0000000e+00   1.5488180e-01  -2.0433309e-01  -3.9012484e-01   2.7368789e-03   3.4862742e-04   4.2934378e-03   2.3988372e-02   4.1752012e-02   1.5219739e-01   7.4905061e-06   1.2154108e-07   1.8433608e-05   4.4404300e-03  -8.6529100e-03  -3.5812000e-03   8.4189800e-05  -2.0337330e-04  -7.5625100e-05   1.9717419e-05   7.4872851e-05   1.2824993e-05   7.0879224e-09   4.1360699e-08   5.7191558e-09
   1.0000000e+00   1.5949100e-01  -1.7830116e-01  -4.1053459e-01   2.6581363e-03  -6.2986202e-05   4.4325003e-03   2.5437379e-02   3.1791304e-02   1.6853865e-01   7.0656886e-06   3.9672616e-09   1.9647059e-05   4.6092000e-03   2.6031930e-02  -2.0409750e-02  -7.8742600e-05  -4.1161362e-04   1.3906250e-04   2.1244725e-05   6.7766138e-04   4.1655790e-04   6.2003971e-09   1.6942577e-07   1.9338379e-08
   1.0000000e+00   1.5928175e-01  -1.8755162e-01  -4.0981586e-01   3.0708318e-03   3.0389348e-05   4.6553070e-03   2.5370676e-02   3.5175610e-02   1.6794904e-01   9.4300079e-06   9.2351247e-10   2.1671883e-05  -2.0925000e-04  -9.2504600e-03   7.1873000e-04   4.1269550e-04   9.3375550e-05   2.2280670e-04   4.3785562e-08   8.5571010e-05   5.1657281e-07   1.7031758e-07   8.7189933e-09   4.9642826e-08
   1.0000000e+00   1.4066694e-01  -1.9756702e-01  -4.0132118e-01   2.3342059e-03   3.5482686e-05   4.1348983e-03   1.9787188e-02   3.9032727e-02   1.6105869e-01   5.4485172e-06   1.2590210e-09   1.7097384e-05  -1.8614810e-02  -1.0015400e-02   8.4946800e-03  -7.3662590e-04   5.0933380e-06  -5.2040870e-04   3.4651115e-04   1.0030824e-04   7.2159588e-05   5.4261772e-07   2.5942092e-11   2.7082522e-07
   1.0000000e+00   1.3498296e-01  -2.0850210e-01  -3.6446847e-01   2.6406559e-03   3.1807839e-04   3.6976600e-03   1.8220399e-02   4.3473126e-02   1.3283727e-01   6.9730636e-06   1.0117386e-07   1.3672689e-05  -5.6839800e-03  -1.0935080e-02   3.6852710e-02   3.0645000e-04   2.8259570e-04  -4.3723830e-04   3.2307629e-05   1.1957597e-04   1.3581222e-03   9.3911602e-08   7.9860332e-08   1.9117733e-07
   1.0000000e+00   1.4542561e-01  -1.9268107e-01  -3.7449891e-01   2.1714218e-03   2.6887895e-04   4.3326379e-03   2.1148608e-02   3.7125995e-02   1.4024943e-01   4.7150726e-06   7.2295890e-08   1.8771751e-05   1.0442650e-02   1.5821030e-02  -1.0030440e-02  -4.6923410e-04  -4.9199440e-05   6.3497790e-04   1.0904894e-04   2.5030499e-04   1.0060973e-04   2.2018064e-07   2.4205849e-09   4.0319693e-07
   1.0000000e+00   1.4461629e-01  -1.7906995e-01  -4.1575095e-01   2.0507362e-03   3.1214854e-04   4.1543657e-03   2.0913871e-02   3.2066047e-02   1.7284885e-01   4.2055190e-06   9.7436711e-08   1.7258754e-05  -8.0932000e-04   1.3611120e-02  -4.1252040e-02  -1.2068560e-04   4.3269590e-05  -1.7827220e-04   6.5499886e-07   1.8526259e-04   1.7017308e-03   1.4565014e-08   1.8722574e-09   3.1780977e-08
   1.0000000e+00   1.4763000e-01  -1.8157168e-01  -4.2249467e-01   2.0391724e-03   4.2993745e-04   4.2063377e-03   2.1794617e-02   3.2968275e-02   1.7850175e-01   4.1582241e-06   1.8484621e-07   1.7693277e-05   3.0137100e-03  -2.5017300e-03  -6.7437200e-03  -1.1563800e-05   1.1778891e-04   5.1972000e-05   9.0824480e-06   6.2586530e-06   4.5477759e-05   1.3372147e-10   1.3874227e-08   2.7010888e-09
   1.0000000e+00   1.3702893e-01  -2.2553858e-01  -4.2310477e-01   2.3190964e-03   5.1236415e-04   4.1626120e-03   1.8776928e-02   5.0867651e-02   1.7901765e-01   5.3782081e-06   2.6251702e-07   1.7327339e-05  -1.0601070e-02  -4.3966900e-02  -6.1010000e-04   2.7992400e-04   8.2426700e-05  -4.3725700e-05   1.1238269e-04   1.9330883e-03   3.7222201e-07   7.8357446e-08   6.7941609e-09   1.9119368e-09
   1.0000000e+00   1.3883495e-01  -2.5008867e-01  -3.8984121e-01   2.2654545e-03   5.2237444e-05   4.2888096e-03   1.9275143e-02   6.2544343e-02   1.5197617e-01   5.1322841e-06   2.7287506e-09   1.8393888e-05   1.8060200e-03  -2.4550090e-02   3.3263560e-02  -5.3641900e-05  -4.6012671e-04   1.2619760e-04   3.2617082e-06   6.0270692e-04   1.1064644e-03   2.8774534e-09   2.1171659e-07   1.5925834e-08
   1.0000000e+00   1.3575308e-01  -2.5913996e-01  -3.4872125e-01   2.7528894e-03   2.6428493e-04   4.0487142e-03   1.8428899e-02   6.7153519e-02   1.2160651e-01   7.5784000e-06   6.9846524e-08   1.6392087e-05  -3.0818700e-03  -9.0512900e-03   4.1119960e-02   4.8743490e-04   2.1204749e-04  -2.4009540e-04   9.4979227e-06   8.1925851e-05   1.6908511e-03   2.3759278e-07   4.4964136e-08   5.7645801e-08
   1.0000000e+00   1.3702470e-01  -2.7237182e-01  -3.4083933e-01   3.4315992e-03   2.4345687e-04   4.1037110e-03   1.8775768e-02   7.4186408e-02   1.1617145e-01   1.1775873e-05   5.9271248e-08   1.6840444e-05   1.2716200e-03  -1.3231860e-02   7.8819200e-03   6.7870980e-04  -2.0828060e-05   5.4996800e-05   1.6170174e-06   1.7508212e-04   6.2124663e-05   4.6064699e-07   4.3380808e-10   3.0246480e-09
   1.0000000e+00   1.4743492e-01  -2.9694379e-01  -2.9695789e-01   2.9274957e-03   1.1288662e-04   4.3018229e-03   2.1737056e-02   8.8175614e-02   8.8183988e-02   8.5702311e-06   1.2743389e-08   1.8505680e-05   1.0410220e-02  -2.4571970e-02   4.3881440e-02  -5.0410350e-04  -1.3057025e-04   1.9811190e-04   1.0837268e-04   6.0378171e-04   1.9255808e-03   2.5412034e-07   1.7048590e-08   3.9248325e-08
   1.0000000e+00   1.5251384e-01  -3.0524492e-01  -2.7672071e-01   2.1814184e-03  -1.2567741e-05   4.6875878e-03   2.3260471e-02   9.3174461e-02   7.6574351e-02   4.7585862e-06   1.5794811e-10   2.1973479e-05   5.0789200e-03  -8.3011300e-03   2.0237180e-02  -7.4607730e-04  -1.2545436e-04   3.8576490e-04   2.5795428e-05   6.8908759e-05   4.0954345e-04   5.5663134e-07   1.5738797e-08   1.4881456e-07
   1.0000000e+00   1.3702975e-01  -2.7830171e-01  -3.5664814e-01   3.0555264e-03   1.0947518e-04   4.0279625e-03   1.8777152e-02   7.7451842e-02   1.2719790e-01   9.3362416e-06   1.1984815e-08   1.6224482e-05  -1.5484090e-02   2.6943210e-02  -7.9927430e-02   8.7410800e-04   1.2204292e-04  -6.5962530e-04   2.3975704e-04   7.2593657e-04   6.3883941e-03   7.6406480e-07   1.4894475e-08   4.3510554e-07
   1.0000000e+00   1.5363442e-01  -2.8872599e-01  -3.5658869e-01   3.3453319e-03  -2.2251225e-04   4.2561985e-03   2.3603535e-02   8.3362697e-02   1.2715549e-01   1.1191246e-05   4.9511701e-08   1.8115226e-05   1.6604670e-02  -1.0424280e-02   5.9450000e-05   2.8980550e-04  -3.3198743e-04   2.2823600e-04   2.7571507e-04   1.0866561e-04   3.5343025e-09   8.3987228e-08   1.1021565e-07   5.2091672e-08
   1.0000000e+00   1.6925132e-01  -2.8794725e-01  -3.7861583e-01   3.5157461e-03  -1.3749044e-04   4.5816369e-03   2.8646009e-02   8.2913619e-02   1.4334995e-01   1.2360471e-05   1.8903621e-08   2.0991397e-05   1.5616900e-02   7.7874000e-04  -2.2027140e-02   1.7041420e-04   8.5021810e-05   3.2543840e-04   2.4388757e-04   6.0643599e-07   4.8519490e-04   2.9041000e-08   7.2287082e-09   1.0591015e-07
   1.0000000e+00   1.8585488e-01  -2.7893280e-01  -3.8948231e-01   2.8193701e-03  -6.3014040e-04   5.2149145e-03   3.4542036e-02   7.7803507e-02   1.5169647e-01   7.9488478e-06   3.9707692e-07   2.7195333e-05   1.6603560e-02   9.0144500e-03  -1.0866480e-02  -6.9637600e-04  -4.9264996e-04   6.3327760e-04   2.7567820e-04   8.1260309e-05   1.1808039e-04   4.8493953e-07   2.4270398e-07   4.0104052e-07
   1.0000000e+00   1.7646817e-01  -2.9399806e-01  -3.8904180e-01   3.3067518e-03  -6.9441756e-04   4.8597824e-03   3.1141015e-02   8.6434859e-02   1.5135352e-01   1.0934607e-05   4.8221575e-07   2.3617485e-05  -9.3867100e-03  -1.5065260e-02   4.4051000e-04   4.8738170e-04  -6.4277160e-05  -3.5513210e-04   8.8110325e-05   2.2696206e-04   1.9404906e-07   2.3754092e-07   4.1315533e-09   1.2611881e-07
   1.0000000e+00   1.7959833e-01  -2.8750402e-01  -3.8889536e-01   3.1998873e-03  -8.6943785e-04   5.1886093e-03   3.2255560e-02   8.2658562e-02   1.5123960e-01   1.0239279e-05   7.5592218e-07   2.6921666e-05   3.1301600e-03   6.4940400e-03   1.4644000e-04  -1.0686450e-04  -1.7502029e-04   3.2882690e-04   9.7979016e-06   4.2172556e-05   2.1444674e-08   1.1420021e-08   3.0632102e-08   1.0812713e-07
   1.0000000e+00   1.7402395e-01  -2.9463993e-01  -3.9059261e-01   3.1561395e-03  -9.6667356e-04   5.1628588e-03   3.0284335e-02   8.6812688e-02   1.5256259e-01   9.9612165e-06   9.3445777e-07   2.6655111e-05  -5.5743800e-03  -7.1359100e-03  -1.6972500e-03  -4.3747800e-05  -9.7235710e-05  -2.5750500e-05   3.1073712e-05   5.0921212e-05   2.8806576e-06   1.9138700e-09   9.4547833e-09   6.6308825e-10
   1.0000000e+00   1.6915862e-01  -3.0129281e-01  -3.7081799e-01   3.0888221e-03  -1.0429196e-03   5.0878816e-03   2.8614639e-02   9.0777357e-02   1.3750598e-01   9.5408220e-06   1.0876813e-06   2.5886539e-05  -4.8653300e-03  -6.6528800e-03   1.9774620e-02  -6.7317400e-05  -7.6246040e-05  -7.4977200e-05   2.3671436e-05   4.4260812e-05   3.9103560e-04   4.5316323e-09   5.8134586e-09   5.6215805e-09
   1.0000000e+00   1.6970844e-01  -3.2292526e-01  -3.6627766e-01   3.1092112e-03  -9.6870842e-04   5.1499526e-03   2.8800955e-02   1.0428072e-01   1.3415932e-01   9.6671943e-06   9.3839600e-07   2.6522012e-05   5.4982000e-04  -2.1632450e-02   4.5403300e-03   2.0389100e-05   7.4211180e-05   6.2071000e-05   3.0230203e-07   4.6796289e-04   2.0614597e-05   4.1571540e-10   5.5072992e-09   3.8528090e-09
   1.0000000e+00   1.6777601e-01  -3.2905415e-01  -3.6662869e-01   2.2468982e-03  -1.1566034e-03   5.1364362e-03   2.8148790e-02   1.0827663e-01   1.3441660e-01   5.0485515e-06   1.3377314e-06   2.6382977e-05  -1.9324300e-03  -6.1288900e-03  -3.5103000e-04  -8.6231300e-04  -1.8789498e-04  -1.3516400e-05   3.7342857e-06   3.7563293e-05   1.2322206e-07   7.4358371e-07   3.5304524e-08   1.8269307e-10
   1.0000000e+00   1.6445514e-01  -3.3535927e-01  -3.6085527e-01   2.8034086e-03  -9.8414126e-04   5.0366840e-03   2.7045493e-02   1.1246584e-01   1.3021653e-01   7.8590998e-06   9.6853402e-07   2.5368186e-05  -3.3208700e-03  -6.3051200e-03   5.7734200e-03   5.5651040e-04   1.7246214e-04  -9.9752200e-05   1.1028178e-05   3.9754538e-05   3.3332378e-05   3.0970383e-07   2.9743190e-08   9.9505014e-09
   1.0000000e+00   1.6967735e-01  -3.2907513e-01  -3.7881221e-01   2.7290101e-03  -1.1688934e-03   5.1654803e-03   2.8790403e-02   1.0829044e-01   1.4349869e-01   7.4474961e-06   1.3663118e-06   2.6682187e-05   5.2222100e-03   6.2841400e-03  -1.7956940e-02  -7.4398500e-05  -1.8475214e-04   1.2879630e-04   2.7271477e-05   3.9490416e-05   3.2245169e-04   5.5351368e-09   3.4133353e-08   1.6588487e-08
   1.0000000e+00   1.8109169e-01  -3.3639429e-01  -4.0284680e-01   2.5481533e-03  -1.0980071e-03   5.2878088e-03   3.2794200e-02   1.1316112e-01   1.6228554e-01   6.4930852e-06   1.2056196e-06   2.7960922e-05   1.1414340e-02  -7.3191600e-03  -2.4034590e-02  -1.8085680e-04   7.0886300e-05   1.2232850e-04   1.3028716e-04   5.3570103e-05   5.7766152e-04   3.2709182e-08   5.0248675e-09   1.4964262e-08
   1.0000000e+00   1.8245285e-01  -3.4010541e-01  -4.2446983e-01   2.9459940e-03  -1.0075091e-03   5.3827165e-03   3.3289042e-02   1.1567169e-01   1.8017464e-01   8.6788806e-06   1.0150746e-06   2.8973637e-05   1.3611600e-03  -3.7111200e-03  -2.1623030e-02   3.9784070e-04   9.0498000e-05   9.4907700e-05   1.8527565e-06   1.3772412e-05   4.6755543e-04   1.5827722e-07   8.1898880e-09   9.0074715e-09
   1.0000000e+00   1.8243397e-01  -3.5294095e-01  -4.1481559e-01   3.2074309e-03  -9.6538046e-04   5.2890396e-03   3.3282153e-02   1.2456731e-01   1.7207197e-01   1.0287613e-05   9.3195943e-07   2.7973940e-05  -1.8880000e-05  -1.2835540e-02   9.6542400e-03   2.6143690e-04   4.2128640e-05  -9.3676900e-05   3.5645440e-10   1.6475109e-04   9.3204350e-05   6.8349253e-08   1.7748223e-09   8.7753616e-09
   1.0000000e+00   1.8161464e-01  -3.4818572e-01  -4.2125787e-01   2.5991833e-03  -1.1566050e-03   5.3716394e-03   3.2983877e-02   1.2123330e-01   1.7745819e-01   6.7557538e-06   1.3377351e-06   2.8854510e-05  -8.1933000e-04   4.7552300e-03  -6.4422800e-03  -6.0824760e-04  -1.9122454e-04   8.2599800e-05   6.7130165e-07   2.2612212e-05   4.1502972e-05   3.6996514e-07   3.6566825e-08   6.8227270e-09
   1.0000000e+00   1.8639981e-01  -3.7448769e-01  -4.2938667e-01   3.2281264e-03  -1.0386353e-03   5.4459593e-03   3.4744889e-02   1.4024103e-01   1.8437291e-01   1.0420800e-05   1.0787633e-06   2.9658473e-05   4.7851700e-03  -2.6301970e-02  -8.1288000e-03   6.2894310e-04   1.1796970e-04   7.4319900e-05   2.2897852e-05   6.9179363e-04   6.6077389e-05   3.9556942e-07   1.3916850e-08   5.5234475e-09
   1.0000000e+00   1.8733872e-01  -3.7108138e-01  -4.1742266e-01   3.3601828e-03  -1.2137872e-03   5.4756376e-03   3.5095796e-02   1.3770139e-01   1.7424168e-01   1.1290828e-05   1.4732794e-06   2.9982607e-05   9.3891000e-04   3.4063100e-03   1.1964010e-02   1.3205640e-04  -1.7515190e-04   2.9678300e-05   8.8155199e-07   1.1602948e-05   1.4313754e-04   1.7438893e-08   3.0678188e-08   8.8080149e-10
   1.0000000e+00   1.9212264e-01  -3.8858310e-01  -6.9632133e-01   5.0883042e-03  -8.4495746e-04   5.4027550e-03   3.6911109e-02   1.5099683e-01   4.8486339e-01   2.5890840e-05   7.1395311e-07   2.9189762e-05   4.7839200e-03  -1.7501720e-02  -2.7889867e-01   1.7281214e-03   3.6882974e-04  -7.2882600e-05   2.2885891e-05   3.0631020e-04   7.7784468e-02   2.9864036e-06   1.3603538e-07   5.3118734e-09
   1.0000000e+00   2.0711574e-01  -3.9980172e-01  -7.2816378e-01   6.2552480e-03  -1.9766195e-03   5.7193516e-03   4.2896930e-02   1.5984142e-01   5.3022249e-01   3.9128128e-05   3.9070246e-06   3.2710983e-05   1.4993100e-02  -1.1218620e-02  -3.1842450e-02   1.1669438e-03  -1.1316620e-03   3.1659660e-04   2.2479305e-04   1.2585743e-04   1.0139416e-03   1.3617578e-06   1.2806590e-06   1.0023341e-07
   1.0000000e+00   1.9353707e-01  -3.7122765e-01  -6.0437499e-01   5.2289743e-03  -1.9857781e-03   5.5739193e-03   3.7456597e-02   1.3780997e-01   3.6526913e-01   2.7342172e-05   3.9433147e-06   3.1068576e-05  -1.3578670e-02   2.8574070e-02   1.2378879e-01  -1.0262737e-03  -9.1586000e-06  -1.4543230e-04   1.8438028e-04   8.1647748e-04   1.5323665e-02   1.0532377e-06   8.3879954e-11   2.1150554e-08
   1.0000000e+00   1.8468718e-01  -3.5378961e-01  -5.9458656e-01   4.9487755e-03  -1.8614870e-03   5.3518637e-03   3.4109354e-02   1.2516709e-01   3.5353318e-01   2.4490379e-05   3.4651339e-06   2.8642445e-05  -8.8498900e-03   1.7438040e-02   9.7884300e-03  -2.8019880e-04   1.2429110e-04  -2.2205560e-04   7.8320553e-05   3.0408524e-04   9.5813362e-05   7.8511368e-08   1.5448278e-08   4.9308689e-08
   1.0000000e+00   1.9076151e-01  -3.7526129e-01  -6.0898355e-01   4.1976172e-03  -1.6890513e-03   5.6138479e-03   3.6389954e-02   1.4082104e-01   3.7086096e-01   1.7619990e-05   2.8528943e-06   3.1515288e-05   6.0743300e-03  -2.1471680e-02  -1.4396990e-02  -7.5115830e-04   1.7243570e-04   2.6198420e-04   3.6897485e-05   4.6103304e-04   2.0727332e-04   5.6423879e-07   2.9734071e-08   6.8635721e-08
   1.0000000e+00   2.0190675e-01  -3.8410712e-01  -5.6883772e-01   4.7711156e-03  -1.3319100e-03   5.9476382e-03   4.0766336e-02   1.4753828e-01   3.2357635e-01   2.2763544e-05   1.7739842e-06   3.5374400e-05   1.1145240e-02  -8.8458300e-03   4.0145830e-02   5.7349840e-04   3.5714130e-04   3.3379030e-04   1.2421637e-04   7.8248708e-05   1.6116877e-03   3.2890041e-07   1.2754991e-07   1.1141596e-07
   1.0000000e+00   1.8771120e-01  -3.8816652e-01  -5.7850947e-01   4.1642251e-03  -1.5939422e-03   5.5065305e-03   3.5235495e-02   1.5067325e-01   3.3467321e-01   1.7340771e-05   2.5406517e-06   3.0321878e-05  -1.4195550e-02  -4.0594000e-03  -9.6717500e-03  -6.0689050e-04  -2.6203220e-04  -4.4110770e-04   2.0151364e-04   1.6478728e-05   9.3542748e-05   3.6831608e-07   6.8660874e-08   1.9457600e-07
   1.0000000e+00   2.0143767e-01  -3.9491078e-01  -5.8133786e-01   4.7702401e-03  -1.6828364e-03   5.9043972e-03   4.0577135e-02   1.5595452e-01   3.3795371e-01   2.2755191e-05   2.8319383e-06   3.4861906e-05   1.3726470e-02  -6.7442600e-03  -2.8283900e-03   6.0601500e-04  -8.8894200e-05   3.9786670e-04   1.8841598e-04   4.5485043e-05   7.9997900e-06   3.6725418e-07   7.9021788e-09   1.5829791e-07
   1.0000000e+00   1.9756563e-01  -3.9751415e-01  -5.5993873e-01   4.6057934e-03  -1.7411515e-03   5.7331799e-03   3.9032178e-02   1.5801750e-01   3.1353138e-01   2.1213333e-05   3.0316085e-06   3.2869352e-05  -3.8720400e-03  -2.6033700e-03   2.1399130e-02  -1.6444670e-04  -5.8315100e-05  -1.7121730e-04   1.4992694e-05   6.7775354e-06   4.5792276e-04   2.7042717e-08   3.4006509e-09   2.9315364e-08
   1.0000000e+00   2.0400536e-01  -4.0389103e-01  -5.6510825e-01   4.1417784e-03  -2.0846464e-03   5.8557755e-03   4.1618187e-02   1.6312796e-01   3.1934733e-01   1.7154328e-05   4.3457506e-06   3.4290107e-05   6.4397300e-03  -6.3768800e-03  -5.1695200e-03  -4.6401500e-04  -3.4349490e-04   1.2259560e-04   4.1470122e-05   4.0664599e-05   2.6723937e-05   2.1530992e-07   1.1798875e-07   1.5029681e-08
   1.0000000e+00   2.0788021e-01  -4.0940928e-01  -5.5648987e-01   4.1896948e-03  -1.8883534e-03   5.9488198e-03   4.3214182e-02   1.6761596e-01   3.0968098e-01   1.7553543e-05   3.5658786e-06   3.5388457e-05   3.8748500e-03  -5.5182500e-03   8.6183800e-03   4.7916400e-05   1.9629300e-04   9.3044300e-05   1.5014463e-05   3.0451083e-05   7.4276474e-05   2.2959814e-09   3.8530942e-08   8.6572418e-09
   1.0000000e+00   2.0866189e-01  -4.1257377e-01  -5.8892714e-01   4.0143094e-03  -2.1543295e-03   6.0443037e-03   4.3539784e-02   1.7021712e-01   3.4683518e-01   1.6114680e-05   4.6411356e-06   3.6533607e-05   7.8168000e-04  -3.1644900e-03  -3.2437270e-02  -1.7538540e-04  -2.6597610e-04   9.5483900e-05   6.1102362e-07   1.0013997e-05   1.0521765e-03   3.0760039e-08   7.0743286e-08   9.1171752e-09
   1.0000000e+00   2.1427830e-01  -4.0468396e-01  -5.9498570e-01   4.2146525e-03  -2.3627972e-03   6.1289971e-03   4.5915190e-02   1.6376911e-01   3.5400798e-01   1.7763296e-05   5.5828106e-06   3.7564605e-05   5.6164100e-03   7.8898100e-03  -6.0585600e-03   2.0034310e-04  -2.0846770e-04   8.4693400e-05   3.1544061e-05   6.2249102e-05   3.6706149e-05   4.0137358e-08   4.3458782e-08   7.1729720e-09
   1.0000000e+00   2.1234754e-01  -4.0283119e-01  -6.1934292e-01   4.2297158e-03  -2.3158496e-03   6.1318135e-03   4.5091478e-02   1.6227297e-01   3.8358565e-01   1.7890496e-05   5.3631594e-06   3.7599137e-05  -1.9307600e-03   1.8527700e-03  -2.4357220e-02   1.5063300e-05   4.6947600e-05   2.8164000e-06   3.7278342e-06   3.4327567e-06   5.9327417e-04   2.2690301e-10   2.2040771e-09   7.9321090e-12
   1.0000000e+00   2.1976641e-01  -4.0274473e-01  -5.9906648e-01   3.9455349e-03  -2.5073549e-03   6.2755814e-03   4.8297275e-02   1.6220332e-01   3.5888065e-01   1.5567246e-05   6.2868286e-06   3.9382922e-05   7.4188700e-03   8.6460000e-05   2.0276440e-02  -2.8418090e-04  -1.9150530e-04   1.4376790e-04   5.5039632e-05   7.4753316e-09   4.1113402e-04   8.0758784e-08   3.6674280e-08   2.0669209e-08
   1.0000000e+00   2.1457087e-01  -3.9561710e-01  -6.2886904e-01   3.9815631e-03  -2.4249796e-03   6.2300912e-03   4.6040658e-02   1.5651289e-01   3.9547627e-01   1.5852845e-05   5.8805261e-06   3.8814036e-05  -5.1955400e-03   7.1276300e-03  -2.9802560e-02   3.6028200e-05   8.2375300e-05  -4.5490200e-05   2.6993636e-05   5.0803109e-05   8.8819258e-04   1.2980312e-09   6.7856901e-09   2.0693583e-09
   1.0000000e+00   2.2456349e-01  -4.1593697e-01  -6.0298452e-01   4.4127831e-03  -2.2691447e-03   6.4109403e-03   5.0428761e-02   1.7300356e-01   3.6359033e-01   1.9472655e-05   5.1490177e-06   4.1100156e-05   9.9926200e-03  -2.0319870e-02   2.5884520e-02   4.3122000e-04   1.5583490e-04   1.8084910e-04   9.9852454e-05   4.1289712e-04   6.7000838e-04   1.8595069e-07   2.4284516e-08   3.2706397e-08
   1.0000000e+00   2.2446626e-01  -4.0701455e-01  -6.4313568e-01   4.1043526e-03  -2.4381231e-03   6.5184846e-03   5.0385102e-02   1.6566084e-01   4.1362350e-01   1.6845710e-05   5.9444443e-06   4.2490641e-05  -9.7230000e-05   8.9224200e-03  -4.0151160e-02  -3.0843050e-04  -1.6897840e-04   1.0754430e-04   9.4536729e-09   7.9609579e-05   1.6121156e-03   9.5129373e-08   2.8553700e-08   1.1565776e-08
   1.0000000e+00   2.4638882e-01  -4.4475918e-01  -6.0883583e-01   3.6944729e-03  -2.4431148e-03   6.8644749e-03   6.0707451e-02   1.9781073e-01   3.7068107e-01   1.3649130e-05   5.9688099e-06   4.7121016e-05   2.1922560e-02  -3.7744630e-02   3.4299850e-02  -4.0987970e-04  -4.9917000e-06   3.4599030e-04   4.8059864e-04   1.4246571e-03   1.1764797e-03   1.6800137e-07   2.4917069e-11   1.1970929e-07
   1.0000000e+00   2.3109570e-01  -4.4443214e-01  -6.7237660e-01   4.0148285e-03  -2.4344675e-03   6.5030300e-03   5.3405223e-02   1.9751993e-01   4.5209029e-01   1.6118848e-05   5.9266320e-06   4.2289399e-05  -1.5293120e-02   3.2704000e-04  -6.3540770e-02   3.2035560e-04   8.6473000e-06  -3.6144490e-04   2.3387952e-04   1.0695516e-07   4.0374295e-03   1.0262771e-07   7.4775797e-11   1.3064242e-07
   1.0000000e+00   2.4852362e-01  -4.4387922e-01  -5.9575728e-01   4.4516898e-03  -2.4040630e-03   6.6147372e-03   6.1763990e-02   1.9702876e-01   3.5492674e-01   1.9817542e-05   5.7795189e-06   4.3754748e-05   1.7427920e-02   5.5292000e-04   7.6619320e-02   4.3686130e-04   3.0404500e-05   1.1170720e-04   3.0373240e-04   3.0572053e-07   5.8705202e-03   1.9084780e-07   9.2443362e-10   1.2478499e-08
   1.0000000e+00   2.3102510e-01  -4.3643786e-01  -6.7246383e-01   3.9730205e-03  -2.6135108e-03   6.4850220e-03   5.3372597e-02   1.9047801e-01   4.5220760e-01   1.5784892e-05   6.8304387e-06   4.2055510e-05  -1.7498520e-02   7.4413600e-03  -7.6706550e-02  -4.7866930e-04  -2.0944780e-04  -1.2971520e-04   3.0619820e-04   5.5373839e-05   5.8838948e-03   2.2912430e-07   4.3868381e-08   1.6826033e-08
   1.0000000e+00   3.2285573e-01  -4.2268366e-01  -5.0009633e-01   9.2996522e-03  -8.9724682e-04   7.2433309e-03   1.0423582e-01   1.7866148e-01   2.5009634e-01   8.6483531e-05   8.0505186e-07   5.2465843e-05   9.1830630e-02   1.3754200e-02   1.7236750e-01   5.3266317e-03   1.7162640e-03   7.5830890e-04   8.4328646e-03   1.8917802e-04   2.9710555e-02   2.8373005e-05   2.9455620e-06   5.7503239e-07
   1.0000000e+00   1.0538228e-01  -3.1277484e-01  -2.4740636e+00   1.8475434e-02  -1.3753287e-02   3.5662370e-03   1.1105425e-02   9.7828101e-02   6.1209907e+00   3.4134166e-04   1.8915290e-04   1.2718046e-05  -2.1747345e-01   1.0990882e-01  -1.9739673e+00   9.1757818e-03  -1.2856040e-02  -3.6770939e-03   4.7294701e-02   1.2079949e-02   3.8965468e+00   8.4194972e-05   1.6527777e-04   1.3521020e-05
   1.0000000e+00  -7.7499946e-02  -2.2004168e-01  -3.9369520e+00   2.6548065e-02  -1.8813281e-02   4.3207149e-03   6.0062416e-03   4.8418341e-02   1.5499591e+01   7.0479976e-04   3.5393954e-04   1.8668577e-05  -1.8288223e-01   9.2733160e-02  -1.4628884e+00   8.0726310e-03  -5.0599940e-03   7.5447790e-04   3.3445909e-02   8.5994390e-03   2.1400425e+00   6.5167371e-05   2.5603539e-05   5.6923690e-07
   1.0000000e+00  -9.6195794e-02  -4.7664708e-01  -3.3389922e+00   2.4715356e-02  -1.1822141e-02   5.5974245e-03   9.2536308e-03   2.2719244e-01   1.1148869e+01   6.1084882e-04   1.3976302e-04   3.1331161e-05  -1.8695848e-02  -2.5660540e-01   5.9795980e-01  -1.8327090e-03   6.9911400e-03   1.2767096e-03   3.4953473e-04   6.5846331e-02   3.5755592e-01   3.3588223e-06   4.8876038e-05   1.6299874e-06
   1.0000000e+00  -1.4116218e-01  -6.9822837e-01  -1.8410741e+00   1.1004810e-02  -1.5794792e-02   3.6248446e-03   1.9926761e-02   4.8752286e-01   3.3895538e+00   1.2110584e-04   2.4947545e-04   1.3139498e-05  -4.4966386e-02  -2.2158129e-01   1.4979181e+00  -1.3710546e-02  -3.9726510e-03  -1.9725799e-03   2.0219759e-03   4.9098268e-02   2.2437586e+00   1.8797907e-04   1.5781956e-05   3.8910715e-06
   1.0000000e+00  -5.4062291e-02  -4.9452149e-01  -1.0075927e+00   8.3322587e-03  -1.4215121e-02   7.5726938e-04   2.9227313e-03   2.4455150e-01   1.0152430e+00   6.9426535e-05   2.0206967e-04   5.7345691e-07   8.7099889e-02   2.0370688e-01   8.3348140e-01  -2.6725513e-03   1.5796710e-03  -2.8675752e-03   7.5863907e-03   4.1496493e-02   6.9469124e-01   7.1425305e-06   2.4953605e-06   8.2229876e-06
   1.0000000e+00  -6.8298288e-02  -5.0151215e-01  -1.0273190e+00   9.6796923e-03  -1.3503432e-02  -2.0775434e-04   4.6646561e-03   2.5151444e-01   1.0553843e+00   9.3696443e-05   1.8234268e-04   4.3161866e-08  -1.4235997e-02  -6.9906600e-03  -1.9726300e-02   1.3474336e-03   7.1168900e-04  -9.6502372e-04   2.0266361e-04   4.8869327e-05   3.8912691e-04   1.8155773e-06   5.0650123e-07   9.3127078e-07
   1.0000000e+00  -5.5963376e-02  -5.9083737e-01  -8.9291002e-01   9.0386037e-03  -1.3880317e-02   3.0644455e-05   3.1318995e-03   3.4908880e-01   7.9728830e-01   8.1696357e-05   1.9266320e-04   9.3908262e-10   1.2334912e-02  -8.9325220e-02   1.3440898e-01  -6.4108860e-04  -3.7688500e-04   2.3839879e-04   1.5215005e-04   7.9789949e-03   1.8065774e-02   4.1099459e-07   1.4204230e-07   5.6833985e-08
   1.0000000e+00  -8.2434451e-02  -6.1616693e-01  -8.9834269e-01   9.8148117e-03  -1.3334827e-02  -9.1575003e-04   6.7954387e-03   3.7966169e-01   8.0701959e-01   9.6330529e-05   1.7781761e-04   8.3859812e-07  -2.6471075e-02  -2.5329560e-02  -5.4326700e-03   7.7620800e-04   5.4549000e-04  -9.4639448e-04   7.0071781e-04   6.4158661e-04   2.9513903e-05   6.0249886e-07   2.9755934e-07   8.9566252e-07
   1.0000000e+00  -4.7641248e-02  -6.2409649e-01  -7.9019815e-01   8.5648621e-03  -1.3061738e-02   6.4907591e-05   2.2696885e-03   3.8949643e-01   6.2441312e-01   7.3356863e-05   1.7060900e-04   4.2129954e-09   3.4793203e-02  -7.9295600e-03   1.0814454e-01  -1.2499496e-03   2.7308900e-04   9.8065762e-04   1.2105670e-03   6.2877922e-05   1.1695242e-02   1.5623740e-06   7.4577602e-08   9.6168937e-07
   1.0000000e+00  -1.7545132e-02  -6.1718514e-01  -8.7347276e-01   9.1677423e-03  -1.2427071e-02   5.5641687e-04   3.0783166e-04   3.8091750e-01   7.6295466e-01   8.4047499e-05   1.5443209e-04   3.0959973e-07   3.0096116e-02   6.9113500e-03  -8.3274610e-02   6.0288020e-04   6.3466700e-04   4.9150928e-04   9.0577620e-04   4.7766759e-05   6.9346607e-03   3.6346454e-07   4.0280220e-07   2.4158137e-07
   1.0000000e+00   1.5236383e-02  -6.5970440e-01  -7.8852878e-01   8.4224068e-03  -1.2449871e-02   9.3176108e-04   2.3214737e-04   4.3520990e-01   6.2177764e-01   7.0936936e-05   1.5499929e-04   8.6817871e-07   3.2781515e-02  -4.2519260e-02   8.4943980e-02  -7.4533550e-04  -2.2800000e-05   3.7534421e-04   1.0746277e-03   1.8078875e-03   7.2154797e-03   5.5552501e-07   5.1984000e-10   1.4088328e-07
   1.0000000e+00   3.7149186e-02  -6.3701931e-01  -8.9716454e-01   8.7442361e-03  -1.2430764e-02   1.1526964e-03   1.3800620e-03   4.0579360e-01   8.0490421e-01   7.6461665e-05   1.5452389e-04   1.3287090e-06   2.1912803e-02   2.2685090e-02  -1.0863576e-01   3.2182930e-04   1.9107000e-05   2.2093532e-04   4.8017094e-04   5.1461331e-04   1.1801728e-02   1.0357410e-07   3.6507745e-10   4.8812416e-08
   1.0000000e+00   5.9747424e-02  -6.3578340e-01  -8.3679265e-01   8.0687895e-03  -1.2710706e-02   1.5174052e-03   3.5697547e-03   4.0422053e-01   7.0022194e-01   6.5105364e-05   1.6156205e-04   2.3025185e-06   2.2598238e-02   1.2359100e-03   6.0371890e-02  -6.7544660e-04  -2.7994200e-04   3.6470880e-04   5.1068036e-04   1.5274735e-06   3.6447651e-03   4.5622811e-07   7.8367523e-08   1.3301251e-07
   1.0000000e+00   6.6569723e-02  -6.0289851e-01  -9.4196342e-01   8.1705720e-03  -1.2761643e-02   1.3904928e-03   4.4315280e-03   3.6348661e-01   8.8729508e-01   6.6758247e-05   1.6285953e-04   1.9334702e-06   6.8222990e-03   3.2884890e-02  -1.0517077e-01   1.0178250e-04  -5.0937000e-05  -1.2691240e-04   4.6543764e-05   1.0814160e-03   1.1060891e-02   1.0359677e-08   2.5945780e-09   1.6106757e-08
   1.0000000e+00   9.0594957e-02  -5.8193176e-01  -8.6486154e-01   7.6664053e-03  -1.2684336e-02   1.9340655e-03   8.2074462e-03   3.3864457e-01   7.4798548e-01   5.8773770e-05   1.6089238e-04   3.7406094e-06   2.4025234e-02   2.0966750e-02   7.7101880e-02  -5.0416670e-04   7.7307000e-05   5.4357270e-04   5.7721187e-04   4.3960461e-04   5.9446999e-03   2.5418406e-07   5.9763722e-09   2.9547128e-07
   1.0000000e+00   8.5719696e-02  -6.0253779e-01  -9.6500363e-01   8.2167806e-03  -1.2696404e-02   1.6563736e-03   7.3478663e-03   3.6305179e-01   9.3123201e-01   6.7515483e-05   1.6119867e-04   2.7435735e-06  -4.8752610e-03  -2.0606030e-02  -1.0014209e-01   5.5037530e-04  -1.2068000e-05  -2.7769190e-04   2.3768170e-05   4.2460847e-04   1.0028438e-02   3.0291297e-07   1.4563662e-10   7.7112791e-08
   1.0000000e+00   1.1134104e-01  -6.0599554e-01  -8.6334051e-01   7.6490301e-03  -1.2753141e-02   2.1500103e-03   1.2396827e-02   3.6723059e-01   7.4535684e-01   5.8507661e-05   1.6264261e-04   4.6225443e-06   2.5621344e-02  -3.4577500e-03   1.0166312e-01  -5.6775050e-04  -5.6737000e-05   4.9363670e-04   6.5645327e-04   1.1956035e-05   1.0335390e-02   3.2234063e-07   3.2190872e-09   2.4367719e-07
   1.0000000e+00   3.6634636e-03  -6.2389554e-01  -9.8203328e-01   8.8412697e-03  -1.3254413e-02   1.0679969e-04   1.3420966e-05   3.8924564e-01   9.6438936e-01   7.8168050e-05   1.7567946e-04   1.1406174e-08  -1.0767758e-01  -1.7900000e-02  -1.1869277e-01   1.1922396e-03  -5.0127200e-04  -2.0432106e-03   1.1594460e-02   3.2041000e-04   1.4087974e-02   1.4214353e-06   2.5127362e-07   4.1747096e-06
   1.0000000e+00  -5.2105708e-02  -6.3849084e-01  -9.3109302e-01   1.1077972e-02  -1.1938019e-02  -1.3023077e-03   2.7150048e-03   4.0767055e-01   8.6693421e-01   1.2272146e-04   1.4251630e-04   1.6960053e-06  -5.5769172e-02  -1.4595300e-02   5.0940260e-02   2.2367023e-03   1.3163940e-03  -1.4091074e-03   3.1102005e-03   2.1302278e-04   2.5949101e-03   5.0028372e-06   1.7328932e-06   1.9855836e-06
   1.0000000e+00   8.6006112e-03  -6.1701320e-01  -1.0255557e+00   9.7780275e-03  -1.2159675e-02  -7.1674832e-05   7.3970513e-05   3.8070529e-01   1.0517645e+00   9.5609822e-05   1.4785770e-04   5.1372815e-09   6.0706319e-02   2.1477640e-02  -9.4462680e-02  -1.2999445e-03  -2.2165600e-04   1.2306329e-03   3.6852572e-03   4.6128902e-04   8.9231979e-03   1.6898557e-06   4.9131382e-08   1.5144573e-06
   1.0000000e+00   6.0785549e-02  -6.5761042e-01  -7.9738505e-01   9.5185835e-03  -1.2988906e-02   1.2185919e-03   3.6948830e-03   4.3245146e-01   6.3582292e-01   9.0603432e-05   1.6871168e-04   1.4849662e-06   5.2184938e-02  -4.0597220e-02   2.2817065e-01  -2.5944400e-04  -8.2923100e-04   1.2902667e-03   2.7232677e-03   1.6481343e-03   5.2061846e-02   6.7311189e-08   6.8762405e-07   1.6647882e-06
   1.0000000e+00   9.3297068e-02  -6.1987359e-01  -8.9504267e-01   8.4426314e-03  -1.3141441e-02   1.2571761e-03   8.7043429e-03   3.8424327e-01   8.0110138e-01   7.1278025e-05   1.7269747e-04   1.5804917e-06   3.2511519e-02   3.7736830e-02  -9.7657620e-02  -1.0759521e-03  -1.5253500e-04   3.8584200e-05   1.0569989e-03   1.4240683e-03   9.5370107e-03   1.1576729e-06   2.3266926e-08   1.4887405e-09
   1.0000000e+00   6.2207165e-02  -6.4203033e-01  -6.8398711e-01   5.1467139e-03  -1.1594008e-02   3.1656866e-04   3.8697314e-03   4.1220294e-01   4.6783837e-01   2.6488664e-05   1.3442102e-04   1.0021572e-07  -3.1089903e-02  -2.2156740e-02   2.1105556e-01  -3.2959175e-03   1.5474330e-03  -9.4060744e-04   9.6658207e-04   4.9092113e-04   4.4544449e-02   1.0863072e-05   2.3945489e-06   8.8474236e-07
   1.0000000e+00   7.5269345e-02  -5.7407614e-01  -9.7694664e-01   8.1465155e-03  -1.2655495e-02   2.4812099e-04   5.6654743e-03   3.2956341e-01   9.5442474e-01   6.6365715e-05   1.6016155e-04   6.1564026e-08   1.3062180e-02   6.7954190e-02  -2.9295953e-01   2.9998016e-03  -1.0614870e-03  -6.8447670e-05   1.7062055e-04   4.6177719e-03   8.5825286e-02   8.9988096e-06   1.1267547e-06   4.6850835e-09
   1.0000000e+00   7.5931321e-02  -5.8139844e-01  -9.3400078e-01   7.3427491e-03  -1.2468407e-02   1.8536790e-04   5.7655655e-03   3.3802415e-01   8.7235746e-01   5.3915964e-05   1.5546117e-04   3.4361258e-08   6.6197600e-04  -7.3223000e-03   4.2945860e-02  -8.0376640e-04   1.8708800e-04  -6.2753090e-05   4.3821222e-07   5.3616077e-05   1.8443469e-03   6.4604043e-07   3.5001920e-08   3.9379503e-09
   1.0000000e+00   9.2280901e-02  -6.1199699e-01  -9.9597203e-01   7.8068436e-03  -1.2607395e-02   3.9104390e-04   8.5157647e-03   3.7454032e-01   9.9196028e-01   6.0946807e-05   1.5894641e-04   1.5291533e-07   1.6349580e-02  -3.0598550e-02  -6.1971250e-02   4.6409450e-04  -1.3898800e-04   2.0567600e-04   2.6730877e-04   9.3627126e-04   3.8404358e-03   2.1538370e-07   1.9317664e-08   4.2302617e-08
   1.0000000e+00   1.0063815e-01  -6.4997265e-01  -8.9113641e-01   7.5080384e-03  -1.2577260e-02   4.7520112e-04   1.0128037e-02   4.2246445e-01   7.9412410e-01   5.6370641e-05   1.5818747e-04   2.2581610e-07   8.3572490e-03  -3.7975660e-02   1.0483562e-01  -2.9880520e-04   3.0135000e-05   8.4157220e-05   6.9843611e-05   1.4421508e-03   1.0990507e-02   8.9284548e-08   9.0811823e-10   7.0824377e-09
   1.0000000e+00   1.1489256e-01  -6.6116617e-01  -9.3617057e-01   7.7740979e-03  -1.2617018e-02   8.8961254e-04   1.3200300e-02   4.3714070e-01   8.7641534e-01   6.0436598e-05   1.5918914e-04   7.9141047e-07   1.4254410e-02  -1.1193520e-02  -4.5034160e-02   2.6605950e-04  -3.9758000e-05   4.1441142e-04   2.0318820e-04   1.2529489e-04   2.0280756e-03   7.0787658e-08   1.5806986e-09   1.7173683e-07
   1.0000000e+00   1.1308887e-01  -6.6066445e-01  -8.9735427e-01   7.2706533e-03  -1.3309258e-02   9.1661227e-04   1.2789093e-02   4.3647752e-01   8.0524469e-01   5.2862399e-05   1.7713635e-04   8.4017805e-07  -1.8036900e-03   5.0172000e-04   3.8816300e-02  -5.0344460e-04  -6.9224000e-04   2.6999730e-05   3.2532976e-06   2.5172296e-07   1.5067051e-03   2.5345647e-07   4.7919622e-07   7.2898542e-10
   1.0000000e+00   1.2618061e-01  -6.6085267e-01  -9.6237624e-01   7.6600330e-03  -1.3370486e-02   1.1236868e-03   1.5921546e-02   4.3672625e-01   9.2616803e-01   5.8676106e-05   1.7876990e-04   1.2626720e-06   1.3091740e-02  -1.8822000e-04  -6.5021970e-02   3.8937970e-04  -6.1228000e-05   2.0707453e-04   1.7139366e-04   3.5426768e-08   4.2278566e-03   1.5161655e-07   3.7488680e-09   4.2879861e-08
   1.0000000e+00   1.2338745e-01  -6.6143421e-01  -8.5830414e-01   7.4440033e-03  -1.3893119e-02   9.9959721e-04   1.5224463e-02   4.3749521e-01   7.3668600e-01   5.5413185e-05   1.9301876e-04   9.9919458e-07  -2.7931600e-03  -5.8154000e-04   1.0407210e-01  -2.1602970e-04  -5.2263300e-04  -1.2408959e-04   7.8017428e-06   3.3818877e-07   1.0831002e-02   4.6668831e-08   2.7314525e-07   1.5398226e-08
   1.0000000e+00   1.3459574e-01  -6.6999975e-01  -9.8306396e-01   7.9418733e-03  -1.4128288e-02   1.3358193e-03   1.8116013e-02   4.4889967e-01   9.6641475e-01   6.3073352e-05   1.9960852e-04   1.7844132e-06   1.1208290e-02  -8.5655400e-03  -1.2475982e-01   4.9787000e-04  -2.3516900e-04   3.3622209e-04   1.2562576e-04   7.3368475e-05   1.5565013e-02   2.4787454e-07   5.5304459e-08   1.1304529e-07
   1.0000000e+00   1.2608414e-01  -6.6275119e-01  -8.2938950e-01   7.5161774e-03  -1.4380025e-02   1.1755395e-03   1.5897210e-02   4.3923914e-01   6.8788694e-01   5.6492923e-05   2.0678512e-04   1.3818931e-06  -8.5116000e-03   7.2485600e-03   1.5367446e-01  -4.2569590e-04  -2.5173700e-04  -1.6027980e-04   7.2447335e-05   5.2541622e-05   2.3615840e-02   1.8121700e-07   6.3371517e-08   2.5689614e-08
   1.0000000e+00   6.9190503e-02  -7.1974219e-01  -1.0095648e+00   5.9325966e-03  -1.0816635e-02   4.8318779e-04   4.7873257e-03   5.1802882e-01   1.0192211e+00   3.5195702e-05   1.1699959e-04   2.3347044e-07  -5.6893637e-02  -5.6991000e-02  -1.8017530e-01  -1.5835808e-03   3.5633900e-03  -6.9235171e-04   3.2368859e-03   3.2479741e-03   3.2463139e-02   2.5077282e-06   1.2697748e-05   4.7935089e-07
   1.0000000e+00   1.4515281e-02  -7.9680842e-01  -8.1081148e-01   8.4162530e-03  -7.7633877e-03  -4.0411130e-04   2.1069338e-04   6.3490366e-01   6.5741526e-01   7.0833315e-05   6.0270189e-05   1.6330594e-07  -5.4675222e-02  -7.7066230e-02   1.9875332e-01   2.4836564e-03   3.0532473e-03  -8.8729909e-04   2.9893799e-03   5.9392038e-03   3.9502882e-02   6.1685491e-06   9.3223191e-06   7.8729968e-07
   1.0000000e+00   1.8985461e-01  -1.0059392e+00   3.4127681e-01  -1.7034350e-03  -7.2024621e-03  -1.1813728e-03   3.6044773e-02   1.0119137e+00   1.1646986e-01   2.9016908e-06   5.1875460e-05   1.3956417e-06   1.7533933e-01  -2.0913078e-01   1.1520883e+00  -1.0119688e-02   5.6092560e-04  -7.7726150e-04   3.0743880e-02   4.3735683e-02   1.3273074e+00   1.0240809e-04   3.1463753e-07   6.0413544e-07
   1.0000000e+00   1.7950696e-01  -9.5022642e-01   8.9504937e-01  -3.9563262e-03  -5.9795301e-03  -4.1192469e-04   3.2222749e-02   9.0293025e-01   8.0111337e-01   1.5652517e-05   3.5754780e-05   1.6968195e-07  -1.0347650e-02   5.5712780e-02   5.5377256e-01  -2.2528912e-03   1.2229320e-03   7.6944811e-04   1.0707386e-04   3.1039139e-03   3.0666405e-01   5.0755188e-06   1.4955627e-06   5.9205039e-07
   1.0000000e+00   1.5481420e-01  -9.0839970e-01   7.2332571e-01  -4.5219253e-03  -6.9021513e-03  -3.0233905e-04   2.3967437e-02   8.2519001e-01   5.2320008e-01   2.0447808e-05   4.7639693e-05   9.1408901e-08  -2.4692760e-02   4.1826720e-02  -1.7172366e-01  -5.6559910e-04  -9.2262120e-04   1.0958564e-04   6.0973240e-04   1.7494745e-03   2.9489015e-02   3.1990234e-07   8.5122988e-07   1.2009012e-08
   1.0000000e+00   1.7023408e-01  -9.7873617e-01   1.0377169e+00  -4.1997746e-03  -6.6859285e-03  -2.3354263e-04   2.8979642e-02   9.5792449e-01   1.0768564e+00   1.7638107e-05   4.4701640e-05   5.4542160e-08   1.5419880e-02  -7.0336470e-02   3.1439119e-01   3.2215070e-04   2.1622280e-04   6.8796420e-05   2.3777270e-04   4.9472190e-03   9.8841820e-02   1.0378107e-07   4.6752299e-08   4.7329474e-09
   1.0000000e+00   8.1531548e-02  -6.2443602e-01  -8.3651437e-01   2.4303092e-03  -8.0875722e-03  -2.0472801e-03   6.6473933e-03   3.8992034e-01   6.9975629e-01   5.9064028e-06   6.5408824e-05   4.1913558e-06  -8.8702532e-02   3.5430015e-01  -1.8742313e+00   6.6300838e-03  -1.4016437e-03  -1.8137375e-03   7.8681392e-03   1.2552860e-01   3.5127429e+00   4.3958011e-05   1.9646051e-06   3.2896436e-06
   1.0000000e+00   1.0263153e-01  -8.0657053e-01  -1.0909418e+00   8.1957708e-03  -7.6752392e-03  -1.8728372e-03   1.0533231e-02   6.5055602e-01   1.1901540e+00   6.7170659e-05   5.8909297e-05   3.5075192e-06   2.1099982e-02  -1.8213451e-01  -2.5442743e-01   5.7654616e-03   4.1233300e-04   1.7444290e-04   4.4520924e-04   3.3172980e-02   6.4733317e-02   3.3240547e-05   1.7001850e-07   3.0430325e-08
   1.0000000e+00   1.2378519e-01  -8.0699535e-01  -4.6967984e-01   7.6754884e-03  -7.2818993e-03  -1.3162309e-03   1.5322773e-02   6.5124149e-01   2.2059915e-01   5.8913122e-05   5.3026057e-05   1.7324638e-06   2.1153660e-02  -4.2482000e-04   6.2126196e-01  -5.2028240e-04   3.9333990e-04   5.5660630e-04   4.4747733e-04   1.8047203e-07   3.8596642e-01   2.7069378e-07   1.5471628e-07   3.0981057e-07
   1.0000000e+00   1.2394891e-01  -8.0407175e-01  -6.8021593e-01   6.9614261e-03  -7.6220672e-03  -1.4218268e-03   1.5363332e-02   6.4653138e-01   4.6269371e-01   4.8461453e-05   5.8095908e-05   2.0215914e-06   1.6372000e-04   2.9236000e-03  -2.1053609e-01  -7.1406230e-04  -3.4016790e-04  -1.0559590e-04   2.6804238e-08   8.5474370e-06   4.4325445e-02   5.0988497e-07   1.1571420e-07   1.1150494e-08
   1.0000000e+00   1.3369559e-01  -8.2391888e-01  -4.9550840e-01   7.0674806e-03  -7.6624614e-03  -1.0746926e-03   1.7874511e-02   6.7884232e-01   2.4552857e-01   4.9949282e-05   5.8713315e-05   1.1549642e-06   9.7466800e-03  -1.9847130e-02   1.8470753e-01   1.0605450e-04  -4.0394200e-05   3.4713420e-04   9.4997771e-05   3.9390857e-04   3.4116872e-02   1.1247557e-08   1.6316914e-09   1.2050215e-07
   1.0000000e+00   1.2920524e-01  -8.1889181e-01  -6.5822182e-01   6.6008104e-03  -7.9349074e-03  -1.1119964e-03   1.6693994e-02   6.7058380e-01   4.3325596e-01   4.3570698e-05   6.2962755e-05   1.2365360e-06  -4.4903500e-03   5.0270700e-03  -1.6271342e-01  -4.6667020e-04  -2.7244600e-04  -3.7303800e-05   2.0163243e-05   2.5271433e-05   2.6475657e-02   2.1778108e-07   7.4226823e-08   1.3915735e-09
   1.0000000e+00   1.3354764e-01  -8.0789842e-01  -5.8905311e-01   6.9416365e-03  -8.6044370e-03  -9.7871877e-04   1.7834972e-02   6.5269986e-01   3.4698357e-01   4.8186317e-05   7.4036336e-05   9.5789043e-07   4.3424000e-03   1.0993390e-02   6.9168710e-02   3.4082610e-04  -6.6952960e-04   1.3327763e-04   1.8856438e-05   1.2085462e-04   4.7843104e-03   1.1616243e-07   4.4826989e-07   1.7762927e-08
   1.0000000e+00   1.2722081e-01  -8.0416260e-01  -7.2376559e-01   7.0735753e-03  -8.8184692e-03  -9.3349895e-04   1.6185134e-02   6.4667749e-01   5.2383663e-01   5.0035468e-05   7.7765399e-05   8.7142029e-07  -6.3268300e-03   3.7358200e-03  -1.3471248e-01   1.3193880e-04  -2.1403220e-04   4.5219820e-05   4.0028778e-05   1.3956351e-05   1.8147452e-02   1.7407847e-08   4.5809783e-08   2.0448321e-09
   1.0000000e+00   1.4344894e-01  -7.9054687e-01  -6.3369962e-01   6.5890936e-03  -8.6679968e-03  -8.6163593e-04   2.0577598e-02   6.2496435e-01   4.0157521e-01   4.3416154e-05   7.5134169e-05   7.4241648e-07   1.6228130e-02   1.3615730e-02   9.0065970e-02  -4.8448170e-04   1.5047240e-04   7.1863020e-05   2.6335220e-04   1.8538810e-04   8.1118790e-03   2.3472252e-07   2.2641943e-08   5.1642936e-09
   1.0000000e+00   1.4372963e-01  -8.2141851e-01  -6.9220848e-01   6.3152190e-03  -8.6726682e-03  -1.0552936e-03   2.0658207e-02   6.7472837e-01   4.7915258e-01   3.9881991e-05   7.5215174e-05   1.1136446e-06   2.8069000e-04  -3.0871640e-02  -5.8508860e-02  -2.7387460e-04  -4.6714000e-06  -1.9365767e-04   7.8786876e-08   9.5305816e-04   3.4232867e-03   7.5007297e-08   2.1821978e-11   3.7503293e-08
   1.0000000e+00   1.5224980e-01  -8.1531656e-01  -6.5101551e-01   5.9044002e-03  -8.8155254e-03  -7.8971583e-04   2.3180002e-02   6.6474109e-01   4.2382119e-01   3.4861942e-05   7.7713488e-05   6.2365109e-07   8.5201700e-03   6.1019500e-03   4.1192970e-02  -4.1081880e-04  -1.4285720e-04   2.6557777e-04   7.2593297e-05   3.7233794e-05   1.6968608e-03   1.6877209e-07   2.0408180e-08   7.0531552e-08
   1.0000000e+00   1.6103842e-01  -7.7463205e-01  -7.3465222e-01   6.9383621e-03  -8.8385872e-03  -5.8821599e-04   2.5933373e-02   6.0005481e-01   5.3971388e-01   4.8140869e-05   7.8120624e-05   3.4599805e-07   8.7886200e-03   4.0684510e-02  -8.3636710e-02   1.0339619e-03  -2.3061800e-05   2.0149984e-04   7.7239842e-05   1.6552294e-03   6.9950993e-03   1.0690772e-06   5.3184662e-10   4.0602186e-08
   1.0000000e+00   1.7206167e-01  -7.9705659e-01  -6.9874920e-01   5.6526642e-03  -9.2052098e-03  -4.7800439e-04   2.9605218e-02   6.3529921e-01   4.8825044e-01   3.1952613e-05   8.4735887e-05   2.2848820e-07   1.1023250e-02  -2.2424540e-02   3.5903020e-02  -1.2856979e-03  -3.6662260e-04   1.1021160e-04   1.2151204e-04   5.0285999e-04   1.2890268e-03   1.6530191e-06   1.3441213e-07   1.2146597e-08
   1.0000000e+00   1.7013427e-01  -8.0004742e-01  -7.5286927e-01   6.2868114e-03  -9.4583910e-03  -6.5107739e-04   2.8945670e-02   6.4007587e-01   5.6681214e-01   3.9523998e-05   8.9461160e-05   4.2390177e-07  -1.9274000e-03  -2.9908300e-03  -5.4120070e-02   6.3414720e-04  -2.5318120e-04  -1.7307300e-04   3.7148708e-06   8.9450641e-06   2.9289820e-03   4.0214267e-07   6.4100720e-08   2.9954263e-08
   1.0000000e+00   1.7141248e-01  -8.0038611e-01  -6.8072313e-01   6.0494820e-03  -1.0137080e-02  -6.4867891e-04   2.9382238e-02   6.4061793e-01   4.6338398e-01   3.6596232e-05   1.0276039e-04   4.2078433e-07   1.2782100e-03  -3.3869000e-04   7.2146140e-02  -2.3732940e-04  -6.7868900e-04   2.3984800e-06   1.6338208e-06   1.1471092e-07   5.2050655e-03   5.6325244e-08   4.6061876e-07   5.7527063e-12
   1.0000000e+00   1.6835488e-01  -8.0893571e-01  -7.2650464e-01   6.4841430e-03  -9.8424479e-03  -5.3262635e-04   2.8343366e-02   6.5437698e-01   5.2780899e-01   4.2044110e-05   9.6873781e-05   2.8369083e-07  -3.0576000e-03  -8.5496000e-03  -4.5781510e-02   4.3466100e-04   2.9463210e-04   1.1605256e-04   9.3489178e-06   7.3095660e-05   2.0959467e-03   1.8893018e-07   8.6808074e-08   1.3468197e-08
   1.0000000e+00   1.4704614e-01  -8.0285830e-01  -7.1799484e-01   6.3718856e-03  -9.2679926e-03  -9.4349810e-04   2.1622567e-02   6.4458145e-01   5.1551659e-01   4.0600926e-05   8.5895687e-05   8.9018866e-07  -2.1308740e-02   6.0774100e-03   8.5098000e-03  -1.1225740e-04   5.7445530e-04  -4.1087175e-04   4.5406240e-04   3.6934912e-05   7.2416696e-05   1.2601724e-08   3.2999889e-07   1.6881559e-07
   1.0000000e+00   1.5874420e-01  -8.0113150e-01  -7.6480383e-01   6.2726059e-03  -9.2102277e-03  -5.5978725e-04   2.5199721e-02   6.4181168e-01   5.8492490e-01   3.9345585e-05   8.4828294e-05   3.1336177e-07   1.1698060e-02   1.7268000e-03  -4.6808990e-02  -9.9279700e-05   5.7764900e-05   3.8371085e-04   1.3684461e-04   2.9818382e-06   2.1910815e-03   9.8564588e-09   3.3367837e-09   1.4723402e-07
   1.0000000e+00   1.5998065e-01  -8.0545499e-01  -7.4720881e-01   5.8137758e-03  -9.6885840e-03  -6.9000436e-04   2.5593808e-02   6.4875774e-01   5.5832101e-01   3.3799989e-05   9.3868660e-05   4.7610602e-07   1.2364500e-03  -4.3234900e-03   1.7595020e-02  -4.5883010e-04  -4.7835630e-04  -1.3021711e-04   1.5288086e-06   1.8692566e-05   3.0958473e-04   2.1052506e-07   2.2882475e-07   1.6956496e-08
   1.0000000e+00   1.7390798e-01  -8.1643335e-01  -7.7694960e-01   6.2775299e-03  -1.0009828e-02  -2.9747825e-04   3.0243986e-02   6.6656341e-01   6.0365068e-01   3.9407382e-05   1.0019666e-04   8.8493309e-08   1.3927330e-02  -1.0978360e-02  -2.9740790e-02   4.6375410e-04  -3.2124400e-04   3.9252611e-04   1.9397052e-04   1.2052439e-04   8.8451459e-04   2.1506787e-07   1.0319771e-07   1.5407675e-07
   1.0000000e+00   1.6153518e-01  -7.9427267e-01  -7.6782102e-01   6.1879324e-03  -1.0144026e-02  -4.8205541e-04   2.6093614e-02   6.3086907e-01   5.8954912e-01   3.8290507e-05   1.0290126e-04   2.3237742e-07  -1.2372800e-02   2.2160680e-02   9.1285800e-03  -8.9597500e-05  -1.3419800e-04  -1.8457716e-04   1.5308618e-04   4.9109574e-04   8.3330973e-05   8.0277120e-09   1.8009103e-08   3.4068728e-08
   1.0000000e+00   1.5705954e-01  -8.1678463e-01  -7.9749829e-01   6.0753526e-03  -9.9521110e-03  -5.1236417e-04   2.4667699e-02   6.6713713e-01   6.3600352e-01   3.6909909e-05   9.9044513e-05   2.6251704e-07  -4.4756400e-03  -2.2511960e-02  -2.9677270e-02  -1.1257980e-04   1.9191500e-04  -3.0308760e-05   2.0031353e-05   5.0678834e-04   8.8074035e-04   1.2674211e-08   3.6831367e-08   9.1862093e-10
   1.0000000e+00   1.7233922e-01  -8.2125221e-01  -7.9459400e-01   6.7186192e-03  -1.0143941e-02  -8.8817621e-05   2.9700807e-02   6.7445519e-01   6.3137962e-01   4.5139844e-05   1.0289954e-04   7.8885698e-09   1.5279680e-02  -4.4675800e-03   2.9042900e-03   6.4326660e-04  -1.9183000e-04   4.2354655e-04   2.3346862e-04   1.9959271e-05   8.4349004e-06   4.1379192e-07   3.6798749e-08   1.7939168e-07
   1.0000000e+00   1.7258325e-01  -8.3016845e-01  -7.8850880e-01   6.7340522e-03  -9.9601791e-03  -1.0691090e-04   2.9784978e-02   6.8917966e-01   6.2174613e-01   4.5347459e-05   9.9205168e-05   1.1429941e-08   2.4403000e-04  -8.9162400e-03   6.0852000e-03   1.5433000e-05   1.8376190e-04  -1.8093279e-05   5.9550641e-08   7.9499336e-05   3.7029659e-05   2.3817749e-10   3.3768436e-08   3.2736674e-10
   1.0000000e+00   1.6064908e-01  -8.4231317e-01  -7.5863982e-01   6.7862055e-03  -1.0117294e-02  -3.4516938e-04   2.5808127e-02   7.0949148e-01   5.7553438e-01   4.6052585e-05   1.0235964e-04   1.1914190e-07  -1.1934170e-02  -1.2144720e-02   2.9868980e-02   5.2153300e-05  -1.5711490e-04  -2.3825848e-04   1.4242441e-04   1.4749422e-04   8.9215597e-04   2.7199667e-09   2.4685092e-08   5.6767103e-08
   1.0000000e+00   1.7390730e-01  -8.8599090e-01  -7.7370100e-01   6.3906108e-03  -1.0192924e-02  -2.0442488e-04   3.0243749e-02   7.8497987e-01   5.9861324e-01   4.0839906e-05   1.0389570e-04   4.1789532e-08   1.3258220e-02  -4.3677730e-02  -1.5061180e-02  -3.9559470e-04  -7.5630000e-05   1.4074450e-04   1.7578040e-04   1.9077441e-03   2.2683914e-04   1.5649517e-07   5.7198969e-09   1.9809014e-08
   1.0000000e+00   1.7958148e-01  -9.0218636e-01  -7.0593325e-01   6.6334913e-03  -1.0077045e-02  -1.2849870e-04   3.2249508e-02   8.1394023e-01   4.9834175e-01   4.4003207e-05   1.0154684e-04   1.6511916e-08   5.6741800e-03  -1.6195460e-02   6.7767750e-02   2.4288050e-04   1.1587900e-04   7.5926180e-05   3.2196319e-05   2.6229292e-04   4.5924679e-03   5.8990937e-08   1.3427943e-08   5.7647848e-09
   1.0000000e+00   1.7497585e-01  -8.9668184e-01  -7.2838474e-01   6.6395010e-03  -9.6840500e-03  -2.2336149e-04   3.0616548e-02   8.0403832e-01   5.3054433e-01   4.4082974e-05   9.3780824e-05   4.9890355e-08  -4.6056300e-03   5.5045200e-03  -2.2451490e-02   6.0097000e-06   3.9299500e-04  -9.4862790e-05   2.1211828e-05   3.0299740e-05   5.0406940e-04   3.6116494e-11   1.5444507e-07   8.9989489e-09
   1.0000000e+00   1.7257666e-01  -9.1092057e-01  -6.9271178e-01   5.5757756e-03  -9.4873639e-03  -4.0053563e-04   2.9782704e-02   8.2977628e-01   4.7984961e-01   3.1089274e-05   9.0010074e-05   1.6042879e-07  -2.3991900e-03  -1.4238730e-02   3.5672960e-02  -1.0637254e-03   1.9668610e-04  -1.7717414e-04   5.7561127e-06   2.0274143e-04   1.2725601e-03   1.1315117e-06   3.8685422e-08   3.1390676e-08
   1.0000000e+00   1.6874426e-01  -9.1029296e-01  -7.1245282e-01   6.0373606e-03  -9.7137276e-03  -3.9718974e-04   2.8474625e-02   8.2863327e-01   5.0758902e-01   3.6449723e-05   9.4356504e-05   1.5775969e-07  -3.8324000e-03   6.2761000e-04  -1.9741040e-02   4.6158500e-04  -2.2636370e-04   3.3458900e-06   1.4687290e-05   3.9389431e-07   3.8970866e-04   2.1306071e-07   5.1240525e-08   1.1194980e-11
   1.0000000e+00   1.7840251e-01  -8.8639933e-01  -6.9277489e-01   6.3088415e-03  -9.6219691e-03  -6.3941518e-05   3.1827456e-02   7.8570377e-01   4.7993705e-01   3.9801481e-05   9.2582289e-05   4.0885177e-09   9.6582500e-03   2.3893630e-02   1.9677930e-02   2.7148090e-04   9.1758500e-05   3.3324822e-04   9.3281793e-05   5.7090555e-04   3.8722093e-04   7.3701879e-08   8.4196223e-09   1.1105438e-07
   1.0000000e+00   1.6691515e-01  -9.0753329e-01  -7.0129505e-01   5.7109276e-03  -9.5123492e-03  -6.3787275e-04   2.7860667e-02   8.2361667e-01   4.9181475e-01   3.2614694e-05   9.0484787e-05   4.0688165e-07  -1.1487360e-02  -2.1133960e-02  -8.5201600e-03  -5.9791390e-04   1.0961990e-04  -5.7393123e-04   1.3195944e-04   4.4664427e-04   7.2593126e-05   3.5750103e-07   1.2016522e-08   3.2939706e-07
   1.0000000e+00   1.5671867e-01  -9.1031196e-01  -6.8240858e-01   6.1365777e-03  -8.6395713e-03  -1.2171499e-03   2.4560742e-02   8.2866786e-01   4.6568147e-01   3.7657586e-05   7.4642192e-05   1.4814539e-06  -1.0196480e-02  -2.7786700e-03   1.8886470e-02   4.2565010e-04   8.7277790e-04  -5.7927715e-04   1.0396820e-04   7.7210070e-06   3.5669875e-04   1.8117801e-07   7.6174126e-07   3.3556202e-07
   1.0000000e+00   1.8813361e-01  -8.5686442e-01  -3.6818956e-01   9.2921570e-03  -8.0986455e-03   8.9083911e-04   3.5394255e-02   7.3421663e-01   1.3556355e-01   8.6344182e-05   6.5588059e-05   7.9359432e-07   3.1414940e-02   5.3447540e-02   3.1421902e-01   3.1555793e-03   5.4092580e-04   2.1079890e-03   9.8689846e-04   2.8566395e-03   9.8733593e-02   9.9576807e-06   2.9260072e-07   4.4436177e-06
   1.0000000e+00   1.8439318e-01  -7.7358739e-01  -3.9797195e-01   1.2095334e-02  -1.2900369e-02   3.2101385e-03   3.4000845e-02   5.9843745e-01   1.5838167e-01   1.4629710e-04   1.6641952e-04   1.0304989e-05  -3.7404300e-03   8.3277030e-02  -2.9782390e-02   2.8031770e-03  -4.8017235e-03   2.3192994e-03   1.3990817e-05   6.9350637e-03   8.8699075e-04   7.8578013e-06   2.3056549e-05   5.3791497e-06
   1.0000000e+00   1.9571739e-01  -9.8754614e-01  -2.7581411e-01   6.3638295e-03  -1.3254422e-02   3.2691508e-03   3.8305297e-02   9.7524738e-01   7.6073423e-02   4.0498326e-05   1.7567970e-04   1.0687347e-05   1.1324210e-02  -2.1395875e-01   1.2215784e-01  -5.7315045e-03  -3.5405300e-04   5.9012300e-05   1.2823773e-04   4.5778347e-02   1.4922538e-02   3.2850144e-05   1.2535353e-07   3.4824516e-09
   1.0000000e+00   8.3988086e-02  -7.1745052e-01  -1.0731577e+00   4.9343839e-03  -1.1127988e-02   5.9263514e-04   7.0539986e-03   5.1473525e-01   1.1516674e+00   2.4348144e-05   1.2383212e-04   3.5121641e-07  -1.1172930e-01   2.7009562e-01  -7.9734359e-01  -1.4294456e-03   2.1264340e-03  -2.6765157e-03   1.2483437e-02   7.2951644e-02   6.3575680e-01   2.0433147e-06   4.5217216e-06   7.1637361e-06
   1.0000000e+00   5.7400259e-02  -5.7045862e-01  -3.2166663e+00   1.4866416e-03  -1.3715673e-02   1.6430717e-03   3.2947897e-03   3.2542304e-01   1.0346942e+01   2.2101032e-06   1.8811969e-04   2.6996846e-06  -2.6587827e-02   1.4699190e-01  -2.1435086e+00  -3.4477423e-03  -2.5876850e-03   1.0504366e-03   7.0691254e-04   2.1606619e-02   4.5946291e+00   1.1886927e-05   6.6961137e-06   1.1034170e-06
   1.0000000e+00   6.2452938e-02  -7.4820809e-01  -1.9392921e+00  -8.5046154e-04  -1.3161424e-02   2.8918893e-04   3.9003695e-03   5.5981535e-01   3.7608538e+00   7.2328483e-07   1.7322308e-04   8.3630237e-08   5.0526790e-03  -1.7774947e-01   1.2773742e+00  -2.3371031e-03   5.5424900e-04  -1.3538828e-03   2.5529565e-05   3.1594874e-02   1.6316848e+00   5.4620511e-06   3.0719195e-07   1.8329986e-06
   1.0000000e+00   4.1891301e-02  -6.7024640e-01  -1.6221994e+00   2.6329181e-03  -1.3375395e-02   5.4626432e-05   1.7548811e-03   4.4923024e-01   2.6315309e+00   6.9322577e-06   1.7890119e-04   2.9840471e-09  -2.0561637e-02   7.7961690e-02   3.1709270e-01   3.4833796e-03  -2.1397100e-04  -2.3456250e-04   4.2278092e-04   6.0780251e-03   1.0054778e-01   1.2133934e-05   4.5783589e-08   5.5019565e-08
   1.0000000e+00   6.1520361e-02  -7.7501693e-01  -1.5540654e+00   2.5272281e-03  -1.2153784e-02   3.0717473e-04   3.7847548e-03   6.0065124e-01   2.4151193e+00   6.3868819e-06   1.4771447e-04   9.4356315e-08   1.9629060e-02  -1.0477053e-01   6.8134000e-02  -1.0569000e-04   1.2216110e-03   2.5254830e-04   3.8530000e-04   1.0976864e-02   4.6422420e-03   1.1170376e-08   1.4923334e-06   6.3780643e-08
   1.0000000e+00   6.9443554e-02  -7.6672025e-01  -1.4923308e+00   3.1308278e-03  -1.2065818e-02   2.8206825e-04   4.8224072e-03   5.8785994e-01   2.2270512e+00   9.8020827e-06   1.4558396e-04   7.9562498e-08   7.9231930e-03   8.2966800e-03   6.1734600e-02   6.0359970e-04   8.7966000e-05  -2.5106480e-05   6.2776987e-05   6.8834899e-05   3.8111608e-03   3.6433260e-07   7.7380172e-09   6.3033534e-10
   1.0000000e+00   6.6019560e-02  -8.1335345e-01  -1.4604261e+00   2.5007723e-03  -1.2124566e-02   2.1735709e-04   4.3585823e-03   6.6154383e-01   2.1328444e+00   6.2538621e-06   1.4700510e-04   4.7244105e-08  -3.4239940e-03  -4.6633200e-02   3.1904700e-02  -6.3005550e-04  -5.8748000e-05  -6.4711160e-05   1.1723735e-05   2.1746553e-03   1.0179099e-03   3.9696993e-07   3.4513275e-09   4.1875342e-09
   1.0000000e+00   6.1226554e-02  -8.1479669e-01  -1.3926812e+00   3.2564987e-03  -1.1645779e-02   1.2136787e-04   3.7486909e-03   6.6389365e-01   1.9395609e+00   1.0604784e-05   1.3562417e-04   1.4730160e-08  -4.7930060e-03  -1.4432400e-03   6.7744900e-02   7.5572640e-04   4.7878700e-04  -9.5989220e-05   2.2972907e-05   2.0829417e-06   4.5893715e-03   5.7112239e-07   2.2923699e-07   9.2139304e-09
   1.0000000e+00   5.7351042e-02  -8.4934194e-01  -1.3772340e+00   2.7970562e-03  -1.1956173e-02  -1.4180462e-04   3.2891420e-03   7.2138173e-01   1.8967735e+00   7.8235234e-06   1.4295007e-04   2.0108550e-08  -3.8755120e-03  -3.4545250e-02   1.5447200e-02  -4.5944250e-04  -3.1039400e-04  -2.6317249e-04   1.5019593e-05   1.1933743e-03   2.3861599e-04   2.1108741e-07   9.6344435e-08   6.9259759e-08
   1.0000000e+00   5.6670490e-02  -8.4146609e-01  -1.3367834e+00   3.5865249e-03  -1.2101904e-02  -1.3210162e-04   3.2115444e-03   7.0806518e-01   1.7869899e+00   1.2863161e-05   1.4645608e-04   1.7450838e-08  -6.8055200e-04   7.8758500e-03   4.0450600e-02   7.8946870e-04  -1.4573100e-04   9.7030000e-06   4.6315102e-07   6.2029013e-05   1.6362510e-03   6.2326083e-07   2.1237524e-08   9.4148209e-11
   1.0000000e+00   5.1707594e-02  -8.7694969e-01  -1.2878259e+00   3.7516421e-03  -1.2125870e-02  -2.7352893e-04   2.6736753e-03   7.6904076e-01   1.6584955e+00   1.4074818e-05   1.4703672e-04   7.4818076e-08  -4.9628960e-03  -3.5483600e-02   4.8957500e-02   1.6511720e-04  -2.3966000e-05  -1.4142731e-04   2.4630337e-05   1.2590859e-03   2.3968368e-03   2.7263690e-08   5.7436916e-10   2.0001684e-08
   1.0000000e+00   4.4829532e-02  -8.8210727e-01  -1.2521146e+00   3.4280019e-03  -1.1500070e-02  -4.0180272e-04   2.0096869e-03   7.7811324e-01   1.5677910e+00   1.1751197e-05   1.3225161e-04   1.6144543e-07  -6.8780620e-03  -5.1575800e-03   3.5711300e-02  -3.2364020e-04   6.2580000e-04  -1.2827379e-04   4.7307737e-05   2.6600631e-05   1.2752969e-03   1.0474298e-07   3.9162564e-07   1.6454165e-08
   1.0000000e+00   5.6389894e-02  -9.0187682e-01  -1.2483521e+00   3.6085877e-03  -1.1620272e-02  -1.9070237e-04   3.1798201e-03   8.1338180e-01   1.5583830e+00   1.3021905e-05   1.3503072e-04   3.6367394e-08   1.1560362e-02  -1.9769550e-02   3.7625000e-03   1.8058580e-04  -1.2020200e-04   2.1110035e-04   1.3364197e-04   3.9083511e-04   1.4156406e-05   3.2611231e-08   1.4448521e-08   4.4563358e-08
   1.0000000e+00   5.1819421e-02  -8.9455736e-01  -1.2466878e+00   3.6050085e-03  -1.1624669e-02  -3.9330903e-04   2.6852524e-03   8.0023287e-01   1.5542305e+00   1.2996086e-05   1.3513293e-04   1.5469199e-07  -4.5704730e-03   7.3194600e-03   1.6643000e-03  -3.5792000e-06  -4.3970000e-06  -2.0260666e-04   2.0889223e-05   5.3574495e-05   2.7698945e-06   1.2810673e-11   1.9333609e-11   4.1049459e-08
   1.0000000e+00   6.5715260e-02  -9.2621027e-01  -1.2424517e+00   3.5817790e-03  -1.2213744e-02  -2.5954141e-05   4.3184954e-03   8.5786546e-01   1.5436862e+00   1.2829141e-05   1.4917554e-04   6.7361744e-10   1.3895839e-02  -3.1652910e-02   4.2361000e-03  -2.3229500e-05  -5.8907500e-04   3.6735489e-04   1.9309434e-04   1.0019067e-03   1.7944543e-05   5.3960967e-10   3.4700936e-07   1.3494961e-07
   1.0000000e+00   7.2422413e-02  -9.1565725e-01  -1.1972391e+00   4.0415980e-03  -1.2024297e-02   8.6090070e-05   5.2450059e-03   8.3842820e-01   1.4333815e+00   1.6334514e-05   1.4458372e-04   7.4115002e-09   6.7071530e-03   1.0553020e-02   4.5212600e-02   4.5981900e-04   1.8944700e-04   1.1204421e-04   4.4985901e-05   1.1136623e-04   2.0441792e-03   2.1143351e-07   3.5890166e-08   1.2553905e-08
   1.0000000e+00   5.1432574e-02  -9.1779704e-01  -1.2335088e+00   3.5361770e-03  -1.1710503e-02  -3.5901891e-04   2.6453097e-03   8.4235141e-01   1.5215440e+00   1.2504548e-05   1.3713588e-04   1.2889458e-07  -2.0989839e-02  -2.1397900e-03  -3.6269700e-02  -5.0542100e-04   3.1379400e-04  -4.4510898e-04   4.4057334e-04   4.5787012e-06   1.3154911e-03   2.5545039e-07   9.8466674e-08   1.9812200e-07
   1.0000000e+00   4.2846372e-02  -9.0640620e-01  -1.2334151e+00   3.3839471e-03  -1.1843685e-02  -7.9191802e-04   1.8358116e-03   8.2157220e-01   1.5213128e+00   1.1451098e-05   1.4027287e-04   6.2713415e-07  -8.5862020e-03   1.1390840e-02   9.3700000e-05  -1.5222990e-04  -1.3318200e-04  -4.3289911e-04   7.3722865e-05   1.2975124e-04   8.7796900e-09   2.3173942e-08   1.7737445e-08   1.8740164e-07
   1.0000000e+00   6.4837082e-02  -9.1923442e-01  -1.2174570e+00   3.3352178e-03  -1.1778299e-02   1.1504459e-04   4.2038472e-03   8.4499192e-01   1.4822015e+00   1.1123678e-05   1.3872833e-04   1.3235258e-08   2.1990710e-02  -1.2828220e-02   1.5958100e-02  -4.8729300e-05   6.5386000e-05   9.0696261e-04   4.8359133e-04   1.6456323e-04   2.5466096e-04   2.3745447e-09   4.2753290e-09   8.2258118e-07
   1.0000000e+00   7.4992771e-02  -9.1875481e-01  -1.1726908e+00   4.2060106e-03  -1.1976503e-02   1.7653780e-04   5.6239157e-03   8.4411040e-01   1.3752037e+00   1.7690525e-05   1.4343662e-04   3.1165595e-08   1.0155689e-02   4.7961000e-04   4.4766200e-02   8.7079280e-04  -1.9820400e-04   6.1493210e-05   1.0313802e-04   2.3002575e-07   2.0040127e-03   7.5828010e-07   3.9284826e-08   3.7814149e-09
   1.0000000e+00   6.2928368e-02  -9.4810741e-01  -1.1938236e+00   3.5264773e-03  -1.1261901e-02  -4.5818672e-05   3.9599795e-03   8.9890766e-01   1.4252148e+00   1.2436042e-05   1.2683041e-04   2.0993507e-09  -1.2064403e-02  -2.9352600e-02  -2.1132800e-02  -6.7953330e-04   7.1460200e-04  -2.2235647e-04   1.4554982e-04   8.6157513e-04   4.4659524e-04   4.6176551e-07   5.1065602e-07   4.9442401e-08
   1.0000000e+00   7.7499888e-02  -9.3843863e-01  -1.1960618e+00   4.2345238e-03  -1.1450991e-02   3.0834774e-04   6.0062326e-03   8.8066706e-01   1.4305638e+00   1.7931192e-05   1.3112519e-04   9.5078329e-08   1.4571520e-02   9.6687800e-03  -2.2382000e-03   7.0804650e-04  -1.8909000e-04   3.5416641e-04   2.1232920e-04   9.3485307e-05   5.0095392e-06   5.0132985e-07   3.5755028e-08   1.2543385e-07
   1.0000000e+00   6.6417290e-02  -9.4896549e-01  -1.1857546e+00   4.5559671e-03  -1.1313278e-02   3.8314499e-05   4.4112564e-03   9.0053550e-01   1.4060140e+00   2.0756836e-05   1.2799026e-04   1.4680008e-09  -1.1082598e-02  -1.0526860e-02   1.0307200e-02   3.2144330e-04   1.3771300e-04  -2.7003324e-04   1.2282398e-04   1.1081478e-04   1.0623837e-04   1.0332580e-07   1.8964870e-08   7.2917951e-08
   1.0000000e+00   8.2013262e-02  -9.5630848e-01  -1.1908694e+00   4.1525968e-03  -1.1790868e-02  -1.6760430e-05   6.7261751e-03   9.1452591e-01   1.4181699e+00   1.7244060e-05   1.3902457e-04   2.8091201e-10   1.5595972e-02  -7.3429900e-03  -5.1148000e-03  -4.0337030e-04  -4.7759000e-04  -5.5074929e-05   2.4323434e-04   5.3919502e-05   2.6161179e-05   1.6270760e-07   2.2809221e-07   3.0332478e-09
   1.0000000e+00   7.8061626e-02  -9.7647819e-01  -1.1932944e+00   4.0652365e-03  -1.1571330e-02   2.4194620e-04   6.0936175e-03   9.5350966e-01   1.4239515e+00   1.6526148e-05   1.3389568e-04   5.8537964e-08  -3.9516360e-03  -2.0169710e-02  -2.4250000e-03  -8.7360300e-05   2.1953800e-04   2.5870663e-04   1.5615427e-05   4.0681720e-04   5.8806250e-06   7.6318220e-09   4.8196933e-08   6.6929120e-08
   1.0000000e+00   7.0152763e-02  -9.6026650e-01  -1.1332799e+00   3.6566615e-03  -1.1787937e-02  -3.4481981e-04   4.9214102e-03   9.2211175e-01   1.2843233e+00   1.3371173e-05   1.3895546e-04   1.1890070e-07  -7.9088630e-03   1.6211690e-02   6.0014500e-02  -4.0857500e-04  -2.1660700e-04  -5.8676601e-04   6.2550114e-05   2.6281889e-04   3.6017402e-03   1.6693353e-07   4.6918592e-08   3.4429435e-07
   1.0000000e+00   5.2051822e-02  -1.0276176e+00  -1.2172994e+00   6.7764195e-03  -1.0804671e-02   5.5304985e-04   2.7093922e-03   1.0559979e+00   1.4818178e+00   4.5919861e-05   1.1674092e-04   3.0586414e-07  -1.8100941e-02  -6.7351100e-02  -8.4019500e-02   3.1197580e-03   9.8326600e-04   8.9786966e-04   3.2764407e-04   4.5361707e-03   7.0592764e-03   9.7328900e-06   9.6681203e-07   8.0616993e-07
   1.0000000e+00   9.3169105e-02  -1.1751518e+00  -8.5548600e-01   1.0389037e-02  -7.7440594e-03   3.0090141e-03   8.6804821e-03   1.3809818e+00   7.3185630e-01   1.0793209e-04   5.9970456e-05   9.0541659e-06   4.1117283e-02  -1.4753420e-01   3.6181340e-01   3.6126175e-03   3.0606116e-03   2.4559643e-03   1.6906310e-03   2.1766340e-02   1.3090894e-01   1.3051005e-05   9.3673434e-06   6.0317604e-06
   1.0000000e+00   8.9008781e-03  -1.1364759e+00  -8.3015933e-01   6.4144727e-03  -9.4312374e-03  -1.5785830e-04   7.9225631e-05   1.2915775e+00   6.8916451e-01   4.1145460e-05   8.8948239e-05   2.4919243e-08  -8.4268227e-02   3.8675900e-02   2.5326670e-02  -3.9745643e-03  -1.6871780e-03  -3.1668724e-03   7.1011341e-03   1.4958252e-03   6.4144021e-04   1.5797161e-05   2.8465696e-06   1.0029081e-05
   1.0000000e+00   4.4392565e-02  -1.2221905e+00  -4.4456259e-01   3.4312407e-03  -9.0809698e-03   7.9543333e-04   1.9706998e-03   1.4937496e+00   1.9763590e-01   1.1773413e-05   8.2464013e-05   6.3271418e-07   3.5491687e-02  -8.5714600e-02   3.8559674e-01  -2.9832320e-03   3.5026760e-04   9.5329163e-04   1.2596598e-03   7.3469927e-03   1.4868485e-01   8.8996732e-06   1.2268739e-07   9.0876493e-07
