   1.0000000e+00   0.0000000e+00   0.0000000e+00   0.0000000e+00   0.0000000e+00   0.0000000e+00  -0.0000000e+00   0.0000000e+00   0.0000000e+00   0.0000000e+00   0.0000000e+00   0.0000000e+00   0.0000000e+00   0.0000000e+00   0.0000000e+00   0.0000000e+00   0.0000000e+00   0.0000000e+00   0.0000000e+00   0.0000000e+00   0.0000000e+00   0.0000000e+00   0.0000000e+00   0.0000000e+00   0.0000000e+00
   1.0000000e+00   9.5611401e-03  -6.0229646e-03  -4.1309939e-02  -1.2952050e-03  -1.1579929e-03   9.1137286e-04   9.1415400e-05   3.6276103e-05   1.7065111e-03   1.6775560e-06   1.3409476e-06   8.3060049e-07   9.5611401e-03  -6.0229646e-03  -4.1309939e-02  -1.2952050e-03  -1.1579929e-03   9.1137286e-04   9.1415400e-05   3.6276103e-05   1.7065111e-03   1.6775560e-06   1.3409476e-06   8.3060049e-07
   1.0000000e+00  -4.0351285e-03  -3.9881521e-02   4.8402584e-02  -1.8744827e-03  -3.7758439e-04   3.0732130e-04   1.6282262e-05   1.5905357e-03   2.3428101e-03   3.5136854e-06   1.4256997e-07   9.4446381e-08  -1.3596269e-02  -3.3858556e-02   8.9712523e-02  -5.7927770e-04   7.8040851e-04  -6.0405156e-04   1.8485852e-04   1.1464018e-03   8.0483368e-03   3.3556265e-07   6.0903744e-07   3.6487829e-07
   1.0000000e+00   1.2507373e-02  -2.7165893e-02   1.3291233e-02  -2.3479775e-03  -9.7459584e-04   3.5210892e-04   1.5643438e-04   7.3798574e-04   1.7665687e-04   5.5129983e-06   9.4983705e-07   1.2398069e-07   1.6542502e-02   1.2715628e-02  -3.5111351e-02  -4.7349480e-04  -5.9701145e-04   4.4787620e-05   2.7365436e-04   1.6168720e-04   1.2328070e-03   2.2419733e-07   3.5642267e-07   2.0059309e-09
   1.0000000e+00  -6.2151405e-02  -2.7905543e-02  -3.7937967e-02  -1.5105514e-03  -8.4574705e-04  -4.8690423e-04   3.8627971e-03   7.7871933e-04   1.4392893e-03   2.2817655e-06   7.1528807e-07   2.3707573e-07  -7.4658778e-02  -7.3965000e-04  -5.1229200e-02   8.3742610e-04   1.2884879e-04  -8.3901315e-04   5.5739331e-03   5.4708212e-07   2.6244309e-03   7.0128247e-07   1.6602011e-08   7.0394307e-07
   1.0000000e+00  -1.1054186e-01  -3.0526955e-02  -8.8879640e-02  -1.5118052e-03  -1.8518070e-03  -5.9214812e-04   1.2219503e-02   9.3189498e-04   7.8995904e-03   2.2855550e-06   3.4291892e-06   3.5063940e-07  -4.8390455e-02  -2.6214120e-03  -5.0941673e-02  -1.2538000e-06  -1.0060600e-03  -1.0524389e-04   2.3416361e-03   6.8718009e-06   2.5950540e-03   1.5720144e-12   1.0121566e-06   1.1076276e-08
   1.0000000e+00  -1.3077323e-01  -3.1100011e-02  -7.1298888e-02  -2.4404074e-03  -9.2911954e-04  -1.0766860e-03   1.7101638e-02   9.6721068e-04   5.0835314e-03   5.9555883e-06   8.6326312e-07   1.1592527e-06  -2.0231370e-02  -5.7305600e-04   1.7580752e-02  -9.2860220e-04   9.2268746e-04  -4.8453788e-04   4.0930833e-04   3.2839318e-07   3.0908284e-04   8.6230205e-07   8.5135215e-07   2.3477696e-07
   1.0000000e+00  -4.8922960e-02  -1.3898372e-02   3.8092478e-02  -1.9420870e-03  -8.7839556e-04  -5.0393063e-04   2.3934560e-03   1.9316474e-04   1.4510369e-03   3.7717019e-06   7.7157876e-07   2.5394608e-07   8.1850270e-02   1.7201639e-02   1.0939137e-01   4.9832040e-04   5.0723980e-05   5.7275537e-04   6.6994667e-03   2.9589638e-04   1.1966471e-02   2.4832322e-07   2.5729221e-09   3.2804871e-07
   1.0000000e+00  -7.4262060e-02  -4.4630415e-02  -9.2543769e-02  -2.5000109e-03  -1.4982118e-04  -7.2164941e-04   5.5148536e-03   1.9918739e-03   8.5643492e-03   6.2500545e-06   2.2446386e-08   5.2077787e-07  -2.5339100e-02  -3.0732043e-02  -1.3063625e-01  -5.5792390e-04   7.2857438e-04  -2.1771878e-04   6.4206999e-04   9.4445847e-04   1.7065829e-02   3.1127908e-07   5.3082063e-07   4.7401467e-08
   1.0000000e+00  -7.4522853e-02   3.3664404e-03  -4.5628361e-02  -9.0213720e-04  -4.3936841e-04  -7.1895928e-04   5.5536556e-03   1.1332921e-05   2.0819473e-03   8.1385153e-07   1.9304460e-07   5.1690245e-07  -2.6079300e-04   4.7996855e-02   4.6915408e-02   1.5978737e-03  -2.8954723e-04   2.6901300e-06   6.8012989e-08   2.3036981e-03   2.2010555e-03   2.5532004e-06   8.3837598e-08   7.2367994e-12
   1.0000000e+00  -5.9170673e-02  -8.7744577e-03  -5.9140305e-02  -1.3040151e-03  -1.2249971e-03  -2.3805621e-04   3.5011685e-03   7.6991108e-05   3.4975757e-03   1.7004554e-06   1.5006179e-06   5.6670759e-08   1.5352180e-02  -1.2140898e-02  -1.3511944e-02  -4.0187790e-04  -7.8562869e-04   4.8090307e-04   2.3568943e-04   1.4740141e-04   1.8257263e-04   1.6150585e-07   6.1721244e-07   2.3126776e-07
   1.0000000e+00  -1.0666814e-01  -4.7028809e-04  -9.2873522e-02  -4.8554345e-05  -2.3230416e-03  -3.3512199e-04   1.1378092e-02   2.2117089e-07   8.6254911e-03   2.3575244e-09   5.3965223e-06   1.1230675e-07  -4.7497467e-02   8.3041696e-03  -3.3733217e-02   1.2554608e-03  -1.0980445e-03  -9.7065780e-05   2.2560094e-03   6.8959233e-05   1.1379299e-03   1.5761817e-06   1.2057017e-06   9.4217656e-09
   1.0000000e+00  -1.2292331e-01  -9.5425222e-03  -1.4422787e-01  -1.4593800e-03  -2.5547799e-03  -9.9476586e-04   1.5110140e-02   9.1059730e-05   2.0801678e-02   2.1297900e-06   6.5269003e-06   9.8955912e-07  -1.6255170e-02  -9.0722341e-03  -5.1354348e-02  -1.4108257e-03  -2.3173830e-04  -6.5964387e-04   2.6423055e-04   8.2305432e-05   2.6372691e-03   1.9904290e-06   5.3702640e-08   4.3513004e-07
   1.0000000e+00  -1.4471208e-01   1.7870060e-03  -8.0660416e-02  -2.5788165e-04  -2.4756069e-03  -9.5558265e-04   2.0941586e-02   3.1933904e-06   6.5061027e-03   6.6502945e-08   6.1286295e-06   9.1313820e-07  -2.1788770e-02   1.1329528e-02   6.3567454e-02   1.2014983e-03   7.9173000e-05   3.9183210e-05   4.7475050e-04   1.2835821e-04   4.0408212e-03   1.4435983e-06   6.2683639e-09   1.5353239e-09
   1.0000000e+00  -1.5694540e-01  -4.6439460e-03  -1.2726126e-01  -1.7523507e-03  -2.6867901e-03  -1.4738527e-03   2.4631859e-02   2.1566234e-05   1.6195428e-02   3.0707330e-06   7.2188410e-06   2.1722418e-06  -1.2233320e-02  -6.4309520e-03  -4.6600844e-02  -1.4944691e-03  -2.1118320e-04  -5.1827005e-04   1.4965412e-04   4.1357144e-05   2.1716387e-03   2.2334377e-06   4.4598344e-08   2.6860384e-07
   1.0000000e+00  -2.2935019e-01  -2.1665740e-02  -8.0904300e-02  -1.5736336e-03  -1.9586016e-03  -1.7168036e-03   5.2601510e-02   4.6940429e-04   6.5455058e-03   2.4763227e-06   3.8361202e-06   2.9474146e-06  -7.2404790e-02  -1.7021794e-02   4.6356960e-02   1.7871710e-04   7.2818850e-04  -2.4295090e-04   5.2424536e-03   2.8974147e-04   2.1489677e-03   3.1939802e-08   5.3025849e-07   5.9025140e-08
   1.0000000e+00  -1.3842342e-01  -4.5219915e-02  -7.7857944e-02  -1.9458234e-03  -2.3191128e-03  -1.1453415e-03   1.9161043e-02   2.0448407e-03   6.0618594e-03   3.7862287e-06   5.3782842e-06   1.3118072e-06   9.0926770e-02  -2.3554175e-02   3.0463560e-03  -3.7218980e-04  -3.6051120e-04   5.7146210e-04   8.2676775e-03   5.5479916e-04   9.2802849e-06   1.3852525e-07   1.2996833e-07   3.2656893e-07
   1.0000000e+00  -1.5272920e-01  -5.0818307e-02  -7.4604671e-02  -1.3372978e-03  -2.3970467e-03  -1.6508659e-03   2.3326209e-02   2.5825003e-03   5.5658569e-03   1.7883654e-06   5.7458329e-06   2.7253582e-06  -1.4305780e-02  -5.5983920e-03   3.2532730e-03   6.0852560e-04  -7.7933900e-05  -5.0552440e-04   2.0465534e-04   3.1341993e-05   1.0583785e-05   3.7030341e-07   6.0736928e-09   2.5555492e-07
   1.0000000e+00  -1.1608201e-01  -4.5032404e-02  -9.5068889e-02  -2.3116560e-03  -3.4407526e-03  -1.2181098e-03   1.3475033e-02   2.0279174e-03   9.0380937e-03   5.3437535e-06   1.1838778e-05   1.4837915e-06   3.6647190e-02   5.7859030e-03  -2.0464218e-02  -9.7435820e-04  -1.0437059e-03   4.3275610e-04   1.3430165e-03   3.3476674e-05   4.1878422e-04   9.4937390e-07   1.0893220e-06   1.8727784e-07
   1.0000000e+00  -1.5688846e-01  -5.3030783e-02  -3.3569630e-02  -1.5952374e-03  -2.9074943e-03  -1.3190054e-03   2.4613989e-02   2.8122639e-03   1.1269201e-03   2.5447824e-06   8.4535231e-06   1.7397752e-06  -4.0806450e-02  -7.9983790e-03   6.1499259e-02   7.1641860e-04   5.3325830e-04  -1.0089560e-04   1.6651664e-03   6.3974067e-05   3.7821589e-03   5.1325561e-07   2.8436441e-07   1.0179922e-08
   1.0000000e+00  -1.4588651e-01  -7.1808337e-02  -9.7705377e-02  -2.2321466e-03  -3.7221328e-03  -1.2519729e-03   2.1282874e-02   5.1564373e-03   9.5463407e-03   4.9824784e-06   1.3854273e-05   1.5674361e-06   1.1001950e-02  -1.8777554e-02  -6.4135747e-02  -6.3690920e-04  -8.1463850e-04   6.7032500e-05   1.2104290e-04   3.5259653e-04   4.1133940e-03   4.0565333e-07   6.6363589e-07   4.4933561e-09
   1.0000000e+00  -1.8893224e-01  -5.2569181e-02  -4.7391302e-02  -2.3912784e-03  -3.1284950e-03  -1.5244188e-03   3.5695391e-02   2.7635188e-03   2.2459355e-03   5.7182124e-06   9.7874810e-06   2.3238527e-06  -4.3045730e-02   1.9239156e-02   5.0314075e-02  -1.5913180e-04   5.9363780e-04  -2.7244590e-04   1.8529349e-03   3.7014512e-04   2.5315061e-03   2.5322930e-08   3.5240584e-07   7.4226768e-08
   1.0000000e+00  -1.5299505e-01  -7.4256613e-02  -9.1469564e-02  -2.4257028e-03  -3.3215970e-03  -1.5210461e-03   2.3407485e-02   5.5140446e-03   8.3666811e-03   5.8840341e-06   1.1033007e-05   2.3135812e-06   3.5937190e-02  -2.1687432e-02  -4.4078262e-02  -3.4424400e-05  -1.9310200e-04   3.3727000e-06   1.2914816e-03   4.7034471e-04   1.9428932e-03   1.1850393e-09   3.7288382e-08   1.1375105e-11
   1.0000000e+00  -1.6299320e-01  -7.0412219e-02  -7.4315474e-02  -1.4967692e-03  -3.0597895e-03  -1.2430028e-03   2.6566783e-02   4.9578806e-03   5.5227897e-03   2.2403180e-06   9.3623118e-06   1.5450560e-06  -9.9981500e-03   3.8443940e-03   1.7154090e-02   9.2893360e-04   2.6180750e-04   2.7804330e-04   9.9963003e-05   1.4779365e-05   2.9426280e-04   8.6291763e-07   6.8543167e-08   7.7308077e-08
   1.0000000e+00  -1.6309426e-01  -8.4732652e-02  -1.1649730e-01  -1.5355628e-03  -3.3243821e-03  -1.6195771e-03   2.6599738e-02   7.1796223e-03   1.3571621e-02   2.3579531e-06   1.1051516e-05   2.6230300e-06  -1.0106000e-04  -1.4320433e-02  -4.2181826e-02  -3.8793600e-05  -2.6459260e-04  -3.7657430e-04   1.0213124e-08   2.0507480e-04   1.7793064e-03   1.5049434e-09   7.0009244e-08   1.4180820e-07
   1.0000000e+00  -2.2985126e-01  -9.2882810e-02  -1.0199851e-01  -1.3929303e-03  -2.5810050e-03  -1.9619629e-03   5.2831602e-02   8.6272164e-03   1.0403696e-02   1.9402548e-06   6.6615868e-06   3.8492984e-06  -6.6757000e-02  -8.1501580e-03   1.4498790e-02   1.4263250e-04   7.4337710e-04  -3.4238580e-04   4.4564970e-03   6.6425075e-05   2.1021491e-04   2.0344030e-08   5.5260951e-07   1.1722804e-07
   1.0000000e+00  -1.7332968e-01  -9.8266952e-02  -7.9040990e-02  -9.0710711e-04  -3.4863654e-03  -1.5792060e-03   3.0043178e-02   9.6563939e-03   6.2474781e-03   8.2284331e-07   1.2154744e-05   2.4938916e-06   5.6521580e-02  -5.3841420e-03   2.2957520e-02   4.8582319e-04  -9.0536040e-04   3.8275690e-04   3.1946890e-03   2.8988985e-05   5.2704772e-04   2.3602417e-07   8.1967745e-07   1.4650284e-07
   1.0000000e+00  -2.2070983e-01  -6.7304309e-02  -9.4176856e-02  -1.8356494e-03  -3.6067740e-03  -1.4662259e-03   4.8712829e-02   4.5298700e-03   8.8692802e-03   3.3696087e-06   1.3008819e-05   2.1498184e-06  -4.7380150e-02   3.0962643e-02  -1.5135866e-02  -9.2854229e-04  -1.2040860e-04   1.1298010e-04   2.2448786e-03   9.5868526e-04   2.2909444e-04   8.6219078e-07   1.4498231e-08   1.2764503e-08
   1.0000000e+00  -1.9939622e-01  -1.1061080e-01  -6.2400063e-02  -2.3922608e-03  -4.0493045e-03  -1.7370166e-03   3.9758853e-02   1.2234749e-02   3.8937679e-03   5.7229117e-06   1.6396867e-05   3.0172267e-06   2.1313610e-02  -4.3306491e-02   3.1776793e-02  -5.5661140e-04  -4.4253050e-04  -2.7079070e-04   4.5426997e-04   1.8754522e-03   1.0097646e-03   3.0981625e-07   1.9583324e-07   7.3327603e-08
   1.0000000e+00  -2.9828509e-01  -9.7094808e-02  -1.8059027e-01  -2.2201768e-03  -3.4470478e-03  -1.9319169e-03   8.8973995e-02   9.4274017e-03   3.2612846e-02   4.9291850e-06   1.1882139e-05   3.7323029e-06  -9.8888870e-02   1.3515992e-02  -1.1819021e-01   1.7208400e-04   6.0225670e-04  -1.9490030e-04   9.7790086e-03   1.8268204e-04   1.3968925e-02   2.9612903e-08   3.6271313e-07   3.7986127e-08
   1.0000000e+00  -2.2575167e-01  -1.0805982e-01  -5.5286436e-02  -1.7454901e-03  -4.0906694e-03  -1.7241761e-03   5.0963817e-02   1.1676925e-02   3.0565900e-03   3.0467357e-06   1.6733576e-05   2.9727832e-06   7.2533420e-02  -1.0965012e-02   1.2530383e-01   4.7468670e-04  -6.4362160e-04   2.0774080e-04   5.2610970e-03   1.2023149e-04   1.5701051e-02   2.2532746e-07   4.1424876e-07   4.3156240e-08
   1.0000000e+00  -3.3666214e-01  -1.1129697e-01  -2.7212747e-01  -2.3687970e-03  -3.5358299e-03  -2.2208405e-03   1.1334140e-01   1.2387016e-02   7.4053360e-02   5.6111992e-06   1.2502093e-05   4.9321325e-06  -1.1091047e-01  -3.2371500e-03  -2.1684103e-01  -6.2330690e-04   5.5483950e-04  -4.9666440e-04   1.2301132e-02   1.0479140e-05   4.7020034e-02   3.8851149e-07   3.0784687e-07   2.4667553e-07
   1.0000000e+00  -2.9114370e-01  -1.0563318e-01  -2.7478374e-02  -2.8555460e-03  -3.6870702e-03  -2.5133307e-03   8.4764654e-02   1.1158369e-02   7.5506104e-04   8.1541430e-06   1.3594487e-05   6.3168312e-06   4.5518440e-02   5.6637900e-03   2.4464910e-01  -4.8674900e-04  -1.5124030e-04  -2.9249020e-04   2.0719284e-03   3.2078517e-05   5.9853180e-02   2.3692459e-07   2.2873628e-08   8.5550517e-08
   1.0000000e+00  -3.2062769e-01  -1.5186210e-01  -2.0933490e-01  -1.6346699e-03  -3.8830413e-03  -2.6099996e-03   1.0280212e-01   2.3062097e-02   4.3821100e-02   2.6721457e-06   1.5078010e-05   6.8120979e-06  -2.9483990e-02  -4.6228920e-02  -1.8185653e-01   1.2208761e-03  -1.9597110e-04  -9.6668900e-05   8.6930567e-04   2.1371130e-03   3.3071796e-02   1.4905385e-06   3.8404672e-08   9.3448762e-09
   1.0000000e+00  -3.3511496e-01  -1.4694612e-01  -1.5319664e-01  -2.7960702e-03  -4.0472189e-03  -2.4520143e-03   1.1230204e-01   2.1593162e-02   2.3469211e-02   7.8180086e-06   1.6379981e-05   6.0123741e-06  -1.4487270e-02   4.9159800e-03   5.6138260e-02  -1.1614003e-03  -1.6417760e-04   1.5798530e-04   2.0988099e-04   2.4166859e-05   3.1515042e-03   1.3488507e-06   2.6954284e-08   2.4959355e-08
   1.0000000e+00  -2.6419215e-01  -1.5936185e-01  -3.5888959e-02  -2.6206493e-03  -4.3143890e-03  -2.4080140e-03   6.9797492e-02   2.5396199e-02   1.2880174e-03   6.8678028e-06   1.8613952e-05   5.7985314e-06   7.0922810e-02  -1.2415730e-02   1.1730768e-01   1.7542090e-04  -2.6717010e-04   4.4000300e-05   5.0300450e-03   1.5415035e-04   1.3761092e-02   3.0772492e-08   7.1379862e-08   1.9360264e-09
   1.0000000e+00  -3.4539765e-01  -1.6801899e-01  -2.3371890e-01  -3.0223581e-03  -3.9946725e-03  -2.3856462e-03   1.1929954e-01   2.8230381e-02   5.4624524e-02   9.1346485e-06   1.5957408e-05   5.6913078e-06  -8.1205500e-02  -8.6571400e-03  -1.9782994e-01  -4.0170880e-04   3.1971650e-04   2.2367800e-05   6.5943332e-03   7.4946073e-05   3.9136686e-02   1.6136996e-07   1.0221864e-07   5.0031848e-10
   1.0000000e+00  -2.6832369e-01  -1.5828493e-01  -8.2818890e-03  -2.9503077e-03  -4.0533228e-03  -2.0949738e-03   7.1997603e-02   2.5054119e-02   6.8589685e-05   8.7043155e-06   1.6429426e-05   4.3889152e-06   7.7073960e-02   9.7340600e-03   2.2543701e-01   7.2050400e-05  -5.8650300e-05   2.9067240e-04   5.9403953e-03   9.4751924e-05   5.0821846e-02   5.1912601e-09   3.4398577e-09   8.4490444e-08
   1.0000000e+00  -2.7573762e-01  -2.0104538e-01  -2.2915466e-01  -2.2591664e-03  -4.3903010e-03  -2.4541572e-03   7.6031235e-02   4.0419245e-02   5.2511858e-02   5.1038328e-06   1.9274743e-05   6.0228876e-06  -7.4139300e-03  -4.2760450e-02  -2.2087277e-01   6.9114130e-04  -3.3697820e-04  -3.5918340e-04   5.4966358e-05   1.8284561e-03   4.8784781e-02   4.7767630e-07   1.1355431e-07   1.2901271e-07
   1.0000000e+00  -2.7432326e-01  -1.6015736e-01  -1.5561102e-02  -3.2324239e-03  -4.4161384e-03  -2.4272294e-03   7.5253251e-02   2.5650380e-02   2.4214790e-04   1.0448564e-05   1.9502278e-05   5.8914426e-06   1.4143600e-03   4.0888020e-02   2.1359356e-01  -9.7325750e-04  -2.5837400e-05   2.6927800e-05   2.0004142e-06   1.6718302e-03   4.5622208e-02   9.4723016e-07   6.6757124e-10   7.2510641e-10
   1.0000000e+00  -2.5603640e-01  -1.9054360e-01  -1.8252107e-01  -2.1187165e-03  -4.4234404e-03  -2.2176739e-03   6.5554638e-02   3.6306864e-02   3.3313941e-02   4.4889596e-06   1.9566825e-05   4.9180775e-06   1.8286860e-02  -3.0386240e-02  -1.6695997e-01   1.1137074e-03  -7.3020000e-06   2.0955550e-04   3.3440925e-04   9.2332358e-04   2.7875631e-02   1.2403442e-06   5.3319204e-11   4.3913508e-08
   1.0000000e+00  -2.5806267e-01  -1.6243283e-01  -3.9645535e-02  -3.3786151e-03  -4.3036917e-03  -2.1069991e-03   6.6596342e-02   2.6384424e-02   1.5717684e-03   1.1415040e-05   1.8521762e-05   4.4394452e-06  -2.0262700e-03   2.8110770e-02   1.4287553e-01  -1.2598986e-03   1.1974870e-04   1.1067480e-04   4.1057701e-06   7.9021539e-04   2.0413419e-02   1.5873445e-06   1.4339751e-08   1.2248911e-08
   1.0000000e+00  -2.5328165e-01  -1.8517288e-01  -1.4376234e-01  -2.4589417e-03  -4.2088265e-03  -2.5726478e-03   6.4151594e-02   3.4288995e-02   2.0667610e-02   6.0463943e-06   1.7714221e-05   6.6185167e-06   4.7810200e-03  -2.2740050e-02  -1.0411680e-01   9.1967340e-04   9.4865200e-05  -4.6564870e-04   2.2858152e-05   5.1710987e-04   1.0840309e-02   8.4579916e-07   8.9994062e-09   2.1682871e-07
   1.0000000e+00  -2.8449031e-01  -1.6610605e-01  -1.2086871e-01  -2.8707267e-03  -4.0296650e-03  -2.0957746e-03   8.0934736e-02   2.7591220e-02   1.4609245e-02   8.2410718e-06   1.6238200e-05   4.3922712e-06  -3.1208660e-02   1.9066830e-02   2.2893630e-02  -4.1178500e-04   1.7916150e-04   4.7687320e-04   9.7398046e-04   3.6354401e-04   5.2411829e-04   1.6956689e-07   3.2098843e-08   2.2740805e-07
   1.0000000e+00  -2.7474448e-01  -1.8653226e-01  -1.1957161e-01  -1.4212739e-03  -3.8639857e-03  -2.6976604e-03   7.5484529e-02   3.4794284e-02   1.4297370e-02   2.0200195e-06   1.4930385e-05   7.2773716e-06   9.7458300e-03  -2.0426210e-02   1.2971000e-03   1.4494528e-03   1.6567930e-04  -6.0188580e-04   9.4981202e-05   4.1723005e-04   1.6824684e-06   2.1009134e-06   2.7449630e-08   3.6226652e-07
   1.0000000e+00  -3.1363077e-01  -2.0670368e-01  -1.4004207e-01  -1.9382970e-03  -3.8801867e-03  -2.7123190e-03   9.8364260e-02   4.2726411e-02   1.9611781e-02   3.7569953e-06   1.5055849e-05   7.3566744e-06  -3.8886290e-02  -2.0171420e-02  -2.0470460e-02  -5.1702310e-04  -1.6201000e-05  -1.4658600e-05   1.5121435e-03   4.0688618e-04   4.1903973e-04   2.6731289e-07   2.6247240e-10   2.1487455e-10
   1.0000000e+00  -2.5359636e-01  -2.0586779e-01  -1.1457270e-01  -2.4484369e-03  -4.2983331e-03  -2.3882791e-03   6.4311114e-02   4.2381547e-02   1.3126904e-02   5.9948433e-06   1.8475667e-05   5.7038771e-06   6.0034410e-02   8.3589000e-04   2.5469370e-02  -5.1013990e-04  -4.1814640e-04   3.2403990e-04   3.6041304e-03   6.9871209e-07   6.4868881e-04   2.6024272e-07   1.7484641e-07   1.0500186e-07
   1.0000000e+00  -2.8348770e-01  -2.1535356e-01  -1.2901101e-01  -2.3744716e-03  -4.4219899e-03  -2.0803624e-03   8.0365276e-02   4.6377156e-02   1.6643841e-02   5.6381154e-06   1.9553995e-05   4.3279077e-06  -2.9891340e-02  -9.4857700e-03  -1.4438310e-02   7.3965300e-05  -1.2365680e-04   3.0791670e-04   8.9349221e-04   8.9979832e-05   2.0846480e-04   5.4708656e-09   1.5291004e-08   9.4812694e-08
   1.0000000e+00  -2.8063048e-01  -2.3569999e-01  -1.4011436e-01  -2.1753219e-03  -4.6696874e-03  -2.4750937e-03   7.8753466e-02   5.5554485e-02   1.9632034e-02   4.7320254e-06   2.1805980e-05   6.1260888e-06   2.8572200e-03  -2.0346430e-02  -1.1103350e-02   1.9914970e-04  -2.4769750e-04  -3.9473130e-04   8.1637061e-06   4.1397721e-04   1.2328438e-04   3.9660603e-08   6.1354052e-08   1.5581280e-07
   1.0000000e+00  -3.2415451e-01  -2.2014407e-01  -1.2357390e-01  -2.6626676e-03  -4.1732399e-03  -2.5344541e-03   1.0507615e-01   4.8463412e-02   1.5270509e-02   7.0897987e-06   1.7415931e-05   6.4234576e-06  -4.3524030e-02   1.5555920e-02   1.6540460e-02  -4.8734570e-04   4.9644750e-04  -5.9360400e-05   1.8943412e-03   2.4198665e-04   2.7358682e-04   2.3750583e-07   2.4646012e-07   3.5236571e-09
   1.0000000e+00  -2.8060821e-01  -2.4785205e-01  -8.1739586e-02  -1.7628686e-03  -4.5735271e-03  -2.5802868e-03   7.8740968e-02   6.1430639e-02   6.6813599e-03   3.1077057e-06   2.0917150e-05   6.6578800e-06   4.3546300e-02  -2.7707980e-02   4.1834314e-02   8.9979900e-04  -4.0028720e-04  -4.5832700e-05   1.8962802e-03   7.6773216e-04   1.7501098e-03   8.0963824e-07   1.6022984e-07   2.1006364e-09
   1.0000000e+00  -3.4829550e-01  -2.4486901e-01  -1.3452652e-01  -2.9185700e-03  -4.1827336e-03  -2.6710659e-03   1.2130976e-01   5.9960832e-02   1.8097385e-02   8.5180508e-06   1.7495260e-05   7.1345930e-06  -6.7687290e-02   2.9830400e-03  -5.2786934e-02  -1.1557014e-03   3.9079350e-04  -9.0779100e-05   4.5815692e-03   8.8985276e-06   2.7864604e-03   1.3356457e-06   1.5271956e-07   8.2408450e-09
   1.0000000e+00  -2.8239303e-01  -2.4801459e-01   1.5558605e-02  -2.2939341e-03  -4.4503209e-03  -2.4281626e-03   7.9745823e-02   6.1511237e-02   2.4207019e-04   5.2621337e-06   1.9805356e-05   5.8959736e-06   6.5902470e-02  -3.1455800e-03   1.5008513e-01   6.2463590e-04  -2.6758730e-04   2.4290330e-04   4.3431356e-03   9.8946735e-06   2.2525545e-02   3.9017001e-07   7.1602963e-08   5.9002013e-08
   1.0000000e+00  -3.7607766e-01  -2.9134557e-01  -1.6475947e-01  -3.2131099e-03  -4.1943005e-03  -2.8424477e-03   1.4143441e-01   8.4882241e-02   2.7145683e-02   1.0324075e-05   1.7592157e-05   8.0795089e-06  -9.3684630e-02  -4.3330980e-02  -1.8031807e-01  -9.1917580e-04   2.5602040e-04  -4.1428510e-04   8.7768099e-03   1.8775738e-03   3.2514608e-02   8.4488415e-07   6.5546445e-08   1.7163214e-07
   1.0000000e+00  -3.3901288e-01  -2.8800322e-01   5.5340824e-03  -3.0216089e-03  -4.2364112e-03  -2.9928859e-03   1.1492973e-01   8.2945855e-02   3.0626068e-05   9.1301203e-06   1.7947180e-05   8.9573660e-06   3.7064780e-02   3.3423500e-03   1.7029355e-01   1.9150100e-04  -4.2110700e-05  -1.5043820e-04   1.3737979e-03   1.1171304e-05   2.8999894e-02   3.6672633e-08   1.7733111e-09   2.2631652e-08
   1.0000000e+00  -4.1087090e-01  -2.5994872e-01  -1.8309536e-01  -2.8443235e-03  -4.0175897e-03  -3.6586498e-03   1.6881490e-01   6.7573337e-02   3.3523911e-02   8.0901762e-06   1.6141027e-05   1.3385718e-05  -7.1858020e-02   2.8054500e-02  -1.8862944e-01   1.7728540e-04   2.1882150e-04  -6.6576390e-04   5.1635750e-03   7.8705497e-04   3.5581067e-02   3.1430113e-08   4.7882849e-08   4.4324157e-07
   1.0000000e+00  -3.3282147e-01  -2.8154402e-01  -1.5723563e-02  -2.7138147e-03  -4.3491490e-03  -2.8381396e-03   1.1077013e-01   7.9267035e-02   2.4723043e-04   7.3647902e-06   1.8915097e-05   8.0550364e-06   7.8049430e-02  -2.1595300e-02   1.6737180e-01   1.3050880e-04  -3.3155930e-04   8.2051020e-04   6.0917135e-03   4.6635698e-04   2.8013318e-02   1.7032547e-08   1.0993157e-07   6.7323699e-07
   1.0000000e+00  -4.2572702e-01  -3.0899703e-01  -1.9582098e-01  -2.2050871e-03  -3.7532459e-03  -3.8035402e-03   1.8124350e-01   9.5479165e-02   3.8345856e-02   4.8624091e-06   1.4086855e-05   1.4466918e-05  -9.2905550e-02  -2.7453010e-02  -1.8009742e-01   5.0872760e-04   5.9590310e-04  -9.6540060e-04   8.6314412e-03   7.5366776e-04   3.2435080e-02   2.5880377e-07   3.5510050e-07   9.3199832e-07
   1.0000000e+00  -3.1801304e-01  -2.8272981e-01  -6.6453774e-03  -2.5891251e-03  -4.5887766e-03  -2.4750315e-03   1.0113229e-01   7.9936145e-02   4.4161041e-05   6.7035688e-06   2.1056871e-05   6.1257809e-06   1.0771398e-01   2.6267220e-02   1.8917560e-01  -3.8403800e-04  -8.3553070e-04   1.3285087e-03   1.1602301e-02   6.8996685e-04   3.5787409e-02   1.4748519e-07   6.9811155e-07   1.7649354e-06
   1.0000000e+00  -3.5381086e-01  -2.8969780e-01  -1.6759968e-01  -2.2636945e-03  -4.5948380e-03  -2.5151700e-03   1.2518212e-01   8.3924815e-02   2.8089653e-02   5.1243128e-06   2.1112536e-05   6.3260801e-06  -3.5797820e-02  -6.9679900e-03  -1.6095430e-01   3.2543060e-04  -6.0614000e-06  -4.0138500e-05   1.2814839e-03   4.8552885e-05   2.5906288e-02   1.0590508e-07   3.6740570e-11   1.6110992e-09
   1.0000000e+00  -3.4236541e-01  -2.7342808e-01  -9.2673164e-02  -3.0798050e-03  -4.2599725e-03  -2.5452623e-03   1.1721407e-01   7.4762915e-02   8.5883153e-03   9.4851988e-06   1.8147366e-05   6.4783602e-06   1.1445450e-02   1.6269720e-02   7.4926516e-02  -8.1611050e-04   3.3486550e-04  -3.0092300e-05   1.3099833e-04   2.6470379e-04   5.6139828e-03   6.6603635e-07   1.1213490e-07   9.0554652e-10
   1.0000000e+00  -4.1461601e-01  -2.8954134e-01  -2.3951344e-01  -1.9177391e-03  -3.8295309e-03  -3.1722608e-03   1.7190644e-01   8.3834188e-02   5.7366688e-02   3.6777233e-06   1.4665307e-05   1.0063239e-05  -7.2250600e-02  -1.6113260e-02  -1.4684028e-01   1.1620659e-03   4.3044160e-04  -6.2699850e-04   5.2201492e-03   2.5963715e-04   2.1562067e-02   1.3503972e-06   1.8527997e-07   3.9312712e-07
   1.0000000e+00  -3.5109193e-01  -2.7468978e-01  -1.0562826e-01  -2.2689776e-03  -4.5110290e-03  -2.7571749e-03   1.2326554e-01   7.5454475e-02   1.1157329e-02   5.1482593e-06   2.0349383e-05   7.6020134e-06   6.3524080e-02   1.4851560e-02   1.3388518e-01  -3.5123850e-04  -6.8149810e-04   4.1508590e-04   4.0353087e-03   2.2056883e-04   1.7925241e-02   1.2336848e-07   4.6443966e-07   1.7229630e-07
   1.0000000e+00  -3.9011093e-01  -2.8518345e-01  -1.9443401e-01  -1.5735092e-03  -3.9839203e-03  -3.1373366e-03   1.5218654e-01   8.1329600e-02   3.7804584e-02   2.4759312e-06   1.5871621e-05   9.8428809e-06  -3.9019000e-02  -1.0493670e-02  -8.8805750e-02   6.9546840e-04   5.2710870e-04  -3.8016170e-04   1.5224824e-03   1.1011711e-04   7.8864612e-03   4.8367630e-07   2.7784358e-07   1.4452292e-07
   1.0000000e+00  -3.6922814e-01  -3.1497757e-01  -1.0532854e-01  -1.8170611e-03  -4.1129376e-03  -3.3208293e-03   1.3632942e-01   9.9210870e-02   1.1094101e-02   3.3017110e-06   1.6916256e-05   1.1027907e-05   2.0882790e-02  -2.9794120e-02   8.9105470e-02  -2.4355190e-04  -1.2901730e-04  -1.8349270e-04   4.3609092e-04   8.8768959e-04   7.9397848e-03   5.9317528e-08   1.6645464e-08   3.3669571e-08
   1.0000000e+00  -4.2328744e-01  -3.3176065e-01  -2.2093771e-01  -1.2466042e-03  -3.9260275e-03  -3.5003617e-03   1.7917226e-01   1.1006513e-01   4.8813472e-02   1.5540220e-06   1.5413692e-05   1.2252532e-05  -5.4059300e-02  -1.6783080e-02  -1.1560917e-01   5.7045690e-04   1.8691010e-04  -1.7953240e-04   2.9224079e-03   2.8167177e-04   1.3365480e-02   3.2542107e-07   3.4935385e-08   3.2231883e-08
   1.0000000e+00  -3.6301211e-01  -3.1710854e-01  -6.1485318e-02  -2.0385258e-03  -4.5001004e-03  -2.9410703e-03   1.3177779e-01   1.0055783e-01   3.7804443e-03   4.1555874e-06   2.0250904e-05   8.6498945e-06   6.0275330e-02   1.4652110e-02   1.5945239e-01  -7.9192160e-04  -5.7407290e-04   5.5929140e-04   3.6331154e-03   2.1468433e-04   2.5425065e-02   6.2713982e-07   3.2955969e-07   3.1280687e-07
   1.0000000e+00  -4.0614065e-01  -3.4626606e-01  -2.7305367e-01  -1.6471362e-03  -4.4032253e-03  -3.1792326e-03   1.6495023e-01   1.1990018e-01   7.4558307e-02   2.7130577e-06   1.9388393e-05   1.0107520e-05  -4.3128540e-02  -2.9157520e-02  -2.1156835e-01   3.9138960e-04   9.6875100e-05  -2.3816230e-04   1.8600710e-03   8.5016097e-04   4.4761168e-02   1.5318582e-07   9.3847850e-09   5.6721281e-08
   1.0000000e+00  -3.4602466e-01  -3.3167283e-01  -3.0153042e-03  -2.2659224e-03  -4.7954422e-03  -2.6397791e-03   1.1973307e-01   1.1000687e-01   9.0920594e-06   5.1344043e-06   2.2996266e-05   6.9684337e-06   6.0115990e-02   1.4593230e-02   2.7003837e-01  -6.1878620e-04  -3.9221690e-04   5.3945350e-04   3.6139323e-03   2.1296236e-04   7.2920719e-02   3.8289636e-07   1.5383410e-07   2.9101008e-07
   1.0000000e+00  -3.9581191e-01  -3.5070038e-01  -3.3149040e-01  -2.2721832e-03  -4.7916363e-03  -2.9573124e-03   1.5666707e-01   1.2299076e-01   1.0988589e-01   5.1628165e-06   2.2959778e-05   8.7456966e-06  -4.9787250e-02  -1.9027550e-02  -3.2847510e-01  -6.2608000e-06   3.8059000e-06  -3.1753330e-04   2.4787703e-03   3.6204766e-04   1.0789589e-01   3.9197617e-11   1.4484875e-11   1.0082740e-07
   1.0000000e+00  -3.4857247e-01  -3.7065861e-01  -4.8935525e-02  -2.3926624e-03  -5.0952356e-03  -2.4517725e-03   1.2150277e-01   1.3738781e-01   2.3946856e-03   5.7248334e-06   2.5961426e-05   6.0111884e-06   4.7239440e-02  -1.9958230e-02   2.8255488e-01  -1.2047920e-04  -3.0359930e-04   5.0553990e-04   2.2315647e-03   3.9833094e-04   7.9837257e-02   1.4515238e-08   9.2172535e-08   2.5557059e-07
   1.0000000e+00  -3.8192636e-01  -4.1353384e-01  -3.1762878e-01  -1.8523051e-03  -5.0691457e-03  -2.7211136e-03   1.4586774e-01   1.7101024e-01   1.0088804e-01   3.4310342e-06   2.5696238e-05   7.4044592e-06  -3.3353890e-02  -4.2875230e-02  -2.6869326e-01   5.4035730e-04   2.6089900e-05  -2.6934110e-04   1.1124820e-03   1.8382853e-03   7.2196065e-02   2.9198601e-07   6.8068288e-10   7.2544628e-08
   1.0000000e+00  -3.4789364e-01  -3.5045437e-01  -4.3006631e-02  -3.1883925e-03  -5.3513345e-03  -2.3640184e-03   1.2102998e-01   1.2281827e-01   1.8495703e-03   1.0165847e-05   2.8636781e-05   5.5885830e-06   3.4032720e-02   6.3079470e-02   2.7462215e-01  -1.3360874e-03  -2.8218880e-04   3.5709520e-04   1.1582260e-03   3.9790195e-03   7.5417325e-02   1.7851295e-06   7.9630519e-08   1.2751698e-07
   1.0000000e+00  -3.7441877e-01  -3.9704363e-01  -2.8387554e-01  -1.7164749e-03  -5.1427766e-03  -2.9650701e-03   1.4018942e-01   1.5764364e-01   8.0585322e-02   2.9462861e-06   2.6448151e-05   8.7916407e-06  -2.6525130e-02  -4.6589260e-02  -2.4086891e-01   1.4719176e-03   2.0855790e-04  -6.0105170e-04   7.0358252e-04   2.1705591e-03   5.8017831e-02   2.1665414e-06   4.3496398e-08   3.6126315e-07
   1.0000000e+00  -3.6785507e-01  -3.6573396e-01  -1.1483045e-01  -2.6284682e-03  -5.0443821e-03  -2.8955099e-03   1.3531735e-01   1.3376133e-01   1.3186032e-02   6.9088451e-06   2.5445791e-05   8.3839776e-06   6.5637000e-03   3.1309670e-02   1.6904509e-01  -9.1199330e-04   9.8394500e-05   6.9560200e-05   4.3082158e-05   9.8029544e-04   2.8576242e-02   8.3173178e-07   9.6814776e-09   4.8386214e-09
   1.0000000e+00  -3.4387942e-01  -4.0028797e-01  -1.8459014e-01  -2.1868122e-03  -4.6544761e-03  -2.8549733e-03   1.1825306e-01   1.6023046e-01   3.4073520e-02   4.7821476e-06   2.1664148e-05   8.1508725e-06   2.3975650e-02  -3.4554010e-02  -6.9759690e-02   4.4165600e-04   3.8990600e-04   4.0536600e-05   5.7483179e-04   1.1939796e-03   4.8664143e-03   1.9506002e-07   1.5202669e-07   1.6432159e-09
   1.0000000e+00  -4.0641680e-01  -4.1806377e-01  -1.6609052e-01  -2.0280072e-03  -3.9437632e-03  -3.4356356e-03   1.6517462e-01   1.7477732e-01   2.7586061e-02   4.1128132e-06   1.5553268e-05   1.1803592e-05  -6.2537380e-02  -1.7775800e-02   1.8499620e-02   1.5880500e-04   7.1071290e-04  -5.8066230e-04   3.9109239e-03   3.1597907e-04   3.4223594e-04   2.5219028e-08   5.0511283e-07   3.3716871e-07
   1.0000000e+00  -3.2489973e-01  -4.2388333e-01  -1.3576945e-01  -1.7645325e-03  -3.1961417e-03  -2.6003815e-03   1.0555983e-01   1.7967708e-01   1.8433344e-02   3.1135749e-06   1.0215322e-05   6.7619839e-06   8.1517070e-02  -5.8195600e-03   3.0321070e-02   2.6347470e-04   7.4762150e-04   8.3525410e-04   6.6450327e-03   3.3867279e-05   9.1936729e-04   6.9418918e-08   5.5893791e-07   6.9764941e-07
   1.0000000e+00  -3.1251750e-01  -4.3694955e-01  -1.4643925e-01  -1.4525322e-03  -2.8502808e-03  -2.6950890e-03   9.7667188e-02   1.9092491e-01   2.1444454e-02   2.1098498e-06   8.1241006e-06   7.2635047e-06   1.2382230e-02  -1.3066220e-02  -1.0669800e-02   3.1200030e-04   3.4586090e-04  -9.4707500e-05   1.5331962e-04   1.7072611e-04   1.1384463e-04   9.7344187e-08   1.1961976e-07   8.9695106e-09
   1.0000000e+00  -2.8475546e-01  -4.2555451e-01  -1.2205287e-01  -8.2946054e-04  -2.5667606e-03  -2.6395726e-03   8.1085672e-02   1.8109664e-01   1.4896903e-02   6.8800479e-07   6.5882600e-06   6.9673435e-06   2.7762040e-02   1.1395040e-02   2.4386380e-02   6.2307166e-04   2.8352020e-04   5.5516400e-05   7.7073086e-04   1.2984694e-04   5.9469553e-04   3.8821829e-07   8.0383704e-08   3.0820707e-09
   1.0000000e+00  -2.7556620e-01  -4.2802533e-01  -7.3729359e-02  -2.0742848e-03  -2.8143235e-03  -2.4500640e-03   7.5936731e-02   1.8320568e-01   5.4360184e-03   4.3026574e-06   7.9204168e-06   6.0028136e-06   9.1892600e-03  -2.4708200e-03   4.8323511e-02  -1.2448243e-03  -2.4756290e-04   1.8950860e-04   8.4442499e-05   6.1049515e-06   2.3351617e-03   1.5495874e-06   6.1287389e-08   3.5913509e-08
   1.0000000e+00  -2.6411734e-01  -4.6468742e-01  -5.4715185e-02  -1.4724379e-03  -2.5699819e-03  -2.3153616e-03   6.9757969e-02   2.1593440e-01   2.9937515e-03   2.1680734e-06   6.6048070e-06   5.3608993e-06   1.1448860e-02  -3.6662090e-02   1.9014174e-02   6.0184690e-04   2.4434160e-04   1.3470240e-04   1.3107640e-04   1.3441088e-03   3.6153881e-04   3.6221969e-07   5.9702817e-08   1.8144737e-08
   1.0000000e+00  -3.0308873e-01  -4.7791562e-01  -2.4929525e-02  -2.6565226e-03  -2.9388085e-03  -2.8896029e-03   9.1862778e-02   2.2840334e-01   6.2148122e-04   7.0571123e-06   8.6365954e-06   8.3498049e-06  -3.8971390e-02  -1.3228200e-02   2.9785660e-02  -1.1840847e-03  -3.6882660e-04  -5.7424130e-04   1.5187692e-03   1.7498528e-04   8.8718554e-04   1.4020566e-06   1.3603306e-07   3.2975307e-07
   1.0000000e+00  -2.8474388e-01  -4.6359496e-01  -4.7612055e-02  -1.3918849e-03  -4.0923026e-03  -2.6600267e-03   8.1079077e-02   2.1492029e-01   2.2669078e-03   1.9373436e-06   1.6746941e-05   7.0757420e-06   1.8344850e-02   1.4320660e-02  -2.2682530e-02   1.2646377e-03  -1.1534941e-03   2.2957620e-04   3.3653352e-04   2.0508130e-04   5.1449717e-04   1.5993085e-06   1.3305486e-06   5.2705232e-08
   1.0000000e+00  -3.3117925e-01  -4.8126720e-01  -1.9982436e-01  -2.9991188e-03  -4.3279212e-03  -2.5352936e-03   1.0967970e-01   2.3161812e-01   3.9929775e-02   8.9947136e-06   1.8730902e-05   6.4277136e-06  -4.6435370e-02  -1.7672240e-02  -1.5221230e-01  -1.6072339e-03  -2.3561860e-04   1.2473310e-04   2.1562436e-03   3.1230807e-04   2.3168586e-02   2.5832008e-06   5.5516125e-08   1.5558346e-08
   1.0000000e+00  -3.6176589e-01  -4.6574338e-01  -1.4422875e-01  -1.4155880e-03  -4.4543996e-03  -2.7759763e-03   1.3087456e-01   2.1691690e-01   2.0801932e-02   2.0038894e-06   1.9841676e-05   7.7060444e-06  -3.0586640e-02   1.5523820e-02   5.5595610e-02   1.5835308e-03  -1.2647840e-04  -2.4068270e-04   9.3554255e-04   2.4098899e-04   3.0908719e-03   2.5075698e-06   1.5996786e-08   5.7928162e-08
   1.0000000e+00  -3.2444624e-01  -4.4397060e-01  -1.5145877e-01  -1.3440771e-03  -4.8804738e-03  -2.4711252e-03   1.0526536e-01   1.9710989e-01   2.2939759e-02   1.8065433e-06   2.3819025e-05   6.1064598e-06   3.7319650e-02   2.1772780e-02  -7.2300200e-03   7.1510900e-05  -4.2607420e-04   3.0485110e-04   1.3927563e-03   4.7405395e-04   5.2273189e-05   5.1138088e-09   1.8153922e-07   9.2934193e-08
   1.0000000e+00  -3.6187340e-01  -4.6851083e-01  -1.8201433e-01  -1.3111755e-03  -4.6401851e-03  -2.5385503e-03   1.3095236e-01   2.1950240e-01   3.3129216e-02   1.7191812e-06   2.1531318e-05   6.4442376e-06  -3.7427160e-02  -2.4540230e-02  -3.0555560e-02   3.2901600e-05   2.4028870e-04  -6.7425100e-05   1.4007923e-03   6.0222289e-04   9.3364225e-04   1.0825153e-09   5.7738659e-08   4.5461441e-09
   1.0000000e+00  -3.0725825e-01  -4.6886698e-01  -7.1546023e-02  -1.7653592e-03  -4.8011103e-03  -2.2863625e-03   9.4407632e-02   2.1983624e-01   5.1188334e-03   3.1164931e-06   2.3050660e-05   5.2274535e-06   5.4615150e-02  -3.5615000e-04   1.1046831e-01  -4.5418370e-04  -1.6092520e-04   2.5218780e-04   2.9828146e-03   1.2684282e-07   1.2203247e-02   2.0628283e-07   2.5896920e-08   6.3598686e-08
   1.0000000e+00  -3.0608114e-01  -4.8893354e-01  -1.6788381e-01  -4.8233847e-04  -4.4167749e-03  -2.3325375e-03   9.3685664e-02   2.3905601e-01   2.8184974e-02   2.3265040e-07   1.9507901e-05   5.4407312e-06   1.1771100e-03  -2.0066560e-02  -9.6337787e-02   1.2830207e-03   3.8433540e-04  -4.6175000e-05   1.3855880e-06   4.0266683e-04   9.2809692e-03   1.6461422e-06   1.4771370e-07   2.1321306e-09
   1.0000000e+00  -3.4478504e-01  -5.1886395e-01  -1.2724517e-01  -1.2620115e-03  -3.9665394e-03  -3.1086919e-03   1.1887672e-01   2.6921980e-01   1.6191333e-02   1.5926730e-06   1.5733435e-05   9.6639653e-06  -3.8703900e-02  -2.9930410e-02   4.0638640e-02  -7.7967303e-04   4.5023550e-04  -7.7615440e-04   1.4979919e-03   8.9582944e-04   1.6514991e-03   6.0789003e-07   2.0271201e-07   6.0241565e-07
   1.0000000e+00  -3.5268564e-01  -4.7539525e-01  -2.1741542e-01  -3.1140047e-05  -4.3793830e-03  -2.9271822e-03   1.2438716e-01   2.2600064e-01   4.7269465e-02   9.6970253e-10   1.9178995e-05   8.5683956e-06  -7.9006000e-03   4.3468700e-02  -9.0170250e-02   1.2308715e-03  -4.1284360e-04   1.8150970e-04   6.2419480e-05   1.8895279e-03   8.1306740e-03   1.5150445e-06   1.7043984e-07   3.2945771e-08
   1.0000000e+00  -3.0457522e-01  -4.7973437e-01  -1.6209131e-01  -1.0503707e-03  -5.1073854e-03  -1.9521931e-03   9.2766065e-02   2.3014507e-01   2.6273593e-02   1.1032786e-06   2.6085386e-05   3.8110579e-06   4.8110420e-02  -4.3391200e-03   5.5324110e-02  -1.0192307e-03  -7.2800240e-04   9.7498910e-04   2.3146125e-03   1.8827962e-05   3.0607571e-03   1.0388311e-06   5.2998749e-07   9.5060375e-07
   1.0000000e+00  -3.3645337e-01  -4.9959144e-01  -2.3266896e-01   3.1976460e-04  -4.7717842e-03  -2.2305841e-03   1.1320087e-01   2.4959161e-01   5.4134845e-02   1.0224940e-07   2.2769924e-05   4.9755054e-06  -3.1878150e-02  -1.9857070e-02  -7.0577650e-02   1.3701353e-03   3.3560120e-04  -2.7839100e-04   1.0162164e-03   3.9430323e-04   4.9812047e-03   1.8772707e-06   1.1262817e-07   7.7501549e-08
   1.0000000e+00  -3.1143230e-01  -5.0134837e-01  -1.4234253e-01  -4.5964530e-04  -5.1098254e-03  -2.0421283e-03   9.6990077e-02   2.5135019e-01   2.0261396e-02   2.1127380e-07   2.6110316e-05   4.1702880e-06   2.5021070e-02  -1.7569300e-03   9.0326430e-02  -7.7940990e-04  -3.3804120e-04   1.8845580e-04   6.2605394e-04   3.0868030e-06   8.1588640e-03   6.0747979e-07   1.1427185e-07   3.5515589e-08
   1.0000000e+00  -3.4948376e-01  -5.1586682e-01  -1.9548023e-01  -7.3116604e-04  -4.8983609e-03  -2.3542212e-03   1.2213890e-01   2.6611858e-01   3.8212520e-02   5.3460378e-07   2.3993940e-05   5.5423575e-06  -3.8051460e-02  -1.4518450e-02  -5.3137700e-02  -2.7152074e-04   2.1146450e-04  -3.1209290e-04   1.4479136e-03   2.1078539e-04   2.8236152e-03   7.3723512e-08   4.4717235e-08   9.7401978e-08
   1.0000000e+00  -3.1234888e-01  -5.1267236e-01  -6.0378737e-02  -1.0685426e-03  -5.1474936e-03  -2.2046388e-03   9.7561823e-02   2.6283295e-01   3.6455919e-03   1.1417833e-06   2.6496690e-05   4.8604322e-06   3.7134880e-02   3.1944600e-03   1.3510149e-01  -3.3737656e-04  -2.4913270e-04   1.4958240e-04   1.3789993e-03   1.0204575e-05   1.8252413e-02   1.1382294e-07   6.2067102e-08   2.2374894e-08
   1.0000000e+00  -3.6672136e-01  -5.2982208e-01  -2.6072426e-01  -7.7084381e-04  -4.7684022e-03  -2.6638193e-03   1.3448456e-01   2.8071144e-01   6.7977140e-02   5.9420018e-07   2.2737660e-05   7.0959333e-06  -5.4372480e-02  -1.7149720e-02  -2.0034552e-01   2.9769879e-04   3.7909140e-04  -4.5918050e-04   2.9563666e-03   2.9411290e-04   4.0138329e-02   8.8624570e-08   1.4371029e-07   2.1084673e-07
   1.0000000e+00  -3.2215471e-01  -5.0290949e-01  -4.2545995e-02  -8.6486931e-04  -4.8569524e-03  -2.1982839e-03   1.0378366e-01   2.5291796e-01   1.8101617e-03   7.4799892e-07   2.3589987e-05   4.8324521e-06   4.4566650e-02   2.6912590e-02   2.1817826e-01  -9.4025500e-05  -8.8550200e-05   4.6553540e-04   1.9861863e-03   7.2428750e-04   4.7601755e-02   8.8407947e-09   7.8411379e-09   2.1672321e-07
   1.0000000e+00  -3.7532226e-01  -5.2081926e-01  -3.1768980e-01  -3.3045127e-04  -4.8492437e-03  -2.8893176e-03   1.4086680e-01   2.7125270e-01   1.0092681e-01   1.0919804e-07   2.3515164e-05   8.3481562e-06  -5.3167550e-02  -1.7909770e-02  -2.7514381e-01   5.3441804e-04   7.7087000e-06  -6.9103370e-04   2.8267884e-03   3.2075986e-04   7.5704113e-02   2.8560264e-07   5.9424056e-11   4.7752757e-07
   1.0000000e+00  -3.5558416e-01  -4.9820769e-01  -4.3420083e-02  -1.6464858e-03  -4.3601483e-03  -2.9954134e-03   1.2644009e-01   2.4821090e-01   1.8853036e-03   2.7109155e-06   1.9010893e-05   8.9725014e-06   1.9738100e-02   2.2611570e-02   2.7426972e-01  -1.3160345e-03   4.8909540e-04  -1.0609580e-04   3.8959259e-04   5.1128310e-04   7.5223878e-02   1.7319469e-06   2.3921431e-07   1.1256319e-08
   1.0000000e+00  -4.2331293e-01  -5.5752838e-01  -2.9944179e-01  -1.2430159e-03  -4.0424199e-03  -3.9418565e-03   1.7919384e-01   3.1083789e-01   8.9665386e-02   1.5450885e-06   1.6341159e-05   1.5538233e-05  -6.7728770e-02  -5.9320690e-02  -2.5602171e-01   4.0346990e-04   3.1772840e-04  -9.4644310e-04   4.5871863e-03   3.5189443e-03   6.5547114e-02   1.6278796e-07   1.0095134e-07   8.9575454e-07
   1.0000000e+00  -3.3883087e-01  -5.2195415e-01  -1.1763087e-01  -2.1630830e-03  -5.1581713e-03  -2.1368865e-03   1.1480636e-01   2.7243613e-01   1.3837022e-02   4.6789281e-06   2.6606731e-05   4.5662839e-06   8.4482060e-02   3.5574230e-02   1.8181092e-01  -9.2006710e-04  -1.1157514e-03   1.8049700e-03   7.1372185e-03   1.2655258e-03   3.3055211e-02   8.4652347e-07   1.2449012e-06   3.2579167e-06
   1.0000000e+00  -3.4596995e-01  -5.5344003e-01  -2.3636770e-01  -1.2641714e-03  -5.2026823e-03  -2.7345306e-03   1.1969521e-01   3.0629587e-01   5.5869690e-02   1.5981293e-06   2.7067903e-05   7.4776576e-06  -7.1390800e-03  -3.1485880e-02  -1.1873683e-01   8.9891160e-04  -4.4511000e-05  -5.9764410e-04   5.0966463e-05   9.9136064e-04   1.4098435e-02   8.0804206e-07   1.9812291e-09   3.5717847e-07
   1.0000000e+00  -3.6422357e-01  -5.3323329e-01  -1.6766312e-01  -2.2453814e-03  -4.9368811e-03  -2.2580170e-03   1.3265881e-01   2.8433774e-01   2.8110922e-02   5.0417376e-06   2.4372795e-05   5.0986408e-06  -1.8253620e-02   2.0206740e-02   6.8704580e-02  -9.8121000e-04   2.6580120e-04   4.7651360e-04   3.3319464e-04   4.0831234e-04   4.7203193e-03   9.6277306e-07   7.0650278e-08   2.2706521e-07
   1.0000000e+00  -3.3810212e-01  -5.7953480e-01  -2.0915168e-01  -6.6883971e-05  -4.7961537e-03  -2.4332803e-03   1.1431304e-01   3.3586058e-01   4.3744425e-02   4.4734656e-09   2.3003090e-05   5.9208530e-06   2.6121450e-02  -4.6301510e-02  -4.1488560e-02   2.1784974e-03   1.4072740e-04  -1.7526330e-04   6.8233015e-04   2.1438298e-03   1.7213006e-03   4.7458510e-06   1.9804201e-08   3.0717224e-08
   1.0000000e+00  -3.8502549e-01  -5.6058761e-01  -2.2495236e-01  -2.3649363e-03  -4.8063918e-03  -2.6970480e-03   1.4824463e-01   3.1425847e-01   5.0603564e-02   5.5929237e-06   2.3101402e-05   7.2740679e-06  -4.6923370e-02   1.8947190e-02  -1.5800680e-02  -2.2980523e-03  -1.0238100e-05  -2.6376770e-04   2.2018027e-03   3.5899601e-04   2.4966149e-04   5.2810445e-06   1.0481869e-10   6.9573400e-08
   1.0000000e+00  -3.4386547e-01  -5.6634232e-01  -1.2435819e-01  -7.2065080e-04  -4.6661416e-03  -2.4580764e-03   1.1824346e-01   3.2074362e-01   1.5464959e-02   5.1933758e-07   2.1772877e-05   6.0421396e-06   4.1160020e-02  -5.7547100e-03   1.0059417e-01   1.6442855e-03   1.4025020e-04   2.3897160e-04   1.6941472e-03   3.3116687e-05   1.0119187e-02   2.7036748e-06   1.9670119e-08   5.7107426e-08
   1.0000000e+00  -4.1023471e-01  -6.0541536e-01  -2.1550258e-01  -2.3854797e-03  -4.9010378e-03  -2.8575793e-03   1.6829252e-01   3.6652776e-01   4.6441362e-02   5.6905134e-06   2.4020172e-05   8.1657595e-06  -6.6369240e-02  -3.9073040e-02  -9.1144390e-02  -1.6648289e-03  -2.3489620e-04  -3.9950290e-04   4.4048760e-03   1.5267025e-03   8.3072998e-03   2.7716553e-06   5.5176225e-08   1.5960257e-07
   1.0000000e+00  -3.4807789e-01  -5.7838962e-01   3.7743492e-03  -2.9126115e-03  -5.1758439e-03  -2.5743647e-03   1.2115822e-01   3.3453455e-01   1.4245712e-05   8.4833057e-06   2.6789360e-05   6.6273536e-06   6.2156820e-02   2.7025740e-02   2.1927693e-01  -5.2713180e-04  -2.7480610e-04   2.8321460e-04   3.8634703e-03   7.3039062e-04   4.8082372e-02   2.7786793e-07   7.5518393e-08   8.0210510e-08
   1.0000000e+00  -4.4270793e-01  -6.4018786e-01  -3.7525019e-01  -1.2094583e-03  -4.3360244e-03  -3.7100932e-03   1.9599031e-01   4.0984050e-01   1.4081271e-01   1.4627894e-06   1.8801108e-05   1.3764792e-05  -9.4630040e-02  -6.1798240e-02  -3.7902454e-01   1.7031532e-03   8.3981950e-04  -1.1357285e-03   8.9548445e-03   3.8190225e-03   1.4365960e-01   2.9007308e-06   7.0529679e-07   1.2898792e-06
   1.0000000e+00  -3.7168687e-01  -5.8778465e-01  -5.8240005e-02  -1.6184173e-03  -4.7121706e-03  -2.7428851e-03   1.3815113e-01   3.4549079e-01   3.3918982e-03   2.6192746e-06   2.2204552e-05   7.5234187e-06   7.1021060e-02   5.2403210e-02   3.1701018e-01  -4.0895900e-04  -3.7614620e-04   9.6720810e-04   5.0439910e-03   2.7460964e-03   1.0049546e-01   1.6724746e-07   1.4148596e-07   9.3549151e-07
   1.0000000e+00  -4.0636601e-01  -6.7382633e-01  -3.0788790e-01  -1.5542049e-03  -4.8203228e-03  -3.3014282e-03   1.6513333e-01   4.5404192e-01   9.4794959e-02   2.4155529e-06   2.3235512e-05   1.0899428e-05  -3.4679140e-02  -8.6041680e-02  -2.4964790e-01   6.4212400e-05  -1.0815220e-04  -5.5854310e-04   1.2026428e-03   7.4031707e-03   6.2324071e-02   4.1232323e-09   1.1696898e-08   3.1197039e-07
   1.0000000e+00  -3.9460717e-01  -6.3818695e-01  -7.6697540e-02  -2.2236799e-03  -5.0685364e-03  -2.6073425e-03   1.5571482e-01   4.0728258e-01   5.8825126e-03   4.9447523e-06   2.5690061e-05   6.7982349e-06   1.1758840e-02   3.5639380e-02   2.3119036e-01  -6.6947500e-04  -2.4821360e-04   6.9408570e-04   1.3827032e-04   1.2701654e-03   5.3448983e-02   4.4819678e-07   6.1609991e-08   4.8175496e-07
   1.0000000e+00  -3.7017892e-01  -6.5103835e-01  -1.7032621e-01  -3.0550281e-03  -5.4643146e-03  -2.7304433e-03   1.3703243e-01   4.2385093e-01   2.9011018e-02   9.3331967e-06   2.9858734e-05   7.4553206e-06   2.4428250e-02  -1.2851400e-02  -9.3628670e-02  -8.3134820e-04  -3.9577820e-04  -1.2310080e-04   5.9673940e-04   1.6515848e-04   8.7663278e-03   6.9113983e-07   1.5664038e-07   1.5153807e-08
   1.0000000e+00  -3.7079656e-01  -6.1940200e-01  -1.4526542e-01  -2.1075593e-03  -5.2086735e-03  -2.4042163e-03   1.3749009e-01   3.8365884e-01   2.1102042e-02   4.4418062e-06   2.7130280e-05   5.7802560e-06  -6.1764000e-04   3.1636350e-02   2.5060790e-02   9.4746880e-04   2.5564110e-04   3.2622700e-04   3.8147917e-07   1.0008586e-03   6.2804320e-04   8.9769713e-07   6.5352372e-08   1.0642406e-07
   1.0000000e+00  -4.0089536e-01  -6.2235398e-01  -2.5849281e-01  -1.6732706e-03  -5.3980397e-03  -2.6471457e-03   1.6071709e-01   3.8732448e-01   6.6818533e-02   2.7998345e-06   2.9138833e-05   7.0073804e-06  -3.0098800e-02  -2.9519800e-03  -1.1322739e-01   4.3428870e-04  -1.8936620e-04  -2.4292940e-04   9.0593776e-04   8.7141859e-06   1.2820442e-02   1.8860667e-07   3.5859558e-08   5.9014693e-08
   1.0000000e+00  -4.0888641e-01  -6.1026535e-01  -1.6803723e-01  -2.0648400e-03  -5.3725812e-03  -2.4691188e-03   1.6718810e-01   3.7242380e-01   2.8236511e-02   4.2635642e-06   2.8864629e-05   6.0965476e-06  -7.9910500e-03   1.2088630e-02   9.0455580e-02  -3.9156940e-04   2.5458500e-05   1.7802690e-04   6.3856880e-05   1.4613498e-04   8.1822120e-03   1.5332660e-07   6.4813522e-10   3.1693577e-08
   1.0000000e+00  -3.8901327e-01  -6.5574309e-01  -1.8141439e-01  -8.9294117e-04  -5.7280749e-03  -2.5008655e-03   1.5133132e-01   4.2999900e-01   3.2911181e-02   7.9734393e-07   3.2810842e-05   6.2543282e-06   1.9873140e-02  -4.5477740e-02  -1.3377160e-02   1.1718988e-03  -3.5549370e-04  -3.1746700e-05   3.9494169e-04   2.0682248e-03   1.7894841e-04   1.3733469e-06   1.2637577e-07   1.0078530e-09
   1.0000000e+00  -3.9661778e-01  -6.3226229e-01  -1.1268741e-01  -1.7562119e-03  -5.4396822e-03  -2.4689921e-03   1.5730566e-01   3.9975560e-01   1.2698452e-02   3.0842802e-06   2.9590142e-05   6.0959220e-06  -7.6045100e-03   2.3480800e-02   6.8726980e-02  -8.6327073e-04   2.8839270e-04   3.1873400e-05   5.7828572e-05   5.5134797e-04   4.7233978e-03   7.4523635e-07   8.3170349e-08   1.0159136e-09
   1.0000000e+00  -3.6951612e-01  -6.5416220e-01  -1.8906917e-01  -7.4516719e-04  -5.7404941e-03  -2.4585134e-03   1.3654216e-01   4.2792818e-01   3.5747151e-02   5.5527414e-07   3.2953273e-05   6.0442881e-06   2.7101660e-02  -2.1899910e-02  -7.6381760e-02   1.0110447e-03  -3.0081190e-04   1.0478700e-05   7.3449997e-04   4.7960606e-04   5.8341733e-03   1.0222114e-06   9.0487799e-08   1.0980315e-10
   1.0000000e+00  -4.1249960e-01  -6.4052454e-01  -1.6809813e-01  -1.9431271e-03  -5.2651657e-03  -2.7613246e-03   1.7015592e-01   4.1027169e-01   2.8256981e-02   3.7757429e-06   2.7721970e-05   7.6249135e-06  -4.2983480e-02   1.3637660e-02   2.0971040e-02  -1.1979599e-03   4.7532840e-04  -3.0281120e-04   1.8475796e-03   1.8598577e-04   4.3978452e-04   1.4351079e-06   2.2593709e-07   9.1694623e-08
   1.0000000e+00  -3.7769801e-01  -6.5544405e-01  -8.2997423e-02  -1.0367726e-03  -4.9251691e-03  -3.3879397e-03   1.4265579e-01   4.2960690e-01   6.8885722e-03   1.0748974e-06   2.4257291e-05   1.1478135e-05   3.4801590e-02  -1.4919510e-02   8.5100707e-02   9.0635450e-04   3.3999660e-04  -6.2661510e-04   1.2111507e-03   2.2259178e-04   7.2421303e-03   8.2147848e-07   1.1559769e-07   3.9264648e-07
   1.0000000e+00  -4.1551010e-01  -6.6851090e-01  -1.8598210e-01  -1.5001675e-03  -4.6365212e-03  -3.4319744e-03   1.7264864e-01   4.4690682e-01   3.4589342e-02   2.2505025e-06   2.1497329e-05   1.1778448e-05  -3.7812090e-02  -1.3066850e-02  -1.0298468e-01  -4.6339490e-04   2.8864790e-04  -4.4034700e-05   1.4297542e-03   1.7074257e-04   1.0605844e-02   2.1473483e-07   8.3317610e-08   1.9390548e-09
   1.0000000e+00  -3.3802568e-01  -6.6427127e-01  -8.5217822e-02  -1.5957585e-03  -5.3862032e-03  -2.5049462e-03   1.1426136e-01   4.4125632e-01   7.2620772e-03   2.5464452e-06   2.9011185e-05   6.2747555e-06   7.7484420e-02   4.2396300e-03   1.0076428e-01  -9.5591000e-05  -7.4968200e-04   9.2702820e-04   6.0038353e-03   1.7974463e-05   1.0153440e-02   9.1376393e-09   5.6202310e-07   8.5938128e-07
   1.0000000e+00  -3.8342266e-01  -6.9719043e-01  -2.3376012e-01  -1.8364231e-03  -5.3508719e-03  -2.6491001e-03   1.4701294e-01   4.8607450e-01   5.4643794e-02   3.3724498e-06   2.8631830e-05   7.0177313e-06  -4.5396980e-02  -3.2919160e-02  -1.4854230e-01  -2.4066460e-04   3.5331300e-05  -1.4415390e-04   2.0608858e-03   1.0836711e-03   2.2064814e-02   5.7919450e-08   1.2483008e-09   2.0780347e-08
   1.0000000e+00  -3.3532537e-01  -7.1627579e-01  -4.7617993e-02  -2.2166731e-03  -5.5273449e-03  -2.4528152e-03   1.1244310e-01   5.1305101e-01   2.2674733e-03   4.9136396e-06   3.0551542e-05   6.0163024e-06   4.8097290e-02  -1.9085360e-02   1.8614213e-01  -3.8025000e-04  -1.7647300e-04   1.9628490e-04   2.3133493e-03   3.6425097e-04   3.4648891e-02   1.4459006e-07   3.1142720e-08   3.8527762e-08
   1.0000000e+00  -4.2112306e-01  -7.2698369e-01  -2.3965250e-01  -1.9389016e-03  -4.9104971e-03  -3.4715065e-03   1.7734463e-01   5.2850529e-01   5.7433321e-02   3.7593394e-06   2.4112982e-05   1.2051357e-05  -8.5797690e-02  -1.0707900e-02  -1.9203451e-01   2.7777150e-04   6.1684780e-04  -1.0186913e-03   7.3612436e-03   1.1465912e-04   3.6877252e-02   7.7157006e-08   3.8050121e-07   1.0377320e-06
   1.0000000e+00  -3.8868328e-01  -7.1757060e-01  -8.1007504e-02  -2.3395729e-03  -4.8697180e-03  -3.4924748e-03   1.5107469e-01   5.1490757e-01   6.5622157e-03   5.4736014e-06   2.3714153e-05   1.2197380e-05   3.2439780e-02   9.4130900e-03   1.5864500e-01  -4.0067130e-04   4.0779100e-05  -2.0968300e-05   1.0523393e-03   8.8606263e-05   2.5168235e-02   1.6053749e-07   1.6629350e-09   4.3966960e-10
   1.0000000e+00  -4.4742081e-01  -7.1782264e-01  -2.6659133e-01  -1.9660769e-03  -4.8230006e-03  -4.2596185e-03   2.0018538e-01   5.1526934e-01   7.1070937e-02   3.8654584e-06   2.3261335e-05   1.8144350e-05  -5.8737530e-02  -2.5204000e-04  -1.8558383e-01   3.7349600e-04   4.6717400e-05  -7.6714370e-04   3.4500974e-03   6.3524162e-08   3.4441356e-02   1.3949926e-07   2.1825155e-09   5.8850946e-07
   1.0000000e+00  -3.6919852e-01  -7.0444459e-01  -6.5135398e-02  -2.2211737e-03  -5.1637574e-03  -3.0678910e-03   1.3630755e-01   4.9624218e-01   4.2426201e-03   4.9336126e-06   2.6664390e-05   9.4119552e-06   7.8222290e-02   1.3378050e-02   2.0145593e-01  -2.5509680e-04  -3.4075680e-04   1.1917275e-03   6.1187267e-03   1.7897222e-04   4.0584493e-02   6.5074377e-08   1.1611520e-07   1.4202144e-06
   1.0000000e+00  -4.0438728e-01  -7.2508811e-01  -3.0873569e-01  -1.6184264e-03  -5.3197478e-03  -3.3643320e-03   1.6352907e-01   5.2575277e-01   9.5317726e-02   2.6193040e-06   2.8299717e-05   1.1318730e-05  -3.5188760e-02  -2.0643520e-02  -2.4360029e-01   6.0274730e-04  -1.5599040e-04  -2.9644100e-04   1.2382488e-03   4.2615492e-04   5.9341102e-02   3.6330431e-07   2.4333005e-08   8.7877266e-08
   1.0000000e+00  -3.4170991e-01  -7.1661883e-01  -7.8741070e-02  -2.1535585e-03  -5.6155958e-03  -2.1812164e-03   1.1676566e-01   5.1354255e-01   6.2001561e-03   4.6378142e-06   3.1534916e-05   4.7577050e-06   6.2677370e-02   8.4692800e-03   2.2999462e-01  -5.3513210e-04  -2.9584800e-04   1.1831156e-03   3.9284527e-03   7.1728704e-05   5.2897525e-02   2.8636636e-07   8.7526039e-08   1.3997625e-06
   1.0000000e+00  -3.6677306e-01  -7.5257508e-01  -3.1067676e-01  -8.7719682e-04  -5.4839967e-03  -3.1735963e-03   1.3452248e-01   5.6636925e-01   9.6520049e-02   7.6947426e-07   3.0074220e-05   1.0071713e-05  -2.5063150e-02  -3.5956250e-02  -2.3193569e-01   1.2763617e-03   1.3159910e-04  -9.9237990e-04   6.2816149e-04   1.2928519e-03   5.3794164e-02   1.6290991e-06   1.7318323e-08   9.8481787e-07
   1.0000000e+00  -3.3525980e-01  -7.4209778e-01  -1.4001917e-01  -1.6167381e-03  -5.9488140e-03  -2.0502927e-03   1.1239913e-01   5.5070912e-01   1.9605368e-02   2.6138421e-06   3.5388388e-05   4.2037002e-06   3.1513260e-02   1.0477300e-02   1.7065759e-01  -7.3954128e-04  -4.6481730e-04   1.1233036e-03   9.9308556e-04   1.0977382e-04   2.9124013e-02   5.4692130e-07   2.1605512e-07   1.2618110e-06
   1.0000000e+00  -3.3657994e-01  -7.8380372e-01  -2.5205975e-01  -1.1671164e-03  -5.9190142e-03  -2.4189895e-03   1.1328606e-01   6.1434827e-01   6.3534118e-02   1.3621607e-06   3.5034729e-05   5.8515102e-06  -1.3201400e-03  -4.1705940e-02  -1.1204058e-01   4.4962170e-04   2.9799800e-05  -3.6869680e-04   1.7427696e-06   1.7393854e-03   1.2553092e-02   2.0215967e-07   8.8802808e-10   1.3593733e-07
   1.0000000e+00  -3.6005711e-01  -7.9265883e-01  -1.4241246e-01  -2.3126559e-03  -5.6618563e-03  -2.2812546e-03   1.2964112e-01   6.2830802e-01   2.0281309e-02   5.3483773e-06   3.2056617e-05   5.2041226e-06  -2.3477170e-02  -8.8551100e-03   1.0964729e-01  -1.1455395e-03   2.5715790e-04   1.3773490e-04   5.5117751e-04   7.8412973e-05   1.2022528e-02   1.3122607e-06   6.6130186e-08   1.8970903e-08
   1.0000000e+00  -3.6601904e-01  -8.1719173e-01  -1.6229401e-01  -2.2099176e-03  -5.6754394e-03  -2.7375102e-03   1.3396994e-01   6.6780232e-01   2.6339346e-02   4.8837358e-06   3.2210612e-05   7.4939621e-06  -5.9619300e-03  -2.4532900e-02  -1.9881550e-02   1.0273830e-04  -1.3583100e-05  -4.5625560e-04   3.5544609e-05   6.0186318e-04   3.9527603e-04   1.0555158e-08   1.8450061e-10   2.0816917e-07
   1.0000000e+00  -3.8790752e-01  -7.8304052e-01  -1.7048095e-01  -2.4089638e-03  -5.4420142e-03  -2.5758695e-03   1.5047224e-01   6.1315246e-01   2.9063754e-02   5.8031066e-06   2.9615519e-05   6.6351037e-06  -2.1888480e-02   3.4151210e-02  -8.1869400e-03  -1.9904620e-04   2.3342520e-04   1.6164070e-04   4.7910556e-04   1.1663051e-03   6.7025987e-05   3.9619390e-08   5.4487324e-08   2.6127716e-08
   1.0000000e+00  -3.6224214e-01  -8.0752305e-01  -1.3965740e-01  -1.8301998e-03  -5.5993676e-03  -2.7933182e-03   1.3121937e-01   6.5209348e-01   1.9504189e-02   3.3496313e-06   3.1352918e-05   7.8026266e-06   2.5665380e-02  -2.4482530e-02   3.0823550e-02   5.7876400e-04  -1.5735340e-04  -2.1744870e-04   6.5871173e-04   5.9939428e-04   9.5009123e-04   3.3496777e-07   2.4760092e-08   4.7283937e-08
   1.0000000e+00  -4.1838408e-01  -8.2366821e-01  -2.3382885e-01  -2.7090310e-03  -5.4960279e-03  -3.0957431e-03   1.7504524e-01   6.7842932e-01   5.4675931e-02   7.3388490e-06   3.0206323e-05   9.5836253e-06  -5.6141940e-02  -1.6145160e-02  -9.4171450e-02  -8.7883120e-04   1.0333970e-04  -3.0242490e-04   3.1519174e-03   2.6066619e-04   8.8682620e-03   7.7234428e-07   1.0679094e-08   9.1460820e-08
   1.0000000e+00  -3.5350726e-01  -8.3674345e-01  -1.6823099e-02  -2.4230454e-03  -5.7426315e-03  -2.7445459e-03   1.2496738e-01   7.0013960e-01   2.8301666e-04   5.8711490e-06   3.2977817e-05   7.5325322e-06   6.4876820e-02  -1.3075240e-02   2.1700575e-01   2.8598560e-04  -2.4660360e-04   3.5119720e-04   4.2090018e-03   1.7096190e-04   4.7091496e-02   8.1787763e-08   6.0813336e-08   1.2333947e-07
   1.0000000e+00  -4.1233317e-01  -8.5503171e-01  -3.1698141e-01  -2.3935345e-03  -5.4726017e-03  -3.1471800e-03   1.7001864e-01   7.3107923e-01   1.0047721e-01   5.7290074e-06   2.9949369e-05   9.9047420e-06  -5.8825910e-02  -1.8288260e-02  -3.0015831e-01   2.9510900e-05   2.7002980e-04  -4.0263410e-04   3.4604877e-03   3.3446045e-04   9.0095012e-02   8.7089322e-10   7.2916093e-08   1.6211422e-07
   1.0000000e+00  -3.4534363e-01  -8.2828213e-01  -5.5715315e-02  -1.7824083e-03  -5.8244396e-03  -2.2191382e-03   1.1926222e-01   6.8605129e-01   3.1041963e-03   3.1769793e-06   3.3924097e-05   4.9245744e-06   6.6989540e-02   2.6749580e-02   2.6126610e-01   6.1112620e-04  -3.5183790e-04   9.2804180e-04   4.4875985e-03   7.1554003e-04   6.8259972e-02   3.7347523e-07   1.2378991e-07   8.6126158e-07
   1.0000000e+00  -3.8465356e-01  -8.9186412e-01  -2.4691780e-01  -2.5371711e-03  -5.7529800e-03  -3.0720788e-03   1.4795836e-01   7.9542161e-01   6.0968400e-02   6.4372372e-06   3.3096779e-05   9.4376682e-06  -3.9309930e-02  -6.3581990e-02  -1.9120248e-01  -7.5476280e-04   7.1459600e-05  -8.5294060e-04   1.5452706e-03   4.0426695e-03   3.6558390e-02   5.6966688e-07   5.1064744e-09   7.2750767e-07
   1.0000000e+00  -3.4161178e-01  -8.6647922e-01  -5.9488887e-02  -2.5487136e-03  -5.6681542e-03  -2.3054684e-03   1.1669861e-01   7.5078624e-01   3.5389277e-03   6.4959410e-06   3.2127972e-05   5.3151845e-06   4.3041780e-02   2.5384900e-02   1.8742891e-01  -1.1542500e-05   8.4825800e-05   7.6661040e-04   1.8525948e-03   6.4439315e-04   3.5129597e-02   1.3322931e-10   7.1954163e-09   5.8769151e-07
   1.0000000e+00  -3.5419141e-01  -8.9349568e-01  -2.4220724e-01  -2.0952432e-03  -5.6537594e-03  -2.8749469e-03   1.2545155e-01   7.9833453e-01   5.8664347e-02   4.3900441e-06   3.1964995e-05   8.2653197e-06  -1.2579630e-02  -2.7016460e-02  -1.8271835e-01   4.5347040e-04   1.4394800e-05  -5.6947850e-04   1.5824709e-04   7.2988911e-04   3.3385997e-02   2.0563540e-07   2.0721027e-10   3.2430576e-07
   1.0000000e+00  -3.5581114e-01  -8.5932118e-01  -1.3750479e-01  -2.1745967e-03  -5.5318478e-03  -2.5570636e-03   1.2660157e-01   7.3843289e-01   1.8907567e-02   4.7288708e-06   3.0601340e-05   6.5385743e-06  -1.6197300e-03   3.4174500e-02   1.0470245e-01  -7.9353500e-05   1.2191160e-04   3.1788330e-04   2.6235253e-06   1.1678965e-03   1.0962603e-02   6.2969780e-09   1.4862438e-08   1.0104979e-07
   1.0000000e+00  -3.6662683e-01  -8.8978980e-01  -2.2008233e-01  -1.6479860e-03  -5.6417687e-03  -2.9453557e-03   1.3441523e-01   7.9172589e-01   4.8436232e-02   2.7158579e-06   3.1829554e-05   8.6751202e-06  -1.0815690e-02  -3.0468620e-02  -8.2577540e-02   5.2661070e-04  -1.0992090e-04  -3.8829210e-04   1.1697915e-04   9.2833680e-04   6.8190501e-03   2.7731883e-07   1.2082604e-08   1.5077075e-07
   1.0000000e+00  -3.9441317e-01  -8.5890336e-01  -1.7167639e-01  -2.2511471e-03  -5.4682988e-03  -3.0096682e-03   1.5556175e-01   7.3771498e-01   2.9472783e-02   5.0676633e-06   2.9902292e-05   9.0581027e-06  -2.7786340e-02   3.0886440e-02   4.8405940e-02  -6.0316110e-04   1.7346990e-04  -6.4312500e-05   7.7208069e-04   9.5397218e-04   2.3431350e-03   3.6380331e-07   3.0091806e-08   4.1360977e-09
   1.0000000e+00  -3.8541744e-01  -9.1228879e-01  -2.0207627e-01  -1.8436226e-03  -5.4623197e-03  -2.9962373e-03   1.4854660e-01   8.3227084e-01   4.0834819e-02   3.3989443e-06   2.9836937e-05   8.9774380e-06   8.9957300e-03  -5.3385430e-02  -3.0399880e-02   4.0752450e-04   5.9791000e-06   1.3430900e-05   8.0923158e-05   2.8500041e-03   9.2415270e-04   1.6607622e-07   3.5749637e-11   1.8038907e-10
   1.0000000e+00  -4.5057779e-01  -9.2043902e-01  -1.9679958e-01  -1.9859524e-03  -4.8677886e-03  -3.4310769e-03   2.0302034e-01   8.4720799e-01   3.8730075e-02   3.9440069e-06   2.3695366e-05   1.1772289e-05  -6.5160350e-02  -8.1502300e-03   5.2766900e-03  -1.4232980e-04   5.9453110e-04  -4.3483960e-04   4.2458712e-03   6.6426249e-05   2.7843457e-05   2.0257772e-08   3.5346723e-07   1.8908548e-07
   1.0000000e+00  -3.9347178e-01  -9.0641331e-01  -1.3585107e-01  -2.1445385e-03  -5.2219611e-03  -3.1171843e-03   1.5482004e-01   8.2158509e-01   1.8455513e-02   4.5990454e-06   2.7268878e-05   9.7168380e-06   5.7106010e-02   1.4025710e-02   6.0948510e-02  -1.5858610e-04  -3.5417250e-04   3.1389260e-04   3.2610964e-03   1.9672054e-04   3.7147209e-03   2.5149551e-08   1.2543816e-07   9.8528564e-08
   1.0000000e+00  -4.2472563e-01  -9.3341643e-01  -1.9353767e-01  -1.8849921e-03  -5.0499227e-03  -3.1227731e-03   1.8039186e-01   8.7126623e-01   3.7456830e-02   3.5531952e-06   2.5501719e-05   9.7517118e-06  -3.1253850e-02  -2.7003120e-02  -5.7686600e-02   2.5954640e-04   1.7203840e-04  -5.5888000e-06   9.7680314e-04   7.2916849e-04   3.3277438e-03   6.7364334e-08   2.9597211e-08   3.1234685e-11
   1.0000000e+00  -3.8843717e-01  -9.2203038e-01  -1.5824661e-01  -1.3202405e-03  -5.1224021e-03  -3.2488302e-03   1.5088344e-01   8.5014002e-01   2.5041990e-02   1.7430350e-06   2.6239003e-05   1.0554898e-05   3.6288460e-02   1.1386050e-02   3.5291060e-02   5.6475160e-04  -7.2479400e-05  -1.2605710e-04   1.3168523e-03   1.2964213e-04   1.2454589e-03   3.1894437e-07   5.2532634e-09   1.5890392e-08
   1.0000000e+00  -4.2055462e-01  -9.2676672e-01  -2.5041334e-01  -1.7584752e-03  -4.9014754e-03  -3.2786736e-03   1.7686619e-01   8.5889655e-01   6.2706841e-02   3.0922350e-06   2.4024461e-05   1.0749701e-05  -3.2117450e-02  -4.7363400e-03  -9.2166730e-02  -4.3823470e-04   2.2092670e-04  -2.9843400e-05   1.0315306e-03   2.2432917e-05   8.4947061e-03   1.9204965e-07   4.8808607e-08   8.9062852e-10
   1.0000000e+00  -3.8175339e-01  -9.4283904e-01  -1.1104743e-01  -1.3322988e-03  -5.1582976e-03  -3.0887168e-03   1.4573565e-01   8.8894546e-01   1.2331532e-02   1.7750201e-06   2.6608034e-05   9.5401715e-06   3.8801230e-02  -1.6072320e-02   1.3936591e-01   4.2617640e-04  -2.5682220e-04   1.8995680e-04   1.5055354e-03   2.5831947e-04   1.9422857e-02   1.8162632e-07   6.5957642e-08   3.6083586e-08
   1.0000000e+00  -4.6663509e-01  -9.3771819e-01  -3.1287691e-01  -2.5073493e-03  -4.8577305e-03  -3.9577293e-03   2.1774831e-01   8.7931540e-01   9.7891961e-02   6.2868005e-06   2.3597546e-05   1.5663621e-05  -8.4881700e-02   5.1208500e-03  -2.0182948e-01  -1.1750505e-03   3.0056710e-04  -8.6901250e-04   7.2049030e-03   2.6223105e-05   4.0735139e-02   1.3807437e-06   9.0340582e-08   7.5518273e-07
   1.0000000e+00  -3.8376187e-01  -9.2635587e-01  -3.1155165e-02  -1.8284996e-03  -5.1154836e-03  -3.0755392e-03   1.4727317e-01   8.5813520e-01   9.7064431e-04   3.3434108e-06   2.6168172e-05   9.4589414e-06   8.2873220e-02   1.1362320e-02   2.8172175e-01   6.7884970e-04  -2.5775310e-04   8.8219010e-04   6.8679706e-03   1.2910232e-04   7.9367142e-02   4.6083692e-07   6.6436661e-08   7.7825937e-07
   1.0000000e+00  -4.4689135e-01  -9.4434802e-01  -3.8359409e-01  -2.1121312e-03  -5.1213303e-03  -4.0378396e-03   1.9971188e-01   8.9179318e-01   1.4714443e-01   4.4610982e-06   2.6228024e-05   1.6304149e-05  -6.3129480e-02  -1.7992150e-02  -3.5243893e-01  -2.8363160e-04  -5.8467000e-06  -9.6230040e-04   3.9853312e-03   3.2371746e-04   1.2421320e-01   8.0446885e-08   3.4183901e-11   9.2602206e-07
   1.0000000e+00  -4.0291236e-01  -9.4037547e-01  -7.5760986e-02  -1.8256362e-03  -4.9335411e-03  -3.2895133e-03   1.6233837e-01   8.8430602e-01   5.7397270e-03   3.3329475e-06   2.4339828e-05   1.0820898e-05   4.3978990e-02   3.9725500e-03   3.0783310e-01   2.8649500e-04   1.8778920e-04   7.4832630e-04   1.9341516e-03   1.5781154e-05   9.4761220e-02   8.2079385e-08   3.5264784e-08   5.5999225e-07
   1.0000000e+00  -4.5907035e-01  -9.9953443e-01  -3.5960571e-01  -1.5382553e-03  -4.9481528e-03  -4.2506726e-03   2.1074559e-01   9.9906908e-01   1.2931627e-01   2.3662294e-06   2.4484216e-05   1.8068218e-05  -5.6157990e-02  -5.9158960e-02  -2.8384472e-01   2.8738090e-04  -1.4611700e-05  -9.6115930e-04   3.1537198e-03   3.4997825e-03   8.0567827e-02   8.2587782e-08   2.1350178e-10   9.2382720e-07
   1.0000000e+00  -4.2117070e-01  -9.4808719e-01  -1.3874786e-01  -2.2039456e-03  -5.0987695e-03  -3.3697444e-03   1.7738476e-01   8.9886932e-01   1.9250969e-02   4.8573762e-06   2.5997450e-05   1.1355177e-05   3.7899650e-02   5.1447240e-02   2.2085785e-01  -6.6569030e-04  -1.5061670e-04   8.8092820e-04   1.4363835e-03   2.6468185e-03   4.8778190e-02   4.4314358e-07   2.2685390e-08   7.7603449e-07
   1.0000000e+00  -4.1526270e-01  -9.8340284e-01  -3.3900267e-01  -1.7483894e-03  -5.5123887e-03  -3.5764729e-03   1.7244311e-01   9.6708115e-01   1.1492281e-01   3.0568655e-06   3.0386429e-05   1.2791158e-05   5.9080000e-03  -3.5315650e-02  -2.0025481e-01   4.5555620e-04  -4.1361920e-04  -2.0672850e-04   3.4904464e-05   1.2471951e-03   4.0101989e-02   2.0753145e-07   1.7108084e-07   4.2736673e-08
   1.0000000e+00  -3.9632657e-01  -9.3702651e-01  -2.0570101e-01  -1.7351095e-03  -5.6294144e-03  -2.8108687e-03   1.5707475e-01   8.7801868e-01   4.2312906e-02   3.0106050e-06   3.1690306e-05   7.9009828e-06   1.8936130e-02   4.6376330e-02   1.3330166e-01   1.3279900e-05  -1.1702570e-04   7.6560420e-04   3.5857702e-04   2.1507640e-03   1.7769333e-02   1.7635574e-10   1.3695014e-08   5.8614979e-07
   1.0000000e+00  -3.7248994e-01  -9.9014026e-01  -3.1515642e-01  -8.5787239e-04  -5.9851687e-03  -2.7970928e-03   1.3874876e-01   9.8037773e-01   9.9323569e-02   7.3594504e-07   3.5822244e-05   7.8237281e-06   2.3836630e-02  -5.3113750e-02  -1.0945541e-01   8.7723711e-04  -3.5575430e-04   1.3775900e-05   5.6818493e-04   2.8210704e-03   1.1980487e-02   7.6954495e-07   1.2656112e-07   1.8977542e-10
   1.0000000e+00  -3.8592148e-01  -1.0024674e+00  -2.0518291e-01  -1.6846651e-03  -5.6718967e-03  -2.4374121e-03   1.4893539e-01   1.0049409e+00   4.2100027e-02   2.8380965e-06   3.2170412e-05   5.9409777e-06  -1.3431540e-02  -1.2327140e-02   1.0997351e-01  -8.2679271e-04   3.1327200e-04   3.5968070e-04   1.8040627e-04   1.5195838e-04   1.2094173e-02   6.8358619e-07   9.8139346e-08   1.2937021e-07
   1.0000000e+00  -3.9967986e-01  -1.0665682e+00  -2.6902244e-01  -1.4616526e-03  -5.7596705e-03  -3.2148514e-03   1.5974399e-01   1.1375677e+00   7.2373073e-02   2.1364283e-06   3.3173804e-05   1.0335270e-05  -1.3758380e-02  -6.4100800e-02  -6.3839530e-02   2.2301250e-04  -8.7773800e-05  -7.7743930e-04   1.8929302e-04   4.1089126e-03   4.0754856e-03   4.9734575e-08   7.7042400e-09   6.0441187e-07
   1.0000000e+00  -4.1543085e-01  -1.0293298e+00  -1.6014563e-01  -2.7035798e-03  -5.7170167e-03  -2.9783310e-03   1.7258279e-01   1.0595198e+00   2.5646623e-02   7.3093437e-06   3.2684280e-05   8.8704555e-06  -1.5750990e-02   3.7238400e-02   1.0887681e-01  -1.2419272e-03   4.2653800e-05   2.3652040e-04   2.4809369e-04   1.3866984e-03   1.1854160e-02   1.5423832e-06   1.8193467e-09   5.5941900e-08
   1.0000000e+00  -3.7475613e-01  -1.0513945e+00  -1.9193965e-01  -2.2410749e-03  -5.9007934e-03  -3.0322271e-03   1.4044216e-01   1.1054304e+00   3.6840829e-02   5.0224167e-06   3.4819363e-05   9.1944012e-06   4.0674720e-02  -2.2064700e-02  -3.1794020e-02   4.6250490e-04  -1.8377670e-04  -5.3896100e-05   1.6544328e-03   4.8685099e-04   1.0108597e-03   2.1391078e-07   3.3773875e-08   2.9047896e-09
   1.0000000e+00  -4.0780564e-01  -1.0277456e+00  -1.6002926e-01  -3.1742822e-03  -5.6587398e-03  -3.0086835e-03   1.6630544e-01   1.0562610e+00   2.5609364e-02   1.0076067e-05   3.2021336e-05   9.0521764e-06  -3.3049510e-02   2.3648900e-02   3.1910390e-02  -9.3320730e-04   2.4205360e-04   2.3543600e-05   1.0922701e-03   5.5927047e-04   1.0182730e-03   8.7087586e-07   5.8589945e-08   5.5430110e-10
   1.0000000e+00  -3.6105662e-01  -1.0475796e+00  -1.8550437e-01  -1.3621606e-03  -5.4224592e-03  -2.9074927e-03   1.3036188e-01   1.0974230e+00   3.4411871e-02   1.8554815e-06   2.9403064e-05   8.4535138e-06   4.6749020e-02  -1.9834000e-02  -2.5475110e-02   1.8121216e-03   2.3628060e-04   1.0119080e-04   2.1854709e-03   3.9338756e-04   6.4898123e-04   3.2837847e-06   5.5828522e-08   1.0239578e-08
   1.0000000e+00  -4.0627387e-01  -1.0538609e+00  -2.4459475e-01  -1.7672395e-03  -5.3129147e-03  -2.8990656e-03   1.6505846e-01   1.1106228e+00   5.9826592e-02   3.1231355e-06   2.8227063e-05   8.4045814e-06  -4.5217250e-02  -6.2813000e-03  -5.9090380e-02  -4.0507890e-04   1.0954450e-04   8.4271000e-06   2.0445997e-03   3.9454730e-05   3.4916730e-03   1.6408892e-07   1.1999997e-08   7.1016014e-11
   1.0000000e+00  -3.7308895e-01  -1.0609663e+00  -1.3102606e-01  -1.6881708e-03  -5.8319242e-03  -2.7446787e-03   1.3919536e-01   1.1256495e+00   1.7167828e-02   2.8499206e-06   3.4011340e-05   7.5332612e-06   3.3184920e-02  -7.1054000e-03   1.1356869e-01   7.9068700e-05  -5.1900950e-04   1.5438690e-04   1.1012389e-03   5.0486709e-05   1.2897847e-02   6.2518593e-09   2.6937086e-07   2.3835315e-08
   1.0000000e+00  -4.1477933e-01  -1.0512462e+00  -2.3138774e-01  -2.6438426e-03  -5.5393690e-03  -2.9061173e-03   1.7204189e-01   1.1051186e+00   5.3540286e-02   6.9899037e-06   3.0684609e-05   8.4455178e-06  -4.1690380e-02   9.7201000e-03  -1.0036168e-01  -9.5567180e-04   2.9255520e-04  -1.6143860e-04   1.7380878e-03   9.4480344e-05   1.0072467e-02   9.1330859e-07   8.5588545e-08   2.6062422e-08
   1.0000000e+00  -3.6739653e-01  -1.0774861e+00  -1.1966761e-01  -2.3936342e-03  -5.8186495e-03  -2.8478134e-03   1.3498021e-01   1.1609763e+00   1.4320337e-02   5.7294847e-06   3.3856682e-05   8.1100412e-06   4.7382800e-02  -2.6239900e-02   1.1172013e-01   2.5020840e-04  -2.7928050e-04   5.8303900e-05   2.2451297e-03   6.8853235e-04   1.2481387e-02   6.2604243e-08   7.7997598e-08   3.3993448e-09
   1.0000000e+00  -4.3564396e-01  -1.0851262e+00  -2.5301430e-01  -2.5748114e-03  -5.6666118e-03  -3.3203414e-03   1.8978566e-01   1.1774989e+00   6.4016236e-02   6.6296537e-06   3.2110489e-05   1.1024667e-05  -6.8247430e-02  -7.6401000e-03  -1.3334669e-01  -1.8117720e-04   1.5203770e-04  -4.7252800e-04   4.6577117e-03   5.8371128e-05   1.7781340e-02   3.2825178e-08   2.3115462e-08   2.2328271e-07
   1.0000000e+00  -3.8243579e-01  -1.0779904e+00  -1.1030579e-01  -2.3903248e-03  -5.7709599e-03  -2.9922307e-03   1.4625713e-01   1.1620633e+00   1.2167367e-02   5.7136526e-06   3.3303978e-05   8.9534446e-06   5.3208170e-02   7.1358000e-03   1.4270851e-01   1.8448660e-04  -1.0434810e-04   3.2811070e-04   2.8311094e-03   5.0919642e-05   2.0365719e-02   3.4035306e-08   1.0888526e-08   1.0765663e-07
   1.0000000e+00  -4.6813761e-01  -1.0924027e+00  -3.2869739e-01  -1.4943715e-03  -4.9469385e-03  -3.8619220e-03   2.1915282e-01   1.1933437e+00   1.0804197e-01   2.2331462e-06   2.4472201e-05   1.4914442e-05  -8.5701820e-02  -1.4412300e-02  -2.1839160e-01   8.9595330e-04   8.2402140e-04  -8.6969130e-04   7.3448020e-03   2.0771439e-04   4.7694891e-02   8.0273232e-07   6.7901127e-07   7.5636296e-07
   1.0000000e+00  -4.0710593e-01  -1.0652100e+00  -1.5554020e-01  -1.4421921e-03  -5.0850973e-03  -3.1423676e-03   1.6573524e-01   1.1346723e+00   2.4192754e-02   2.0799181e-06   2.5858215e-05   9.8744741e-06   6.1031680e-02   2.7192700e-02   1.7315719e-01   5.2179400e-05  -1.3815880e-04   7.1955440e-04   3.7248660e-03   7.3944293e-04   2.9983412e-02   2.7226898e-09   1.9087854e-08   5.1775853e-07
   1.0000000e+00  -4.6147613e-01  -1.1042246e+00  -3.3254880e-01  -1.0884724e-03  -5.0610294e-03  -3.8330235e-03   2.1296022e-01   1.2193120e+00   1.1058870e-01   1.1847722e-06   2.5614019e-05   1.4692069e-05  -5.4370200e-02  -3.9014600e-02  -1.7700860e-01   3.5371970e-04   2.4067900e-05  -6.9065590e-04   2.9561186e-03   1.5221390e-03   3.1332044e-02   1.2511763e-07   5.7926381e-10   4.7700557e-07
   1.0000000e+00  -3.8942376e-01  -1.0689667e+00  -1.2737340e-01  -1.8320356e-03  -5.6065100e-03  -2.9349101e-03   1.5165086e-01   1.1426898e+00   1.6223983e-02   3.3563544e-06   3.1432954e-05   8.6136973e-06   7.2052370e-02   3.5257900e-02   2.0517540e-01  -7.4356320e-04  -5.4548060e-04   8.9811340e-04   5.1915440e-03   1.2431195e-03   4.2096945e-02   5.5288623e-07   2.9754908e-07   8.0660768e-07
   1.0000000e+00  -4.3072504e-01  -1.0934679e+00  -3.4971781e-01  -1.5815518e-03  -5.7547500e-03  -3.2449591e-03   1.8552406e-01   1.1956720e+00   1.2230255e-01   2.5013061e-06   3.3117148e-05   1.0529760e-05  -4.1301280e-02  -2.4501200e-02  -2.2234441e-01   2.5048380e-04  -1.4824000e-04  -3.1004900e-04   1.7057957e-03   6.0030880e-04   4.9437037e-02   6.2742134e-08   2.1975098e-08   9.6130382e-08
   1.0000000e+00  -3.8567556e-01  -1.0845687e+00  -7.0214682e-02  -2.1724523e-03  -5.8942629e-03  -2.8228705e-03   1.4874564e-01   1.1762893e+00   4.9301016e-03   4.7195490e-06   3.4742335e-05   7.9685979e-06   4.5049480e-02   8.8992000e-03   2.7950313e-01  -5.9090050e-04  -1.3951290e-04   4.2208860e-04   2.0294556e-03   7.9195761e-05   7.8121999e-02   3.4916340e-07   1.9463849e-08   1.7815879e-07
   1.0000000e+00  -4.3361766e-01  -1.1228863e+00  -3.1385686e-01  -2.8600958e-03  -5.6658484e-03  -3.5717933e-03   1.8802428e-01   1.2608736e+00   9.8506129e-02   8.1801480e-06   3.2101838e-05   1.2757707e-05  -4.7942100e-02  -3.8317600e-02  -2.4364218e-01  -6.8764350e-04   2.2841450e-04  -7.4892280e-04   2.2984450e-03   1.4682385e-03   5.9361511e-02   4.7285358e-07   5.2173184e-08   5.6088536e-07
   1.0000000e+00  -3.7413101e-01  -1.1184738e+00  -7.2538087e-02  -2.5823796e-03  -5.7566563e-03  -2.5311620e-03   1.3997401e-01   1.2509836e+00   5.2617741e-03   6.6686844e-06   3.3139092e-05   6.4067811e-06   5.9486650e-02   4.4125000e-03   2.4131877e-01   2.7771620e-04  -9.0807900e-05   1.0406313e-03   3.5386615e-03   1.9470156e-05   5.8234750e-02   7.7126288e-08   8.2460747e-09   1.0829135e-06
   1.0000000e+00  -4.4363868e-01  -1.1539934e+00  -3.3574604e-01  -1.2068973e-03  -5.6518442e-03  -2.9751417e-03   1.9681528e-01   1.3317008e+00   1.1272540e-01   1.4566011e-06   3.1943343e-05   8.8514681e-06  -6.9507670e-02  -3.5519600e-02  -2.6320795e-01   1.3754823e-03   1.0481210e-04  -4.4397970e-04   4.8313162e-03   1.2616420e-03   6.9278427e-02   1.8919516e-06   1.0985576e-08   1.9711797e-07
   1.0000000e+00  -4.0123902e-01  -1.1384011e+00  -7.6707167e-02  -2.4847393e-03  -5.8023225e-03  -2.5432319e-03   1.6099275e-01   1.2959571e+00   5.8839895e-03   6.1739294e-06   3.3666946e-05   6.4680285e-06   4.2399660e-02   1.5592300e-02   2.5903887e-01  -1.2778420e-03  -1.5047830e-04   4.3190980e-04   1.7977312e-03   2.4311982e-04   6.7101138e-02   1.6328802e-06   2.2643719e-08   1.8654608e-07
   1.0000000e+00  -4.2128558e-01  -1.1890398e+00  -3.5789242e-01  -1.4889099e-03  -5.8973594e-03  -3.1909579e-03   1.7748154e-01   1.4138156e+00   1.2808698e-01   2.2168527e-06   3.4778848e-05   1.0182212e-05  -2.0046560e-02  -5.0638700e-02  -2.8118525e-01   9.9582940e-04  -9.5036900e-05  -6.4772600e-04   4.0186457e-04   2.5642779e-03   7.9065147e-02   9.9167619e-07   9.0320124e-09   4.1954897e-07
   1.0000000e+00  -4.0713925e-01  -1.1400477e+00  -1.3703514e-01  -2.3492116e-03  -5.8214521e-03  -2.5847825e-03   1.6576237e-01   1.2997088e+00   1.8778630e-02   5.5187951e-06   3.3889305e-05   6.6811006e-06   1.4146330e-02   4.8992100e-02   2.2085728e-01  -8.6030170e-04   7.5907300e-05   6.0617540e-04   2.0011865e-04   2.4002259e-03   4.8777938e-02   7.4011902e-07   5.7619182e-09   3.6744862e-07
   1.0000000e+00  -4.1236080e-01  -1.1919466e+00  -3.2777516e-01  -1.0361812e-03  -5.8066623e-03  -3.1580351e-03   1.7004143e-01   1.4207367e+00   1.0743656e-01   1.0736715e-06   3.3717327e-05   9.9731857e-06  -5.2215500e-03  -5.1898900e-02  -1.9074002e-01   1.3130304e-03   1.4789800e-05  -5.7325260e-04   2.7264584e-05   2.6934958e-03   3.6381755e-02   1.7240488e-06   2.1873818e-10   3.2861854e-07
   1.0000000e+00  -4.1617784e-01  -1.1642273e+00  -1.7494932e-01  -2.3846584e-03  -5.8560944e-03  -2.7565713e-03   1.7320399e-01   1.3554252e+00   3.0607265e-02   5.6865957e-06   3.4293842e-05   7.5986853e-06  -3.8170400e-03   2.7719300e-02   1.5282584e-01  -1.3484772e-03  -4.9432100e-05   4.0146380e-04   1.4569794e-05   7.6835959e-04   2.3355737e-02   1.8183908e-06   2.4435325e-09   1.6117318e-07
   1.0000000e+00  -4.1383616e-01  -1.2164636e+00  -2.7489725e-01  -1.6944781e-03  -5.8876354e-03  -3.4210297e-03   1.7126037e-01   1.4797837e+00   7.5568498e-02   2.8712560e-06   3.4664251e-05   1.1703444e-05   2.3416800e-03  -5.2236300e-02  -9.9947930e-02   6.9018030e-04  -3.1541000e-05  -6.6445840e-04   5.4834652e-06   2.7286310e-03   9.9895887e-03   4.7634885e-07   9.9483468e-10   4.4150497e-07
   1.0000000e+00  -4.3517480e-01  -1.2161409e+00  -1.7695830e-01  -2.7332610e-03  -5.8188318e-03  -3.2397248e-03   1.8937711e-01   1.4789987e+00   3.1314240e-02   7.4707157e-06   3.3858804e-05   1.0495817e-05  -2.1338640e-02   3.2270000e-04   9.7938950e-02  -1.0387829e-03   6.8803600e-05   1.8130490e-04   4.5533756e-04   1.0413529e-07   9.5920379e-03   1.0790699e-06   4.7339354e-09   3.2871467e-08
   1.0000000e+00  -4.0315390e-01  -1.2463103e+00  -2.0751716e-01  -2.2592600e-03  -5.9422128e-03  -3.2557199e-03   1.6253307e-01   1.5532894e+00   4.3063372e-02   5.1042557e-06   3.5309893e-05   1.0599712e-05   3.2020900e-02  -3.0169400e-02  -3.0558860e-02   4.7400100e-04  -1.2338100e-04  -1.5995100e-05   1.0253380e-03   9.1019270e-04   9.3384392e-04   2.2467695e-07   1.5222871e-08   2.5584322e-10
   1.0000000e+00  -4.3806484e-01  -1.1928144e+00  -2.3843342e-01  -2.0680249e-03  -5.7968885e-03  -3.0992427e-03   1.9190080e-01   1.4228062e+00   5.6850496e-02   4.2767270e-06   3.3603916e-05   9.6053053e-06  -3.4910940e-02   5.3495900e-02  -3.0916260e-02   1.9123510e-04   1.4532430e-04   1.5647720e-04   1.2187737e-03   2.8618113e-03   9.5581513e-04   3.6570863e-08   2.1119152e-08   2.4485114e-08
   1.0000000e+00  -3.8507024e-01  -1.1984775e+00  -2.2850068e-01  -1.7108262e-03  -5.8395657e-03  -3.0299868e-03   1.4827909e-01   1.4363483e+00   5.2212561e-02   2.9269263e-06   3.4100528e-05   9.1808200e-06   5.2994600e-02  -5.6631000e-03   9.9327400e-03   3.5719870e-04  -4.2677200e-05   6.9255900e-05   2.8084276e-03   3.2070702e-05   9.8659324e-05   1.2759091e-07   1.8213434e-09   4.7963797e-09
   1.0000000e+00  -4.2385382e-01  -1.1852844e+00  -2.6031134e-01  -1.8165052e-03  -5.9190076e-03  -2.8942938e-03   1.7965206e-01   1.4048991e+00   6.7761994e-02   3.2996911e-06   3.5034651e-05   8.3769366e-06  -3.8783580e-02   1.3193100e-02  -3.1810660e-02  -1.0567900e-04  -7.9441900e-05   1.3569300e-04   1.5041661e-03   1.7405789e-04   1.0119181e-03   1.1168051e-08   6.3110155e-09   1.8412590e-08
   1.0000000e+00  -4.0008052e-01  -1.2004250e+00  -2.2888974e-01  -1.6375056e-03  -5.6631588e-03  -3.0776629e-03   1.6006442e-01   1.4410202e+00   5.2390513e-02   2.6814246e-06   3.2071368e-05   9.4720089e-06   2.3773300e-02  -1.5140600e-02   3.1421600e-02   1.7899960e-04   2.5584880e-04  -1.8336910e-04   5.6516979e-04   2.2923777e-04   9.8731695e-04   3.2040857e-08   6.5458608e-08   3.3624227e-08
   1.0000000e+00  -4.3464657e-01  -1.2195343e+00  -2.6063568e-01  -1.7265719e-03  -5.5805416e-03  -3.5057177e-03   1.8891764e-01   1.4872639e+00   6.7930958e-02   2.9810505e-06   3.1142445e-05   1.2290057e-05  -3.4566050e-02  -1.9109300e-02  -3.1745940e-02  -8.9066300e-05   8.2617200e-05  -4.2805480e-04   1.1948118e-03   3.6516535e-04   1.0078047e-03   7.9328058e-09   6.8256017e-09   1.8323091e-07
   1.0000000e+00  -3.7580367e-01  -1.2184680e+00  -1.8758115e-01  -2.1640023e-03  -5.8656767e-03  -2.8726763e-03   1.4122840e-01   1.4846643e+00   3.5186688e-02   4.6829060e-06   3.4406163e-05   8.2522691e-06   5.8842900e-02   1.0663000e-03   7.3054530e-02  -4.3743040e-04  -2.8513510e-04   6.3304140e-04   3.4624869e-03   1.1369957e-06   5.3369644e-03   1.9134535e-07   8.1302025e-08   4.0074141e-07
   1.0000000e+00  -4.0661533e-01  -1.2181236e+00  -3.2915010e-01  -1.3795151e-03  -5.9136606e-03  -2.5998331e-03   1.6533603e-01   1.4838251e+00   1.0833979e-01   1.9030619e-06   3.4971382e-05   6.7591321e-06  -3.0811660e-02   3.4440000e-04  -1.4156895e-01   7.8448720e-04  -4.7983900e-05   2.7284320e-04   9.4935839e-04   1.1861136e-07   2.0041768e-02   6.1542017e-07   2.3024547e-09   7.4443412e-08
   1.0000000e+00  -3.9806206e-01  -1.2152368e+00  -1.8089197e-01  -2.1314883e-03  -5.5890742e-03  -3.0289854e-03   1.5845340e-01   1.4768005e+00   3.2721905e-02   4.5432424e-06   3.1237750e-05   9.1747526e-06   8.5532700e-03   2.8868000e-03   1.4825813e-01  -7.5197320e-04   3.2458640e-04  -4.2915230e-04   7.3158428e-05   8.3336142e-06   2.1980473e-02   5.6546369e-07   1.0535633e-07   1.8417170e-07
   1.0000000e+00  -4.5973431e-01  -1.2788743e+00  -3.7744704e-01  -1.2976686e-03  -5.5677748e-03  -3.2533650e-03   2.1135564e-01   1.6355195e+00   1.4246627e-01   1.6839438e-06   3.1000116e-05   1.0584384e-05  -6.1672250e-02  -6.3637500e-02  -1.9655507e-01   8.3381970e-04   2.1299400e-05  -2.2437960e-04   3.8034664e-03   4.0497314e-03   3.8633896e-02   6.9525529e-07   4.5366444e-10   5.0346205e-08
   1.0000000e+00  -4.1575355e-01  -1.2514176e+00  -1.6779660e-01  -2.3999889e-03  -5.5671411e-03  -3.0666077e-03   1.7285101e-01   1.5660460e+00   2.8155699e-02   5.7599467e-06   3.0993060e-05   9.4040828e-06   4.3980760e-02   2.7456700e-02   2.0965044e-01  -1.1023203e-03   6.3370000e-07   1.8675730e-04   1.9343073e-03   7.5387037e-04   4.3953307e-02   1.2151100e-06   4.0157569e-13   3.4878289e-08
   1.0000000e+00  -4.9389050e-01  -1.2877270e+00  -3.6514050e-01  -1.1502432e-03  -5.0245854e-03  -4.2649459e-03   2.4392783e-01   1.6582408e+00   1.3332758e-01   1.3230594e-06   2.5246458e-05   1.8189764e-05  -7.8136950e-02  -3.6309400e-02  -1.9734390e-01   1.2497457e-03   5.4255570e-04  -1.1983382e-03   6.1053830e-03   1.3183725e-03   3.8944615e-02   1.5618643e-06   2.9436669e-07   1.4360144e-06
   1.0000000e+00  -4.2931131e-01  -1.2547485e+00  -1.8491643e-01  -2.1996371e-03  -5.2631484e-03  -3.2615615e-03   1.8430820e-01   1.5743938e+00   3.4194086e-02   4.8384034e-06   2.7700731e-05   1.0637783e-05   6.4579190e-02   3.2978500e-02   1.8022407e-01  -1.0493939e-03  -2.3856300e-04   1.0033844e-03   4.1704718e-03   1.0875815e-03   3.2480715e-02   1.1012276e-06   5.6912305e-08   1.0067803e-06
   1.0000000e+00  -4.8899350e-01  -1.2865985e+00  -3.9344752e-01  -5.5122730e-04  -4.9810686e-03  -4.1925430e-03   2.3911464e-01   1.6553357e+00   1.5480095e-01   3.0385154e-07   2.4811044e-05   1.7577417e-05  -5.9682190e-02  -3.1850000e-02  -2.0853109e-01   1.6484098e-03   2.8207980e-04  -9.3098150e-04   3.5619638e-03   1.0144225e-03   4.3485215e-02   2.7172549e-06   7.9569014e-08   8.6672655e-07
   1.0000000e+00  -4.3262544e-01  -1.2813761e+00  -1.4962316e-01  -2.1072734e-03  -5.3243051e-03  -3.3418791e-03   1.8716477e-01   1.6419247e+00   2.2387090e-02   4.4406012e-06   2.8348225e-05   1.1168156e-05   5.6368060e-02   5.2224000e-03   2.4382436e-01  -1.5560461e-03  -3.4323650e-04   8.5066390e-04   3.1773582e-03   2.7273462e-05   5.9450319e-02   2.4212795e-06   1.1781129e-07   7.2362907e-07
   1.0000000e+00  -4.6796810e-01  -1.3482822e+00  -4.1541296e-01  -7.1017007e-04  -5.3993905e-03  -3.6291223e-03   2.1899414e-01   1.8178649e+00   1.7256793e-01   5.0434153e-07   2.9153418e-05   1.3170529e-05  -3.5342660e-02  -6.6906100e-02  -2.6578980e-01   1.3971033e-03  -7.5085400e-05  -2.8724320e-04   1.2491036e-03   4.4764262e-03   7.0644218e-02   1.9518977e-06   5.6378173e-09   8.2508656e-08
