   1.0000000e+00   0.0000000e+00   0.0000000e+00   0.0000000e+00   0.0000000e+00   0.0000000e+00  -0.0000000e+00   0.0000000e+00   0.0000000e+00   0.0000000e+00   0.0000000e+00   0.0000000e+00   0.0000000e+00   0.0000000e+00   0.0000000e+00   0.0000000e+00   0.0000000e+00   0.0000000e+00   0.0000000e+00   0.0000000e+00   0.0000000e+00   0.0000000e+00   0.0000000e+00   0.0000000e+00   0.0000000e+00
   1.0000000e+00   2.1082194e-02  -8.8583279e-03  -6.8260821e-03   4.7897894e-04  -4.3385073e-04   4.3359666e-04   4.4445890e-04   7.8469973e-05   4.6595397e-05   2.2942082e-07   1.8822646e-07   1.8800606e-07   2.1082194e-02  -8.8583279e-03  -6.8260821e-03   4.7897894e-04  -4.3385073e-04   4.3359666e-04   4.4445890e-04   7.8469973e-05   4.6595397e-05   2.2942082e-07   1.8822646e-07   1.8800606e-07
   1.0000000e+00  -4.0436718e-03   4.1997704e-03  -4.3687603e-02   7.5691154e-04  -2.3199032e-04  -2.1450809e-05   1.6351282e-05   1.7638071e-05   1.9086067e-03   5.7291508e-07   5.3819509e-08   4.6013721e-10  -2.5125866e-02   1.3058098e-02  -3.6861521e-02   2.7793260e-04   2.0186041e-04  -4.5504747e-04   6.3130913e-04   1.7051393e-04   1.3587717e-03   7.7246530e-08   4.0747625e-08   2.0706820e-07
   1.0000000e+00   2.4314760e-02   1.0552500e-02  -3.5453476e-02   6.8924257e-04  -5.9292131e-04   5.1394768e-04   5.9120755e-04   1.1135526e-04   1.2569490e-03   4.7505532e-07   3.5155568e-07   2.6414222e-07   2.8358432e-02   6.3527296e-03   8.2341270e-03  -6.7668970e-05  -3.6093099e-04   5.3539849e-04   8.0420065e-04   4.0357173e-05   6.7800847e-05   4.5790895e-09   1.3027118e-07   2.8665154e-07
   1.0000000e+00   3.7133769e-03   2.2439762e-03  -2.3283139e-02   7.5728733e-04  -1.0894006e-04   1.1724524e-04   1.3789168e-05   5.0354292e-06   5.4210456e-04   5.7348410e-07   1.1867937e-08   1.3746446e-08  -2.0601383e-02  -8.3085238e-03   1.2170337e-02   6.8044760e-05   4.8398125e-04  -3.9670244e-04   4.2441699e-04   6.9031568e-05   1.4811710e-04   4.6300894e-09   2.3423785e-07   1.5737283e-07
   1.0000000e+00   2.8356171e-03   2.0499580e-02  -3.6760930e-02   2.9784393e-04  -1.5464187e-04   1.4199213e-04   8.0407243e-06   4.2023278e-04   1.3513660e-03   8.8711007e-08   2.3914108e-08   2.0161765e-08  -8.7775980e-04   1.8255604e-02  -1.3477791e-02  -4.5944340e-04  -4.5701810e-05   2.4746890e-05   7.7046227e-07   3.3326707e-04   1.8165085e-04   2.1108824e-07   2.0886554e-09   6.1240856e-10
   1.0000000e+00  -1.7983141e-02   1.8464185e-02  -6.2386326e-02   6.8241636e-04   3.8916785e-04  -3.8807810e-04   3.2339336e-04   3.4092613e-04   3.8920537e-03   4.6569209e-07   1.5145162e-07   1.5060461e-07  -2.0818758e-02  -2.0353950e-03  -2.5625396e-02   3.8457243e-04   5.4380972e-04  -5.3007023e-04   4.3342069e-04   4.1428328e-06   6.5666092e-04   1.4789595e-07   2.9572901e-07   2.8097445e-07
   1.0000000e+00   2.0444609e-03  -1.5377919e-02  -3.7193507e-02   2.1879387e-07  -2.9326948e-05  -6.1745844e-05   4.1798204e-06   2.3648039e-04   1.3833570e-03   4.7870758e-14   8.6006988e-10   3.8125493e-09   2.0027602e-02  -3.3842104e-02   2.5192819e-02  -6.8219757e-04  -4.1849480e-04   3.2633226e-04   4.0110484e-04   1.1452880e-03   6.3467813e-04   4.6539352e-07   1.7513790e-07   1.0649274e-07
   1.0000000e+00  -5.2996814e-03  -3.3116952e-02  -2.2226981e-02   2.5841224e-04   3.3913237e-04  -2.3796630e-04   2.8086623e-05   1.0967325e-03   4.9403868e-04   6.6776886e-08   1.1501076e-07   5.6627960e-08  -7.3441423e-03  -1.7739033e-02   1.4966526e-02   2.5819345e-04   3.6845932e-04  -1.7622046e-04   5.3936426e-05   3.1467329e-04   2.2399690e-04   6.6663856e-08   1.3576227e-07   3.1053649e-08
   1.0000000e+00   5.6108849e-04  -5.1560285e-02  -3.0183565e-02   1.3254904e-04   2.2180455e-04  -6.4909884e-05   3.1482029e-07   2.6584630e-03   9.1104760e-04   1.7569248e-08   4.9197258e-08   4.2132930e-09   5.8607699e-03  -1.8443333e-02  -7.9565840e-03  -1.2586320e-04  -1.1732782e-04   1.7305642e-04   3.4348624e-05   3.4015653e-04   6.3307229e-05   1.5841545e-08   1.3765817e-08   2.9948523e-08
   1.0000000e+00  -1.8369278e-02  -5.1797052e-02  -4.2873022e-02   4.1421954e-04   8.0852223e-04  -4.6943742e-04   3.3743037e-04   2.6829346e-03   1.8380960e-03   1.7157783e-07   6.5370820e-07   2.2037149e-07  -1.8930366e-02  -2.3676700e-04  -1.2689457e-02   2.8167050e-04   5.8671768e-04  -4.0452754e-04   3.5835878e-04   5.6058612e-08   1.6102232e-04   7.9338271e-08   3.4423764e-07   1.6364253e-07
   1.0000000e+00  -9.8846953e-03  -4.8678232e-02  -3.1885679e-02   3.7698547e-04   5.5316552e-04  -2.6426135e-04   9.7707201e-05   2.3695703e-03   1.0166965e-03   1.4211804e-07   3.0599209e-07   6.9834061e-08   8.4845827e-03   3.1188200e-03   1.0987343e-02  -3.7234070e-05  -2.5535671e-04   2.0517607e-04   7.1988144e-05   9.7270382e-06   1.2072171e-04   1.3863760e-09   6.5207049e-08   4.2097220e-08
   1.0000000e+00   2.2212930e-02  -5.1150555e-02  -5.4811101e-02   1.2761925e-03  -5.1085460e-04   4.8904125e-04   4.9341426e-04   2.6163793e-03   3.0042568e-03   1.6286673e-06   2.6097242e-07   2.3916134e-07   3.2097625e-02  -2.4723230e-03  -2.2925422e-02   8.9920703e-04  -1.0640201e-03   7.5330260e-04   1.0302575e-03   6.1123810e-06   5.2557497e-04   8.0857328e-07   1.1321388e-06   5.6746481e-07
   1.0000000e+00  -1.5165625e-02  -7.8473314e-02   5.4351716e-03   5.4714770e-04   3.5589116e-04  -2.5426883e-04   2.2999618e-04   6.1580610e-03   2.9541090e-05   2.9937061e-07   1.2665852e-07   6.4652638e-08  -3.7378555e-02  -2.7322759e-02   6.0246273e-02  -7.2904480e-04   8.6674576e-04  -7.4331008e-04   1.3971564e-03   7.4653316e-04   3.6296134e-03   5.3150632e-07   7.5124821e-07   5.5250988e-07
   1.0000000e+00  -5.2251344e-03  -6.1914361e-02  -4.3375819e-02   9.2959424e-04   3.1511762e-04  -1.0457691e-04   2.7302029e-05   3.8333881e-03   1.8814617e-03   8.6414545e-07   9.9299114e-08   1.0936330e-08   9.9404906e-03   1.6558953e-02  -4.8810991e-02   3.8244654e-04  -4.0773540e-05   1.4969192e-04   9.8813353e-05   2.7419892e-04   2.3825128e-03   1.4626536e-07   1.6624816e-09   2.2407671e-08
   1.0000000e+00  -1.0895220e-02  -9.7310929e-02   1.6385072e-04   3.5142449e-04   6.0310645e-04  -3.5143596e-04   1.1870582e-04   9.4694169e-03   2.6847058e-08   1.2349917e-07   3.6373739e-07   1.2350723e-07  -5.6700856e-03  -3.5396568e-02   4.3539670e-02  -5.7816975e-04   2.8798883e-04  -2.4685905e-04   3.2149871e-05   1.2529170e-03   1.8957028e-03   3.3428026e-07   8.2937566e-08   6.0939391e-08
   1.0000000e+00   1.0445395e-02  -4.3620559e-02  -6.5664206e-02   1.5025612e-03  -2.8904527e-04   2.6633023e-04   1.0910628e-04   1.9027532e-03   4.3117879e-03   2.2576902e-06   8.3547168e-08   7.0931791e-08   2.1340615e-02   5.3690370e-02  -6.5828057e-02   1.1511367e-03  -8.9215172e-04   6.1776619e-04   4.5542185e-04   2.8826558e-03   4.3333331e-03   1.3251157e-06   7.9593469e-07   3.8163507e-07
   1.0000000e+00  -2.0468477e-03  -5.0811633e-02  -5.5555585e-02   1.4199345e-03   6.9884157e-05  -1.6553275e-04   4.1895855e-06   2.5818220e-03   3.0864230e-03   2.0162140e-06   4.8837954e-09   2.7401091e-08  -1.2492243e-02  -7.1910740e-03   1.0108621e-02  -8.2626700e-05   3.5892943e-04  -4.3186298e-04   1.5605613e-04   5.1711545e-05   1.0218422e-04   6.8271716e-09   1.2883033e-07   1.8650563e-07
   1.0000000e+00   9.9565242e-03  -4.7612920e-02  -9.5554754e-02   1.9885011e-03  -2.9124317e-04   2.4673654e-04   9.9132374e-05   2.2669902e-03   9.1307110e-03   3.9541366e-06   8.4822584e-08   6.0878920e-08   1.2003372e-02   3.1987130e-03  -3.9999169e-02   5.6856660e-04  -3.6112733e-04   4.1226929e-04   1.4408094e-04   1.0231765e-05   1.5999335e-03   3.2326798e-07   1.3041295e-07   1.6996597e-07
   1.0000000e+00   4.8555208e-04  -4.3032937e-02  -6.2031893e-02   1.5396079e-03   6.5594505e-05   4.9438967e-05   2.3576082e-07   1.8518337e-03   3.8479557e-03   2.3703925e-06   4.3026391e-09   2.4442115e-09  -9.4709721e-03   4.5799830e-03   3.3522861e-02  -4.4889320e-04   3.5683767e-04  -1.9729757e-04   8.9699313e-05   2.0976244e-05   1.1237822e-03   2.0150511e-07   1.2733313e-07   3.8926332e-08
   1.0000000e+00  -1.3211429e-02  -4.1524710e-02  -7.2481032e-02   1.8719708e-03   1.4287279e-04  -1.2085014e-04   1.7454186e-04   1.7243015e-03   5.2535000e-03   3.5042747e-06   2.0412634e-08   1.4604756e-08  -1.3696981e-02   1.5082270e-03  -1.0449139e-02   3.3236290e-04   7.7278285e-05  -1.7028911e-04   1.8760729e-04   2.2747487e-06   1.0918451e-04   1.1046510e-07   5.9719333e-09   2.8998380e-08
   1.0000000e+00   5.0699491e-03  -6.2265654e-02  -5.4969890e-02   1.2441365e-03  -4.7707020e-04   1.4285675e-04   2.5704384e-05   3.8770117e-03   3.0216888e-03   1.5478756e-06   2.2759598e-07   2.0408051e-08   1.8281378e-02  -2.0740944e-02   1.7511142e-02  -6.2783430e-04  -6.1994299e-04   2.6370689e-04   3.3420879e-04   4.3018676e-04   3.0664009e-04   3.9417591e-07   3.8432931e-07   6.9541324e-08
   1.0000000e+00   3.5825378e-04  -5.4514748e-02  -9.0432103e-02   1.2369092e-03  -6.6572889e-05  -1.3512284e-04   1.2834577e-07   2.9718577e-03   8.1779653e-03   1.5299444e-06   4.4319495e-09   1.8258182e-08  -4.7116953e-03   7.7509060e-03  -3.5462213e-02  -7.2273000e-06   4.1049731e-04  -2.7797959e-04   2.2200073e-05   6.0076544e-05   1.2575686e-03   5.2233865e-11   1.6850804e-07   7.7272652e-08
   1.0000000e+00  -5.6464907e-03  -6.6574279e-02  -6.5650988e-02   7.1234799e-04  -1.3703317e-04  -2.6902024e-04   3.1882857e-05   4.4321346e-03   4.3100522e-03   5.0743966e-07   1.8778090e-08   7.2371890e-08  -6.0047445e-03  -1.2059531e-02   2.4781115e-02  -5.2456121e-04  -7.0460281e-05  -1.3389740e-04   3.6056956e-05   1.4543229e-04   6.1410366e-04   2.7516446e-07   4.9646512e-09   1.7928514e-08
   1.0000000e+00  -3.4402037e-03  -4.6408045e-02  -9.0975574e-02   1.0863067e-03   3.5002562e-05  -1.5086114e-04   1.1835001e-05   2.1537066e-03   8.2765551e-03   1.1800622e-06   1.2251793e-09   2.2759084e-08   2.2062870e-03   2.0166234e-02  -2.5324586e-02   3.7395871e-04   1.7203573e-04   1.1815910e-04   4.8677023e-06   4.0667699e-04   6.4133466e-04   1.3984512e-07   2.9596293e-08   1.3961573e-08
   1.0000000e+00  -1.6476084e-02  -6.5035356e-02  -7.8774353e-02   7.9850753e-04   1.1421936e-04  -3.5780623e-04   2.7146134e-04   4.2295975e-03   6.2053987e-03   6.3761428e-07   1.3046062e-08   1.2802530e-07  -1.3035880e-02  -1.8627311e-02   1.2201221e-02  -2.8779917e-04   7.9216798e-05  -2.0694509e-04   1.6993418e-04   3.4697672e-04   1.4886979e-04   8.2828362e-08   6.2753011e-09   4.2826270e-08
   1.0000000e+00   4.4011057e-03  -7.0347572e-02  -9.6407958e-02   1.5568334e-03   9.1373347e-06  -1.0813797e-04   1.9369731e-05   4.9487809e-03   9.2944944e-03   2.4237302e-06   8.3490885e-11   1.1693821e-08   2.0877190e-02  -5.3122160e-03  -1.7633605e-02   7.5832587e-04  -1.0508203e-04   2.4966826e-04   4.3585705e-04   2.8219639e-05   3.1094403e-04   5.7505813e-07   1.1042232e-08   6.2334240e-08
   1.0000000e+00  -2.7194228e-03  -8.4148820e-02  -7.0921272e-02   9.7851763e-04   5.2837193e-04  -3.2209877e-04   7.3952604e-06   7.0810239e-03   5.0298268e-03   9.5749675e-07   2.7917690e-07   1.0374762e-07  -7.1205285e-03  -1.3801248e-02   2.5486686e-02  -5.7831577e-04   5.1923460e-04  -2.1396080e-04   5.0701926e-05   1.9047445e-04   6.4957116e-04   3.3444913e-07   2.6960456e-07   4.5779224e-08
   1.0000000e+00   3.4549671e-03  -8.3030389e-02  -1.0181887e-01   2.1725543e-03   9.1484989e-06  -2.2452532e-05   1.1936798e-05   6.8940455e-03   1.0367082e-02   4.7199922e-06   8.3695032e-11   5.0411619e-10   6.1743899e-03   1.1184310e-03  -3.0897598e-02   1.1940367e-03  -5.1922343e-04   2.9964624e-04   3.8123091e-05   1.2508879e-06   9.5466156e-04   1.4257236e-06   2.6959297e-07   8.9787868e-08
   1.0000000e+00   1.4734402e-03  -7.5188203e-02  -6.0495703e-02   1.3576193e-03  -1.5450683e-04  -2.4207078e-04   2.1710260e-06   5.6532659e-03   3.6597301e-03   1.8431302e-06   2.3872361e-08   5.8598263e-08  -1.9815269e-03   7.8421860e-03   4.1323167e-02  -8.1493500e-04  -1.6365533e-04  -2.1961825e-04   3.9264489e-06   6.1499881e-05   1.7076041e-03   6.6411905e-07   2.6783067e-08   4.8232175e-08
   1.0000000e+00   1.0936790e-02  -8.4892311e-02  -8.8356495e-02   2.1735439e-03  -3.6824083e-04   1.8275577e-04   1.1961338e-04   7.2067045e-03   7.8068702e-03   4.7242931e-06   1.3560131e-07   3.3399671e-08   9.4633498e-03  -9.7041080e-03  -2.7860792e-02   8.1592460e-04  -2.1373400e-04   4.2482655e-04   8.9554989e-05   9.4169712e-05   7.7622373e-04   6.6573295e-07   4.5682223e-08   1.8047760e-07
   1.0000000e+00  -2.5591926e-02  -6.9069731e-02  -4.2079535e-02   1.6152466e-03  -2.0255249e-04  -2.8577922e-04   6.5494668e-04   4.7706277e-03   1.7706873e-03   2.6090216e-06   4.1027511e-08   8.1669763e-08  -3.6528716e-02   1.5822580e-02   4.6276960e-02  -5.5829730e-04   1.6568834e-04  -4.6853499e-04   1.3343471e-03   2.5035404e-04   2.1415570e-03   3.1169588e-07   2.7452626e-08   2.1952504e-07
   1.0000000e+00  -1.8902799e-02  -1.0415740e-01  -4.8144384e-02   1.6813121e-03  -4.2899206e-04  -1.2187477e-04   3.5731581e-04   1.0848764e-02   2.3178817e-03   2.8268104e-06   1.8403419e-07   1.4853460e-08   6.6891270e-03  -3.5087669e-02  -6.0648490e-03   6.6065500e-05  -2.2643957e-04   1.6390445e-04   4.4744420e-05   1.2311445e-03   3.6782393e-05   4.3646503e-09   5.1274879e-08   2.6864669e-08
   1.0000000e+00  -3.7190821e-02  -1.3120501e-01  -4.5586250e-02   1.2148753e-03   5.3632307e-04  -6.2230309e-04   1.3831572e-03   1.7214755e-02   2.0781062e-03   1.4759220e-06   2.8764244e-07   3.8726114e-07  -1.8288022e-02  -2.7047610e-02   2.5581340e-03  -4.6643680e-04   9.6531513e-04  -5.0042832e-04   3.3445175e-04   7.3157321e-04   6.5440496e-06   2.1756329e-07   9.3183330e-07   2.5042850e-07
   1.0000000e+00  -2.7621459e-02  -1.2395115e-01  -5.6813582e-02   1.5875099e-03  -5.5163273e-05  -4.3016000e-04   7.6294500e-04   1.5363888e-02   3.2277831e-03   2.5201877e-06   3.0429867e-09   1.8503763e-07   9.5693620e-03   7.2538600e-03  -1.1227332e-02   3.7263460e-04  -5.9148634e-04   1.9214309e-04   9.1572689e-05   5.2618485e-05   1.2605298e-04   1.3885655e-07   3.4985609e-07   3.6918967e-08
   1.0000000e+00   8.2481445e-05  -1.2514298e-01  -8.2598375e-02   1.8959137e-03  -1.8544885e-04   2.3269636e-05   6.8031888e-09   1.5660765e-02   6.8224916e-03   3.5944888e-06   3.4391276e-08   5.4147596e-10   2.7703940e-02  -1.1918300e-03  -2.5784793e-02   3.0840380e-04  -1.3028558e-04   4.5342964e-04   7.6750832e-04   1.4204587e-06   6.6485555e-04   9.5112904e-08   1.6974332e-08   2.0559843e-07
   1.0000000e+00  -1.4231082e-02  -1.4602362e-01  -6.4106369e-02   1.7263566e-03  -5.2860814e-04  -2.2970867e-04   2.0252369e-04   2.1322898e-02   4.1096265e-03   2.9803071e-06   2.7942657e-07   5.2766073e-08  -1.4313563e-02  -2.0880640e-02   1.8492006e-02  -1.6955710e-04  -3.4315929e-04  -2.5297831e-04   2.0487810e-04   4.3600113e-04   3.4195429e-04   2.8749610e-08   1.1775830e-07   6.3998023e-08
   1.0000000e+00  -2.2738287e-02  -1.6310826e-01  -1.7976089e-02   1.2401058e-03   4.3830767e-05  -5.4026811e-04   5.1702970e-04   2.6604304e-02   3.2313978e-04   1.5378624e-06   1.9211361e-09   2.9188963e-07  -8.5072050e-03  -1.7084640e-02   4.6130280e-02  -4.8625080e-04   5.7243891e-04  -3.1055944e-04   7.2372537e-05   2.9188492e-04   2.1280027e-03   2.3643984e-07   3.2768630e-07   9.6447166e-08
   1.0000000e+00  -1.8797106e-02  -1.6106303e-01  -2.8116312e-02   9.7250832e-04   6.3440683e-05  -4.5743231e-04   3.5333119e-04   2.5941300e-02   7.9052700e-04   9.4577243e-07   4.0247203e-09   2.0924432e-07   3.9411810e-03   2.0452300e-03  -1.0140223e-02  -2.6759748e-04   1.9609916e-05   8.2835800e-05   1.5532908e-05   4.1829658e-06   1.0282412e-04   7.1608411e-08   3.8454881e-10   6.8617698e-09
   1.0000000e+00   1.2658683e-02  -1.4758151e-01  -5.0245177e-02   1.8283270e-03  -6.0164676e-04   2.1017808e-04   1.6024226e-04   2.1780302e-02   2.5245778e-03   3.3427796e-06   3.6197882e-07   4.4174825e-08   3.1455789e-02   1.3481520e-02  -2.2128865e-02   8.5581868e-04  -6.6508744e-04   6.6761039e-04   9.8946666e-04   1.8175138e-04   4.8968667e-04   7.3242561e-07   4.4234131e-07   4.4570363e-07
   1.0000000e+00  -1.2595356e-02  -1.9726204e-01  -1.6243668e-02   1.1169919e-03  -7.9682582e-05  -2.6314890e-04   1.5864299e-04   3.8912312e-02   2.6385675e-04   1.2476709e-06   6.3493139e-09   6.9247344e-08  -2.5254039e-02  -4.9680530e-02   3.4001509e-02  -7.1133510e-04   5.2196418e-04  -4.7332698e-04   6.3776649e-04   2.4681551e-03   1.1561026e-03   5.0599762e-07   2.7244660e-07   2.2403843e-07
   1.0000000e+00  -8.5412426e-03  -1.9163634e-01  -2.9723362e-02   1.8959144e-03  -5.8297881e-05  -2.4526196e-04   7.2952825e-05   3.6724487e-02   8.8347825e-04   3.5944914e-06   3.3986429e-09   6.0153429e-08   4.0541134e-03   5.6257000e-03  -1.3479694e-02   7.7892250e-04   2.1384701e-05   1.7886940e-05   1.6435835e-05   3.1648500e-05   1.8170215e-04   6.0672026e-07   4.5730544e-10   3.1994262e-10
   1.0000000e+00  -1.9979513e-02  -2.0965637e-01  -2.0359081e-02   1.5011544e-03   2.5552341e-04  -3.8080413e-04   3.9918094e-04   4.3955793e-02   4.1449218e-04   2.2534645e-06   6.5292213e-08   1.4501179e-07  -1.1438270e-02  -1.8020030e-02   9.3642810e-03  -3.9476000e-04   3.1382129e-04  -1.3554217e-04   1.3083403e-04   3.2472148e-04   8.7689759e-05   1.5583546e-07   9.8483803e-08   1.8371680e-08
   1.0000000e+00   2.1185693e-02  -1.8057054e-01  -5.7903321e-02   2.4975552e-03  -9.6179456e-04   3.9706457e-04   4.4883359e-04   3.2605720e-02   3.3527946e-03   6.2377820e-06   9.2504878e-07   1.5766027e-07   4.1165206e-02   2.9085830e-02  -3.7544240e-02   9.9640080e-04  -1.2173180e-03   7.7786870e-04   1.6945742e-03   8.4598551e-04   1.4095700e-03   9.9281455e-07   1.4818630e-06   6.0507971e-07
   1.0000000e+00  -8.4103744e-03  -1.6774658e-01  -2.2437195e-02   1.9447628e-03  -6.9585940e-04  -7.0433415e-05   7.0734398e-05   2.8138915e-02   5.0342772e-04   3.7821023e-06   4.8422030e-07   4.9608659e-09  -2.9596067e-02   1.2823960e-02   3.5466126e-02  -5.5279240e-04   2.6593516e-04  -4.6749798e-04   8.7592721e-04   1.6445395e-04   1.2578461e-03   3.0557944e-07   7.0721509e-08   2.1855437e-07
   1.0000000e+00   9.7359339e-04  -1.6796060e-01  -5.8823312e-02   2.4262796e-03  -9.3660280e-04   6.9346500e-05   9.4788409e-07   2.8210763e-02   3.4601820e-03   5.8868327e-06   8.7722480e-07   4.8089371e-09   9.3839678e-03  -2.1402000e-04  -3.6386117e-02   4.8151680e-04  -2.4074340e-04   1.3977992e-04   8.8058851e-05   4.5804560e-08   1.3239495e-03   2.3185843e-07   5.7957385e-08   1.9538425e-08
   1.0000000e+00  -5.6924517e-03  -1.7409505e-01  -2.3473035e-02   1.9640149e-03  -8.0199452e-04  -1.4528087e-05   3.2404006e-05   3.0309086e-02   5.5098337e-04   3.8573545e-06   6.4319521e-07   2.1106531e-10  -6.6660451e-03  -6.1344500e-03   3.5350277e-02  -4.6226470e-04   1.3460828e-04  -8.3874587e-05   4.4436157e-05   3.7631477e-05   1.2496421e-03   2.1368865e-07   1.8119389e-08   7.0349463e-09
   1.0000000e+00  -2.4801875e-02  -1.8419476e-01  -3.7761506e-02   2.0482730e-03  -1.1769264e-04  -4.6378260e-04   6.1513300e-04   3.3927710e-02   1.4259313e-03   4.1954223e-06   1.3851558e-08   2.1509430e-07  -1.9109423e-02  -1.0099710e-02  -1.4288471e-02   8.4258100e-05   6.8430188e-04  -4.4925451e-04   3.6517006e-04   1.0200414e-04   2.0416040e-04   7.0994274e-09   4.6826906e-07   2.0182962e-07
   1.0000000e+00  -3.5042216e-02  -1.7646326e-01  -1.4729981e-03   1.2703971e-03   3.0998424e-04  -9.8019266e-04   1.2279569e-03   3.1139282e-02   2.1697234e-06   1.6139088e-06   9.6090229e-08   9.6077765e-07  -1.0240341e-02   7.7315000e-03   3.6288508e-02  -7.7787590e-04   4.2767688e-04  -5.1641006e-04   1.0486458e-04   5.9776092e-05   1.3168558e-03   6.0509092e-07   1.8290751e-07   2.6667935e-07
   1.0000000e+00  -2.4474938e-02  -1.6500588e-01  -9.5604595e-02   1.9482475e-03   5.3470995e-04  -9.3103828e-04   5.9902259e-04   2.7226940e-02   9.1402386e-03   3.7956683e-06   2.8591473e-07   8.6683228e-07   1.0567278e-02   1.1457380e-02  -9.4131597e-02   6.7785040e-04   2.2472571e-04   4.9154380e-05   1.1166736e-04   1.3127156e-04   8.8607575e-03   4.5948116e-07   5.0501645e-08   2.4161531e-09
   1.0000000e+00  -1.5848691e-02  -1.9486635e-01  -2.2655123e-02   9.0528972e-04   1.0483284e-04  -8.7032221e-04   2.5118101e-04   3.7972894e-02   5.1325460e-04   8.1954948e-07   1.0989924e-08   7.5746075e-07   8.6262470e-03  -2.9860470e-02   7.2949472e-02  -1.0429578e-03  -4.2987711e-04   6.0716070e-05   7.4412137e-05   8.9164767e-04   5.3216255e-03   1.0877609e-06   1.8479433e-07   3.6864412e-09
   1.0000000e+00  -2.0211040e-02  -1.6901045e-01  -5.5840742e-02   1.2861002e-03  -5.7939344e-04  -5.2106205e-04   4.0848614e-04   2.8564532e-02   3.1181885e-03   1.6540537e-06   3.3569676e-07   2.7150566e-07  -4.3623490e-03   2.5855900e-02  -3.3185619e-02   3.8081048e-04  -6.8422628e-04   3.4926016e-04   1.9030089e-05   6.6852756e-04   1.1012853e-03   1.4501662e-07   4.6816560e-07   1.2198266e-07
   1.0000000e+00  -3.3825663e-02  -1.8879111e-01  -2.6997814e-02   8.5727695e-04  -7.0342952e-04  -9.1048866e-04   1.1441755e-03   3.5642083e-02   7.2888196e-04   7.3492377e-07   4.9481309e-07   8.2898960e-07  -1.3614623e-02  -1.9780660e-02   2.8842928e-02  -4.2882325e-04  -1.2403608e-04  -3.8942661e-04   1.8535796e-04   3.9127451e-04   8.3191450e-04   1.8388938e-07   1.5384949e-08   1.5165308e-07
   1.0000000e+00  -3.3021940e-02  -1.5743765e-01  -7.3156271e-02   1.7966047e-03  -3.5344616e-04  -6.4981678e-04   1.0904485e-03   2.4786614e-02   5.3518400e-03   3.2277884e-06   1.2492419e-07   4.2226185e-07   8.0372300e-04   3.1353460e-02  -4.6158457e-02   9.3932775e-04   3.4998336e-04   2.6067188e-04   6.4597066e-07   9.8303945e-04   2.1306032e-03   8.8233662e-07   1.2248835e-07   6.7949829e-08
   1.0000000e+00  -3.1013365e-02  -1.9367700e-01  -2.3921661e-02   1.0882862e-03  -4.8964953e-04  -7.9939090e-04   9.6182881e-04   3.7510780e-02   5.7224586e-04   1.1843669e-06   2.3975666e-07   6.3902581e-07   2.0085750e-03  -3.6239350e-02   4.9234610e-02  -7.0831850e-04  -1.3620337e-04  -1.4957412e-04   4.0343735e-06   1.3132905e-03   2.4240468e-03   5.0171510e-07   1.8551358e-08   2.2372417e-08
   1.0000000e+00  -3.6786538e-02  -2.0261998e-01  -1.9870714e-03   1.2874252e-03  -3.6544268e-04  -5.6517943e-04   1.3532494e-03   4.1054856e-02   3.9484527e-06   1.6574636e-06   1.3354835e-07   3.1942779e-07  -5.7731730e-03  -8.9429800e-03   2.1934590e-02   1.9913900e-04   1.2420685e-04   2.3421147e-04   3.3329526e-05   7.9976891e-05   4.8112622e-04   3.9656341e-08   1.5427342e-08   5.4855013e-08
   1.0000000e+00  -4.1386939e-02  -2.6556401e-01   1.4337072e-02   5.3121226e-04  -3.6377266e-04  -7.5736125e-04   1.7128787e-03   7.0524243e-02   2.0555163e-04   2.8218647e-07   1.3233055e-07   5.7359606e-07  -4.6004010e-03  -6.2944030e-02   1.6324143e-02  -7.5621294e-04   1.6700200e-06  -1.9218182e-04   2.1163689e-05   3.9619509e-03   2.6647766e-04   5.7185801e-07   2.7889668e-12   3.6933852e-08
   1.0000000e+00  -1.4590705e-02  -2.2798413e-01  -4.1836331e-02   1.9312447e-03  -6.0495873e-04  -3.5974081e-04   2.1288867e-04   5.1976764e-02   1.7502786e-03   3.7297061e-06   3.6597507e-07   1.2941345e-07   2.6796234e-02   3.7579880e-02  -5.6173403e-02   1.4000324e-03  -2.4118607e-04   3.9762044e-04   7.1803816e-04   1.4122474e-03   3.1554512e-03   1.9600908e-06   5.8170720e-08   1.5810201e-07
   1.0000000e+00  -2.7374461e-02  -2.5446877e-01   4.7126378e-03   1.2934010e-03  -3.2770196e-04  -5.8243813e-04   7.4936112e-04   6.4754355e-02   2.2208955e-05   1.6728861e-06   1.0738857e-07   3.3923418e-07  -1.2783756e-02  -2.6484640e-02   4.6548969e-02  -6.3784370e-04   2.7725677e-04  -2.2269732e-04   1.6342442e-04   7.0143616e-04   2.1668065e-03   4.0684459e-07   7.6871317e-08   4.9594096e-08
   1.0000000e+00  -8.6095221e-03  -2.4196372e-01  -5.4101311e-02   2.2661222e-03  -5.3054826e-04  -4.5433330e-04   7.4123871e-05   5.8546442e-02   2.9269519e-03   5.1353098e-06   2.8148146e-07   2.0641875e-07   1.8764939e-02   1.2505050e-02  -5.8813949e-02   9.7272120e-04  -2.0284630e-04   1.2810483e-04   3.5212293e-04   1.5637628e-04   3.4590806e-03   9.4618653e-07   4.1146621e-08   1.6410847e-08
   1.0000000e+00   1.9334092e-02  -2.1309665e-01   5.0136135e-02   1.1394684e-03  -9.7518227e-04   2.5745797e-04   3.7380711e-04   4.5410182e-02   2.5136320e-03   1.2983882e-06   9.5098046e-07   6.6284606e-08   2.7943614e-02   2.8867070e-02   1.0423745e-01  -1.1266538e-03  -4.4463401e-04   7.1179127e-04   7.8084557e-04   8.3330773e-04   1.0865445e-02   1.2693488e-06   1.9769940e-07   5.0664681e-07
   1.0000000e+00  -2.1499699e-02  -2.6491193e-01   5.6419198e-02   1.6749097e-03  -3.8440504e-04  -7.3845801e-04   4.6223706e-04   7.0178331e-02   3.1831259e-03   2.8053225e-06   1.4776723e-07   5.4532023e-07  -4.0833791e-02  -5.1815280e-02   6.2830630e-03   5.3544130e-04   5.9077723e-04  -9.9591598e-04   1.6673985e-03   2.6848232e-03   3.9476881e-05   2.8669739e-07   3.4901774e-07   9.9184864e-07
   1.0000000e+00  -2.1000672e-02  -2.6716258e-01   3.8311445e-02   8.4004476e-04  -4.9536501e-04  -6.2687707e-04   4.4102822e-04   7.1375844e-02   1.4677668e-03   7.0567520e-07   2.4538649e-07   3.9297486e-07   4.9902700e-04  -2.2506500e-03  -1.8107753e-02  -8.3486494e-04  -1.1095997e-04   1.1158094e-04   2.4902795e-07   5.0654254e-06   3.2789072e-04   6.9699947e-07   1.2312115e-08   1.2450306e-08
   1.0000000e+00   4.6113747e-03  -2.5066442e-01  -2.3922751e-02   2.1698075e-03  -9.7161967e-04  -5.5659042e-05   2.1264777e-05   6.2832651e-02   5.7229802e-04   4.7080646e-06   9.4404478e-07   3.0979290e-09   2.5612047e-02   1.6498160e-02  -6.2234196e-02   1.3297627e-03  -4.7625466e-04   5.7121803e-04   6.5597694e-04   2.7218928e-04   3.8730952e-03   1.7682689e-06   2.2681850e-07   3.2629004e-07
   1.0000000e+00   3.6301629e-03  -2.9185868e-01   1.8293688e-02   1.7343317e-03  -5.1281142e-04  -2.5721513e-04   1.3178083e-05   8.5181489e-02   3.3465902e-04   3.0079064e-06   2.6297555e-07   6.6159623e-08  -9.8121180e-04  -4.1194260e-02   4.2216439e-02  -4.3547580e-04   4.5880825e-04  -2.0155609e-04   9.6277660e-07   1.6969671e-03   1.7822277e-03   1.8963917e-07   2.1050501e-07   4.0624857e-08
   1.0000000e+00  -1.1755920e-02  -3.0314141e-01  -1.4223022e-02   1.9658128e-03  -4.7735112e-04  -7.4026289e-04   1.3820166e-04   9.1894714e-02   2.0229435e-04   3.8644200e-06   2.2786409e-07   5.4798915e-07  -1.5386083e-02  -1.1282730e-02  -3.2516710e-02   2.3148110e-04   3.5460300e-05  -4.8304776e-04   2.3673155e-04   1.2730000e-04   1.0573364e-03   5.3583500e-08   1.2574329e-09   2.3333514e-07
   1.0000000e+00  -2.7968910e-02  -3.0639319e-01   2.9614580e-02   9.1167942e-04  -5.2718520e-04  -7.8851180e-04   7.8225993e-04   9.3876787e-02   8.7702335e-04   8.3115936e-07   2.7792424e-07   6.2175086e-07  -1.6212990e-02  -3.2517800e-03   4.3837602e-02  -1.0541334e-03  -4.9834080e-05  -4.8248910e-05   2.6286104e-04   1.0574073e-05   1.9217353e-03   1.1111972e-06   2.4834355e-09   2.3279573e-09
   1.0000000e+00  -1.5725324e-02  -2.8441324e-01  -1.1215523e-02   1.8491150e-03  -8.4363186e-04  -4.7842175e-04   2.4728581e-04   8.0890891e-02   1.2578796e-04   3.4192263e-06   7.1171472e-07   2.2888737e-07   1.2243586e-02   2.1979950e-02  -4.0830103e-02   9.3743558e-04  -3.1644666e-04   3.1009005e-04   1.4990540e-04   4.8311820e-04   1.6670973e-03   8.7878547e-07   1.0013849e-07   9.6155839e-08
   1.0000000e+00  -1.0615394e-02  -3.0873875e-01   3.3474613e-02   1.1827005e-03  -5.6552671e-04  -8.1479769e-04   1.1268659e-04   9.5319616e-02   1.1205497e-03   1.3987805e-06   3.1982046e-07   6.6389528e-07   5.1099300e-03  -2.4325510e-02   4.4690136e-02  -6.6641450e-04   2.7810515e-04  -3.3637594e-04   2.6111385e-05   5.9173044e-04   1.9972083e-03   4.4410829e-07   7.7342474e-08   1.1314877e-07
   1.0000000e+00  -2.4544110e-02  -3.0824105e-01   2.5498929e-03   1.3413848e-03  -5.9032116e-04  -1.1290929e-03   6.0241334e-04   9.5012545e-02   6.5019538e-06   1.7993132e-06   3.4847907e-07   1.2748508e-06  -1.3928716e-02   4.9770000e-04  -3.0924720e-02   1.5868430e-04  -2.4794450e-05  -3.1429521e-04   1.9400913e-04   2.4770529e-07   9.5633831e-04   2.5180707e-08   6.1476475e-10   9.8781479e-08
   1.0000000e+00  -2.9422186e-02  -3.1807490e-01   4.9864533e-03   9.7408284e-04  -2.9271685e-04  -8.9121578e-04   8.6566503e-04   1.0117164e-01   2.4864717e-05   9.4883738e-07   8.5683154e-08   7.9426557e-07  -4.8780760e-03  -9.8338500e-03   2.4365604e-03  -3.6730196e-04   2.9760431e-04   2.3787712e-04   2.3795625e-05   9.6704606e-05   5.9368266e-06   1.3491073e-07   8.8568325e-08   5.6585524e-08
   1.0000000e+00  -2.2636087e-02  -3.1674219e-01  -2.7952033e-02   1.4184638e-03  -5.3308816e-05  -9.2516015e-04   5.1239243e-04   1.0032561e-01   7.8131615e-04   2.0120396e-06   2.8418299e-09   8.5592130e-07   6.7860990e-03   1.3327100e-03  -3.2938486e-02   4.4438096e-04   2.3940803e-04  -3.3944370e-05   4.6051140e-05   1.7761159e-06   1.0849439e-03   1.9747444e-07   5.7316207e-08   1.1522203e-09
   1.0000000e+00   6.3213935e-03  -3.2771613e-01  -6.0590866e-02   2.1236996e-03  -4.5316576e-04  -6.8503698e-04   3.9960016e-05   1.0739786e-01   3.6712530e-03   4.5101000e-06   2.0535921e-07   4.6927566e-07   2.8957481e-02  -1.0973940e-02  -3.2638833e-02   7.0523580e-04  -3.9985694e-04   2.4012317e-04   8.3853568e-04   1.2042736e-04   1.0652934e-03   4.9735753e-07   1.5988558e-07   5.7659137e-08
   1.0000000e+00  -7.8644560e-03  -3.4906807e-01  -1.5791644e-02   1.4792622e-03  -5.5128553e-04  -9.4480587e-04   6.1849668e-05   1.2184852e-01   2.4937602e-04   2.1882167e-06   3.0391574e-07   8.9265813e-07  -1.4185850e-02  -2.1351940e-02   4.4799222e-02  -6.4443740e-04  -9.8119770e-05  -2.5976889e-04   2.0123833e-04   4.5590534e-04   2.0069703e-03   4.1529956e-07   9.6274893e-09   6.7479876e-08
   1.0000000e+00  -1.0693030e-02  -3.4677320e-01   7.3000866e-04   1.2282241e-03  -5.6473346e-04  -1.0300574e-03   1.1434089e-04   1.2025165e-01   5.3291264e-07   1.5085344e-06   3.1892388e-07   1.0610182e-06  -2.8285740e-03   2.2948700e-03   1.6521653e-02  -2.5103810e-04  -1.3447930e-05  -8.5251530e-05   8.0008309e-06   5.2664283e-06   2.7296501e-04   6.3020128e-08   1.8084682e-10   7.2678234e-09
   1.0000000e+00   1.0978380e-02  -3.6601161e-01   1.9511960e-02   1.2605519e-03  -8.3435382e-04  -3.1833566e-04   1.2052483e-04   1.3396450e-01   3.8071658e-04   1.5889911e-06   6.9614630e-07   1.0133759e-07   2.1671410e-02  -1.9238410e-02   1.8781951e-02   3.2327800e-05  -2.6962036e-04   7.1172174e-04   4.6965001e-04   3.7011642e-04   3.5276170e-04   1.0450867e-09   7.2695139e-08   5.0654784e-07
   1.0000000e+00   3.0972458e-02  -3.4970402e-01   1.3157765e-02   2.1503971e-03  -6.9402478e-04   1.6566166e-04   9.5929315e-04   1.2229290e-01   1.7312678e-04   4.6242077e-06   4.8167040e-07   2.7443786e-08   1.9994078e-02   1.6307590e-02  -6.3541950e-03   8.8984520e-04   1.4032904e-04   4.8399732e-04   3.9976316e-04   2.6593749e-04   4.0375794e-05   7.9182448e-07   1.9692239e-08   2.3425341e-07
   1.0000000e+00  -3.9931336e-03  -3.6005208e-01   4.0125956e-02   1.9786887e-03   2.5194037e-05  -4.9030159e-04   1.5945116e-05   1.2963750e-01   1.6100923e-03   3.9152090e-06   6.3473950e-10   2.4039565e-07  -3.4965592e-02  -1.0348060e-02   2.6968191e-02  -1.7170840e-04   7.1921882e-04  -6.5596325e-04   1.2225926e-03   1.0708235e-04   7.2728333e-04   2.9483775e-08   5.1727571e-07   4.3028779e-07
   1.0000000e+00   2.7055043e-02  -3.5873740e-01   8.0912373e-03   3.0439802e-03  -1.2154261e-03   3.8552339e-04   7.3197535e-04   1.2869252e-01   6.5468121e-05   9.2658155e-06   1.4772606e-06   1.4862828e-07   3.1048177e-02   1.3146800e-03  -3.2034719e-02   1.0652915e-03  -1.2406201e-03   8.7582498e-04   9.6398927e-04   1.7283835e-06   1.0262232e-03   1.1348460e-06   1.5391383e-06   7.6706940e-07
   1.0000000e+00   2.0879661e-02  -3.7070473e-01   2.7424018e-02   2.4872047e-03  -1.2543084e-03   6.8157497e-05   4.3596024e-04   1.3742200e-01   7.5207676e-04   6.1861872e-06   1.5732896e-06   4.6454444e-09  -6.1753820e-03  -1.1967330e-02   1.9332781e-02  -5.5677550e-04  -3.8882300e-05  -3.1736589e-04   3.8135343e-05   1.4321699e-04   3.7375641e-04   3.0999896e-07   1.5118333e-09   1.0072111e-07
   1.0000000e+00   1.5160845e-02  -3.6302684e-01  -9.2467520e-03   3.0529360e-03  -1.3729897e-03   5.4542048e-05   2.2985122e-04   1.3178849e-01   8.5502423e-05   9.3204182e-06   1.8851007e-06   2.9748350e-09  -5.7188160e-03   7.6778900e-03  -3.6670770e-02   5.6573130e-04  -1.1868130e-04  -1.3615449e-05   3.2704856e-05   5.8949995e-05   1.3447454e-03   3.2005190e-07   1.4085251e-08   1.8538045e-10
   1.0000000e+00   8.1528887e-03  -4.0307134e-01   5.4379094e-02   1.3794059e-03  -1.0606771e-03  -4.2812176e-04   6.6469594e-05   1.6246651e-01   2.9570859e-03   1.9027606e-06   1.1250359e-06   1.8328824e-07  -7.0079563e-03  -4.0044500e-02   6.3625846e-02  -1.6735301e-03   3.1231260e-04  -4.8266381e-04   4.9111452e-05   1.6035620e-03   4.0482483e-03   2.8007030e-06   9.7539160e-08   2.3296435e-07
   1.0000000e+00  -2.9008850e-02  -3.7655171e-01   1.4628436e-02   2.5514384e-03   1.1584495e-04  -8.4348152e-04   8.4151338e-04   1.4179119e-01   2.1399114e-04   6.5098379e-06   1.3420052e-08   7.1146107e-07  -3.7161739e-02   2.6519630e-02  -3.9750658e-02   1.1720325e-03   1.1765220e-03  -4.1535976e-04   1.3809948e-03   7.0329078e-04   1.5801148e-03   1.3736602e-06   1.3842041e-06   1.7252373e-07
   1.0000000e+00  -3.3358251e-02  -3.7163264e-01   1.3291975e-02   2.3717118e-03  -4.0678460e-04  -7.2481116e-04   1.1127729e-03   1.3811082e-01   1.7667660e-04   5.6250169e-06   1.6547371e-07   5.2535122e-07  -4.3494010e-03   4.9190700e-03  -1.3364610e-03  -1.7972660e-04  -5.2262955e-04   1.1867036e-04   1.8917289e-05   2.4197250e-05   1.7861280e-06   3.2301651e-08   2.7314165e-07   1.4082654e-08
   1.0000000e+00  -5.6457093e-03  -3.9354482e-01  -1.6673114e-02   2.5257252e-03  -9.9870547e-04  -1.6290673e-04   3.1874034e-05   1.5487753e-01   2.7799273e-04   6.3792878e-06   9.9741262e-07   2.6538603e-08   2.7712542e-02  -2.1912180e-02  -2.9965089e-02   1.5401340e-04  -5.9192087e-04   5.6190443e-04   7.6798497e-04   4.8014363e-04   8.9790656e-04   2.3720127e-08   3.5037032e-07   3.1573659e-07
   1.0000000e+00  -2.1597437e-02  -3.4026916e-01   6.2218653e-03   3.1103101e-03  -6.0463345e-04  -2.4412245e-04   4.6644928e-04   1.1578310e-01   3.8711608e-05   9.6740289e-06   3.6558161e-07   5.9595771e-08  -1.5951728e-02   5.3275660e-02   2.2894979e-02   5.8458490e-04   3.9407202e-04  -8.1215720e-05   2.5445762e-04   2.8382959e-03   5.2418008e-04   3.4173951e-07   1.5529276e-07   6.5959932e-09
   1.0000000e+00  -3.3620907e-02  -3.9788151e-01   4.5745153e-02   2.5412014e-03  -6.3100446e-04  -3.2853783e-04   1.1303654e-03   1.5830970e-01   2.0926190e-03   6.4577046e-06   3.9816663e-07   1.0793711e-07  -1.2023470e-02  -5.7612350e-02   3.9523288e-02  -5.6910870e-04  -2.6371010e-05  -8.4415380e-05   1.4456383e-04   3.3191829e-03   1.5620903e-03   3.2388471e-07   6.9543017e-10   7.1259564e-09
   1.0000000e+00  -3.9537961e-02  -3.7528260e-01   1.5309009e-02   3.1181296e-03  -2.2384751e-04  -4.0434459e-04   1.5632504e-03   1.4083703e-01   2.3436576e-04   9.7227322e-06   5.0107708e-08   1.6349455e-07  -5.9170540e-03   2.2598910e-02  -3.0436144e-02   5.7692820e-04   4.0715695e-04  -7.5806760e-05   3.5011528e-05   5.1071073e-04   9.2635886e-04   3.3284615e-07   1.6577678e-07   5.7466649e-09
   1.0000000e+00  -5.2744425e-02  -3.7537724e-01   5.1009357e-02   2.9112869e-03   2.1207832e-04  -7.6997304e-04   2.7819744e-03   1.4090807e-01   2.6019545e-03   8.4755914e-06   4.4977214e-08   5.9285848e-07  -1.3206464e-02  -9.4640000e-05   3.5700348e-02  -2.0684270e-04   4.3592583e-04  -3.6562845e-04   1.7441069e-04   8.9567296e-09   1.2745148e-03   4.2783903e-08   1.9003133e-07   1.3368416e-07
   1.0000000e+00  -2.2215117e-02  -3.6759094e-01  -4.5256510e-02   3.4695805e-03  -1.3890417e-03  -1.3004354e-04   4.9351142e-04   1.3512310e-01   2.0481517e-03   1.2037989e-05   1.9294368e-06   1.6911322e-08   3.0529308e-02   7.7863000e-03  -9.6265867e-02   5.5829360e-04  -1.6011200e-03   6.3992950e-04   9.3203865e-04   6.0626468e-05   9.2671171e-03   3.1169174e-07   2.5635853e-06   4.0950976e-07
   1.0000000e+00   1.5712242e-03  -3.8723409e-01  -1.3521831e-02   2.9541733e-03  -1.4879220e-03  -2.2930075e-05   2.4687455e-06   1.4995024e-01   1.8283991e-04   8.7271399e-06   2.2139119e-06   5.2578834e-10   2.3786341e-02  -1.9643150e-02   3.1734679e-02  -5.1540720e-04  -9.8880300e-05   1.0711347e-04   5.6579003e-04   3.8585334e-04   1.0070899e-03   2.6564458e-07   9.7773137e-09   1.1473294e-08
   1.0000000e+00  -8.8307991e-03  -4.5385660e-01   5.7530677e-02   2.3369626e-03  -8.6041311e-04  -3.9823844e-04   7.7983013e-05   2.0598581e-01   3.3097788e-03   5.4613942e-06   7.4031072e-07   1.5859386e-07  -1.0402023e-02  -6.6622510e-02   7.1052508e-02  -6.1721070e-04   6.2750889e-04  -3.7530836e-04   1.0820209e-04   4.4385588e-03   5.0484589e-03   3.8094905e-07   3.9376741e-07   1.4085637e-07
   1.0000000e+00  -1.3776353e-02  -4.5275220e-01   3.5757892e-02   2.2111872e-03  -1.0194843e-03  -6.4798163e-04   1.8978790e-04   2.0498455e-01   1.2786268e-03   4.8893488e-06   1.0393482e-06   4.1988019e-07  -4.9455539e-03   1.1044000e-03  -2.1772785e-02  -1.2577540e-04  -1.5907119e-04  -2.4974319e-04   2.4458503e-05   1.2196994e-06   4.7405417e-04   1.5819451e-08   2.5303643e-08   6.2371661e-08
   1.0000000e+00  -2.9425689e-03  -4.6350031e-01   7.2190695e-02   1.8288906e-03  -4.5128390e-04  -3.3608334e-04   8.6587117e-06   2.1483254e-01   5.2114964e-03   3.3448408e-06   2.0365716e-07   1.1295201e-07   1.0833784e-02  -1.0748110e-02   3.6432803e-02  -3.8229660e-04   5.6820040e-04   3.1189829e-04   1.1737088e-04   1.1552187e-04   1.3273491e-03   1.4615069e-07   3.2285169e-07   9.7280543e-08
   1.0000000e+00  -2.1187119e-02  -4.4860922e-01   8.0218307e-02   1.9185902e-03  -5.8598834e-04  -6.3053426e-04   4.4889401e-04   2.0125023e-01   6.4349768e-03   3.6809884e-06   3.4338233e-07   3.9757345e-07  -1.8244550e-02   1.4891090e-02   8.0276120e-03   8.9699600e-05  -1.3470444e-04  -2.9445092e-04   3.3286361e-04   2.2174456e-04   6.4442554e-05   8.0460182e-09   1.8145286e-08   8.6701344e-08
   1.0000000e+00  -7.5415955e-03  -4.5950646e-01   5.9715432e-02   2.3118002e-03  -5.3289046e-04  -2.9507362e-04   5.6875663e-05   2.1114619e-01   3.5659328e-03   5.3444202e-06   2.8397224e-07   8.7068441e-08   1.3645524e-02  -1.0897240e-02  -2.0502875e-02   3.9321000e-04   5.3097880e-05   3.3546064e-04   1.8620031e-04   1.1874984e-04   4.2036788e-04   1.5461410e-07   2.8193849e-09   1.1253384e-07
   1.0000000e+00  -2.6136317e-02  -4.6040646e-01   6.5805194e-02   1.3613999e-03  -5.0440045e-04  -4.8945839e-04   6.8310707e-04   2.1197411e-01   4.3303236e-03   1.8534097e-06   2.5441981e-07   2.3956952e-07  -1.8594722e-02  -9.0000000e-04   6.0897620e-03  -9.5040030e-04   2.8490010e-05  -1.9438477e-04   3.4576367e-04   8.1000000e-07   3.7085201e-05   9.0326073e-07   8.1168067e-10   3.7785439e-08
   1.0000000e+00  -3.6482377e-02  -4.4070057e-01   8.3636050e-03   2.3342506e-03  -5.2055662e-04  -5.5389983e-04   1.3309638e-03   1.9421699e-01   6.9949889e-05   5.4487259e-06   2.7097919e-07   3.0680502e-07  -1.0346060e-02   1.9705890e-02  -5.7441589e-02   9.7285070e-04  -1.6156170e-05  -6.4441440e-05   1.0704096e-04   3.8832210e-04   3.2995361e-03   9.4643848e-07   2.6102183e-10   4.1526992e-09
   1.0000000e+00  -3.8993560e-02  -4.3559774e-01   3.3182020e-02   2.1176962e-03  -4.9225591e-04  -4.5861074e-04   1.5204977e-03   1.8974539e-01   1.1010465e-03   4.4846372e-06   2.4231588e-07   2.1032381e-07  -2.5111830e-03   5.1028300e-03   2.4818415e-02  -2.1655440e-04   2.8300710e-05   9.5289090e-05   6.3060401e-06   2.6038874e-05   6.1595372e-04   4.6895808e-08   8.0093019e-10   9.0800107e-09
   1.0000000e+00   3.1184136e-05  -4.9189279e-01   1.4443585e-02   2.1449875e-03  -6.4508482e-04  -5.1160921e-04   9.7245034e-10   2.4195852e-01   2.0861715e-04   4.6009714e-06   4.1613442e-07   2.6174398e-07   3.9024744e-02  -5.6295050e-02  -1.8738435e-02   2.7291300e-05  -1.5282891e-04  -5.2998470e-05   1.5229307e-03   3.1691327e-03   3.5112895e-04   7.4481506e-10   2.3356676e-08   2.8088378e-09
   1.0000000e+00   9.0044392e-03  -5.0263111e-01   3.6866836e-03   1.8244976e-03  -6.1687992e-04  -4.1333514e-04   8.1079925e-05   2.5263803e-01   1.3591636e-05   3.3287915e-06   3.8054084e-07   1.7084594e-07   8.9732551e-03  -1.0738320e-02  -1.0756901e-02  -3.2048990e-04   2.8204900e-05   9.8274070e-05   8.0519306e-05   1.1531152e-04   1.1571093e-04   1.0271378e-07   7.9551638e-10   9.6577928e-09
   1.0000000e+00  -5.1760620e-03  -5.0609452e-01  -3.7413099e-03   2.4872104e-03  -7.7181955e-04  -6.8221580e-04   2.6791618e-05   2.5613166e-01   1.3997400e-05   6.1862156e-06   5.9570542e-07   4.6541840e-07  -1.4180501e-02  -3.4634100e-03  -7.4279935e-03   6.6271280e-04  -1.5493963e-04  -2.6888066e-04   2.0108661e-04   1.1995209e-05   5.5175087e-05   4.3918826e-07   2.4006289e-08   7.2296809e-08
   1.0000000e+00  -1.8778912e-02  -5.1624761e-01  -1.0419046e-02   2.3971005e-03  -1.1388302e-03  -1.1801593e-03   3.5264754e-04   2.6651159e-01   1.0855652e-04   5.7460908e-06   1.2969342e-06   1.3927760e-06  -1.3602850e-02  -1.0153090e-02  -6.6777361e-03  -9.0109900e-05  -3.6701065e-04  -4.9794350e-04   1.8503753e-04   1.0308524e-04   4.4592159e-05   8.1197941e-09   1.3469682e-07   2.4794773e-07
   1.0000000e+00  -3.8954146e-02  -5.1793384e-01  -2.4396916e-02   2.8662544e-03  -9.7229730e-04  -1.4624393e-03   1.5174255e-03   2.6825546e-01   5.9520951e-04   8.2154143e-06   9.4536204e-07   2.1387287e-06  -2.0175234e-02  -1.6862300e-03  -1.3977870e-02   4.6915390e-04   1.6653290e-04  -2.8228000e-04   4.0704007e-04   2.8433716e-06   1.9538085e-04   2.2010538e-07   2.7733207e-08   7.9681998e-08
   1.0000000e+00  -3.2709014e-02  -5.1020395e-01   6.4586176e-03   2.6376115e-03  -1.0836799e-03  -1.1692030e-03   1.0698796e-03   2.6030807e-01   4.1713741e-05   6.9569944e-06   1.1743621e-06   1.3670357e-06   6.2451320e-03   7.7298900e-03   3.0855534e-02  -2.2864290e-04  -1.1138260e-04   2.9323630e-04   3.9001674e-05   5.9751199e-05   9.5206395e-04   5.2277576e-08   1.2406084e-08   8.5987528e-08
   1.0000000e+00  -3.1599066e-02  -5.5152848e-01   2.7473609e-02   2.5631443e-03  -9.9660398e-04  -9.9590941e-04   9.9850097e-04   3.0418366e-01   7.5479919e-04   6.5697087e-06   9.9321949e-07   9.9183555e-07   1.1099480e-03  -4.1324530e-02   2.1014991e-02  -7.4467200e-05   8.7075920e-05   1.7329359e-04   1.2319846e-06   1.7077168e-03   4.4162986e-04   5.5453639e-09   7.5822158e-09   3.0030668e-08
   1.0000000e+00  -3.8663219e-02  -5.2518389e-01  -1.4593898e-02   2.9242642e-03  -3.4107860e-04  -1.0607768e-03   1.4948445e-03   2.7581812e-01   2.1298186e-04   8.5513211e-06   1.1633461e-07   1.1252474e-06  -7.0641530e-03   2.6344590e-02  -4.2067507e-02   3.6111990e-04   6.5552538e-04  -6.4867390e-05   4.9902258e-05   6.9403742e-04   1.7696751e-03   1.3040758e-07   4.2971352e-07   4.2077783e-09
   1.0000000e+00  -3.3521636e-02  -5.0577804e-01  -2.5797465e-02   3.3990221e-03  -4.9995975e-04  -1.1526857e-03   1.1237001e-03   2.5581143e-01   6.6550920e-04   1.1553351e-05   2.4995975e-07   1.3286843e-06   5.1415830e-03   1.9405850e-02  -1.1203567e-02   4.7475790e-04  -1.5888115e-04  -9.1908900e-05   2.6435876e-05   3.7658701e-04   1.2551991e-04   2.2539506e-07   2.5243220e-08   8.4472459e-09
   1.0000000e+00   7.9554735e-03  -5.1476715e-01  -4.8194854e-02   4.1437686e-03  -3.0786335e-04  -6.1340018e-04   6.3289559e-05   2.6498522e-01   2.3227440e-03   1.7170818e-05   9.4779842e-08   3.7625978e-07   4.1477109e-02  -8.9891100e-03  -2.2397389e-02   7.4474650e-04   1.9209640e-04   5.3928552e-04   1.7203506e-03   8.0804099e-05   5.0164303e-04   5.5464735e-07   3.6901027e-08   2.9082887e-07
   1.0000000e+00   3.2908309e-02  -5.4744816e-01  -1.9570654e-02   3.2343249e-03  -1.2884795e-03  -1.4703444e-04   1.0829568e-03   2.9969949e-01   3.8301050e-04   1.0460858e-05   1.6601794e-06   2.1619127e-08   2.4952835e-02  -3.2681010e-02   2.8624200e-02  -9.0944370e-04  -9.8061615e-04   4.6636574e-04   6.2264400e-04   1.0680484e-03   8.1934483e-04   8.2708784e-07   9.6160803e-07   2.1749700e-07
   1.0000000e+00   3.6998468e-02  -5.4161252e-01  -3.1720558e-02   3.4398728e-03  -1.4905235e-03   6.7688391e-05   1.3688866e-03   2.9334412e-01   1.0061938e-03   1.1832725e-05   2.2216603e-06   4.5817183e-09   4.0901590e-03   5.8356400e-03  -1.2149904e-02   2.0554790e-04  -2.0204400e-04   2.1472283e-04   1.6729401e-05   3.4054694e-05   1.4762017e-04   4.2249939e-08   4.0821778e-08   4.6105894e-08
   1.0000000e+00   2.8207316e-02  -5.6241954e-01  -2.5499982e-03   3.2543630e-03  -1.6041940e-03  -3.3190881e-05   7.9565268e-04   3.1631574e-01   6.5024908e-06   1.0590879e-05   2.5734384e-06   1.1016346e-09  -8.7911520e-03  -2.0807020e-02   2.9170560e-02  -1.8550980e-04  -1.1367050e-04  -1.0087927e-04   7.7284353e-05   4.3293208e-04   8.5092156e-04   3.4413886e-08   1.2920983e-08   1.0176628e-08
   1.0000000e+00   4.5576092e-03  -5.9687579e-01  -2.6577273e-02   3.6838185e-03  -7.9050291e-04  -4.5236836e-04   2.0771802e-05   3.5626071e-01   7.0635144e-04   1.3570519e-05   6.2489485e-07   2.0463713e-07  -2.3649707e-02  -3.4456250e-02  -2.4027275e-02   4.2945550e-04   8.1369109e-04  -4.1917748e-04   5.5930863e-04   1.1872332e-03   5.7730993e-04   1.8443203e-07   6.6209319e-07   1.7570976e-07
   1.0000000e+00   1.8205277e-02  -6.6074414e-01  -6.8536181e-02   2.6096485e-03  -7.8902838e-04  -8.4204466e-04   3.3143211e-04   4.3658282e-01   4.6972081e-03   6.8102653e-06   6.2256578e-07   7.0903921e-07   1.3647668e-02  -6.3868350e-02  -4.1958908e-02  -1.0741700e-03   1.4745300e-06  -3.8967630e-04   1.8625884e-04   4.0791661e-03   1.7605500e-03   1.1538412e-06   2.1742387e-12   1.5184762e-07
   1.0000000e+00   3.1785175e-02  -6.4006098e-01  -9.2590778e-02   4.1412712e-03  -1.1254188e-03  -4.4279739e-04   1.0102973e-03   4.0967806e-01   8.5730522e-03   1.7150127e-05   1.2665675e-06   1.9606953e-07   1.3579898e-02   2.0683160e-02  -2.4054597e-02   1.5316227e-03  -3.3639042e-04   3.9924727e-04   1.8441363e-04   4.2779311e-04   5.7862364e-04   2.3458681e-06   1.1315851e-07   1.5939838e-07
   1.0000000e+00   1.3623247e-02  -6.4332962e-01  -8.5283240e-02   3.5568865e-03  -6.0869725e-04  -7.5595177e-04   1.8559286e-04   4.1387300e-01   7.2732310e-03   1.2651442e-05   3.7051234e-07   5.7146308e-07  -1.8161928e-02  -3.2686400e-03   7.3075380e-03  -5.8438470e-04   5.1672155e-04  -3.1315438e-04   3.2985563e-04   1.0684007e-05   5.3400112e-05   3.4150548e-07   2.6700116e-07   9.8065666e-08
   1.0000000e+00   4.3957135e-02  -6.1859199e-01  -1.4068847e-01   5.0606585e-03  -1.4797351e-03  -1.3053640e-04   1.9322297e-03   3.8265605e-01   1.9793246e-02   2.5610264e-05   2.1896160e-06   1.7039752e-08   3.0333888e-02   2.4737630e-02  -5.5405230e-02   1.5037720e-03  -8.7103785e-04   6.2541537e-04   9.2014476e-04   6.1195034e-04   3.0697395e-03   2.2613302e-06   7.5870694e-07   3.9114439e-07
   1.0000000e+00   1.3775691e-02  -6.4859996e-01  -9.2136783e-02   4.3933415e-03  -7.1321096e-04  -6.8936732e-04   1.8976966e-04   4.2068191e-01   8.4891868e-03   1.9301450e-05   5.0866987e-07   4.7522730e-07  -3.0181444e-02  -3.0007970e-02   4.8551687e-02  -6.6731700e-04   7.6652414e-04  -5.5883092e-04   9.1091956e-04   9.0047826e-04   2.3572663e-03   4.4531198e-07   5.8755926e-07   3.1229200e-07
   1.0000000e+00   1.3410064e-02  -6.0389358e-01  -1.4276563e-01   5.8102755e-03  -8.2062972e-04  -5.8489982e-04   1.7982982e-04   3.6468746e-01   2.0382025e-02   3.3759301e-05   6.7343314e-07   3.4210780e-07  -3.6562700e-04   4.4706380e-02  -5.0628847e-02   1.4169340e-03  -1.0741876e-04   1.0446750e-04   1.3368310e-07   1.9986604e-03   2.5632801e-03   2.0077020e-06   1.1538790e-08   1.0913459e-08
   1.0000000e+00   4.6460939e-02  -6.1536115e-01  -5.3390070e-02   5.1549911e-03  -1.8180593e-03   3.7184409e-04   2.1586189e-03   3.7866934e-01   2.8504996e-03   2.6573933e-05   3.3053396e-06   1.3826803e-07   3.3050875e-02  -1.1467570e-02   8.9375560e-02  -6.5528440e-04  -9.9742958e-04   9.5674391e-04   1.0923603e-03   1.3150516e-04   7.9879907e-03   4.2939764e-07   9.9486577e-07   9.1535891e-07
   1.0000000e+00   3.9962357e-02  -5.9094011e-01  -1.0636203e-01   5.9904560e-03  -1.8334211e-03   2.2833030e-04   1.5969900e-03   3.4921021e-01   1.1312881e-02   3.5885563e-05   3.3614329e-06   5.2134726e-08  -6.4985820e-03   2.4421040e-02  -5.2971960e-02   8.3546490e-04  -1.5361800e-05  -1.4351379e-04   4.2231568e-05   5.9638719e-04   2.8060285e-03   6.9800160e-07   2.3598490e-10   2.0596208e-08
   1.0000000e+00   3.5926382e-02  -5.9953251e-01  -6.8429268e-02   4.8146473e-03  -1.9983348e-03   1.6594534e-04   1.2907049e-03   3.5943923e-01   4.6825647e-03   2.3180829e-05   3.9933420e-06   2.7537856e-08  -4.0359750e-03  -8.5924000e-03   3.7932762e-02  -1.1758087e-03  -1.6491370e-04  -6.2384960e-05   1.6289094e-05   7.3829338e-05   1.4388944e-03   1.3825261e-06   2.7196528e-08   3.8918832e-09
   1.0000000e+00   2.0883021e-02  -6.3902967e-01  -4.1547229e-02   4.4942950e-03  -1.4291614e-03  -1.9777734e-04   4.3610057e-04   4.0835892e-01   1.7261722e-03   2.0198688e-05   2.0425023e-06   3.9115876e-08  -1.5043361e-02  -3.9497160e-02   2.6882039e-02  -3.2035230e-04   5.6917340e-04  -3.6372268e-04   2.2630271e-04   1.5600256e-03   7.2264402e-04   1.0262560e-07   3.2395836e-07   1.3229419e-07
   1.0000000e+00  -9.7767334e-04  -6.2347224e-01  -5.7116511e-02   4.3211605e-03  -8.3347494e-04  -9.0519445e-04   9.5584516e-07   3.8871763e-01   3.2622958e-03   1.8672428e-05   6.9468048e-07   8.1937699e-07  -2.1860694e-02   1.5557430e-02  -1.5569282e-02  -1.7313450e-04   5.9568646e-04  -7.0741711e-04   4.7788996e-04   2.4203363e-04   2.4240254e-04   2.9975555e-08   3.5484236e-07   5.0043897e-07
   1.0000000e+00  -1.7248826e-02  -5.9804836e-01  -7.6404716e-02   4.6629418e-03  -8.1744076e-04  -8.2738563e-04   2.9752200e-04   3.5766184e-01   5.8376806e-03   2.1743026e-05   6.6820940e-07   6.8456698e-07  -1.6271153e-02   2.5423880e-02  -1.9288205e-02   3.4178130e-04   1.6034180e-05   7.7808820e-05   2.6475041e-04   6.4637367e-04   3.7203485e-04   1.1681446e-07   2.5709493e-10   6.0542125e-09
   1.0000000e+00  -1.6010676e-02  -5.9085003e-01  -1.1148035e-01   5.1330135e-03  -1.0762745e-03  -9.3890600e-04   2.5634175e-04   3.4910376e-01   1.2427868e-02   2.6347828e-05   1.1583668e-06   8.8154448e-07   1.2381500e-03   7.1983300e-03  -3.5075634e-02   4.7007170e-04  -2.5883374e-04  -1.1152037e-04   1.5330154e-06   5.1815955e-05   1.2303001e-03   2.2096740e-07   6.6994905e-08   1.2436793e-08
   1.0000000e+00   1.0117376e-02  -6.0638520e-01  -8.7436306e-02   5.4139832e-03  -1.5755835e-03  -1.8831619e-04   1.0236130e-04   3.6770301e-01   7.6451076e-03   2.9311214e-05   2.4824634e-06   3.5462987e-08   2.6128052e-02  -1.5535170e-02   2.4044044e-02   2.8096970e-04  -4.9930900e-04   7.5058981e-04   6.8267510e-04   2.4134151e-04   5.7811605e-04   7.8943972e-08   2.4930948e-07   5.6338506e-07
   1.0000000e+00   3.8010443e-02  -6.3525707e-01  -1.2269770e-01   5.5818375e-03  -1.7002121e-03  -1.5459615e-04   1.4447938e-03   4.0355154e-01   1.5054726e-02   3.1156910e-05   2.8907212e-06   2.3899970e-08   2.7893067e-02  -2.8871870e-02  -3.5261394e-02   1.6785430e-04  -1.2462860e-04   3.3720040e-05   7.7802319e-04   8.3358488e-04   1.2433659e-03   2.8175066e-08   1.5532288e-08   1.1370411e-09
   1.0000000e+00   3.4705725e-02  -6.5116199e-01  -1.0202187e-01   5.4519954e-03  -1.4282415e-03  -4.0499111e-04   1.2044873e-03   4.2401194e-01   1.0408462e-02   2.9724254e-05   2.0398738e-06   1.6401780e-07  -3.3047180e-03  -1.5904920e-02   2.0675830e-02  -1.2984210e-04   2.7197060e-04  -2.5039496e-04   1.0921161e-05   2.5296648e-04   4.2748995e-04   1.6858971e-08   7.3968007e-08   6.2697636e-08
   1.0000000e+00   4.9788925e-02  -6.2784051e-01  -1.4521122e-01   6.0856069e-03  -1.9381201e-03  -9.6941585e-05   2.4789371e-03   3.9418371e-01   2.1086298e-02   3.7034611e-05   3.7563095e-06   9.3976709e-09   1.5083200e-02   2.3321480e-02  -4.3189350e-02   6.3361150e-04  -5.0987860e-04   3.0804952e-04   2.2750292e-04   5.4389143e-04   1.8653200e-03   4.0146353e-07   2.5997619e-07   9.4894510e-08
   1.0000000e+00   1.3558348e-02  -6.5412248e-01  -6.3137953e-02   4.9483634e-03  -1.3863971e-03  -3.4435083e-04   1.8382880e-04   4.2787622e-01   3.9864011e-03   2.4486300e-05   1.9220969e-06   1.1857749e-07  -3.6230577e-02  -2.6281970e-02   8.2073267e-02  -1.1372435e-03   5.5172300e-04  -2.4740924e-04   1.3126547e-03   6.9074195e-04   6.7360212e-03   1.2933228e-06   3.0439827e-07   6.1211335e-08
   1.0000000e+00  -2.4568615e-02  -6.3617095e-01  -8.9534089e-02   5.9974837e-03  -4.5641068e-04  -7.5464195e-04   6.0361684e-04   4.0471348e-01   8.0163531e-03   3.5969811e-05   2.0831071e-07   5.6948447e-07  -3.8126963e-02   1.7951530e-02  -2.6396136e-02   1.0491203e-03   9.2998642e-04  -4.1029112e-04   1.4536653e-03   3.2225743e-04   6.9675600e-04   1.1006534e-06   8.6487474e-07   1.6833880e-07
   1.0000000e+00   4.6519819e-03  -6.5197381e-01  -6.8757332e-02   5.4147078e-03  -1.5998403e-03  -3.1386379e-04   2.1640936e-05   4.2506985e-01   4.7275707e-03   2.9319061e-05   2.5594890e-06   9.8510479e-08   2.9220597e-02  -1.5802860e-02   2.0776757e-02  -5.8277590e-04  -1.1434296e-03   4.4077816e-04   8.5384328e-04   2.4973038e-04   4.3167363e-04   3.3962775e-07   1.3074313e-06   1.9428539e-07
   1.0000000e+00  -1.0758893e-02  -6.0905211e-01  -9.3461269e-02   6.5198156e-03  -1.9153627e-03   4.1809819e-04   1.1575378e-04   3.7094447e-01   8.7350088e-03   4.2507995e-05   3.6686143e-06   1.7480610e-07  -1.5410875e-02   4.2921700e-02  -2.4703937e-02   1.1051078e-03  -3.1552240e-04   7.3196198e-04   2.3749507e-04   1.8422723e-03   6.1028450e-04   1.2212632e-06   9.9554385e-08   5.3576834e-07
   1.0000000e+00  -3.5281488e-02  -6.6545520e-01  -2.4970010e-02   5.5767776e-03  -1.5800546e-03  -3.2273533e-04   1.2447834e-03   4.4283062e-01   6.2350140e-04   3.1100448e-05   2.4965725e-06   1.0415809e-07  -2.4522595e-02  -5.6403090e-02   6.8491259e-02  -9.4303800e-04   3.3530810e-04  -7.4083352e-04   6.0135767e-04   3.1813086e-03   4.6910526e-03   8.8932067e-07   1.1243152e-07   5.4883430e-07
   1.0000000e+00  -4.3862683e-02  -6.7189179e-01  -6.1904469e-02   5.9006408e-03  -9.3862156e-04  -9.0978519e-04   1.9239350e-03   4.5143858e-01   3.8321633e-03   3.4817562e-05   8.8101043e-07   8.2770909e-07  -8.5811950e-03  -6.4365900e-03  -3.6934459e-02   3.2386320e-04   6.4143304e-04  -5.8704986e-04   7.3636908e-05   4.1429691e-05   1.3641543e-03   1.0488737e-07   4.1143634e-07   3.4462754e-07
   1.0000000e+00  -9.1723384e-03  -6.5424919e-01  -6.3547164e-02   6.3912402e-03  -2.4600025e-03  -1.5777269e-04   8.4131792e-05   4.2804200e-01   4.0382421e-03   4.0847951e-05   6.0516123e-06   2.4892222e-08   3.4690345e-02   1.7642600e-02  -1.6426950e-03   4.9059940e-04  -1.5213809e-03   7.5201250e-04   1.2034200e-03   3.1126133e-04   2.6984469e-06   2.4068777e-07   2.3146000e-06   5.6552280e-07
   1.0000000e+00  -6.5506496e-03  -6.6676077e-01  -1.0327173e-01   6.4785433e-03  -2.3132741e-03  -6.7048730e-04   4.2911010e-05   4.4456992e-01   1.0665050e-02   4.1971523e-05   5.3512371e-06   4.4955322e-07   2.6216888e-03  -1.2511580e-02  -3.9724566e-02   8.7303100e-05   1.4672840e-04  -5.1271461e-04   6.8732522e-06   1.5653963e-04   1.5780411e-03   7.6218313e-09   2.1529223e-08   2.6287627e-07
   1.0000000e+00  -5.3565065e-03  -6.5647885e-01  -8.3808936e-02   6.3621665e-03  -2.6266620e-03  -3.1263631e-04   2.8692162e-05   4.3096448e-01   7.0239378e-03   4.0477163e-05   6.8993533e-06   9.7741462e-08   1.1941431e-03   1.0281920e-02   1.9462794e-02  -1.1637680e-04  -3.1338790e-04   3.5785099e-04   1.4259777e-06   1.0571788e-04   3.7880035e-04   1.3543560e-08   9.8211976e-08   1.2805733e-07
   1.0000000e+00  -4.1522731e-02  -6.5501650e-01  -1.3528990e-01   6.7241880e-03  -2.7470599e-03  -6.9423081e-04   1.7241372e-03   4.2904662e-01   1.8303357e-02   4.5214704e-05   7.5463381e-06   4.8195642e-07  -3.6166224e-02   1.4623500e-03  -5.1480964e-02   3.6202150e-04  -1.2039790e-04  -3.8159450e-04   1.3079958e-03   2.1384675e-06   2.6502897e-03   1.3105957e-07   1.4495654e-08   1.4561436e-07
   1.0000000e+00  -1.9476994e-02  -6.7529653e-01  -1.0144930e-01   6.5387735e-03  -2.9524374e-03  -4.9326805e-04   3.7935330e-04   4.5602540e-01   1.0291960e-02   4.2755559e-05   8.7168866e-06   2.4331337e-07   2.2045737e-02  -2.0280030e-02   3.3840600e-02  -1.8541450e-04  -2.0537750e-04   2.0096276e-04   4.8601452e-04   4.1127962e-04   1.1451862e-03   3.4378537e-08   4.2179918e-08   4.0386031e-08
   1.0000000e+00  -1.4970276e-02  -6.8623758e-01  -1.3120925e-01   6.7427409e-03  -2.3264694e-03  -6.7939832e-04   2.2410916e-04   4.7092202e-01   1.7215867e-02   4.5464555e-05   5.4124599e-06   4.6158208e-07   4.5067180e-03  -1.0941050e-02  -2.9759950e-02   2.0396740e-04   6.2596800e-04  -1.8613027e-04   2.0310507e-05   1.1970658e-04   8.8565462e-04   4.1602700e-08   3.9183594e-07   3.4644477e-08
   1.0000000e+00   1.4150088e-03  -6.7950483e-01  -1.2149894e-01   5.9219192e-03  -2.4370845e-03  -6.0644006e-04   2.0022499e-06   4.6172681e-01   1.4761992e-02   3.5069127e-05   5.9393809e-06   3.6776955e-07   1.6385285e-02   6.7327500e-03   9.7103100e-03  -8.2082170e-04  -1.1061510e-04   7.2958260e-05   2.6847756e-04   4.5329923e-05   9.4290120e-05   6.7374826e-07   1.2235700e-08   5.3229077e-09
   1.0000000e+00   1.2219698e-02  -6.7005428e-01  -1.6412870e-01   6.5019210e-03  -2.7003207e-03  -3.3646014e-04   1.4932102e-04   4.4897274e-01   2.6938230e-02   4.2274977e-05   7.2917319e-06   1.1320543e-07   1.0804689e-02   9.4505500e-03  -4.2629760e-02   5.8000180e-04  -2.6323620e-04   2.6997992e-04   1.1674131e-04   8.9312895e-05   1.8172964e-03   3.3640209e-07   6.9293297e-08   7.2889157e-08
   1.0000000e+00   1.0815208e-03  -6.8262916e-01  -6.1243664e-02   5.5489452e-03  -2.5087124e-03  -2.1810347e-04   1.1696872e-06   4.6598257e-01   3.7507864e-03   3.0790793e-05   6.2936379e-06   4.7569124e-08  -1.1138177e-02  -1.2574880e-02   1.0288504e-01  -9.5297580e-04   1.9160830e-04   1.1835667e-04   1.2405899e-04   1.5812761e-04   1.0585331e-02   9.0816288e-07   3.6713741e-08   1.4008301e-08
   1.0000000e+00  -1.3964421e-02  -6.8811061e-01  -1.5159111e-01   6.9417440e-03  -2.5254671e-03  -7.6306757e-04   1.9500505e-04   4.7349621e-01   2.2979865e-02   4.8187810e-05   6.3779841e-06   5.8227212e-07  -1.5045942e-02  -5.4814500e-03  -9.0347446e-02   1.3927988e-03  -1.6754700e-05  -5.4496410e-04   2.2638036e-04   3.0046294e-05   8.1626610e-03   1.9398885e-06   2.8071997e-10   2.9698587e-07
   1.0000000e+00   3.2819484e-03  -6.7865306e-01  -1.3689092e-01   6.0099108e-03  -2.7592792e-03  -5.9827514e-04   1.0771185e-05   4.6056998e-01   1.8739124e-02   3.6119028e-05   7.6136217e-06   3.5793314e-07   1.7246369e-02   9.4575500e-03   1.4700190e-02  -9.3183320e-04  -2.3381210e-04   1.6479243e-04   2.9743726e-04   8.9445252e-05   2.1609559e-04   8.6831311e-07   5.4668098e-08   2.7156545e-08
   1.0000000e+00   1.0649288e-02  -6.7898697e-01  -1.9066329e-01   6.7493621e-03  -3.0760802e-03  -4.4837471e-04   1.1340733e-04   4.6102331e-01   3.6352490e-02   4.5553889e-05   9.4622694e-06   2.0103988e-07   7.3673396e-03  -3.3391000e-04  -5.3772370e-02   7.3945130e-04  -3.1680100e-04   1.4990043e-04   5.4277693e-05   1.1149589e-07   2.8914678e-03   5.4678823e-07   1.0036287e-07   2.2470139e-08
   1.0000000e+00   5.0661216e-04  -7.2964658e-01  -1.1929223e-01   5.0246631e-03  -2.8244557e-03  -3.6273531e-04   2.5665588e-07   5.3238413e-01   1.4230636e-02   2.5247239e-05   7.9775500e-06   1.3157691e-07  -1.0142676e-02  -5.0659610e-02   7.1371060e-02  -1.7246990e-03   2.5162450e-04   8.5639400e-05   1.0287387e-04   2.5663961e-03   5.0938282e-03   2.9745866e-06   6.3314889e-08   7.3341068e-09
   1.0000000e+00  -6.5630988e-03  -7.3892047e-01  -1.4786958e-01   6.0217708e-03  -2.7939671e-03  -5.6405171e-04   4.3074266e-05   5.4600346e-01   2.1865413e-02   3.6261724e-05   7.8062522e-06   3.1815433e-07  -7.0697110e-03  -9.2738900e-03  -2.8577350e-02   9.9710770e-04   3.0488600e-05  -2.0131640e-04   4.9980813e-05   8.6005036e-05   8.1666493e-04   9.9422377e-07   9.2955473e-10   4.0528293e-08
   1.0000000e+00  -1.6846628e-02  -7.6349201e-01  -1.1321675e-01   5.0622675e-03  -2.3242955e-03  -7.6544519e-04   2.8380887e-04   5.8292005e-01   1.2818032e-02   2.5626552e-05   5.4023496e-06   5.8590634e-07  -1.0283529e-02  -2.4571540e-02   3.4652830e-02  -9.5950330e-04   4.6967160e-04  -2.0139348e-04   1.0575097e-04   6.0376058e-04   1.2008186e-03   9.2064658e-07   2.2059141e-07   4.0559334e-08
   1.0000000e+00  -1.0744988e-02  -7.4685090e-01  -1.7741304e-01   6.0665909e-03  -2.4549534e-03  -6.6750795e-04   1.1545477e-04   5.5778627e-01   3.1475387e-02   3.6803525e-05   6.0267962e-06   4.4556686e-07   6.1016400e-03   1.6641110e-02  -6.4196290e-02   1.0043234e-03  -1.3065790e-04   9.7937240e-05   3.7230011e-05   2.7692654e-04   4.1211636e-03   1.0086655e-06   1.7071487e-08   9.5917030e-09
   1.0000000e+00  -2.1296273e-02  -7.4667644e-01  -1.2043304e-01   5.6633761e-03  -2.2447266e-03  -7.4145879e-04   4.5353124e-04   5.5752571e-01   1.4504117e-02   3.2073829e-05   5.0387975e-06   5.4976114e-07  -1.0551285e-02   1.7446000e-04   5.6980000e-02  -4.0321480e-04   2.1022680e-04  -7.3950840e-05   1.1132962e-04   3.0436292e-08   3.2467204e-03   1.6258217e-07   4.4195307e-08   5.4687267e-09
   1.0000000e+00  -2.0876609e-02  -7.3624480e-01  -1.5667285e-01   6.4258361e-03  -2.5007482e-03  -8.7765221e-04   4.3583280e-04   5.4205641e-01   2.4546382e-02   4.1291370e-05   6.2537416e-06   7.7027340e-07   4.1966400e-04   1.0431640e-02  -3.6239810e-02   7.6246000e-04  -2.5602160e-04  -1.3619342e-04   1.7611787e-07   1.0881911e-04   1.3133238e-03   5.8134525e-07   6.5547060e-08   1.8548648e-08
   1.0000000e+00  -1.9966678e-02  -7.4338484e-01  -1.1422514e-01   5.6673085e-03  -2.4759364e-03  -7.9389167e-04   3.9866823e-04   5.5262102e-01   1.3047383e-02   3.2118386e-05   6.1302611e-06   6.3026398e-07   9.0993100e-04  -7.1400400e-03   4.2447710e-02  -7.5852760e-04   2.4811800e-05   8.3760540e-05   8.2797442e-07   5.0980171e-05   1.8018081e-03   5.7536412e-07   6.1562542e-10   7.0158281e-09
   1.0000000e+00  -6.4466488e-03  -7.4696192e-01  -1.0722932e-01   5.4546304e-03  -2.7057942e-03  -5.2037966e-04   4.1559281e-05   5.5795211e-01   1.1498127e-02   2.9752993e-05   7.3213223e-06   2.7079499e-07   1.3520029e-02  -3.5770800e-03   6.9958200e-03  -2.1267810e-04  -2.2985780e-04   2.7351201e-04   1.8279119e-04   1.2795501e-05   4.8941497e-05   4.5231974e-08   5.2834608e-08   7.4808820e-08
   1.0000000e+00  -7.7317785e-03  -8.0150897e-01  -1.3200618e-01   5.7210914e-03  -2.2795165e-03  -1.0359304e-03   5.9780399e-05   6.4241663e-01   1.7425632e-02   3.2730887e-05   5.1961955e-06   1.0731518e-06  -1.2851297e-03  -5.4547050e-02  -2.4776860e-02   2.6646100e-04   4.2627770e-04  -5.1555074e-04   1.6515583e-06   2.9753807e-03   6.1389279e-04   7.1001465e-08   1.8171268e-07   2.6579257e-07
   1.0000000e+00   4.7897397e-03  -8.2383456e-01  -1.7142110e-01   5.6112253e-03  -1.9612171e-03  -9.4411138e-04   2.2941606e-05   6.7870338e-01   2.9385194e-02   3.1485849e-05   3.8463725e-06   8.9134630e-07   1.2521518e-02  -2.2325590e-02  -3.9414920e-02  -1.0986610e-04   3.1829940e-04   9.1819020e-05   1.5678842e-04   4.9843197e-04   1.5535359e-03   1.2070560e-08   1.0131451e-07   8.4307324e-09
   1.0000000e+00   4.4894695e-02  -7.5706460e-01  -1.5714669e-01   6.8126458e-03  -7.8668261e-04   1.3476777e-03   2.0155336e-03   5.7314681e-01   2.4695082e-02   4.6412143e-05   6.1886953e-07   1.8162352e-06   4.0104955e-02   6.6769960e-02   1.4274410e-02   1.2014205e-03   1.1745345e-03   2.2917891e-03   1.6084074e-03   4.4582276e-03   2.0375878e-04   1.4434112e-06   1.3795313e-06   5.2522972e-06
   1.0000000e+00   1.3551226e-02  -8.7881264e-01  -2.0424381e-02   3.5329663e-03  -2.7765471e-03  -5.5014625e-04   1.8363573e-04   7.7231166e-01   4.1715534e-04   1.2481851e-05   7.7092138e-06   3.0266090e-07  -3.1343469e-02  -1.2174804e-01   1.3672231e-01  -3.2796795e-03  -1.9898645e-03  -1.8978239e-03   9.8241305e-04   1.4822585e-02   1.8692990e-02   1.0756298e-05   3.9595607e-06   3.6017357e-06
   1.0000000e+00   8.3026025e-03  -8.4690425e-01  -6.3074052e-02   6.2316340e-03  -1.9454244e-03  -3.1799408e-04   6.8933208e-05   7.1724681e-01   3.9783360e-03   3.8833262e-05   3.7846761e-06   1.0112023e-07  -5.2486235e-03   3.1908390e-02  -4.2649671e-02   2.6986677e-03   8.3112270e-04   2.3215217e-04   2.7548049e-05   1.0181454e-03   1.8189944e-03   7.2828074e-06   6.9076494e-07   5.3894630e-08
   1.0000000e+00   1.6741314e-02  -8.5273759e-01  -3.3720694e-02   5.7423068e-03  -1.8234330e-03  -1.7639427e-04   2.8027159e-04   7.2716140e-01   1.1370852e-03   3.2974087e-05   3.3249079e-06   3.1114938e-08   8.4387115e-03  -5.8333400e-03   2.9353358e-02  -4.8932720e-04   1.2199140e-04   1.4159981e-04   7.1211852e-05   3.4027856e-05   8.6161963e-04   2.3944111e-07   1.4881902e-08   2.0050506e-08
   1.0000000e+00   5.3312716e-02  -8.4389946e-01  -4.9895865e-02   6.5971029e-03  -2.4242507e-03   5.4003987e-04   2.8422457e-03   7.1216630e-01   2.4895973e-03   4.3521767e-05   5.8769915e-06   2.9164306e-07   3.6571402e-02   8.8381300e-03  -1.6175171e-02   8.5479610e-04  -6.0081770e-04   7.1643414e-04   1.3374674e-03   7.8112542e-05   2.6163616e-04   7.3067637e-07   3.6098191e-07   5.1327788e-07
   1.0000000e+00   4.1822947e-02  -8.3991687e-01  -4.6030563e-02   6.5132057e-03  -2.3817046e-03   5.4439258e-04   1.7491589e-03   7.0546035e-01   2.1188127e-03   4.2421848e-05   5.6725168e-06   2.9636328e-07  -1.1489769e-02   3.9825900e-03   3.8653020e-03  -8.3897200e-05   4.2546100e-05   4.3527100e-06   1.3201479e-04   1.5861023e-05   1.4940560e-05   7.0387402e-09   1.8101706e-09   1.8946084e-11
   1.0000000e+00   4.2813526e-02  -8.3705878e-01  -6.6336259e-02   7.1901473e-03  -2.3203259e-03   7.4329856e-04   1.8329980e-03   7.0066740e-01   4.4004993e-03   5.1698218e-05   5.3839123e-06   5.5249275e-07   9.9057900e-04   2.8580900e-03  -2.0305696e-02   6.7694160e-04   6.1378700e-05   1.9890598e-04   9.8124676e-07   8.1686784e-06   4.1232129e-04   4.5824993e-07   3.7673448e-09   3.9563589e-08
   1.0000000e+00   4.7568448e-02  -8.3206830e-01  -4.2298869e-02   7.0865758e-03  -2.6247465e-03   4.6652866e-04   2.2627572e-03   6.9233766e-01   1.7891943e-03   5.0219557e-05   6.8892942e-06   2.1764899e-07   4.7549220e-03   4.9904800e-03   2.4037390e-02  -1.0357150e-04  -3.0442060e-04  -2.7676990e-04   2.2609283e-05   2.4904891e-05   5.7779612e-04   1.0727056e-08   9.2671902e-08   7.6601578e-08
   1.0000000e+00   6.5439442e-02  -8.3923841e-01  -9.5259118e-02   7.5021683e-03  -2.6383890e-03   8.1197682e-04   4.2823206e-03   7.0432111e-01   9.0742996e-03   5.6282529e-05   6.9610965e-06   6.5930636e-07   1.7870994e-02  -7.1701100e-03  -5.2960249e-02   4.1559250e-04  -1.3642500e-05   3.4544816e-04   3.1937243e-04   5.1410477e-05   2.8047880e-03   1.7271713e-07   1.8611781e-10   1.1933443e-07
   1.0000000e+00   4.6469066e-02  -8.4491065e-01  -4.9875290e-02   7.0229535e-03  -2.5678871e-03   4.5346087e-04   2.1593741e-03   7.1387401e-01   2.4875446e-03   4.9321876e-05   6.5940442e-06   2.0562676e-07  -1.8970376e-02  -5.6722400e-03   4.5383828e-02  -4.7921480e-04   7.0501900e-05  -3.5851595e-04   3.5987517e-04   3.2174307e-05   2.0596918e-03   2.2964682e-07   4.9705179e-09   1.2853369e-07
   1.0000000e+00   4.4907963e-02  -8.4538090e-01  -7.1530884e-02   8.0402015e-03  -2.1803528e-03   4.2928431e-04   2.0167251e-03   7.1466887e-01   5.1166674e-03   6.4644840e-05   4.7539383e-06   1.8428502e-07  -1.5611030e-03  -4.7025000e-04  -2.1655594e-02   1.0172480e-03   3.8753430e-04  -2.4176560e-05   2.4370426e-06   2.2113506e-07   4.6896475e-04   1.0347935e-06   1.5018283e-07   5.8450605e-10
   1.0000000e+00   5.2617010e-02  -8.2949913e-01  -5.6520051e-02   7.0319358e-03  -2.4736607e-03   3.3484270e-04   2.7685497e-03   6.8806881e-01   3.1945162e-03   4.9448121e-05   6.1189973e-06   1.1211963e-07   7.7090470e-03   1.5881770e-02   1.5010833e-02  -1.0082657e-03  -2.9330790e-04  -9.4441610e-05   5.9429406e-05   2.5223062e-04   2.2532511e-04   1.0165997e-06   8.6029524e-08   8.9192177e-09
   1.0000000e+00   7.3710267e-02  -8.4277355e-01  -9.8021624e-02   7.3227312e-03  -2.2015953e-03   6.9701267e-04   5.4332035e-03   7.1026726e-01   9.6082388e-03   5.3622392e-05   4.8470219e-06   4.8582666e-07   2.1093257e-02  -1.3274420e-02  -4.1501573e-02   2.9079540e-04   2.7206540e-04   3.6216997e-04   4.4492549e-04   1.7621023e-04   1.7223806e-03   8.4561965e-08   7.4019582e-08   1.3116709e-07
   1.0000000e+00   6.3618581e-02  -8.5905472e-01  -4.8883365e-02   6.3735248e-03  -2.0153241e-03   2.1457289e-04   4.0473238e-03   7.3797501e-01   2.3895834e-03   4.0621818e-05   4.0615312e-06   4.6041525e-08  -1.0091686e-02  -1.6281170e-02   4.9138259e-02  -9.4920640e-04   1.8627120e-04  -4.8243978e-04   1.0184213e-04   2.6507650e-04   2.4145685e-03   9.0099279e-07   3.4696960e-08   2.3274814e-07
   1.0000000e+00   4.7480249e-02  -8.9434541e-01  -4.6706700e-02   6.1625638e-03  -1.7559547e-03  -8.8857349e-07   2.2543740e-03   7.9985371e-01   2.1815158e-03   3.7977193e-05   3.0833769e-06   7.8956285e-13  -1.6138332e-02  -3.5290690e-02   2.1766650e-03  -2.1096100e-04   2.5936940e-04  -2.1546146e-04   2.6044576e-04   1.2454328e-03   4.7378705e-06   4.4504544e-08   6.7272486e-08   4.6423642e-08
   1.0000000e+00   4.4678051e-02  -9.0711357e-01  -3.3088836e-02   5.9828246e-03  -2.0083428e-03  -3.7021572e-04   1.9961282e-03   8.2285503e-01   1.0948711e-03   3.5794190e-05   4.0334408e-06   1.3705968e-07  -2.8021980e-03  -1.2768160e-02   1.3617864e-02  -1.7973920e-04  -2.5238810e-04  -3.6932715e-04   7.8523136e-06   1.6302591e-04   1.8544622e-04   3.2306180e-08   6.3699753e-08   1.3640254e-07
   1.0000000e+00   4.3819337e-02  -9.0438243e-01  -5.9664574e-02   6.0818473e-03  -1.8797476e-03  -1.6467520e-04   1.9201343e-03   8.1790758e-01   3.5598614e-03   3.6988867e-05   3.5334510e-06   2.7117921e-08  -8.5871400e-04   2.7311400e-03  -2.6575738e-02   9.9022700e-05   1.2859520e-04   2.0554052e-04   7.3738973e-07   7.4591257e-06   7.0626985e-04   9.8054951e-09   1.6536725e-08   4.2246905e-08
   1.0000000e+00   3.2869897e-02  -9.1356453e-01  -2.5757618e-02   5.8371217e-03  -2.1637611e-03  -6.4007463e-04   1.0804301e-03   8.3460015e-01   6.6345489e-04   3.4071990e-05   4.6818621e-06   4.0969553e-07  -1.0949440e-02  -9.1821000e-03   3.3906956e-02  -2.4472560e-04  -2.8401350e-04  -4.7539943e-04   1.1989024e-04   8.4310960e-05   1.1496817e-03   5.9890619e-08   8.0663668e-08   2.2600462e-07
   1.0000000e+00   3.6988255e-02  -9.1477187e-01  -4.7063015e-02   6.7428751e-03  -1.8610580e-03  -3.3124288e-04   1.3681310e-03   8.3680757e-01   2.2149274e-03   4.5466365e-05   3.4635369e-06   1.0972185e-07   4.1183580e-03  -1.2073400e-03  -2.1305397e-02   9.0575340e-04   3.0270310e-04   3.0883175e-04   1.6960873e-05   1.4576699e-06   4.5391994e-04   8.2038922e-07   9.1629167e-08   9.5377050e-08
   1.0000000e+00   4.2994932e-02  -9.2534320e-01  -2.0399325e-03   6.0084358e-03  -2.3344756e-03  -4.2161371e-04   1.8485642e-03   8.5626004e-01   4.1613246e-06   3.6101301e-05   5.4497763e-06   1.7775812e-07   6.0066770e-03  -1.0571330e-02   4.5023082e-02  -7.3443930e-04  -4.7341760e-04  -9.0370830e-05   3.6080169e-05   1.1175302e-04   2.0270780e-03   5.3940109e-07   2.2412422e-07   8.1668869e-09
   1.0000000e+00   2.0738455e-02  -9.1169564e-01  -6.1640872e-02   6.2382079e-03  -1.9769384e-03  -1.9222354e-04   4.3008352e-04   8.3118894e-01   3.7995971e-03   3.8915238e-05   3.9082854e-06   3.6949889e-08  -2.2256477e-02   1.3647560e-02  -5.9600939e-02   2.2977210e-04   3.5753720e-04   2.2939017e-04   4.9535077e-04   1.8625589e-04   3.5522720e-03   5.2795218e-08   1.2783285e-07   5.2619850e-08
   1.0000000e+00   3.3808367e-02  -9.1093879e-01  -5.6698531e-03   5.6714776e-03  -2.0191029e-03  -2.8037561e-04   1.1430057e-03   8.2980948e-01   3.2147234e-05   3.2165658e-05   4.0767765e-06   7.8610483e-08   1.3069912e-02   7.5685000e-04   5.5971019e-02  -5.6673030e-04  -4.2164500e-05  -8.8152070e-05   1.7082260e-04   5.7282192e-07   3.1327550e-03   3.2118323e-07   1.7778451e-09   7.7707874e-09
   1.0000000e+00   2.7278996e-02  -9.1198154e-01  -5.9625264e-02   6.5314466e-03  -1.8094811e-03  -3.4777121e-04   7.4414362e-04   8.3171033e-01   3.5551721e-03   4.2659795e-05   3.2742219e-06   1.2094481e-07  -6.5293710e-03  -1.0427500e-03  -5.3955411e-02   8.5996900e-04   2.0962180e-04  -6.7395600e-05   4.2632686e-05   1.0873276e-06   2.9111864e-03   7.3954668e-07   4.3941299e-08   4.5421669e-09
   1.0000000e+00   3.0808816e-02  -9.3670665e-01  -3.3444936e-02   5.5960656e-03  -1.8848266e-03  -3.3982272e-04   9.4918314e-04   8.7741935e-01   1.1185637e-03   3.1315950e-05   3.5525713e-06   1.1547948e-07   3.5298200e-03  -2.4725110e-02   2.6180328e-02  -9.3538100e-04  -7.5345500e-05   7.9484900e-06   1.2459629e-05   6.1133106e-04   6.8540957e-04   8.7493762e-07   5.6769444e-09   6.3178493e-11
   1.0000000e+00   6.2946863e-02  -9.4438364e-01  -1.0942238e-01   7.0316590e-03  -2.0601751e-03   2.4554926e-04   3.9623076e-03   8.9186046e-01   1.1973257e-02   4.9444228e-05   4.2443214e-06   6.0294439e-08   3.2138047e-02  -7.6769900e-03  -7.5977444e-02   1.4355934e-03  -1.7534850e-04   5.8537198e-04   1.0328541e-03   5.8936175e-05   5.7725720e-03   2.0609284e-06   3.0747096e-08   3.4266035e-07
   1.0000000e+00   5.6415643e-02  -9.3629663e-01  -1.0299748e-01   6.6043589e-03  -2.0602035e-03   1.0216643e-04   3.1827248e-03   8.7665138e-01   1.0608481e-02   4.3617556e-05   4.2444385e-06   1.0437979e-08  -6.5312200e-03   8.0870100e-03   6.4249000e-03  -4.2730010e-04  -2.8400000e-08  -1.4338283e-04   4.2656835e-05   6.5399731e-05   4.1279340e-05   1.8258538e-07   8.0656000e-16   2.0558636e-08
   1.0000000e+00   3.8359019e-02  -9.5904574e-01  -1.1096930e-01   6.5636414e-03  -1.3908136e-03  -8.3313553e-05   1.4714143e-03   9.1976873e-01   1.2314186e-02   4.3081388e-05   1.9343625e-06   6.9411481e-09  -1.8056624e-02  -2.2749110e-02  -7.9718200e-03  -4.0717500e-05   6.6938990e-04  -1.8547998e-04   3.2604167e-04   5.1752201e-04   6.3549914e-05   1.6579148e-09   4.4808284e-07   3.4402824e-08
   1.0000000e+00   4.1428411e-02  -9.7152915e-01  -6.6348903e-02   6.3081722e-03  -1.2933699e-03  -1.2052117e-04   1.7163132e-03   9.4386889e-01   4.4021769e-03   3.9793037e-05   1.6728057e-06   1.4525352e-08   3.0693920e-03  -1.2483410e-02   4.4620397e-02  -2.5546920e-04   9.7443700e-05  -3.7207617e-05   9.4211672e-06   1.5583553e-04   1.9909798e-03   6.5264512e-08   9.4952747e-09   1.3844068e-09
   1.0000000e+00   5.3972847e-02  -9.7932629e-01  -1.0582484e-01   6.4289730e-03   9.4503821e-04  -9.5671742e-05   2.9130682e-03   9.5907998e-01   1.1198897e-02   4.1331694e-05   8.9309722e-07   9.1530822e-09   1.2544436e-02  -7.7971400e-03  -3.9475937e-02   1.2080080e-04   2.2384081e-03   2.4849428e-05   1.5736287e-04   6.0795392e-05   1.5583496e-03   1.4592833e-08   5.0104709e-06   6.1749407e-10
   1.0000000e+00   7.0811647e-02  -1.0495953e+00  -5.3161679e-02   5.8340312e-03   5.3591356e-04  -1.5498823e-05   5.0142894e-03   1.1016503e+00   2.8261641e-03   3.4035920e-05   2.8720334e-07   2.4021351e-10   1.6838800e-02  -7.0269010e-02   5.2663161e-02  -5.9494180e-04  -4.0912465e-04   8.0172919e-05   2.8354519e-04   4.9377338e-03   2.7734085e-03   3.5395575e-07   1.6738298e-07   6.4276969e-09
   1.0000000e+00   9.4705765e-02  -1.0932204e+00  -2.0865322e-01   6.1302204e-03   1.7178489e-03   1.6343825e-04   8.9691819e-03   1.1951308e+00   4.3536166e-02   3.7579602e-05   2.9510048e-06   2.6712062e-08   2.3894118e-02  -4.3625100e-02  -1.5549154e-01   2.9618920e-04   1.1819353e-03   1.7893707e-04   5.7092887e-04   1.9031494e-03   2.4177619e-02   8.7728042e-08   1.3969711e-06   3.2018476e-08
   1.0000000e+00   1.0890343e-01  -1.0638442e+00  -1.8421642e-01   6.9483221e-03   1.3593947e-03   2.9542431e-04   1.1859957e-02   1.1317645e+00   3.3935689e-02   4.8279180e-05   1.8479540e-06   8.7275523e-08   1.4197665e-02   2.9376200e-02   2.4436800e-02   8.1810170e-04  -3.5845420e-04   1.3198606e-04   2.0157369e-04   8.6296113e-04   5.9715719e-04   6.6929039e-07   1.2848941e-07   1.7420320e-08
   1.0000000e+00   9.7392470e-02  -1.0717182e+00  -1.6021569e-01   6.4734000e-03   1.4763838e-03   1.7107035e-04   9.4852932e-03   1.1485799e+00   2.5669067e-02   4.1904908e-05   2.1797091e-06   2.9265065e-08  -1.1510960e-02  -7.8740000e-03   2.4000730e-02  -4.7492210e-04   1.1698910e-04  -1.2435396e-04   1.3250220e-04   6.1999876e-05   5.7603504e-04   2.2555100e-07   1.3686450e-08   1.5463907e-08
   1.0000000e+00   1.0942787e-01  -1.0846584e+00  -1.7146757e-01   7.5703207e-03   1.5690333e-03   2.9551722e-04   1.1974459e-02   1.1764838e+00   2.9401128e-02   5.7309756e-05   2.4618655e-06   8.7330427e-08   1.2035400e-02  -1.2940200e-02  -1.1251880e-02   1.0969207e-03   9.2649500e-05   1.2444687e-04   1.4485085e-04   1.6744878e-04   1.2660480e-04   1.2032350e-06   8.5839299e-09   1.5487023e-08
   1.0000000e+00   9.5771366e-02  -1.0915908e+00  -1.5846084e-01   7.1435340e-03   1.7816256e-03   2.4535795e-04   9.1721545e-03   1.1915705e+00   2.5109838e-02   5.1030078e-05   3.1741898e-06   6.0200524e-08  -1.3656504e-02  -6.9324000e-03   1.3006730e-02  -4.2678670e-04   2.1259230e-04  -5.0159270e-05   1.8650010e-04   4.8058170e-05   1.6917503e-04   1.8214689e-07   4.5195486e-08   2.5159524e-09
   1.0000000e+00   8.2970448e-02  -1.1014876e+00  -1.6931136e-01   7.6533440e-03   2.1433796e-03  -4.5755341e-05   6.8840952e-03   1.2132749e+00   2.8666337e-02   5.8573674e-05   4.5940761e-06   2.0935512e-09  -1.2800918e-02  -9.8968000e-03  -1.0850520e-02   5.0981000e-04   3.6175400e-04  -2.9111329e-04   1.6386350e-04   9.7946650e-05   1.1773378e-04   2.5990624e-07   1.3086596e-07   8.4746948e-08
   1.0000000e+00   9.4699406e-02  -1.1039812e+00  -1.7728665e-01   7.6238510e-03   1.9421086e-03   1.6369423e-04   8.9679775e-03   1.2187745e+00   3.1430556e-02   5.8123104e-05   3.7717858e-06   2.6795801e-08   1.1728958e-02  -2.4936000e-03  -7.9752900e-03  -2.9493000e-05  -2.0127100e-04   2.0944957e-04   1.3756846e-04   6.2180410e-06   6.3605251e-05   8.6983705e-10   4.0510015e-08   4.3869123e-08
   1.0000000e+00   9.1017894e-02  -1.1194122e+00  -1.9386052e-01   7.8509500e-03   1.9430129e-03   1.2175268e-04   8.2842570e-03   1.2530837e+00   3.7581901e-02   6.1637416e-05   3.7752991e-06   1.4823715e-08  -3.6815120e-03  -1.5431000e-02  -1.6573870e-02   2.2709900e-04   9.0430000e-07  -4.1941550e-05   1.3553531e-05   2.3811576e-04   2.7469317e-04   5.1573956e-08   8.1775849e-13   1.7590936e-09
   1.0000000e+00   9.6208840e-02  -1.1105613e+00  -2.1148523e-01   8.1244754e-03   2.0412589e-03   2.5874508e-04   9.2561409e-03   1.2333464e+00   4.4726003e-02   6.6007101e-05   4.1667379e-06   6.6949016e-08   5.1909460e-03   8.8509000e-03  -1.7624710e-02   2.7352540e-04   9.8246000e-05   1.3699240e-04   2.6945920e-05   7.8338431e-05   3.1063040e-04   7.4816144e-08   9.6522765e-09   1.8766918e-08
   1.0000000e+00   8.4378838e-02  -1.1052948e+00  -1.9095733e-01   8.1157940e-03   2.3812724e-03   6.4346079e-06   7.1197883e-03   1.2216766e+00   3.6464702e-02   6.5866112e-05   5.6704582e-06   4.1404179e-11  -1.1830002e-02   5.2665000e-03   2.0527900e-02  -8.6814000e-06   3.4001350e-04  -2.5231047e-04   1.3994895e-04   2.7736022e-05   4.2139468e-04   7.5366706e-11   1.1560918e-07   6.3660574e-08
   1.0000000e+00   1.1360805e-01  -1.0734095e+00  -2.2459757e-01   8.6574756e-03   1.5218887e-03   6.6620093e-04   1.2906789e-02   1.1522080e+00   5.0444068e-02   7.4951884e-05   2.3161452e-06   4.4382368e-07   2.9229212e-02   3.1885300e-02  -3.3640240e-02   5.4168160e-04  -8.5938370e-04   6.5976632e-04   8.5434683e-04   1.0166724e-03   1.1316657e-03   2.9341896e-07   7.3854034e-07   4.3529160e-07
   1.0000000e+00   1.1810146e-01  -1.0726118e+00  -1.9920489e-01   8.3920931e-03   1.0504543e-03   1.0250736e-03   1.3947955e-02   1.1504961e+00   3.9682588e-02   7.0427227e-05   1.1034542e-06   1.0507759e-06   4.4934100e-03   7.9770000e-04   2.5392680e-02  -2.6538250e-04  -4.7143440e-04   3.5887267e-04   2.0190733e-05   6.3632529e-07   6.4478820e-04   7.0427871e-08   2.2225039e-07   1.2878959e-07
   1.0000000e+00   1.0404351e-01  -1.0752910e+00  -2.3940669e-01   8.8938628e-03   9.5403195e-04   9.7005408e-04   1.0825052e-02   1.1562507e+00   5.7315563e-02   7.9100796e-05   9.1017696e-07   9.4100492e-07  -1.4057950e-02  -2.6792000e-03  -4.0201800e-02   5.0176970e-04  -9.6422350e-05  -5.5019520e-05   1.9762596e-04   7.1781126e-06   1.6161847e-03   2.5177283e-07   9.2972696e-09   3.0271476e-09
   1.0000000e+00   1.1170471e-01  -1.0529949e+00  -2.0869011e-01   7.9785818e-03   5.6823222e-04   1.0168521e-03   1.2477942e-02   1.1087983e+00   4.3551562e-02   6.3657768e-05   3.2288786e-07   1.0339882e-06   7.6612000e-03   2.2296100e-02   3.0716580e-02  -9.1528100e-04  -3.8579973e-04   4.6798020e-05   5.8693985e-05   4.9711608e-04   9.4350829e-04   8.3773931e-07   1.4884143e-07   2.1900547e-09
   1.0000000e+00   1.0599030e-01  -1.0577598e+00  -2.2949028e-01   8.1136122e-03   6.2542821e-04   1.1025717e-03   1.1233944e-02   1.1188558e+00   5.2665789e-02   6.5830703e-05   3.9116045e-07   1.2156644e-06  -5.7144100e-03  -4.7649000e-03  -2.0800170e-02   1.3503040e-04   5.7195990e-05   8.5719600e-05   3.2654482e-05   2.2704272e-05   4.3264707e-04   1.8233209e-08   3.2713813e-09   7.3478498e-09
   1.0000000e+00   1.0564443e-01  -1.0651982e+00  -1.7089595e-01   7.1336697e-03   8.2532543e-04   9.4611636e-04   1.1160746e-02   1.1346472e+00   2.9205426e-02   5.0889243e-05   6.8116207e-07   8.9513617e-07  -3.4587000e-04  -7.4384000e-03   5.8594330e-02  -9.7994250e-04   1.9989722e-04  -1.5645534e-04   1.1962606e-07   5.5329795e-05   3.4332955e-03   9.6028730e-07   3.9958899e-08   2.4478273e-08
   1.0000000e+00   8.8026233e-02  -1.0694440e+00  -2.2052663e-01   7.6692115e-03   1.3334847e-03   6.4661729e-04   7.7486177e-03   1.1437105e+00   4.8631995e-02   5.8816805e-05   1.7781814e-06   4.1811392e-07  -1.7618197e-02  -4.2458000e-03  -4.9630680e-02   5.3554180e-04   5.0815927e-04  -2.9949907e-04   3.1040087e-04   1.8026818e-05   2.4632044e-03   2.8680502e-07   2.5822584e-07   8.9699693e-08
   1.0000000e+00   8.7522375e-02  -1.1495796e+00  -1.7295623e-01   6.2954976e-03   2.1244932e-03   3.3416022e-04   7.6601661e-03   1.3215333e+00   2.9913857e-02   3.9633290e-05   4.5134714e-06   1.1166305e-07  -5.0385800e-04  -8.0135600e-02   4.7570400e-02  -1.3737139e-03   7.9100850e-04  -3.1245707e-04   2.5387288e-07   6.4217144e-03   2.2629430e-03   1.8870899e-06   6.2569445e-07   9.7629421e-08
   1.0000000e+00   8.1319362e-02  -1.1093464e+00  -2.2194456e-01   7.4541940e-03   2.5344329e-03  -1.0146852e-04   6.6128386e-03   1.2306494e+00   4.9259388e-02   5.5565008e-05   6.4233501e-06   1.0295861e-08  -6.2030130e-03   4.0233200e-02  -4.8988330e-02   1.1586964e-03   4.0993970e-04  -4.3562874e-04   3.8477370e-05   1.6187104e-03   2.3998565e-03   1.3425773e-06   1.6805056e-07   1.8977240e-07
   1.0000000e+00   8.9833135e-02  -1.1407451e+00  -2.1172535e-01   7.0172701e-03   2.3010462e-03  -1.1646904e-04   8.0699921e-03   1.3012994e+00   4.4827624e-02   4.9242080e-05   5.2948136e-06   1.3565037e-08   8.5137730e-03  -3.1398700e-02   1.0219210e-02  -4.3692390e-04  -2.3338670e-04  -1.5000520e-05   7.2484331e-05   9.8587836e-04   1.0443225e-04   1.9090249e-07   5.4469352e-08   2.2501560e-10
   1.0000000e+00   8.4772102e-02  -1.1305928e+00  -2.5166863e-01   7.9234313e-03   2.6477754e-03  -5.0269125e-04   7.1863093e-03   1.2782401e+00   6.3337099e-02   6.2780764e-05   7.0107146e-06   2.5269849e-07  -5.0610330e-03   1.0152300e-02  -3.9943280e-02   9.0616120e-04   3.4672920e-04  -3.8622221e-04   2.5614055e-05   1.0306920e-04   1.5954656e-03   8.2112812e-07   1.2022114e-07   1.4916760e-07
   1.0000000e+00   1.0720321e-01  -1.1623849e+00  -2.8883053e-01   6.6957354e-03   2.7081549e-03  -7.6648603e-04   1.1492528e-02   1.3511387e+00   8.3423075e-02   4.4832873e-05   7.3341030e-06   5.8750083e-07   2.2431108e-02  -3.1792100e-02  -3.7161900e-02  -1.2276959e-03   6.0379500e-05  -2.6379478e-04   5.0315461e-04   1.0107376e-03   1.3810068e-03   1.5072372e-06   3.6456840e-09   6.9587686e-08
