   1.0000000e+00   0.0000000e+00   1.3977417e-14   0.0000000e+00  -3.4694470e-18   1.4230623e-20   1.7347235e-18   0.0000000e+00   1.9536819e-28   0.0000000e+00   1.2037062e-35   2.0251063e-40   3.0092656e-36   0.0000000e+00   0.0000000e+00   0.0000000e+00   0.0000000e+00   0.0000000e+00   0.0000000e+00   0.0000000e+00   0.0000000e+00   0.0000000e+00   0.0000000e+00   0.0000000e+00   0.0000000e+00
   1.0000000e+00  -4.8449704e-02  -2.0982627e-02  -1.4722854e-01   3.2360311e-03   1.3074552e-03  -5.2862505e-04   2.3473738e-03   4.4027064e-04   2.1676243e-02   1.0471897e-05   1.7094391e-06   2.7944444e-07  -4.8449704e-02  -2.0982627e-02  -1.4722854e-01   3.2360311e-03   1.3074552e-03  -5.2862505e-04   2.3473738e-03   4.4027064e-04   2.1676243e-02   1.0471897e-05   1.7094391e-06   2.7944444e-07
   1.0000000e+00  -6.8779977e-02  -4.9695699e-02  -7.2184781e-03   1.9387319e-03   1.7120432e-03  -8.4076248e-04   4.7306852e-03   2.4696625e-03   5.2106426e-05   3.7586814e-06   2.9310919e-06   7.0688155e-07  -2.0330273e-02  -2.8713072e-02   1.4001006e-01  -1.2972992e-03   4.0458800e-04  -3.1213743e-04   4.1332000e-04   8.2444050e-04   1.9602817e-02   1.6829852e-06   1.6369145e-07   9.7429775e-08
   1.0000000e+00  -6.5892136e-02  -1.1384509e-01   1.0291576e-01  -1.5362478e-03   1.2646957e-04  -1.5938487e-03   4.3417736e-03   1.2960705e-02   1.0591654e-02   2.3600573e-06   1.5994552e-08   2.5403537e-06   2.8878410e-03  -6.4149391e-02   1.1013424e-01  -3.4749797e-03  -1.5855736e-03  -7.5308622e-04   8.3396256e-06   4.1151444e-03   1.2129550e-02   1.2075484e-05   2.5140437e-06   5.6713885e-07
   1.0000000e+00  -8.2026230e-02  -2.1250925e-02   1.0759366e-01  -1.2982796e-03   7.8817802e-04  -1.7204098e-03   6.7283024e-03   4.5160181e-04   1.1576396e-02   1.6855299e-06   6.2122459e-07   2.9598099e-06  -1.6134094e-02   9.2594165e-02   4.6779000e-03   2.3796820e-04   6.6170845e-04  -1.2656110e-04   2.6030899e-04   8.5736794e-03   2.1882748e-05   5.6628864e-08   4.3785807e-07   1.6017712e-08
   1.0000000e+00  -3.1872112e-02  -3.4298425e-02   4.4481458e-02  -1.0036729e-03  -1.9757205e-04  -9.3566335e-04   1.0158315e-03   1.1763820e-03   1.9786001e-03   1.0073593e-06   3.9034715e-08   8.7546590e-07   5.0154118e-02  -1.3047500e-02  -6.3112202e-02   2.9460670e-04  -9.8575007e-04   7.8474645e-04   2.5154356e-03   1.7023726e-04   3.9831500e-03   8.6793108e-08   9.7170320e-07   6.1582699e-07
   1.0000000e+00  -7.0269013e-02  -5.3763685e-02  -7.5163301e-02   3.5503703e-04   7.3677087e-04  -1.6147881e-03   4.9377342e-03   2.8905338e-03   5.6495218e-03   1.2605129e-07   5.4283131e-07   2.6075406e-06  -3.8396901e-02  -1.9465260e-02  -1.1964476e-01   1.3587099e-03   9.3434292e-04  -6.7912475e-04   1.4743220e-03   3.7889635e-04   1.4314868e-02   1.8460927e-06   8.7299669e-07   4.6121043e-07
   1.0000000e+00  -8.6680012e-02  -1.0488707e-01   3.2481162e-02  -7.4457976e-04   1.7000783e-03  -1.2164788e-03   7.5134245e-03   1.1001297e-02   1.0550259e-03   5.5439902e-07   2.8902662e-06   1.4798207e-06  -1.6410999e-02  -5.1123385e-02   1.0764446e-01  -1.0996168e-03   9.6330743e-04   3.9830930e-04   2.6932089e-04   2.6136005e-03   1.1587330e-02   1.2091571e-06   9.2796120e-07   1.5865030e-07
   1.0000000e+00  -1.1266657e-01  -1.4682126e-01   1.5561550e-01  -3.3989771e-03   1.1570770e-03  -2.3450901e-03   1.2693756e-02   2.1556482e-02   2.4216184e-02   1.1553045e-05   1.3388272e-06   5.4994476e-06  -2.5986558e-02  -4.1934190e-02   1.2313434e-01  -2.6543973e-03  -5.4300130e-04  -1.1286113e-03   6.7530120e-04   1.7584763e-03   1.5162065e-02   7.0458252e-06   2.9485041e-07   1.2737635e-06
   1.0000000e+00  -7.7157301e-02  -1.1269937e-01   1.7484078e-01  -2.6160494e-03   3.2417029e-04  -1.7496892e-03   5.9532491e-03   1.2701148e-02   3.0569298e-02   6.8437145e-06   1.0508638e-07   3.0614123e-06   3.5509269e-02   3.4121890e-02   1.9225280e-02   7.8292770e-04  -8.3290671e-04   5.9540090e-04   1.2609082e-03   1.1643034e-03   3.6961139e-04   6.1297578e-07   6.9373359e-07   3.5450223e-07
   1.0000000e+00  -1.1530156e-01  -1.0757970e-01   1.6361624e-01  -1.2067795e-03   6.4495632e-04  -2.9183520e-03   1.3294450e-02   1.1573392e-02   2.6770274e-02   1.4563168e-06   4.1596865e-07   8.5167784e-06  -3.8144259e-02   5.1196700e-03  -1.1224540e-02   1.4092699e-03   3.2078603e-04  -1.1686628e-03   1.4549845e-03   2.6211021e-05   1.2599030e-04   1.9860417e-06   1.0290368e-07   1.3657727e-06
   1.0000000e+00  -1.0865804e-01  -1.2259807e-01   6.8143296e-02  -1.8135092e-03   5.5267507e-04  -2.6949388e-03   1.1806570e-02   1.5030287e-02   4.6435088e-03   3.2888156e-06   3.0544973e-07   7.2626951e-06   6.6435200e-03  -1.5018370e-02  -9.5472944e-02  -6.0672970e-04  -9.2281250e-05   2.2341320e-04   4.4136358e-05   2.2555144e-04   9.1150830e-03   3.6812093e-07   8.5158291e-09   4.9913458e-08
   1.0000000e+00  -7.9355234e-02  -7.2636932e-02   5.3708291e-02  -5.3777200e-04   4.2350974e-04  -1.6579419e-03   6.2972532e-03   5.2761239e-03   2.8845805e-03   2.8919872e-07   1.7936050e-07   2.7487713e-06   2.9302806e-02   4.9961138e-02  -1.4435005e-02   1.2757372e-03  -1.2916533e-04   1.0369969e-03   8.5865444e-04   2.4961153e-03   2.0836937e-04   1.6275054e-06   1.6683682e-08   1.0753626e-06
   1.0000000e+00  -1.0941970e-01  -9.1942665e-02   4.9012225e-02   4.2720008e-05   1.3214472e-03  -2.2070272e-03   1.1972671e-02   8.4534536e-03   2.4021982e-03   1.8249991e-09   1.7462227e-06   4.8709691e-06  -3.0064466e-02  -1.9305733e-02  -4.6960660e-03   5.8049201e-04   8.9793746e-04  -5.4908530e-04   9.0387212e-04   3.7271133e-04   2.2053036e-05   3.3697097e-07   8.0629168e-07   3.0149467e-07
   1.0000000e+00  -1.2424209e-01  -6.3490752e-02   2.1443693e-01  -1.6879030e-03   1.8763769e-03  -2.4749114e-03   1.5436097e-02   4.0310756e-03   4.5983197e-02   2.8490165e-06   3.5207903e-06   6.1251864e-06  -1.4822390e-02   2.8451913e-02   1.6542471e-01  -1.7306230e-03   5.5492970e-04  -2.6788420e-04   2.1970325e-04   8.0951135e-04   2.7365333e-02   2.9950560e-06   3.0794697e-07   7.1761945e-08
   1.0000000e+00  -1.1099002e-01  -7.7424681e-02   2.4054944e-01  -2.8861255e-03   1.3191695e-03  -2.3921544e-03   1.2318785e-02   5.9945812e-03   5.7864033e-02   8.3297204e-06   1.7402082e-06   5.7224027e-06   1.3252070e-02  -1.3933929e-02   2.6112510e-02  -1.1982225e-03  -5.5720740e-04   8.2757000e-05   1.7561736e-04   1.9415438e-04   6.8186318e-04   1.4357372e-06   3.1048009e-07   6.8487210e-09
   1.0000000e+00  -1.0266029e-01  -6.7646150e-02   2.0549763e-01  -2.2208015e-03   1.7113542e-03  -1.9279591e-03   1.0539135e-02   4.5760016e-03   4.2229276e-02   4.9319593e-06   2.9287332e-06   3.7170263e-06   8.3297300e-03   9.7785310e-03  -3.5051810e-02   6.6532400e-04   3.9218470e-04   4.6419530e-04   6.9384402e-05   9.5619669e-05   1.2286294e-03   4.4265602e-07   1.5380884e-07   2.1547728e-07
   1.0000000e+00  -1.2121125e-01  -1.6602058e-01   2.4326631e-01  -3.2592828e-03   1.1609621e-03  -2.5246124e-03   1.4692167e-02   2.7562833e-02   5.9178498e-02   1.0622924e-05   1.3478330e-06   6.3736678e-06  -1.8550960e-02  -9.8374430e-02   3.7768680e-02  -1.0384813e-03  -5.5039210e-04  -5.9665330e-04   3.4413812e-04   9.6775285e-03   1.4264732e-03   1.0784434e-06   3.0293146e-07   3.5599516e-07
   1.0000000e+00  -8.1656226e-02  -1.5343463e-01   9.9436345e-02  -2.4125780e-03   1.0000469e-03  -1.9274111e-03   6.6677392e-03   2.3542186e-02   9.8875867e-03   5.8205326e-06   1.0000938e-06   3.7149135e-06   3.9555024e-02   1.2585950e-02  -1.4382997e-01   8.4670480e-04  -1.6091520e-04   5.9720130e-04   1.5645999e-03   1.5840614e-04   2.0687059e-02   7.1690902e-07   2.5893702e-08   3.5664939e-07
   1.0000000e+00  -1.0609023e-01  -9.5341094e-02   1.7390027e-01  -2.0216525e-03   1.9685621e-03  -1.8229746e-03   1.1255137e-02   9.0899242e-03   3.0241304e-02   4.0870788e-06   3.8752367e-06   3.3232364e-06  -2.4434004e-02   5.8093536e-02   7.4463925e-02   3.9092550e-04   9.6851520e-04   1.0443650e-04   5.9702055e-04   3.3748589e-03   5.5448761e-03   1.5282275e-07   9.3802169e-07   1.0906983e-08
   1.0000000e+00  -1.0414729e-01  -7.5451397e-02   2.0228828e-01  -2.2988384e-03   2.0359980e-03  -1.8897560e-03   1.0846658e-02   5.6929133e-03   4.0920548e-02   5.2846580e-06   4.1452879e-06   3.5711777e-06   1.9429400e-03   1.9889697e-02   2.8388010e-02  -2.7718590e-04   6.7435900e-05  -6.6781400e-05   3.7750158e-06   3.9560005e-04   8.0587911e-04   7.6832023e-08   4.5476006e-09   4.4597554e-09
   1.0000000e+00  -5.9851182e-02  -1.0596112e-01   1.6836624e-01  -1.6204831e-03   2.2461314e-03  -1.1385504e-03   3.5821640e-03   1.1227759e-02   2.8347191e-02   2.6259655e-06   5.0451063e-06   1.2962970e-06   4.4296108e-02  -3.0509723e-02  -3.3922040e-02   6.7835530e-04   2.1013340e-04   7.5120560e-04   1.9621452e-03   9.3084320e-04   1.1507048e-03   4.6016591e-07   4.4156046e-08   5.6430985e-07
   1.0000000e+00  -5.3123139e-02  -5.3976078e-02   2.4365627e-01  -1.1715899e-03   2.7347507e-03  -8.5143442e-04   2.8220679e-03   2.9134170e-03   5.9368378e-02   1.3726229e-06   7.4788614e-06   7.2494057e-07   6.7280430e-03   5.1985042e-02   7.5290030e-02   4.4889320e-04   4.8861930e-04   2.8711598e-04   4.5266563e-05   2.7024446e-03   5.6685886e-03   2.0150511e-07   2.3874882e-07   8.2435586e-08
   1.0000000e+00  -4.9256670e-02  -1.0204227e-01   2.3831784e-01  -1.7798791e-03   2.2514382e-03  -9.6438932e-04   2.4262195e-03   1.0412625e-02   5.6795393e-02   3.1679696e-06   5.0689740e-06   9.3004676e-07   3.8664690e-03  -4.8066192e-02  -5.3384300e-03  -6.0828920e-04  -4.8331250e-04  -1.1295490e-04   1.4949583e-05   2.3103588e-03   2.8498835e-05   3.7001575e-07   2.3359097e-07   1.2758809e-08
   1.0000000e+00  -3.7756050e-02  -7.6276961e-02   1.2609576e-01  -1.2719544e-03   1.9343275e-03  -7.2096180e-04   1.4255193e-03   5.8181748e-03   1.5900141e-02   1.6178680e-06   3.7416229e-06   5.1978592e-07   1.1500620e-02   2.5765309e-02  -1.1222208e-01   5.0792470e-04  -3.1711070e-04   2.4342752e-04   1.3226426e-04   6.6385115e-04   1.2593795e-02   2.5798750e-07   1.0055920e-07   5.9256957e-08
   1.0000000e+00  -4.7797837e-02  -5.0800360e-02   2.3356859e-01  -1.0938538e-03   2.8219817e-03  -6.1983199e-04   2.2846332e-03   2.5806766e-03   5.4554286e-02   1.1965161e-06   7.9635807e-06   3.8419170e-07  -1.0041787e-02   2.5476601e-02   1.0747283e-01   1.7810060e-04   8.8765420e-04   1.0112981e-04   1.0083749e-04   6.4905720e-04   1.1550409e-02   3.1719824e-08   7.8792998e-07   1.0227238e-08
   1.0000000e+00  -2.2857780e-02  -1.5372180e-01   1.3136669e-01  -1.3600572e-03   1.8310110e-03  -8.1836633e-04   5.2247811e-04   2.3630392e-02   1.7257207e-02   1.8497556e-06   3.3526013e-06   6.6972345e-07   2.4940057e-02  -1.0292144e-01  -1.0220190e-01  -2.6620340e-04  -9.9097070e-04  -1.9853434e-04   6.2200644e-04   1.0592823e-02   1.0445228e-02   7.0864250e-08   9.8202293e-07   3.9415884e-08
   1.0000000e+00  -4.2874491e-03  -1.9087431e-01   8.3784537e-02   4.6602082e-05   1.7947640e-03   3.8567456e-05   1.8382220e-05   3.6433002e-02   7.0198486e-03   2.1717540e-09   3.2211778e-06   1.4874487e-09   1.8570331e-02  -3.7152510e-02  -4.7582153e-02   1.4066593e-03  -3.6247000e-05   8.5693379e-04   3.4485719e-04   1.3803090e-03   2.2640613e-03   1.9786903e-06   1.3138450e-09   7.3433551e-07
   1.0000000e+00   8.5405147e-03  -7.3603465e-02   1.0168163e-01   1.5245538e-04   2.5490422e-03   8.7993311e-04   7.2940391e-05   5.4174701e-03   1.0339154e-02   2.3242643e-08   6.4976161e-06   7.7428228e-07   1.2827964e-02   1.1727084e-01   1.7897093e-02   1.0585330e-04   7.5427820e-04   8.4136565e-04   1.6455666e-04   1.3752451e-02   3.2030594e-04   1.1204921e-08   5.6893560e-07   7.0789616e-07
   1.0000000e+00   2.7414054e-02  -1.5676026e-01   3.2730028e-02   3.1964669e-04   1.4928347e-03   7.1687766e-04   7.5153036e-04   2.4573779e-02   1.0712547e-03   1.0217401e-07   2.2285554e-06   5.1391358e-07   1.8873539e-02  -8.3156795e-02  -6.8951602e-02   1.6719131e-04  -1.0562075e-03  -1.6305545e-04   3.5621049e-04   6.9150526e-03   4.7543234e-03   2.7952934e-08   1.1155743e-06   2.6587080e-08
   1.0000000e+00   4.3293723e-02  -7.7169583e-02  -1.4352820e-02   1.2421537e-03   1.2092558e-03   1.0591643e-03   1.8743465e-03   5.9551445e-03   2.0600344e-04   1.5429458e-06   1.4622996e-06   1.1218290e-06   1.5879669e-02   7.9590677e-02  -4.7082848e-02   9.2250701e-04  -2.8357890e-04   3.4228664e-04   2.5216389e-04   6.3346759e-03   2.2167946e-03   8.5101918e-07   8.0416993e-08   1.1716014e-07
   1.0000000e+00  -1.1254406e-03  -1.2762859e-01   1.0850725e-01   1.9461214e-03   2.6266909e-03   8.8964848e-04   1.2666165e-06   1.6289057e-02   1.1773823e-02   3.7873885e-06   6.8995051e-06   7.9147442e-07  -4.4419164e-02  -5.0459007e-02   1.2286007e-01   7.0396770e-04   1.4174351e-03  -1.6951582e-04   1.9730621e-03   2.5461114e-03   1.5094597e-02   4.9557052e-07   2.0091223e-06   2.8735613e-08
   1.0000000e+00   2.7080266e-02  -2.2902934e-01   2.1944398e-02   1.2152725e-03   1.0170439e-03   3.8131775e-04   7.3334081e-04   5.2454439e-02   4.8155660e-04   1.4768872e-06   1.0343783e-06   1.4540323e-07   2.8205707e-02  -1.0140075e-01  -8.6562852e-02  -7.3084890e-04  -1.6096470e-03  -5.0833073e-04   7.9556188e-04   1.0282112e-02   7.4931273e-03   5.3414011e-07   2.5909635e-06   2.5840013e-07
   1.0000000e+00   9.6300793e-02  -9.1219172e-02   1.0077518e-01   1.8608784e-03   8.7501495e-04   2.3832870e-03   9.2738427e-03   8.3209373e-03   1.0155637e-02   3.4628684e-06   7.6565116e-07   5.6800569e-06   6.9220527e-02   1.3781017e-01   7.8830782e-02   6.4560590e-04  -1.4202895e-04   2.0019693e-03   4.7914814e-03   1.8991642e-02   6.2142922e-03   4.1680698e-07   2.0172223e-08   4.0078809e-06
   1.0000000e+00   4.2615951e-03  -8.9581663e-02   5.2316216e-02   1.3348014e-03   1.9089108e-03   6.3107089e-04   1.8161193e-05   8.0248743e-03   2.7369865e-03   1.7816948e-06   3.6439404e-06   3.9825047e-07  -9.2039198e-02   1.6375090e-03  -4.8458964e-02  -5.2607700e-04   1.0338959e-03  -1.7522161e-03   8.4712140e-03   2.6814357e-06   2.3482712e-03   2.7675701e-07   1.0689406e-06   3.0702613e-06
   1.0000000e+00   1.2356106e-02  -1.2183120e-01  -2.5837490e-02   2.3015570e-03   2.0056972e-03   8.7692295e-04   1.5267336e-04   1.4842841e-02   6.6757589e-04   5.2971646e-06   4.0228213e-06   7.6899386e-07   8.0945109e-03  -3.2249537e-02  -7.8153706e-02   9.6675560e-04   9.6786400e-05   2.4585206e-04   6.5521107e-05   1.0400326e-03   6.1080018e-03   9.3461639e-07   9.3676072e-09   6.0443235e-08
   1.0000000e+00  -1.6247264e-02  -6.1023141e-02   2.2652847e-03   2.9823579e-03   3.0392822e-03   1.0192562e-03   2.6397359e-04   3.7238237e-03   5.1315148e-06   8.8944586e-06   9.2372363e-06   1.0388832e-06  -2.8603370e-02   6.0808059e-02   2.8102775e-02   6.8080090e-04   1.0335850e-03   1.4233325e-04   8.1815278e-04   3.6976200e-03   7.8976595e-04   4.6348987e-07   1.0682980e-06   2.0258754e-08
   1.0000000e+00  -1.9332746e-02  -5.1499671e-02   1.0656186e-01   3.2395905e-03   2.5883674e-03   6.2273069e-04   3.7375507e-04   2.6522161e-03   1.1355430e-02   1.0494947e-05   6.6996458e-06   3.8779351e-07  -3.0854820e-03   9.5234700e-03   1.0429658e-01   2.5723260e-04  -4.5091480e-04  -3.9652551e-04   9.5201992e-06   9.0696481e-05   1.0877776e-02   6.6168611e-08   2.0332416e-07   1.5723248e-07
   1.0000000e+00  -2.0389625e-02  -1.4979132e-01  -2.4059041e-02   3.9032597e-03   2.6374039e-03  -6.4857203e-04   4.1573681e-04   2.2437440e-02   5.7883745e-04   1.5235436e-05   6.9558993e-06   4.2064568e-07  -1.0568790e-03  -9.8291649e-02  -1.3062090e-01   6.6366920e-04   4.9036500e-05  -1.2713027e-03   1.1169932e-06   9.6612483e-03   1.7061820e-02   4.4045681e-07   2.4045783e-09   1.6162106e-06
   1.0000000e+00   7.6402367e-02  -5.8677793e-02   2.3016196e-01  -9.5770983e-04   1.1485933e-03   1.3446584e-03   5.8373217e-03   3.4430834e-03   5.2974528e-02   9.1720812e-07   1.3192666e-06   1.8081062e-06   9.6791992e-02   9.1113527e-02   2.5422100e-01  -4.8609695e-03  -1.4888106e-03   1.9932304e-03   9.3686897e-03   8.3016748e-03   6.4628317e-02   2.3629025e-05   2.2165570e-06   3.9729675e-06
   1.0000000e+00   2.5909189e-01  -8.9723644e-02   5.6487142e-01  -8.0604729e-03  -2.3892578e-03   3.3417471e-03   6.7128607e-02   8.0503323e-03   3.1907972e-01   6.4971223e-05   5.7085528e-06   1.1167274e-05   1.8268952e-01  -3.1045851e-02   3.3470946e-01  -7.1027631e-03  -3.5378511e-03   1.9970887e-03   3.3375462e-02   9.6384486e-04   1.1203042e-01   5.0449243e-05   1.2516390e-05   3.9883633e-06
   1.0000000e+00   1.4783401e-01  -1.3833758e-01   2.4436393e-01  -3.3593274e-03  -7.5970661e-04   1.0919511e-03   2.1854895e-02   1.9137286e-02   5.9713730e-02   1.1285081e-05   5.7715413e-07   1.1923572e-06  -1.1125788e-01  -4.8613936e-02  -3.2050749e-01   4.7011455e-03   1.6295512e-03  -2.2497960e-03   1.2378316e-02   2.3633148e-03   1.0272505e-01   2.2100769e-05   2.6554371e-06   5.0615820e-06
   1.0000000e+00   1.4849820e-01  -2.9194049e-02   2.5595997e-01  -4.1768559e-03  -1.7790077e-04   1.2326504e-03   2.2051715e-02   8.5229250e-04   6.5515506e-02   1.7446125e-05   3.1648684e-08   1.5194270e-06   6.6419000e-04   1.0914353e-01   1.1596040e-02  -8.1752850e-04   5.8180584e-04   1.4069930e-04   4.4114836e-07   1.1912310e-02   1.3446814e-04   6.6835285e-07   3.3849804e-07   1.9796293e-08
   1.0000000e+00   1.2604881e-01  -5.5333424e-02   1.7593210e-01  -3.4013722e-03  -5.2381039e-06   4.0484958e-04   1.5888303e-02   3.0617878e-03   3.0952104e-02   1.1569333e-05   2.7437732e-11   1.6390318e-07  -2.2449390e-02  -2.6139375e-02  -8.0027870e-02   7.7548370e-04   1.7266267e-04  -8.2780082e-04   5.0397511e-04   6.8326693e-04   6.4044600e-03   6.0137497e-07   2.9812396e-08   6.8525420e-07
   1.0000000e+00   1.3866775e-01  -1.0371126e-01   2.0185332e-01  -3.6114990e-03  -1.5086439e-04   7.1545571e-04   1.9228745e-02   1.0756025e-02   4.0744763e-02   1.3042925e-05   2.2760064e-08   5.1187687e-07   1.2618940e-02  -4.8377836e-02   2.5921220e-02  -2.1012680e-04  -1.4562629e-04   3.1060613e-04   1.5923765e-04   2.3404150e-03   6.7190965e-04   4.4153272e-08   2.1207015e-08   9.6476168e-08
   1.0000000e+00   5.5577940e-02  -9.4640562e-02   2.1098021e-01  -1.5620028e-03   1.9483127e-03  -6.8866672e-04   3.0889074e-03   8.9568360e-03   4.4512649e-02   2.4398527e-06   3.7959224e-06   4.7426185e-07  -8.3089810e-02   9.0706980e-03   9.1268900e-03   2.0494962e-03   2.0991771e-03  -1.4041224e-03   6.9039165e-03   8.2277562e-05   8.3300121e-05   4.2004347e-06   4.4065445e-06   1.9715598e-06
   1.0000000e+00   1.1915883e-01  -1.7567564e-01   2.6327970e-01  -3.1240785e-03   4.1819294e-04   1.8703322e-04   1.4198827e-02   3.0861930e-02   6.9316200e-02   9.7598665e-06   1.7488534e-07   3.4981425e-08   6.3580890e-02  -8.1035078e-02   5.2299490e-02  -1.5620757e-03  -1.5301198e-03   8.7569994e-04   4.0425296e-03   6.5666839e-03   2.7352367e-03   2.4400805e-06   2.3412665e-06   7.6685038e-07
   1.0000000e+00   8.3460411e-02  -9.9576484e-02   2.4341895e-01  -2.1158418e-03   7.0041881e-04  -1.1766070e-05   6.9656402e-03   9.9154762e-03   5.9252785e-02   4.4767865e-06   4.9058651e-07   1.3844040e-10  -3.5698419e-02   7.6099156e-02  -1.9860750e-02   1.0082367e-03   2.8222587e-04  -1.9879929e-04   1.2743771e-03   5.7910815e-03   3.9444939e-04   1.0165412e-06   7.9651442e-08   3.9521158e-08
   1.0000000e+00   1.7289342e-01  -8.4912995e-02   2.7973180e-01  -1.3737458e-03  -2.8798390e-04   2.1742867e-03   2.9892135e-02   7.2102167e-03   7.8249880e-02   1.8871775e-06   8.2934727e-08   4.7275227e-06   8.9433009e-02   1.4663489e-02   3.6312850e-02   7.4209600e-04  -9.8840271e-04   2.1860528e-03   7.9982631e-03   2.1501791e-04   1.3186231e-03   5.5070647e-07   9.7693992e-07   4.7788267e-06
   1.0000000e+00   1.6091376e-01  -1.1087679e-01   1.6651108e-01  -7.9945845e-04   7.0488067e-04   2.1392035e-03   2.5893238e-02   1.2293663e-02   2.7725940e-02   6.3913381e-07   4.9685676e-07   4.5761916e-06  -1.1979660e-02  -2.5963795e-02  -1.1322072e-01   5.7428735e-04   9.9286457e-04  -3.5083200e-05   1.4351225e-04   6.7411865e-04   1.2818931e-02   3.2980596e-07   9.8578005e-07   1.2308309e-09
   1.0000000e+00   1.2898325e-01  -1.5530138e-01   1.2114919e-01   5.5219917e-04   1.5243506e-03   2.0550738e-03   1.6636679e-02   2.4118519e-02   1.4677126e-02   3.0492392e-07   2.3236448e-06   4.2233283e-06  -3.1930510e-02  -4.4424590e-02  -4.5361890e-02   1.3516576e-03   8.1946993e-04  -8.4129700e-05   1.0195575e-03   1.9735442e-03   2.0577011e-03   1.8269783e-06   6.7153097e-07   7.0778064e-09
   1.0000000e+00   1.0914821e-01  -1.5410951e-01   1.6794415e-01   3.1940424e-05   1.6104929e-03   1.3156165e-03   1.1913332e-02   2.3749741e-02   2.8205238e-02   1.0201907e-09   2.5936874e-06   1.7308468e-06  -1.9835040e-02   1.1918700e-03   4.6794960e-02  -5.2025875e-04   8.6142300e-05  -7.3945730e-04   3.9342881e-04   1.4205541e-06   2.1897683e-03   2.7066916e-07   7.4204958e-09   5.4679710e-07
   1.0000000e+00   1.0368703e-01  -2.3288808e-01   2.2512214e-01  -1.5870980e-03   9.4125449e-04   5.8927304e-04   1.0751000e-02   5.4236858e-02   5.0679978e-02   2.5188801e-06   8.8596001e-07   3.4724272e-07  -5.4611800e-03  -7.8778570e-02   5.7177990e-02  -1.6190384e-03  -6.6923841e-04  -7.2634346e-04   2.9824487e-05   6.2060631e-03   3.2693225e-03   2.6212854e-06   4.4788005e-07   5.2757482e-07
   1.0000000e+00   7.4753344e-02  -2.1469611e-01   1.7112751e-01  -1.6690892e-03   1.3343646e-03  -2.1244845e-04   5.5880624e-03   4.6094420e-02   2.9284625e-02   2.7858588e-06   1.7805289e-06   4.5134344e-08  -2.8933686e-02   1.8191970e-02  -5.3994630e-02  -8.1991200e-05   3.9311011e-04  -8.0172149e-04   8.3715819e-04   3.3094777e-04   2.9154201e-03   6.7225569e-09   1.5453556e-07   6.4275735e-07
   1.0000000e+00   3.7182771e-02  -8.6576180e-02   2.4604685e-01  -6.9745324e-04   2.9969650e-03  -1.6495078e-04   1.3825585e-03   7.4954349e-03   6.0539052e-02   4.8644102e-07   8.9817992e-06   2.7208760e-08  -3.7570573e-02   1.2811993e-01   7.4919340e-02   9.7163596e-04   1.6626004e-03   4.7497670e-05   1.4115480e-03   1.6414716e-02   5.6129075e-03   9.4407644e-07   2.7642401e-06   2.2560287e-09
   1.0000000e+00   5.2279016e-02  -1.1632323e-01   1.4750354e-01  -1.2552183e-03   2.4634941e-03  -3.5906889e-04   2.7330955e-03   1.3531094e-02   2.1757294e-02   1.5755730e-06   6.0688032e-06   1.2893047e-07   1.5096245e-02  -2.9747050e-02  -9.8543310e-02  -5.5776506e-04  -5.3347090e-04  -1.9411811e-04   2.2789661e-04   8.8488698e-04   9.7107839e-03   3.1110186e-07   2.8459120e-07   3.7681841e-08
   1.0000000e+00   1.9965812e-02  -1.4970139e-01  -4.1258034e-02   1.5728188e-03   2.5809854e-03  -8.1319046e-04   3.9863365e-04   2.2410506e-02   1.7022254e-03   2.4737590e-06   6.6614856e-06   6.6127872e-07  -3.2313204e-02  -3.3378160e-02  -1.8876157e-01   2.8280371e-03   1.1749130e-04  -4.5412157e-04   1.0441432e-03   1.1141016e-03   3.5630932e-02   7.9977938e-06   1.3804206e-08   2.0622640e-07
   1.0000000e+00   5.4879910e-03  -1.7441412e-01  -1.7110827e-03   1.8728969e-03   2.5326611e-03  -7.4174280e-04   3.0118045e-05   3.0420285e-02   2.9278040e-06   3.5077428e-06   6.4143722e-06   5.5018238e-07  -1.4477821e-02  -2.4712730e-02   3.9546951e-02   3.0007810e-04  -4.8324300e-05   7.1447660e-05   2.0960730e-04   6.1071902e-04   1.5639614e-03   9.0046866e-08   2.3352380e-09   5.1047681e-09
   1.0000000e+00   2.0458367e-02  -2.2569029e-01   1.0109051e-01  -1.0827061e-03   2.3074296e-03  -7.8556297e-04   4.1854478e-04   5.0936107e-02   1.0219291e-02   1.1722525e-06   5.3242314e-06   6.1710918e-07   1.4970376e-02  -5.1276170e-02   1.0280159e-01  -2.9556030e-03  -2.2523150e-04  -4.3820170e-05   2.2411216e-04   2.6292456e-03   1.0568167e-02   8.7355891e-06   5.0729229e-08   1.9202073e-09
   1.0000000e+00   1.0569619e-01  -2.0057555e-01  -6.6377468e-02   1.2489775e-03   1.0879988e-03   8.9527470e-04   1.1171685e-02   4.0230551e-02   4.4059683e-03   1.5599448e-06   1.1837414e-06   8.0151679e-07   8.5237823e-02   2.5114740e-02  -1.6746798e-01   2.3316836e-03  -1.2194308e-03   1.6808377e-03   7.2654865e-03   6.3075017e-04   2.8045524e-02   5.4367484e-06   1.4870115e-06   2.8252153e-06
   1.0000000e+00   2.9311229e-02  -1.8108409e-01  -4.1913934e-02   2.1828388e-03   2.9091988e-03   2.0747490e-04   8.5914815e-04   3.2791448e-02   1.7567779e-03   4.7647852e-06   8.4634377e-06   4.3045834e-08  -7.6384961e-02   1.9491460e-02   2.4463534e-02   9.3386130e-04   1.8212000e-03  -6.8779980e-04   5.8346623e-03   3.7991701e-04   5.9846450e-04   8.7209693e-07   3.3167694e-06   4.7306856e-07
   1.0000000e+00   1.1761145e-02  -1.4803635e-01   2.9601656e-02   1.2773630e-03   2.8932378e-03  -1.7281685e-04   1.3832453e-04   2.1914761e-02   8.7625804e-04   1.6316562e-06   8.3708250e-06   2.9865664e-08  -1.7550084e-02   3.3047740e-02   7.1515590e-02  -9.0547580e-04  -1.5961000e-05  -3.8029175e-04   3.0800545e-04   1.0921531e-03   5.1144796e-03   8.1988642e-07   2.5475352e-10   1.4462182e-07
   1.0000000e+00   2.6178698e-02  -1.8266121e-01   5.3501877e-02   9.7398679e-04   2.2842140e-03  -1.9203843e-04   6.8532423e-04   3.3365118e-02   2.8624508e-03   9.4865027e-07   5.2176336e-06   3.6878759e-08   1.4417553e-02  -3.4624860e-02   2.3900221e-02  -3.0337621e-04  -6.0902380e-04  -1.9221580e-05   2.0786583e-04   1.1988809e-03   5.7122056e-04   9.2037125e-08   3.7090999e-07   3.6946914e-10
   1.0000000e+00  -2.3447161e-02  -1.3977428e-01   8.6542583e-02   1.4463573e-03   3.3168099e-03  -7.8599759e-04   5.4976936e-04   1.9536849e-02   7.4896187e-03   2.0919494e-06   1.1001228e-05   6.1779221e-07  -4.9625859e-02   4.2886930e-02   3.3040706e-02   4.7237051e-04   1.0325959e-03  -5.9395916e-04   2.4627259e-03   1.8392888e-03   1.0916883e-03   2.2313390e-07   1.0662543e-06   3.5278748e-07
   1.0000000e+00   5.0163123e-03  -1.6765612e-01   1.7598339e-01  -1.8264044e-04   2.4937369e-03  -8.1245336e-04   2.5163389e-05   2.8108575e-02   3.0970154e-02   3.3357530e-08   6.2187237e-06   6.6008046e-07   2.8463473e-02  -2.7881840e-02   8.9440807e-02  -1.6289977e-03  -8.2307300e-04  -2.6455770e-05   8.1016931e-04   7.7739700e-04   7.9996580e-03   2.6536336e-06   6.7744916e-07   6.9990777e-10
   1.0000000e+00   1.4196905e-02  -1.6054048e-01   3.4222416e-02   7.7856191e-04   2.1949972e-03  -5.9732151e-04   2.0155211e-04   2.5773246e-02   1.1711738e-03   6.0615865e-07   4.8180127e-06   3.5679299e-07   9.1805927e-03   7.1156400e-03  -1.4176097e-01   9.6120235e-04  -2.9873970e-04   2.1513185e-04   8.4283282e-05   5.0632333e-05   2.0096174e-02   9.2390996e-07   8.9245408e-08   4.6281713e-08
   1.0000000e+00   1.9758899e-02  -1.4284800e-01   1.5760908e-01   6.3966892e-04   2.8852585e-03  -1.7132519e-04   3.9041409e-04   2.0405551e-02   2.4840622e-02   4.0917633e-07   8.3247166e-06   2.9352321e-08   5.5619940e-03   1.7692480e-02   1.2338666e-01  -1.3889299e-04   6.9026130e-04   4.2599632e-04   3.0935777e-05   3.1302385e-04   1.5224269e-02   1.9291263e-08   4.7646066e-07   1.8147286e-07
   1.0000000e+00  -2.3999230e-04  -1.6679684e-01   1.1134147e-01  -4.5089068e-04   2.6073686e-03  -8.0617509e-04   5.7596304e-08   2.7821186e-02   1.2396923e-02   2.0330241e-07   6.7983710e-06   6.4991828e-07  -1.9998891e-02  -2.3948840e-02  -4.6267610e-02  -1.0905596e-03  -2.7788990e-04  -6.3484990e-04   3.9995565e-04   5.7354694e-04   2.1406917e-03   1.1893202e-06   7.7222797e-08   4.0303440e-07
   1.0000000e+00   2.4720925e-02  -1.5806359e-01   1.2309957e-01   3.3884053e-04   2.4920805e-03  -1.6144330e-04   6.1112413e-04   2.4984098e-02   1.5153504e-02   1.1481290e-07   6.2104652e-06   2.6063939e-08   2.4960917e-02   8.7332500e-03   1.1758100e-02   7.8973121e-04  -1.1528810e-04   6.4473179e-04   6.2304739e-04   7.6269656e-05   1.3825292e-04   6.2367538e-07   1.3291346e-08   4.1567908e-07
   1.0000000e+00   1.4652732e-02  -1.5247704e-01   1.6986559e-01  -2.1766577e-04   2.8512880e-03  -1.6161749e-04   2.1470256e-04   2.3249248e-02   2.8854319e-02   4.7378387e-08   8.1298433e-06   2.6120213e-08  -1.0068193e-02   5.5865500e-03   4.6766020e-02  -5.5650630e-04   3.5920750e-04  -1.7419000e-07   1.0136851e-04   3.1209541e-05   2.1870606e-03   3.0969926e-07   1.2903003e-07   3.0342156e-14
   1.0000000e+00   1.4645228e-02  -1.7912844e-01   4.6782762e-02   5.7447044e-04   2.6720144e-03   4.4355794e-05   2.1448270e-04   3.2086998e-02   2.1886268e-03   3.3001629e-07   7.1396610e-06   1.9674365e-09  -7.5040000e-06  -2.6651400e-02  -1.2308283e-01   7.9213621e-04  -1.7927360e-04   2.0597328e-04   5.6310016e-11   7.1029712e-04   1.5149383e-02   6.2747978e-07   3.2139024e-08   4.2424994e-08
   1.0000000e+00   1.4765234e-02  -1.2827641e-01   7.4342012e-02   1.0720741e-03   3.2399353e-03   2.8107928e-04   2.1801214e-04   1.6454837e-02   5.5267347e-03   1.1493429e-06   1.0497181e-05   7.9005562e-08   1.2000600e-04   5.0852030e-02   2.7559250e-02   4.9760366e-04   5.6792090e-04   2.3672349e-04   1.4401440e-08   2.5859290e-03   7.5951226e-04   2.4760940e-07   3.2253415e-07   5.6038009e-08
   1.0000000e+00   6.4137860e-02  -1.6225151e-01   7.8106677e-02   2.0190550e-03   2.6095532e-03   1.1901492e-03   4.1136651e-03   2.6325552e-02   6.1006530e-03   4.0765831e-06   6.8097679e-06   1.4164551e-06   4.9372626e-02  -3.3975100e-02   3.7646650e-03   9.4698090e-04  -6.3038210e-04   9.0906992e-04   2.4376562e-03   1.1543074e-03   1.4172703e-05   8.9677282e-07   3.9738159e-07   8.2640812e-07
   1.0000000e+00   7.4974828e-02  -2.5014801e-01   2.7112597e-03   3.3286709e-03   2.5086436e-03   1.2827156e-03   5.6212248e-03   6.2574027e-02   7.3509292e-06   1.1080050e-05   6.2932927e-06   1.6453593e-06   1.0836968e-02  -8.7896500e-02  -7.5395417e-02   1.3096159e-03  -1.0090960e-04   9.2566400e-05   1.1743988e-04   7.7257947e-03   5.6844689e-03   1.7150938e-06   1.0182747e-08   8.5685384e-09
   1.0000000e+00   8.7131443e-02  -2.3979596e-01   4.9689369e-03   1.9261012e-03   1.7809431e-03   1.3402538e-03   7.5918884e-03   5.7502102e-02   2.4690334e-05   3.7098658e-06   3.1717583e-06   1.7962802e-06   1.2156615e-02   1.0352050e-02   2.2576772e-03  -1.4025697e-03  -7.2770050e-04   5.7538200e-05   1.4778329e-04   1.0716494e-04   5.0971063e-06   1.9672018e-06   5.2954802e-07   3.3106445e-09
   1.0000000e+00   1.3982146e-01  -1.7663589e-01  -1.6834195e-01   2.4970550e-03   1.1290360e-03   2.4378163e-03   1.9550041e-02   3.1200238e-02   2.8339012e-02   6.2352837e-06   1.2747223e-06   5.9429483e-06   5.2690017e-02   6.3160070e-02  -1.7331089e-01   5.7095380e-04  -6.5190710e-04   1.0975625e-03   2.7762379e-03   3.9891944e-03   3.0036664e-02   3.2598824e-07   4.2498287e-07   1.2046434e-06
   1.0000000e+00   1.1473170e-01  -1.0329436e-01  -6.2997623e-02   3.7456245e-03   2.1207667e-03   2.4414131e-03   1.3163363e-02   1.0669725e-02   3.9687005e-03   1.4029703e-05   4.4976514e-06   5.9604979e-06  -2.5089760e-02   7.3341530e-02   1.0534433e-01   1.2485695e-03   9.9173070e-04   3.5968000e-06   6.2949606e-04   5.3789800e-03   1.1097427e-02   1.5589258e-06   9.8352978e-07   1.2936970e-11
   1.0000000e+00   1.1879296e-01  -1.8864560e-01  -5.0287377e-02   2.9522011e-03   1.9641880e-03   2.1777657e-03   1.4111767e-02   3.5587162e-02   2.5288203e-03   8.7154913e-06   3.8580345e-06   4.7426634e-06   4.0612600e-03  -8.5351240e-02   1.2710246e-02  -7.9342340e-04  -1.5657870e-04  -2.6364740e-04   1.6493833e-05   7.2848342e-03   1.6155035e-04   6.2952069e-07   2.4516889e-08   6.9509952e-08
   1.0000000e+00   1.2625620e-01  -2.5450860e-01  -6.0379376e-02   2.2675735e-03   1.4299338e-03   1.8078359e-03   1.5940628e-02   6.4774627e-02   3.6456690e-03   5.1418896e-06   2.0447107e-06   3.2682706e-06   7.4632400e-03  -6.5863000e-02  -1.0091999e-02  -6.8462760e-04  -5.3425420e-04  -3.6992980e-04   5.5699951e-05   4.3379348e-03   1.0184844e-04   4.6871495e-07   2.8542755e-07   1.3684806e-07
   1.0000000e+00   8.6252856e-02  -2.3161768e-01   2.6261372e-02   3.3059871e-03   2.7692984e-03   1.4383558e-03   7.4395552e-03   5.3646750e-02   6.8965966e-04   1.0929551e-05   7.6690136e-06   2.0688674e-06  -4.0003344e-02   2.2890920e-02   8.6640748e-02   1.0384136e-03   1.3393646e-03  -3.6948010e-04   1.6002675e-03   5.2399422e-04   7.5066192e-03   1.0783028e-06   1.7938975e-06   1.3651554e-07
   1.0000000e+00   9.6068645e-02  -3.2079446e-01   4.1648686e-02   5.2171452e-04   2.1278613e-03   1.0658106e-03   9.2291846e-03   1.0290909e-01   1.7346130e-03   2.7218604e-07   4.5277937e-06   1.1359522e-06   9.8157890e-03  -8.9176780e-02   1.5387314e-02  -2.7842726e-03  -6.4143710e-04  -3.7254520e-04   9.6349714e-05   7.9524981e-03   2.3676943e-04   7.7521738e-06   4.1144155e-07   1.3878993e-07
   1.0000000e+00   1.0105444e-01  -2.6877090e-01  -6.1848141e-02   2.4386981e-03   1.8866610e-03   1.2062951e-03   1.0212000e-02   7.2237797e-02   3.8251925e-03   5.9472484e-06   3.5594897e-06   1.4551479e-06   4.9857950e-03   5.2023560e-02  -1.0349683e-01   1.9169836e-03  -2.4120030e-04   1.4048450e-04   2.4858152e-05   2.7064508e-03   1.0711593e-02   3.6748260e-06   5.8177585e-08   1.9735895e-08
   1.0000000e+00   7.5828178e-02  -2.2305357e-01  -4.2503576e-02   3.6228324e-03   2.9337755e-03   1.3133495e-03   5.7499126e-03   4.9752895e-02   1.8065540e-03   1.3124915e-05   8.6070387e-06   1.7248869e-06  -2.5226262e-02   4.5717330e-02   1.9344565e-02   1.1841343e-03   1.0471145e-03   1.0705440e-04   6.3636429e-04   2.0900743e-03   3.7421220e-04   1.4021740e-06   1.0964488e-06   1.1460645e-08
   1.0000000e+00   6.5714648e-02  -2.5945491e-01   6.8583972e-02   1.2209776e-03   2.7592651e-03   9.9330935e-04   4.3184150e-03   6.7316850e-02   4.7037612e-03   1.4907863e-06   7.6135439e-06   9.8666346e-07  -1.0113530e-02  -3.6401340e-02   1.1108755e-01  -2.4018548e-03  -1.7451040e-04  -3.2004015e-04   1.0228349e-04   1.3250576e-03   1.2340443e-02   5.7689065e-06   3.0453880e-08   1.0242570e-07
   1.0000000e+00   2.6937436e-02  -2.8160182e-01   8.8475930e-02   1.0380232e-03   2.8761149e-03   6.2890329e-04   7.2562546e-04   7.9299585e-02   7.8279902e-03   1.0774922e-06   8.2720369e-06   3.9551935e-07  -3.8777212e-02  -2.2146910e-02   1.9891958e-02  -1.8295440e-04   1.1684980e-04  -3.6440606e-04   1.5036722e-03   4.9048562e-04   3.9568999e-04   3.3472312e-08   1.3653876e-08   1.3279178e-07
   1.0000000e+00   6.3358642e-03  -2.0921707e-01   2.3827838e-01   5.4180392e-04   3.0882088e-03   4.5208780e-04   4.0143175e-05   4.3771782e-02   5.6776586e-02   2.9355149e-07   9.5370336e-06   2.0438338e-07  -2.0601572e-02   7.2384750e-02   1.4980245e-01  -4.9621928e-04   2.1209390e-04  -1.7681549e-04   4.2442476e-04   5.2395520e-03   2.2440774e-02   2.4623357e-07   4.4983822e-08   3.1263718e-08
   1.0000000e+00   3.7696987e-02  -2.8127978e-01   1.4314610e-01   2.0810919e-04   2.6075769e-03   4.1099530e-04   1.4210628e-03   7.9118315e-02   2.0490806e-02   4.3309435e-08   6.7994573e-06   1.6891714e-07   3.1361123e-02  -7.2062710e-02  -9.5132280e-02  -3.3369473e-04  -4.8063190e-04  -4.1092500e-05   9.8352002e-04   5.1930342e-03   9.0501507e-03   1.1135217e-07   2.3100702e-07   1.6885936e-09
   1.0000000e+00   3.2424390e-02  -1.8602879e-01   1.3674366e-01   6.2140738e-04   2.9324209e-03   6.0704259e-04   1.0513411e-03   3.4606711e-02   1.8698829e-02   3.8614713e-07   8.5990923e-06   3.6850071e-07  -5.2725970e-03   9.5250990e-02  -6.4024400e-03   4.1329819e-04   3.2484400e-04   1.9604729e-04   2.7800279e-05   9.0727511e-03   4.0991238e-05   1.7081539e-07   1.0552362e-07   3.8434540e-08
   1.0000000e+00   3.4685202e-02  -2.1538911e-01   1.2717607e-01   1.5331148e-03   3.0730370e-03   6.2238128e-04   1.2030632e-03   4.6392469e-02   1.6173753e-02   2.3504410e-06   9.4435564e-06   3.8735846e-07   2.2608120e-03  -2.9360320e-02  -9.5675900e-03   9.1170742e-04   1.4061610e-04   1.5338690e-05   5.1112709e-06   8.6202839e-04   9.1538778e-05   8.3121042e-07   1.9772888e-08   2.3527541e-10
   1.0000000e+00   5.3923067e-02  -2.3906640e-01  -7.6455584e-03   2.8080136e-03   3.0956719e-03   8.7100220e-04   2.9076972e-03   5.7152744e-02   5.8454563e-05   7.8849404e-06   9.5831845e-06   7.5864483e-07   1.9237865e-02  -2.3677290e-02  -1.3482163e-01   1.2748988e-03   2.2634900e-05   2.4862092e-04   3.7009545e-04   5.6061406e-04   1.8176871e-02   1.6253670e-06   5.1233870e-10   6.1812362e-08
   1.0000000e+00   5.1806551e-02  -1.9635245e-01   5.3644392e-02   2.9033074e-03   3.4626210e-03   1.0516899e-03   2.6839187e-03   3.8554285e-02   2.8777208e-03   8.4291939e-06   1.1989744e-05   1.1060516e-06  -2.1165160e-03   4.2713950e-02   6.1289950e-02   9.5293800e-05   3.6694910e-04   1.8068770e-04   4.4796400e-06   1.8244815e-03   3.7564580e-03   9.0809083e-09   1.3465164e-07   3.2648045e-08
   1.0000000e+00   4.3642021e-02  -2.4107360e-01   1.5551129e-01   7.2753772e-04   3.4450278e-03   9.1162086e-04   1.9046260e-03   5.8116481e-02   2.4183761e-02   5.2931113e-07   1.1868217e-05   8.3105259e-07  -8.1645300e-03  -4.4721150e-02   1.0186690e-01  -2.1757697e-03  -1.7593200e-05  -1.4006904e-04   6.6659550e-05   1.9999813e-03   1.0376865e-02   4.7339737e-06   3.0952069e-10   1.9619336e-08
   1.0000000e+00   3.1638810e-02  -3.6238460e-01   9.4925201e-02   2.0823354e-04   2.5461395e-03   1.6789118e-04   1.0010143e-03   1.3132260e-01   9.0107938e-03   4.3361207e-08   6.4828264e-06   2.8187448e-08  -1.2003211e-02  -1.2131100e-01  -6.0586089e-02  -5.1930418e-04  -8.9888830e-04  -7.4372968e-04   1.4407707e-04   1.4716359e-02   3.6706742e-03   2.6967683e-07   8.0800018e-07   5.5313384e-07
   1.0000000e+00  -5.0658790e-03  -2.8713530e-01   5.9550352e-02   2.2940074e-03   3.0702160e-03  -5.9759755e-04   2.5663130e-05   8.2446681e-02   3.5462444e-03   5.2624700e-06   9.4262263e-06   3.5712283e-07  -3.6704689e-02   7.5249300e-02  -3.5374849e-02   2.0857739e-03   5.2407650e-04  -7.6548873e-04   1.3472342e-03   5.6624572e-03   1.2513799e-03   4.3504526e-06   2.7465618e-07   5.8597300e-07
   1.0000000e+00   2.5731389e-02  -2.9408590e-01  -1.5449598e-02   1.7504300e-03   3.7076491e-03   2.8704034e-04   6.6210438e-04   8.6486517e-02   2.3869008e-04   3.0640052e-06   1.3746662e-05   8.2392157e-08   3.0797268e-02  -6.9506000e-03  -7.4999950e-02  -5.4357740e-04   6.3743310e-04   8.8463789e-04   9.4847172e-04   4.8310840e-05   5.6249925e-03   2.9547639e-07   4.0632096e-07   7.8258420e-07
   1.0000000e+00   5.0445305e-02  -2.6070773e-01  -1.2434545e-01   3.8452619e-03   3.3040678e-03   6.8725913e-04   2.5447288e-03   6.7968520e-02   1.5461791e-02   1.4786039e-05   1.0916864e-05   4.7232511e-07   2.4713916e-02   3.3378170e-02  -1.0889585e-01   2.0948319e-03  -4.0358130e-04   4.0021879e-04   6.1077764e-04   1.1141022e-03   1.1858307e-02   4.3883207e-06   1.6287787e-07   1.6017508e-07
   1.0000000e+00   3.0206538e-02  -1.9444463e-01  -3.6583979e-02   4.1254429e-03   4.0176385e-03   6.9327911e-04   9.1243494e-04   3.7808714e-02   1.3383875e-03   1.7019279e-05   1.6141419e-05   4.8063592e-07  -2.0238767e-02   6.6263100e-02   8.7761471e-02   2.8018100e-04   7.1357070e-04   6.0199800e-06   4.0960769e-04   4.3907984e-03   7.7020758e-03   7.8501393e-08   5.0918314e-07   3.6240159e-11
   1.0000000e+00   2.9399187e-02  -2.5662107e-01  -5.6376997e-02   3.1296471e-03   3.8402926e-03   1.9976330e-04   8.6431220e-04   6.5854374e-02   3.1783658e-03   9.7946910e-06   1.4747847e-05   3.9905376e-08  -8.0735100e-04  -6.2176440e-02  -1.9793018e-02  -9.9579580e-04  -1.7734590e-04  -4.9351581e-04   6.5181564e-07   3.8659097e-03   3.9176356e-04   9.9160928e-07   3.1451568e-08   2.4355785e-07
   1.0000000e+00   1.7647715e-02  -2.1587156e-01  -4.3991668e-02   3.4406657e-03   4.2568949e-03   5.4418871e-04   3.1144184e-04   4.6600530e-02   1.9352669e-03   1.1838180e-05   1.8121154e-05   2.9614135e-07  -1.1751472e-02   4.0749510e-02   1.2385329e-02   3.1101860e-04   4.1660230e-04   3.4442541e-04   1.3809709e-04   1.6605226e-03   1.5339637e-04   9.6732570e-08   1.7355748e-07   1.1862886e-07
   1.0000000e+00   2.7942808e-02  -1.6649733e-01   6.5488411e-02   3.2164832e-03   3.9569289e-03   4.8818735e-04   7.8080052e-04   2.7721361e-02   4.2887320e-03   1.0345764e-05   1.5657286e-05   2.3832689e-07   1.0295093e-02   4.9374230e-02   1.0948008e-01  -2.2418250e-04  -2.9996600e-04  -5.6001360e-05   1.0598894e-04   2.4378146e-03   1.1985888e-02   5.0257793e-08   8.9979601e-08   3.1361523e-09
   1.0000000e+00   1.0588240e-02  -3.2464362e-01  -4.1534712e-02   3.2229908e-03   4.1521759e-03  -1.6014006e-04   1.1211083e-04   1.0539348e-01   1.7251323e-03   1.0387670e-05   1.7240565e-05   2.5644839e-08  -1.7354568e-02  -1.5814629e-01  -1.0702312e-01   6.5076000e-06   1.9524700e-04  -6.4832741e-04   3.0118103e-04   2.5010249e-02   1.1453949e-02   4.2348858e-11   3.8121391e-08   4.2032843e-07
   1.0000000e+00   3.3787403e-02  -3.8969311e-01  -2.5406140e-01   6.3496328e-03   2.9842848e-03   4.1033000e-05   1.1415886e-03   1.5186072e-01   6.4547195e-02   4.0317837e-05   8.9059558e-06   1.6837071e-09   2.3199163e-02  -6.5049490e-02  -2.1252669e-01   3.1266420e-03  -1.1678911e-03   2.0117306e-04   5.3820116e-04   4.2314361e-03   4.5167593e-02   9.7758902e-06   1.3639696e-06   4.0470600e-08
   1.0000000e+00   4.6391294e-02  -3.5344053e-01   2.1769253e-02   2.3525201e-03   2.3723358e-03   5.0330113e-04   2.1521522e-03   1.2492021e-01   4.7390038e-04   5.5343508e-06   5.6279771e-06   2.5331203e-07   1.2603891e-02   3.6252580e-02   2.7583065e-01  -3.9971127e-03  -6.1194900e-04   4.6226813e-04   1.5885807e-04   1.3142496e-03   7.6082549e-02   1.5976910e-05   3.7448158e-07   2.1369182e-07
   1.0000000e+00   6.6216480e-02  -3.3303060e-01  -5.9930882e-02   1.8214153e-03   2.1321827e-03   8.1237325e-04   4.3846222e-03   1.1090938e-01   3.5917106e-03   3.3175537e-06   4.5462031e-06   6.5995030e-07   1.9825186e-02   2.0409930e-02  -8.1700135e-02  -5.3110480e-04  -2.4015310e-04   3.0907212e-04   3.9303800e-04   4.1656524e-04   6.6749121e-03   2.8207231e-07   5.7673511e-08   9.5525575e-08
   1.0000000e+00   8.1952537e-02  -2.3995584e-01   7.6063152e-02   1.6816532e-03   2.4608589e-03   1.6186820e-03   6.7162183e-03   5.7578805e-02   5.7856031e-03   2.8279575e-06   6.0558265e-06   2.6201314e-06   1.5736057e-02   9.3074760e-02   1.3599403e-01  -1.3976210e-04   3.2867620e-04   8.0630875e-04   2.4762349e-04   8.6629109e-03   1.8494377e-02   1.9533445e-08   1.0802804e-07   6.5013380e-07
   1.0000000e+00   7.9700777e-02  -2.5958182e-01   1.3745238e-01   8.8961276e-04   2.4496020e-03   1.5371517e-03   6.3522139e-03   6.7382721e-02   1.8893157e-02   7.9141086e-07   6.0005500e-06   2.3628353e-06  -2.2517600e-03  -1.9625980e-02   6.1389228e-02  -7.9204044e-04  -1.1256900e-05  -8.1530300e-05   5.0704231e-06   3.8517909e-04   3.7686373e-03   6.2732806e-07   1.2671780e-10   6.6471898e-09
   1.0000000e+00   1.1105621e-01  -2.9339574e-01   5.9812062e-02   2.1077600e-03   2.0798481e-03   2.2800945e-03   1.2333482e-02   8.6081060e-02   3.5774828e-03   4.4426522e-06   4.3257681e-06   5.1988309e-06   3.1355433e-02  -3.3813920e-02  -7.7640318e-02   1.2181472e-03  -3.6975390e-04   7.4294280e-04   9.8316318e-04   1.1433812e-03   6.0280190e-03   1.4838827e-06   1.3671795e-07   5.5196400e-07
   1.0000000e+00   1.2994349e-01  -2.5634511e-01   1.3206893e-01   2.2533955e-03   2.1458980e-03   2.4676414e-03   1.6885311e-02   6.5712815e-02   1.7442202e-02   5.0777913e-06   4.6048782e-06   6.0892541e-06   1.8887280e-02   3.7050630e-02   7.2256868e-02   1.4563550e-04   6.6049900e-05   1.8754690e-04   3.5672935e-04   1.3727492e-03   5.2210550e-03   2.1209699e-08   4.3625893e-09   3.5173840e-08
   1.0000000e+00   1.2255051e-01  -2.5950534e-01   1.7735868e-01   1.5027774e-03   2.2889875e-03   2.3305052e-03   1.5018628e-02   6.7343021e-02   3.1456101e-02   2.2583399e-06   5.2394638e-06   5.4312545e-06  -7.3929800e-03  -3.1602300e-03   4.5289750e-02  -7.5061810e-04   1.4308950e-04  -1.3713620e-04   5.4656153e-05   9.9870537e-06   2.0511615e-03   5.6342753e-07   2.0474605e-08   1.8806337e-08
   1.0000000e+00   1.0997857e-01  -2.8118004e-01   8.5841142e-02   1.7491240e-03   2.1183280e-03   1.8023635e-03   1.2095286e-02   7.9062215e-02   7.3687017e-03   3.0594348e-06   4.4873135e-06   3.2485142e-06  -1.2571940e-02  -2.1674700e-02  -9.1517538e-02   2.4634660e-04  -1.7065950e-04  -5.2814170e-04   1.5805368e-04   4.6979262e-04   8.3754598e-03   6.0686647e-08   2.9124665e-08   2.7893366e-07
   1.0000000e+00   1.1393131e-01  -2.7060059e-01   9.7780197e-02   2.3048924e-03   2.7118134e-03   2.1074302e-03   1.2980343e-02   7.3224679e-02   9.5609669e-03   5.3125290e-06   7.3539319e-06   4.4412620e-06   3.9527400e-03   1.0579450e-02   1.1939055e-02   5.5576840e-04   5.9348540e-04   3.0506670e-04   1.5624154e-05   1.1192476e-04   1.4254103e-04   3.0887851e-07   3.5222492e-07   9.3065691e-08
   1.0000000e+00   9.1509128e-02  -2.7779476e-01   1.1080600e-01   2.3789365e-03   2.7101222e-03   1.7004216e-03   8.3739205e-03   7.7169929e-02   1.2277970e-02   5.6593389e-06   7.3447623e-06   2.8914336e-06  -2.2422182e-02  -7.1941700e-03   1.3025803e-02   7.4044100e-05  -1.6912000e-06  -4.0700860e-04   5.0275425e-04   5.1756082e-05   1.6967154e-04   5.4825287e-09   2.8601574e-12   1.6565600e-07
   1.0000000e+00   9.9536441e-02  -4.3023851e-01   2.2024983e-02   1.8626414e-03   1.6735025e-03   1.4273175e-03   9.9075031e-03   1.8510518e-01   4.8509988e-04   3.4694330e-06   2.8006106e-06   2.0372352e-06   8.0273130e-03  -1.5244375e-01  -8.8781017e-02  -5.1629510e-04  -1.0366197e-03  -2.7310410e-04   6.4437754e-05   2.3239097e-02   7.8820690e-03   2.6656063e-07   1.0745804e-06   7.4585849e-08
   1.0000000e+00   9.7757231e-02  -3.6871685e-01   9.4932667e-02   1.0760330e-03   1.6309185e-03   1.3952032e-03   9.5564762e-03   1.3595212e-01   9.0122113e-03   1.1578470e-06   2.6598952e-06   1.9465920e-06  -1.7792100e-03   6.1521660e-02   7.2907684e-02  -7.8660840e-04  -4.2584000e-05  -3.2114300e-05   3.1655882e-06   3.7849146e-03   5.3155304e-03   6.1875277e-07   1.8133971e-09   1.0313283e-09
   1.0000000e+00   9.0480358e-02  -4.1433442e-01  -8.2529825e-02   2.3149478e-03   2.0706758e-03   1.2523129e-03   8.1866952e-03   1.7167301e-01   6.8111720e-03   5.3589833e-06   4.2876983e-06   1.5682876e-06  -7.2768730e-03  -4.5617570e-02  -1.7746249e-01   1.2389148e-03   4.3975730e-04  -1.4289030e-04   5.2952881e-05   2.0809627e-03   3.1492936e-02   1.5349099e-06   1.9338648e-07   2.0417638e-08
   1.0000000e+00   1.0088067e-01  -4.1430381e-01  -8.9637459e-02   2.9631423e-03   1.3180726e-03   1.4590890e-03   1.0176910e-02   1.7164765e-01   8.0348741e-03   8.7802123e-06   1.7373154e-06   2.1289407e-06   1.0400312e-02   3.0610000e-05  -7.1076340e-03   6.4819450e-04  -7.5260320e-04   2.0677610e-04   1.0816649e-04   9.3697210e-10   5.0518461e-05   4.2015611e-07   5.6641158e-07   4.2756356e-08
   1.0000000e+00   9.1786817e-02  -3.6415360e-01  -4.0823195e-02   3.2059818e-03   1.8032943e-03   1.3481694e-03   8.4248198e-03   1.3260784e-01   1.6665333e-03   1.0278319e-05   3.2518703e-06   1.8175607e-06  -9.0938530e-03   5.0150210e-02   4.8814264e-02   2.4283950e-04   4.8522170e-04  -1.1091960e-04   8.2698162e-05   2.5150436e-03   2.3828324e-03   5.8971023e-08   2.3544010e-07   1.2303158e-08
   1.0000000e+00   1.0887536e-01  -3.7065023e-01  -1.7955021e-01   4.9029094e-03   1.6668869e-03   1.8070975e-03   1.1853844e-02   1.3738159e-01   3.2238278e-02   2.4038521e-05   2.7785119e-06   3.2656014e-06   1.7088543e-02  -6.4966300e-03  -1.3872701e-01   1.6969276e-03  -1.3640740e-04   4.5892810e-04   2.9201830e-04   4.2206201e-05   1.9245185e-02   2.8795633e-06   1.8606979e-08   2.1061500e-07
   1.0000000e+00   1.0023217e-01  -2.9283952e-01  -4.7159330e-02   5.8931830e-03   2.3816568e-03   2.1551159e-03   1.0046488e-02   8.5754984e-02   2.2240024e-03   3.4729606e-05   5.6722891e-06   4.6445245e-06  -8.6431900e-03   7.7810710e-02   1.3239088e-01   9.9027360e-04   7.1476990e-04   3.4801840e-04   7.4704733e-05   6.0545066e-03   1.7527345e-02   9.8064180e-07   5.1089601e-07   1.2111681e-07
   1.0000000e+00   1.0961181e-01  -3.3531308e-01  -4.1993478e-02   4.3222124e-03   1.9780033e-03   2.0328302e-03   1.2014749e-02   1.1243486e-01   1.7634522e-03   1.8681520e-05   3.9124971e-06   4.1323986e-06   9.3796400e-03  -4.2473560e-02   5.1658520e-03  -1.5709706e-03  -4.0365350e-04  -1.2228570e-04   8.7977647e-05   1.8040033e-03   2.6686027e-05   2.4679486e-06   1.6293615e-07   1.4953792e-08
   1.0000000e+00   1.0253068e-01  -4.1710232e-01  -3.3764502e-02   3.8939570e-03   1.7269110e-03   1.5009175e-03   1.0512540e-02   1.7397435e-01   1.1400416e-03   1.5162901e-05   2.9822216e-06   2.2527533e-06  -7.0811300e-03  -8.1789240e-02   8.2289760e-03  -4.2825540e-04  -2.5109230e-04  -5.3191270e-04   5.0142402e-05   6.6894798e-03   6.7716046e-05   1.8340269e-07   6.3047343e-08   2.8293112e-07
   1.0000000e+00   8.0757657e-02  -3.6928109e-01   3.2955616e-02   4.3244078e-03   2.3327909e-03   1.3814400e-03   6.5217992e-03   1.3636852e-01   1.0860726e-03   1.8700503e-05   5.4419134e-06   1.9083765e-06  -2.1773023e-02   4.7821230e-02   6.6720118e-02   4.3045080e-04   6.0587990e-04  -1.1947750e-04   4.7406453e-04   2.2868700e-03   4.4515741e-03   1.8528789e-07   3.6709045e-07   1.4274873e-08
   1.0000000e+00   1.0337763e-01  -3.6694923e-01  -4.2626363e-02   3.4959329e-03   2.3085424e-03   1.8133748e-03   1.0686934e-02   1.3465174e-01   1.8170068e-03   1.2221547e-05   5.3293680e-06   3.2883282e-06   2.2619973e-02   2.3318600e-03  -7.5581979e-02  -8.2847490e-04  -2.4248500e-05   4.3193480e-04   5.1166318e-04   5.4375711e-06   5.7126355e-03   6.8637066e-07   5.8798975e-10   1.8656767e-07
   1.0000000e+00   1.0475762e-01  -3.0307613e-01  -8.8190487e-02   4.6013048e-03   1.9718672e-03   1.9123930e-03   1.0974159e-02   9.1855141e-02   7.7775620e-03   2.1172006e-05   3.8882603e-06   3.6572470e-06   1.3799900e-03   6.3873100e-02  -4.5564124e-02   1.1053719e-03  -3.3667520e-04   9.9018200e-05   1.9043724e-06   4.0797729e-03   2.0760894e-03   1.2218470e-06   1.1335019e-07   9.8046039e-09
   1.0000000e+00   9.7616810e-02  -2.9330136e-01  -7.4472178e-03   5.4323791e-03   2.4444574e-03   2.1876685e-03   9.5290416e-03   8.6025688e-02   5.5461053e-05   2.9510743e-05   5.9753720e-06   4.7858935e-06  -7.1408100e-03   9.7747700e-03   8.0743269e-02   8.3107430e-04   4.7259020e-04   2.7527550e-04   5.0991167e-05   9.5546129e-05   6.5194755e-03   6.9068449e-07   2.2334150e-07   7.5776601e-08
   1.0000000e+00   1.4007559e-01  -3.6021346e-01  -9.7365383e-02   4.1424903e-03   1.1166454e-03   1.7833161e-03   1.9621171e-02   1.2975374e-01   9.4800178e-03   1.7160226e-05   1.2468969e-06   3.1802163e-06   4.2458780e-02  -6.6912100e-02  -8.9918165e-02  -1.2898888e-03  -1.3278120e-03  -4.0435240e-04   1.8027480e-03   4.4772291e-03   8.0852764e-03   1.6638131e-06   1.7630847e-06   1.6350086e-07
   1.0000000e+00   1.3229886e-01  -3.7043941e-01  -5.8286890e-02   4.3773616e-03   1.2434722e-03   2.1733661e-03   1.7502988e-02   1.3722536e-01   3.3973615e-03   1.9161295e-05   1.5462231e-06   4.7235202e-06  -7.7767300e-03  -1.0225950e-02   3.9078493e-02   2.3487130e-04   1.2682680e-04   3.9005000e-04   6.0477529e-05   1.0457005e-04   1.5271286e-03   5.5164528e-08   1.6085037e-08   1.5213900e-07
   1.0000000e+00   1.3222598e-01  -4.0996611e-01  -1.5544364e-02   3.4177955e-03   1.3454044e-03   2.3740623e-03   1.7483710e-02   1.6807221e-01   2.4162725e-04   1.1681326e-05   1.8101130e-06   5.6361718e-06  -7.2880000e-05  -3.9526700e-02   4.2742526e-02  -9.5956610e-04   1.0193220e-04   2.0069620e-04   5.3114944e-09   1.5623600e-03   1.8269235e-03   9.2076710e-07   1.0390173e-08   4.0278965e-08
   1.0000000e+00   1.4566608e-01  -4.0140769e-01  -1.9254318e-01   4.3425434e-03   1.4822152e-03   2.3343443e-03   2.1218607e-02   1.6112813e-01   3.7072876e-02   1.8857683e-05   2.1969619e-06   5.4491633e-06   1.3440100e-02   8.5584200e-03  -1.7699882e-01   9.2474790e-04   1.3681080e-04  -3.9718000e-05   1.8063629e-04   7.3246553e-05   3.1328581e-02   8.5515868e-07   1.8717195e-08   1.5775195e-09
   1.0000000e+00   1.0807110e-01  -3.1065135e-01  -5.3235761e-02   5.3955353e-03   2.6757515e-03   2.6221070e-03   1.1679363e-02   9.6504261e-02   2.8340462e-03   2.9111801e-05   7.1596461e-06   6.8754451e-06  -3.7594980e-02   9.0756340e-02   1.3930742e-01   1.0529919e-03   1.1935363e-03   2.8776270e-04   1.4133825e-03   8.2367133e-03   1.9406557e-02   1.1087919e-06   1.4245289e-06   8.2807372e-08
   1.0000000e+00   1.2920102e-01  -3.4580121e-01  -6.7535538e-02   3.9544098e-03   2.1390003e-03   2.3774160e-03   1.6692904e-02   1.1957848e-01   4.5610489e-03   1.5637357e-05   4.5753223e-06   5.6521068e-06   2.1129920e-02  -3.5149860e-02  -1.4299777e-02  -1.4411255e-03  -5.3675120e-04  -2.4469100e-04   4.4647352e-04   1.2355127e-03   2.0448362e-04   2.0768427e-06   2.8810185e-07   5.9873685e-08
   1.0000000e+00   1.1450537e-01  -3.1221588e-01  -6.2481375e-02   4.4935939e-03   2.5927765e-03   2.6327300e-03   1.3111480e-02   9.7478756e-02   3.9039222e-03   2.0192386e-05   6.7224900e-06   6.9312673e-06  -1.4695650e-02   3.3585330e-02   5.0541630e-03   5.3918410e-04   4.5377620e-04   2.5531400e-04   2.1596213e-04   1.1279744e-03   2.5544564e-05   2.9071949e-07   2.0591284e-07   6.5185239e-08
   1.0000000e+00   1.0189308e-01  -3.1080018e-01   2.7969957e-02   4.6353286e-03   2.2626334e-03   2.1455608e-03   1.0382200e-02   9.6596752e-02   7.8231849e-04   2.1486271e-05   5.1195099e-06   4.6034311e-06  -1.2612290e-02   1.4157000e-03   9.0451332e-02   1.4173470e-04  -3.3014310e-04  -4.8716920e-04   1.5906986e-04   2.0042065e-06   8.1814435e-03   2.0088725e-08   1.0899447e-07   2.3733383e-07
   1.0000000e+00   1.3150510e-01  -3.6845613e-01  -2.5730736e-02   3.7055762e-03   2.2667348e-03   2.1476373e-03   1.7293591e-02   1.3575992e-01   6.6207078e-04   1.3731295e-05   5.1380867e-06   4.6123460e-06   2.9612020e-02  -5.7655950e-02  -5.3700693e-02  -9.2975240e-04   4.1014000e-06   2.0765000e-06   8.7687173e-04   3.3242086e-03   2.8837644e-03   8.6443953e-07   1.6821482e-11   4.3118522e-12
   1.0000000e+00   1.0355027e-01  -3.2213693e-01   4.7136222e-02   3.8463733e-03   2.6619241e-03   2.2927293e-03   1.0722658e-02   1.0377220e-01   2.2218234e-03   1.4794588e-05   7.0858399e-06   5.2566076e-06  -2.7954830e-02   4.6319200e-02   7.2866958e-02   1.4079710e-04   3.9518930e-04   1.4509200e-04   7.8147252e-04   2.1454683e-03   5.3095936e-03   1.9823823e-08   1.5617458e-07   2.1051688e-08
   1.0000000e+00   6.2733686e-02  -3.6499016e-01   3.0297420e-02   4.2411723e-03   3.0767923e-03   1.6598134e-03   3.9355154e-03   1.3321782e-01   9.1793366e-04   1.7987542e-05   9.4666509e-06   2.7549805e-06  -4.0816584e-02  -4.2853230e-02  -1.6838802e-02   3.9479900e-04   4.1486820e-04  -6.3291590e-04   1.6659935e-03   1.8363993e-03   2.8354525e-04   1.5586625e-07   1.7211562e-07   4.0058254e-07
   1.0000000e+00   1.4389492e-01  -4.6306278e-01  -7.8838485e-02   3.0594985e-03   1.1870122e-03   2.0812672e-03   2.0705748e-02   2.1442714e-01   6.2155067e-03   9.3605311e-06   1.4089980e-06   4.3316732e-06   8.1161234e-02  -9.8072620e-02  -1.0913591e-01  -1.1816738e-03  -1.8897801e-03   4.2145380e-04   6.5871459e-03   9.6182388e-03   1.1910646e-02   1.3963530e-06   3.5712688e-06   1.7762331e-07
   1.0000000e+00   1.5856365e-01  -3.4252093e-01  -7.5155964e-02   4.2375100e-03   1.8730403e-03   3.4656965e-03   2.5142431e-02   1.1732059e-01   5.6484189e-03   1.7956491e-05   3.5082800e-06   1.2011052e-05   1.4668730e-02   1.2054185e-01   3.6825210e-03   1.1780115e-03   6.8602810e-04   1.3844293e-03   2.1517164e-04   1.4530338e-02   1.3560961e-05   1.3877111e-06   4.7063455e-07   1.9166445e-06
   1.0000000e+00   1.4344606e-01  -3.2799897e-01  -7.2047093e-02   4.1405976e-03   2.0857871e-03   3.1635564e-03   2.0576772e-02   1.0758332e-01   5.1907836e-03   1.7144548e-05   4.3505078e-06   1.0008089e-05  -1.5117590e-02   1.4521960e-02   3.1088710e-03  -9.6912400e-05   2.1274680e-04  -3.0214010e-04   2.2854153e-04   2.1088732e-04   9.6650789e-06   9.3920133e-09   4.5261201e-08   9.1288640e-08
   1.0000000e+00   1.5306378e-01  -3.2425452e-01  -1.9255785e-01   4.9835566e-03   1.5722132e-03   2.9455289e-03   2.3428521e-02   1.0514099e-01   3.7078526e-02   2.4835836e-05   2.4718543e-06   8.6761405e-06   9.6177200e-03   3.7444500e-03  -1.2051076e-01   8.4295900e-04  -5.1357390e-04  -2.1802750e-04   9.2500538e-05   1.4020906e-05   1.4522843e-02   7.1057988e-07   2.6375815e-07   4.7535991e-08
   1.0000000e+00   1.0537913e-01  -3.0637340e-01  -5.9273572e-02   6.3429124e-03   2.9534916e-03   2.7531251e-03   1.1104761e-02   9.3864660e-02   3.5133563e-03   4.0232538e-05   8.7231126e-06   7.5796978e-06  -4.7684650e-02   1.7881120e-02   1.3328428e-01   1.3593558e-03   1.3812784e-03  -1.9240380e-04   2.2738258e-03   3.1973445e-04   1.7764699e-02   1.8478482e-06   1.9079300e-06   3.7019222e-08
   1.0000000e+00   1.0408743e-01  -3.4987265e-01  -4.3031940e-02   5.0209434e-03   2.4890110e-03   2.1699257e-03   1.0834193e-02   1.2241087e-01   1.8517479e-03   2.5209873e-05   6.1951758e-06   4.7085775e-06  -1.2917000e-03  -4.3499250e-02   1.6241632e-02  -1.3219690e-03  -4.6448060e-04  -5.8319940e-04   1.6684889e-06   1.8921848e-03   2.6379061e-04   1.7476020e-06   2.1574223e-07   3.4012154e-07
   1.0000000e+00   9.0118085e-02  -3.4829299e-01  -8.1814627e-02   5.4234304e-03   2.8314015e-03   1.7632363e-03   8.1212692e-03   1.2130801e-01   6.6936332e-03   2.9413597e-05   8.0168345e-06   3.1090022e-06  -1.3969345e-02   1.5796600e-03  -3.8782687e-02   4.0248700e-04   3.4239050e-04  -4.0668940e-04   1.9514260e-04   2.4953257e-06   1.5040968e-03   1.6199579e-07   1.1723125e-07   1.6539627e-07
   1.0000000e+00   9.6954625e-02  -3.7026661e-01   3.1059194e-02   5.0109103e-03   3.0946902e-03   1.8276565e-03   9.4001993e-03   1.3709736e-01   9.6467353e-04   2.5109222e-05   9.5771074e-06   3.3403283e-06   6.8365400e-03  -2.1973620e-02   1.1287382e-01  -4.1252010e-04   2.6328870e-04   6.4420200e-05   4.6738279e-05   4.8283998e-04   1.2740499e-02   1.7017283e-07   6.9320940e-08   4.1499622e-09
   1.0000000e+00   8.3564504e-02  -3.9146435e-01  -7.1382050e-02   4.1648442e-03   3.0730086e-03   1.4124745e-03   6.9830263e-03   1.5324434e-01   5.0953971e-03   1.7345927e-05   9.4433819e-06   1.9950842e-06  -1.3390121e-02  -2.1197740e-02  -1.0244124e-01  -8.4606610e-04  -2.1681600e-05  -4.1518200e-04   1.7929534e-04   4.4934418e-04   1.0494208e-02   7.1582785e-07   4.7009178e-10   1.7237609e-07
   1.0000000e+00   7.3830048e-02  -3.3046366e-01  -7.3415757e-02   4.5653314e-03   3.4544454e-03   1.2902597e-03   5.4508760e-03   1.0920623e-01   5.3898734e-03   2.0842251e-05   1.1933193e-05   1.6647701e-06  -9.7344560e-03   6.1000690e-02  -2.0337070e-03   4.0048720e-04   3.8143680e-04  -1.2221480e-04   9.4759634e-05   3.7210842e-03   4.1359642e-06   1.6039000e-07   1.4549403e-07   1.4936457e-08
   1.0000000e+00   6.9713554e-02  -3.9400115e-01  -3.0258783e-02   4.5257270e-03   3.5206754e-03   1.1762366e-03   4.8599796e-03   1.5523691e-01   9.1559395e-04   2.0482205e-05   1.2395155e-05   1.3835325e-06  -4.1164940e-03  -6.3537490e-02   4.3156974e-02  -3.9604400e-05   6.6230000e-05  -1.1402310e-04   1.6945523e-05   4.0370126e-03   1.8625244e-03   1.5685085e-09   4.3864129e-09   1.3001267e-08
   1.0000000e+00   9.7183475e-02  -3.8541630e-01  -1.4868336e-01   5.7155513e-03   2.9453040e-03   1.5947913e-03   9.4446278e-03   1.4854572e-01   2.2106742e-02   3.2667527e-05   8.6748157e-06   2.5433593e-06   2.7469921e-02   8.5848500e-03  -1.1842458e-01   1.1898243e-03  -5.7537140e-04   4.1855470e-04   7.5459656e-04   7.3699650e-05   1.4024380e-02   1.4156819e-06   3.3105225e-07   1.7518804e-07
   1.0000000e+00   1.0486425e-01  -3.7793376e-01  -3.6452602e-02   5.4246288e-03   3.1811287e-03   1.7806599e-03   1.0996511e-02   1.4283393e-01   1.3287922e-03   2.9426598e-05   1.0119580e-05   3.1707497e-06   7.6807750e-03   7.4825400e-03   1.1223076e-01  -2.9092250e-04   2.3582470e-04   1.8586860e-04   5.8994305e-05   5.5988405e-05   1.2595743e-02   8.4635901e-08   5.5613289e-08   3.4547136e-08
   1.0000000e+00   9.7789711e-02  -3.9410628e-01   3.9436287e-02   3.8124110e-03   3.0209961e-03   1.6564389e-03   9.5628276e-03   1.5531976e-01   1.5552207e-03   1.4534478e-05   9.1264174e-06   2.7437898e-06  -7.0745390e-03  -1.6172520e-02   7.5888889e-02  -1.6122178e-03  -1.6013260e-04  -1.2422100e-04   5.0049102e-05   2.6155040e-04   5.7591235e-03   2.5992462e-06   2.5642450e-08   1.5430857e-08
   1.0000000e+00   9.8606438e-02  -4.1548833e-01   4.0610103e-02   2.9703713e-03   2.6867871e-03   1.6523098e-03   9.7232296e-03   1.7263055e-01   1.6491805e-03   8.8231057e-06   7.2188249e-06   2.7301277e-06   8.1672700e-04  -2.1382050e-02   1.1738160e-03  -8.4203970e-04  -3.3420900e-04  -4.1291000e-06   6.6704299e-07   4.5719206e-04   1.3778440e-06   7.0903086e-07   1.1169566e-07   1.7049467e-11
   1.0000000e+00   7.0272421e-02  -4.3267602e-01   1.1255652e-01   1.4336680e-03   3.2636520e-03   1.3295325e-03   4.9382132e-03   1.8720854e-01   1.2668970e-02   2.0554039e-06   1.0651424e-05   1.7676567e-06  -2.8334017e-02  -1.7187690e-02   7.1946417e-02  -1.5367033e-03   5.7686490e-04  -3.2277730e-04   8.0281652e-04   2.9541669e-04   5.1762869e-03   2.3614570e-06   3.3277311e-07   1.0418519e-07
   1.0000000e+00   7.4939032e-02  -4.2364344e-01   2.1359685e-01   7.7727161e-04   3.5143282e-03   1.5055262e-03   5.6158585e-03   1.7947376e-01   4.5623614e-02   6.0415116e-07   1.2350503e-05   2.2666091e-06   4.6666110e-03   9.0325800e-03   1.0104033e-01  -6.5639639e-04   2.5067620e-04   1.7599370e-04   2.1777258e-05   8.1587501e-05   1.0209148e-02   4.3085622e-07   6.2838557e-08   3.0973782e-08
   1.0000000e+00   8.4677774e-02  -5.1828511e-01   1.0912254e-01   1.0737042e-03   2.9865432e-03   1.2613237e-03   7.1703254e-03   2.6861946e-01   1.1907729e-02   1.1528407e-06   8.9194403e-06   1.5909375e-06   9.7387420e-03  -9.4641670e-02  -1.0447431e-01   2.9643259e-04  -5.2778500e-04  -2.4420250e-04   9.4843096e-05   8.9570457e-03   1.0914881e-02   8.7872280e-08   2.7855701e-07   5.9634861e-08
   1.0000000e+00   1.1130262e-01  -5.3383738e-01   1.5030649e-01   3.5761454e-04   1.9564578e-03   1.5224022e-03   1.2388273e-02   2.8498235e-01   2.2592041e-02   1.2788816e-07   3.8277271e-06   2.3177085e-06   2.6624846e-02  -1.5552270e-02   4.1183950e-02  -7.1608966e-04  -1.0300854e-03   2.6107850e-04   7.0888242e-04   2.4187310e-04   1.6961177e-03   5.1278440e-07   1.0610759e-06   6.8161983e-08
   1.0000000e+00   1.9298023e-01  -5.6877142e-01  -8.3912707e-02   1.5394107e-03   1.7786941e-03   3.4241200e-03   3.7241369e-02   3.2350093e-01   7.0413424e-03   2.3697853e-06   3.1637527e-06   1.1724598e-05   8.1677610e-02  -3.4934040e-02  -2.3421920e-01   1.1817962e-03  -1.7776370e-04   1.9017178e-03   6.6712320e-03   1.2203872e-03   5.4858632e-02   1.3966422e-06   3.1599933e-08   3.6165306e-06
   1.0000000e+00   1.4003071e-01  -4.7034348e-01  -1.0839603e-01   3.4184222e-03   2.6972138e-03   2.5904804e-03   1.9608600e-02   2.2122299e-01   1.1749699e-02   1.1685610e-05   7.2749623e-06   6.7105887e-06  -5.2949520e-02   9.8427940e-02  -2.4483323e-02   1.8790115e-03   9.1851970e-04  -8.3363960e-04   2.8036517e-03   9.6880594e-03   5.9943311e-04   3.5306842e-06   8.4367844e-07   6.9495498e-07
   1.0000000e+00   1.6044214e-01  -5.7306678e-01  -2.9603564e-02   2.7228381e-03   2.2260288e-03   2.9016611e-03   2.5741680e-02   3.2840553e-01   8.7637100e-04   7.4138473e-06   4.9552042e-06   8.4196371e-06   2.0411430e-02  -1.0272330e-01   7.8792466e-02  -6.9558410e-04  -4.7118500e-04   3.1118070e-04   4.1662647e-04   1.0552076e-02   6.2082527e-03   4.8383724e-07   2.2201530e-07   9.6833428e-08
   1.0000000e+00   1.9340059e-01  -5.3071859e-01  -1.6310499e-01   3.7630592e-03   1.3887001e-03   3.5418529e-03   3.7403788e-02   2.8166222e-01   2.6603238e-02   1.4160615e-05   1.9284880e-06   1.2544722e-05   3.2958450e-02   4.2348190e-02  -1.3350143e-01   1.0402211e-03  -8.3732870e-04   6.4019180e-04   1.0862594e-03   1.7933692e-03   1.7822631e-02   1.0820599e-06   7.0111935e-07   4.0984554e-07
   1.0000000e+00   1.3795110e-01  -4.6614986e-01  -4.1989918e-02   5.7827835e-03   2.6439430e-03   2.9492578e-03   1.9030506e-02   2.1729569e-01   1.7631532e-03   3.3440585e-05   6.9904346e-06   8.6981216e-06  -5.5449490e-02   6.4568730e-02   1.2111507e-01   2.0197243e-03   1.2552429e-03  -5.9259510e-04   3.0746459e-03   4.1691209e-03   1.4668861e-02   4.0792862e-06   1.5756347e-06   3.5116895e-07
   1.0000000e+00   1.4300795e-01  -5.5382693e-01  -1.1013638e-01   3.6791919e-03   2.1253633e-03   2.5568243e-03   2.0451274e-02   3.0672427e-01   1.2130022e-02   1.3536453e-05   4.5171692e-06   6.5373505e-06   5.0568500e-03  -8.7677070e-02  -6.8146462e-02  -2.1035916e-03  -5.1857970e-04  -3.9243350e-04   2.5571732e-05   7.6872686e-03   4.6439403e-03   4.4250976e-06   2.6892491e-07   1.5400405e-07
   1.0000000e+00   1.6150209e-01  -4.9369019e-01  -1.5037422e-01   5.3363193e-03   1.7464812e-03   2.9107018e-03   2.6082925e-02   2.4373000e-01   2.2612406e-02   2.8476304e-05   3.0501966e-06   8.4721850e-06   1.8494140e-02   6.0136740e-02  -4.0237840e-02   1.6571274e-03  -3.7888210e-04   3.5387750e-04   3.4203321e-04   3.6164275e-03   1.6190838e-03   2.7460712e-06   1.4355165e-07   1.2522929e-07
   1.0000000e+00   1.2150054e-01  -4.3419179e-01  -5.9072588e-02   6.1745435e-03   2.6284709e-03   2.4309022e-03   1.4762381e-02   1.8852251e-01   3.4895707e-03   3.8124987e-05   6.9088593e-06   5.9092855e-06  -4.0001550e-02   5.9498400e-02   9.1301632e-02   8.3822420e-04   8.8198970e-04  -4.7979960e-04   1.6001240e-03   3.5400596e-03   8.3359880e-03   7.0261981e-07   7.7790583e-07   2.3020766e-07
   1.0000000e+00   1.5486437e-01  -5.1443629e-01  -1.3291181e-01   5.3885085e-03   2.2346648e-03   2.5067242e-03   2.3982973e-02   2.6464470e-01   1.7665549e-02   2.9036024e-05   4.9937268e-06   6.2836662e-06   3.3363830e-02  -8.0244500e-02  -7.3839222e-02  -7.8603500e-04  -3.9380610e-04   7.5822000e-05   1.1131452e-03   6.4391798e-03   5.4522307e-03   6.1785102e-07   1.5508324e-07   5.7489757e-09
   1.0000000e+00   1.2166584e-01  -4.1429436e-01  -1.0855307e-01   6.6205034e-03   3.1606556e-03   2.6336831e-03   1.4802577e-02   1.7163982e-01   1.1783769e-02   4.3831065e-05   9.9897438e-06   6.9362867e-06  -3.3198530e-02   1.0014193e-01   2.4358740e-02   1.2319949e-03   9.2599080e-04   1.2695890e-04   1.1021424e-03   1.0028406e-02   5.9334821e-04   1.5178114e-06   8.5745896e-07   1.6118562e-08
   1.0000000e+00   1.1227681e-01  -4.0358911e-01  -7.2660416e-03   6.1688709e-03   3.1506616e-03   2.5225904e-03   1.2606082e-02   1.6288417e-01   5.2795361e-05   3.8054968e-05   9.9266685e-06   6.3634623e-06  -9.3890300e-03   1.0705250e-02   1.0128703e-01  -4.5163250e-04  -9.9940000e-06  -1.1109270e-04   8.8153884e-05   1.1460238e-04   1.0259062e-02   2.0397192e-07   9.9880036e-11   1.2341588e-08
   1.0000000e+00   1.2236129e-01  -4.8333365e-01  -4.6309357e-02   4.8554688e-03   3.2417321e-03   2.3462472e-03   1.4972285e-02   2.3361142e-01   2.1445565e-03   2.3575577e-05   1.0508827e-05   5.5048759e-06   1.0084480e-02  -7.9744540e-02  -3.9043315e-02  -1.3134021e-03   9.1070500e-05  -1.7634320e-04   1.0169674e-04   6.3591917e-03   1.5243805e-03   1.7250251e-06   8.2938360e-09   3.1096924e-08
   1.0000000e+00   1.1851525e-01  -4.6586958e-01  -6.0977998e-02   5.0727541e-03   2.8725412e-03   2.3475583e-03   1.4045864e-02   2.1703447e-01   3.7183162e-03   2.5732834e-05   8.2514929e-06   5.5110300e-06  -3.8460400e-03   1.7464070e-02  -1.4668641e-02   2.1728530e-04  -3.6919090e-04   1.3111000e-06   1.4792024e-05   3.0499374e-04   2.1516903e-04   4.7212902e-08   1.3630192e-07   1.7189832e-12
   1.0000000e+00   8.5998823e-02  -4.4958055e-01   7.6492398e-02   4.2132643e-03   3.5342482e-03   2.0191554e-03   7.3957976e-03   2.0212267e-01   5.8510870e-03   1.7751596e-05   1.2490910e-05   4.0769885e-06  -3.2516427e-02   1.6289030e-02   1.3747040e-01  -8.5948980e-04   6.6170700e-04  -3.2840290e-04   1.0573180e-03   2.6533250e-04   1.8898110e-02   7.3872272e-07   4.3785615e-07   1.0784846e-07
   1.0000000e+00   1.1000663e-01  -5.1131991e-01   2.4948227e-02   3.0343832e-03   3.2283739e-03   2.0217576e-03   1.2101459e-02   2.6144805e-01   6.2241403e-04   9.2074814e-06   1.0422398e-05   4.0875038e-06   2.4007807e-02  -6.1739360e-02  -5.1544171e-02  -1.1788811e-03  -3.0587430e-04   2.6022000e-06   5.7637480e-04   3.8117486e-03   2.6568016e-03   1.3897606e-06   9.3559087e-08   6.7714448e-12
   1.0000000e+00   8.5984100e-02  -4.9144492e-01  -7.5082834e-02   4.4097065e-03   3.8830387e-03   2.1226682e-03   7.3932655e-03   2.4151811e-01   5.6374320e-03   1.9445511e-05   1.5077990e-05   4.5057203e-06  -2.4022530e-02   1.9874990e-02  -1.0003106e-01   1.3753233e-03   6.5466480e-04   1.0091060e-04   5.7708195e-04   3.9501523e-04   1.0006213e-02   1.8915142e-06   4.2858600e-07   1.0182949e-08
   1.0000000e+00   6.8491168e-02  -4.4467724e-01  -3.7188511e-03   4.8201146e-03   3.9927377e-03   1.9374415e-03   4.6910401e-03   1.9773785e-01   1.3829854e-05   2.3233505e-05   1.5941954e-05   3.7536796e-06  -1.7492932e-02   4.6767680e-02   7.1363983e-02   4.1040810e-04   1.0969900e-04  -1.8522670e-04   3.0600267e-04   2.1872159e-03   5.0928181e-03   1.6843481e-07   1.2033871e-08   3.4308930e-08
   1.0000000e+00   4.1188164e-02  -4.8248592e-01  -2.8857274e-02   4.1558941e-03   4.7763072e-03   1.8965882e-03   1.6964649e-03   2.3279266e-01   8.3274226e-04   1.7271456e-05   2.2813110e-05   3.5970468e-06  -2.7303004e-02  -3.7808680e-02  -2.5138423e-02  -6.6422050e-04   7.8356950e-04  -4.0853300e-05   7.4545403e-04   1.4294963e-03   6.3194031e-04   4.4118887e-07   6.1398116e-07   1.6689921e-09
   1.0000000e+00   4.6749647e-02  -4.9362771e-01  -1.3374351e-02   3.0424880e-03   5.1229006e-03   1.9597900e-03   2.1855295e-03   2.4366832e-01   1.7887326e-04   9.2567332e-06   2.6244111e-05   3.8407768e-06   5.5614830e-03  -1.1141790e-02   1.5482923e-02  -1.1134061e-03   3.4659340e-04   6.3201800e-05   3.0930093e-05   1.2413948e-04   2.3972090e-04   1.2396731e-06   1.2012698e-07   3.9944675e-09
   1.0000000e+00   4.0899282e-02  -5.4558854e-01   1.1813384e-01   2.9426594e-03   4.1474268e-03   1.4132454e-03   1.6727513e-03   2.9766685e-01   1.3955604e-02   8.6592443e-06   1.7201149e-05   1.9972626e-06  -5.8503650e-03  -5.1960830e-02   1.3150819e-01  -9.9828600e-05  -9.7547380e-04  -5.4654460e-04   3.4226771e-05   2.6999279e-03   1.7294404e-02   9.9657494e-09   9.5154913e-07   2.9871100e-07
   1.0000000e+00   9.1960558e-02  -5.8163463e-01   2.5483402e-02   2.3995678e-03   3.6295624e-03   1.9128501e-03   8.4567442e-03   3.3829884e-01   6.4940378e-04   5.7579256e-06   1.3173723e-05   3.6589955e-06   5.1061276e-02  -3.6046090e-02  -9.2650438e-02  -5.4309160e-04  -5.1786440e-04   4.9960470e-04   2.6072539e-03   1.2993206e-03   8.5841037e-03   2.9494849e-07   2.6818354e-07   2.4960486e-07
   1.0000000e+00   9.0365926e-02  -5.4506418e-01   5.6039857e-02   2.3307193e-03   3.6650066e-03   1.8086933e-03   8.1660006e-03   2.9709496e-01   3.1404656e-03   5.4322525e-06   1.3432273e-05   3.2713715e-06  -1.5946320e-03   3.6570450e-02   3.0556455e-02  -6.8848500e-05   3.5444200e-05  -1.0415680e-04   2.5428512e-06   1.3373978e-03   9.3369694e-04   4.7401160e-09   1.2562913e-09   1.0848639e-08
   1.0000000e+00   9.8241237e-02  -5.2595716e-01   1.1105528e-01   1.8737003e-03   4.0910262e-03   1.9073451e-03   9.6513406e-03   2.7663093e-01   1.2333275e-02   3.5107528e-06   1.6736495e-05   3.6379653e-06   7.8753110e-03   1.9107020e-02   5.5015423e-02  -4.5701900e-04   4.2601960e-04   9.8651800e-05   6.2020523e-05   3.6507821e-04   3.0266968e-03   2.0886637e-07   1.8149270e-07   9.7321776e-09
   1.0000000e+00   9.9147330e-02  -5.8221889e-01   6.5941979e-02   2.0950093e-03   3.5631538e-03   1.5841181e-03   9.8301930e-03   3.3897884e-01   4.3483446e-03   4.3890640e-06   1.2696065e-05   2.5094302e-06   9.0609300e-04  -5.6261730e-02  -4.5113301e-02   2.2130900e-04  -5.2787240e-04  -3.2322700e-04   8.2100452e-07   3.1653823e-03   2.0352099e-03   4.8977673e-08   2.7864927e-07   1.0447569e-07
   1.0000000e+00   8.9784606e-02  -5.3581603e-01   2.6483011e-02   3.4752242e-03   3.8009567e-03   1.7152215e-03   8.0612755e-03   2.8709882e-01   7.0134987e-04   1.2077183e-05   1.4447272e-05   2.9419848e-06  -9.3627240e-03   4.6402860e-02  -3.9458968e-02   1.3802149e-03   2.3780290e-04   1.3110340e-04   8.7660601e-05   2.1532254e-03   1.5570102e-03   1.9049932e-06   5.6550219e-08   1.7188101e-08
   1.0000000e+00   9.3178864e-02  -5.1482725e-01   7.1671453e-02   3.3633573e-03   3.8280043e-03   1.5932281e-03   8.6823007e-03   2.6504710e-01   5.1367972e-03   1.1312172e-05   1.4653617e-05   2.5383758e-06   3.3942580e-03   2.0988780e-02   4.5188442e-02  -1.1186690e-04   2.7047600e-05  -1.2199340e-04   1.1520987e-05   4.4052889e-04   2.0419953e-03   1.2514203e-08   7.3157267e-10   1.4882390e-08
   1.0000000e+00   1.0496141e-01  -5.7233467e-01   6.6881394e-03   3.2171821e-03   3.9260736e-03   1.6951283e-03   1.1016898e-02   3.2756697e-01   4.4731209e-05   1.0350261e-05   1.5414054e-05   2.8734600e-06   1.1782546e-02  -5.7507420e-02  -6.4983314e-02  -1.4617520e-04   9.8069300e-05   1.0190020e-04   1.3882839e-04   3.3071034e-03   4.2228310e-03   2.1367189e-08   9.6175876e-09   1.0383651e-08
   1.0000000e+00   1.1094883e-01  -4.8095329e-01   5.5977434e-03   3.2098703e-03   3.8838212e-03   1.9904889e-03   1.2309643e-02   2.3131607e-01   3.1334731e-05   1.0303267e-05   1.5084067e-05   3.9620461e-06   5.9874200e-03   9.1381380e-02  -1.0903960e-03  -7.3118000e-06  -4.2252400e-05   2.9536060e-04   3.5849198e-05   8.3505566e-03   1.1889634e-06   5.3462419e-11   1.7852653e-09   8.7237884e-08
   1.0000000e+00   1.0048041e-01  -5.0142244e-01   6.9040863e-02   3.3477475e-03   4.2151927e-03   1.9208610e-03   1.0096313e-02   2.5142446e-01   4.7666408e-03   1.1207413e-05   1.7767849e-05   3.6897070e-06  -1.0468420e-02  -2.0469150e-02   6.3443120e-02   1.3787720e-04   3.3137150e-04  -6.9627900e-05   1.0958782e-04   4.1898610e-04   4.0250294e-03   1.9010122e-08   1.0980707e-07   4.8480445e-09
   1.0000000e+00   1.0028014e-01  -5.6801219e-01   2.5943491e-02   3.3361774e-03   4.3265474e-03   1.7703678e-03   1.0056106e-02   3.2263785e-01   6.7306473e-04   1.1130080e-05   1.8719012e-05   3.1342021e-06  -2.0027000e-04  -6.6589750e-02  -4.3097372e-02  -1.1570100e-05   1.1135470e-04  -1.5049320e-04   4.0108073e-08   4.4341948e-03   1.8573835e-03   1.3386721e-10   1.2399869e-08   2.2648203e-08
   1.0000000e+00   9.9998956e-02  -5.3232976e-01  -2.8354800e-03   3.8299328e-03   4.1473187e-03   1.9512517e-03   9.9997912e-03   2.8337497e-01   8.0399468e-06   1.4668385e-05   1.7200252e-05   3.8073832e-06  -2.8118400e-04   3.5682430e-02  -2.8778971e-02   4.9375540e-04  -1.7922870e-04   1.8088390e-04   7.9064442e-08   1.2732358e-03   8.2822917e-04   2.4379440e-07   3.2122927e-08   3.2718985e-08
   1.0000000e+00   9.1228348e-02  -5.2704179e-01   9.9900954e-02   3.1288260e-03   4.4695185e-03   1.8667323e-03   8.3226115e-03   2.7777305e-01   9.9802006e-03   9.7895521e-06   1.9976596e-05   3.4846895e-06  -8.7706080e-03   5.2879700e-03   1.0273643e-01  -7.0110680e-04   3.2219980e-04  -8.4519400e-05   7.6923565e-05   2.7962627e-05   1.0554775e-02   4.9155075e-07   1.0381271e-07   7.1435290e-09
   1.0000000e+00   9.8330625e-02  -5.6588583e-01   7.3983705e-02   2.5859424e-03   3.8604006e-03   1.8061116e-03   9.6689118e-03   3.2022677e-01   5.4735886e-03   6.6870981e-06   1.4902693e-05   3.2620391e-06   7.1022770e-03  -3.8844040e-02  -2.5917249e-02  -5.4288360e-04  -6.0911790e-04  -6.0620700e-05   5.0442339e-05   1.5088594e-03   6.7170380e-04   2.9472260e-07   3.7102462e-07   3.6748693e-09
   1.0000000e+00   1.1584100e-01  -5.0470078e-01   2.9627904e-02   3.9048137e-03   3.7208266e-03   1.9182174e-03   1.3419137e-02   2.5472288e-01   8.7781270e-04   1.5247570e-05   1.3844551e-05   3.6795580e-06   1.7510375e-02   6.1185050e-02  -4.4355801e-02   1.3188713e-03  -1.3957400e-04   1.1210580e-04   3.0661323e-04   3.7436103e-03   1.9674371e-03   1.7394215e-06   1.9480901e-08   1.2567710e-08
   1.0000000e+00   9.5208075e-02  -6.1586609e-01   8.5551185e-03   4.5585835e-03   4.0175232e-03   1.9810332e-03   9.0645775e-03   3.7929104e-01   7.3190053e-05   2.0780684e-05   1.6140493e-05   3.9244925e-06  -2.0632925e-02  -1.1116531e-01  -2.1072785e-02   6.5376980e-04   2.9669660e-04   6.2815800e-05   4.2571759e-04   1.2357726e-02   4.4406229e-04   4.2741495e-07   8.8028872e-08   3.9458247e-09
   1.0000000e+00   1.1438301e-01  -7.1884534e-01  -1.4392031e-01   5.0797419e-03   3.0207889e-03   1.5286522e-03   1.3083473e-02   5.1673862e-01   2.0713056e-02   2.5803778e-05   9.1251656e-06   2.3367775e-06   1.9174935e-02  -1.0297925e-01  -1.5247543e-01   5.2115840e-04  -9.9673430e-04  -4.5238100e-04   3.6767813e-04   1.0604726e-02   2.3248756e-02   2.7160608e-07   9.9347926e-07   2.0464857e-07
   1.0000000e+00   1.4698351e-01  -7.2632011e-01  -1.9311391e-01   4.0810403e-03   2.0434763e-03   1.7451442e-03   2.1604152e-02   5.2754090e-01   3.7292982e-02   1.6654890e-05   4.1757954e-06   3.0455283e-06   3.2600500e-02  -7.4747700e-03  -4.9193600e-02  -9.9870160e-04  -9.7731260e-04   2.1649200e-04   1.0627926e-03   5.5872187e-05   2.4200103e-03   9.9740489e-07   9.5513992e-07   4.6868786e-08
   1.0000000e+00   2.0573110e-01  -6.5464501e-01  -3.2376601e-01   5.1184543e-03   1.0122309e-03   3.3275679e-03   4.2325286e-02   4.2856009e-01   1.0482443e-01   2.6198574e-05   1.0246114e-06   1.1072708e-05   5.8747590e-02   7.1675100e-02  -1.3065210e-01   1.0374140e-03  -1.0312454e-03   1.5824237e-03   3.4512793e-03   5.1373200e-03   1.7069971e-02   1.0762278e-06   1.0634671e-06   2.5040648e-06
   1.0000000e+00   2.0378963e-01  -5.9199924e-01  -2.3865321e-01   7.0505318e-03   2.1016254e-03   3.8106373e-03   4.1530213e-02   3.5046310e-01   5.6955355e-02   4.9709999e-05   4.4168293e-06   1.4520957e-05  -1.9414700e-03   6.2645770e-02   8.5112800e-02   1.9320775e-03   1.0893945e-03   4.8306940e-04   3.7693058e-06   3.9244925e-03   7.2441887e-03   3.7329235e-06   1.1867804e-06   2.3335605e-07
   1.0000000e+00   1.9188603e-01  -7.1229785e-01  -2.9685218e-01   6.3839874e-03   1.3914047e-03   2.9339133e-03   3.6820249e-02   5.0736823e-01   8.8121217e-02   4.0755295e-05   1.9360070e-06   8.6078473e-06  -1.1903600e-02  -1.2029861e-01  -5.8198970e-02  -6.6654440e-04  -7.1022070e-04  -8.7672400e-04   1.4169569e-04   1.4471756e-02   3.3871201e-03   4.4428144e-07   5.0441344e-07   7.6864497e-07
   1.0000000e+00   1.6431448e-01  -6.1756839e-01  -2.1411721e-01   6.5790597e-03   1.8664325e-03   2.7005916e-03   2.6999248e-02   3.8139072e-01   4.5846180e-02   4.3284027e-05   3.4835703e-06   7.2931950e-06  -2.7571550e-02   9.4729460e-02   8.2734970e-02   1.9507230e-04   4.7502780e-04  -2.3332170e-04   7.6019037e-04   8.9736706e-03   6.8450753e-03   3.8053202e-08   2.2565141e-07   5.4439016e-08
   1.0000000e+00   1.4066320e-01  -5.8363134e-01  -1.5692408e-01   6.7025303e-03   3.0541686e-03   2.4527356e-03   1.9786136e-02   3.4062554e-01   2.4625167e-02   4.4923912e-05   9.3279458e-06   6.0159119e-06  -2.3651280e-02   3.3937050e-02   5.7193130e-02   1.2347060e-04   1.1877361e-03  -2.4785600e-04   5.5938305e-04   1.1517234e-03   3.2710541e-03   1.5244989e-08   1.4107170e-06   6.1432597e-08
   1.0000000e+00   1.5345186e-01  -6.1105478e-01  -2.2524128e-01   7.1796098e-03   2.5502105e-03   2.5528787e-03   2.3547473e-02   3.7338794e-01   5.0733634e-02   5.1546797e-05   6.5035736e-06   6.5171897e-06   1.2788660e-02  -2.7423440e-02  -6.8317200e-02   4.7707950e-04  -5.0395810e-04   1.0014310e-04   1.6354982e-04   7.5204506e-04   4.6672398e-03   2.2760485e-07   2.5397377e-07   1.0028640e-08
   1.0000000e+00   1.5396409e-01  -5.5422049e-01  -1.2286075e-01   6.9991561e-03   2.7685369e-03   2.7340016e-03   2.3704941e-02   3.0716035e-01   1.5094764e-02   4.8988186e-05   7.6647966e-06   7.4747647e-06   5.1223000e-04   5.6834290e-02   1.0238053e-01  -1.8045370e-04   2.1832640e-04   1.8112290e-04   2.6237957e-07   3.2301365e-03   1.0481773e-02   3.2563538e-08   4.7666417e-08   3.2805505e-08
   1.0000000e+00   1.5495570e-01  -5.5178469e-01  -6.6532739e-02   5.9424105e-03   2.9031205e-03   2.7923121e-03   2.4011269e-02   3.0446634e-01   4.4266054e-03   3.5312243e-05   8.4281086e-06   7.7970069e-06   9.9161000e-04   2.4358000e-03   5.6328011e-02  -1.0567456e-03   1.3458360e-04   5.8310500e-05   9.8329039e-07   5.9331216e-06   3.1728448e-03   1.1167113e-06   1.8112745e-08   3.4001144e-09
   1.0000000e+00   1.6588999e-01  -5.7451823e-01  -1.5663385e-01   6.3038234e-03   2.5236247e-03   2.5129864e-03   2.7519489e-02   3.3007120e-01   2.4534163e-02   3.9738189e-05   6.3686816e-06   6.3151006e-06   1.0934290e-02  -2.2733540e-02  -9.0101111e-02   3.6141290e-04  -3.7949580e-04  -2.7932570e-04   1.1955870e-04   5.1681384e-04   8.1182102e-03   1.3061928e-07   1.4401706e-07   7.8022847e-08
   1.0000000e+00   1.1490200e-01  -6.1146483e-01   3.8429471e-02   5.3187726e-03   3.8472823e-03   2.0597005e-03   1.3202470e-02   3.7388924e-01   1.4768242e-03   2.8289342e-05   1.4801581e-05   4.2423661e-06  -5.0987990e-02  -3.6946600e-02   1.9506332e-01  -9.8505080e-04   1.3236576e-03  -4.5328590e-04   2.5997751e-03   1.3650513e-03   3.8049699e-02   9.7032508e-07   1.7520694e-06   2.0546811e-07
   1.0000000e+00   1.1997864e-01  -6.1047080e-01  -1.3868908e-02   3.8368786e-03   3.5067889e-03   1.8548523e-03   1.4394874e-02   3.7267460e-01   1.9234661e-04   1.4721637e-05   1.2297568e-05   3.4404771e-06   5.0766400e-03   9.9403000e-04  -5.2298379e-02  -1.4818940e-03  -3.4049340e-04  -2.0484820e-04   2.5772274e-05   9.8809564e-07   2.7351204e-03   2.1960098e-06   1.1593576e-07   4.1962785e-08
   1.0000000e+00   1.2040061e-01  -5.9247566e-01  -9.5464801e-02   4.8165473e-03   3.6982617e-03   1.9714739e-03   1.4496307e-02   3.5102741e-01   9.1135282e-03   2.3199128e-05   1.3677140e-05   3.8867093e-06   4.2197000e-04   1.7995140e-02  -8.1595893e-02   9.7966870e-04   1.9147280e-04   1.1662160e-04   1.7805868e-07   3.2382506e-04   6.6578898e-03   9.5975076e-07   3.6661833e-08   1.3600598e-08
   1.0000000e+00   1.0952672e-01  -5.5288154e-01  -5.6300434e-02   5.8740039e-03   3.8692683e-03   1.9054445e-03   1.1996102e-02   3.0567800e-01   3.1697389e-03   3.4503922e-05   1.4971237e-05   3.6307187e-06  -1.0873890e-02   3.9594120e-02   3.9164367e-02   1.0574566e-03   1.7100660e-04  -6.6029400e-05   1.1824148e-04   1.5676943e-03   1.5338476e-03   1.1182145e-06   2.9243257e-08   4.3598817e-09
   1.0000000e+00   1.1963401e-01  -6.2012717e-01  -5.6615530e-02   4.5241919e-03   3.8582912e-03   1.8642918e-03   1.4312296e-02   3.8455771e-01   3.2053182e-03   2.0468312e-05   1.4886411e-05   3.4755839e-06   1.0107290e-02  -6.7245630e-02  -3.1509600e-04  -1.3498120e-03  -1.0977100e-05  -4.1152700e-05   1.0215731e-04   4.5219748e-03   9.9285489e-08   1.8219924e-06   1.2049672e-10   1.6935447e-09
   1.0000000e+00   1.0567195e-01  -6.1804765e-01  -1.4530079e-01   5.5134194e-03   4.0825896e-03   1.8305989e-03   1.1166561e-02   3.8198290e-01   2.1112320e-02   3.0397793e-05   1.6667538e-05   3.3510923e-06  -1.3962060e-02   2.0795200e-03  -8.8685260e-02   9.8922750e-04   2.2429840e-04  -3.3692900e-05   1.9493912e-04   4.3244034e-06   7.8650753e-03   9.7857105e-07   5.0309772e-08   1.1352115e-09
   1.0000000e+00   8.2607615e-02  -5.5436152e-01  -6.5561002e-02   5.7206894e-03   4.5181083e-03   1.8502225e-03   6.8240181e-03   3.0731669e-01   4.2982450e-03   3.2726287e-05   2.0413303e-05   3.4233233e-06  -2.3064335e-02   6.3686130e-02   7.9739788e-02   2.0727000e-04   4.3551870e-04   1.9623600e-05   5.3196355e-04   4.0559232e-03   6.3584338e-03   4.2960853e-08   1.8967654e-07   3.8508568e-10
   1.0000000e+00   1.0057882e-01  -6.1131377e-01  -1.1958267e-01   5.7845751e-03   4.1781926e-03   1.8859085e-03   1.0116099e-02   3.7370453e-01   1.4300015e-02   3.3461309e-05   1.7457293e-05   3.5566509e-06   1.7971205e-02  -5.6952250e-02  -5.4021668e-02   6.3885700e-05  -3.3991570e-04   3.5686000e-05   3.2296421e-04   3.2435588e-03   2.9183406e-03   4.0813827e-09   1.1554268e-07   1.2734906e-09
   1.0000000e+00   1.1406576e-01  -6.1040943e-01  -1.8217182e-01   7.1004203e-03   3.7650968e-03   2.0245537e-03   1.3010998e-02   3.7259967e-01   3.3186572e-02   5.0415968e-05   1.4175954e-05   4.0988177e-06   1.3486940e-02   9.0434000e-04  -6.2589150e-02   1.3158452e-03  -4.1309580e-04   1.3864520e-04   1.8189755e-04   8.1783084e-07   3.9174017e-03   1.7314486e-06   1.7064814e-07   1.9222491e-08
