   1.0000000e+00   0.0000000e+00   0.0000000e+00   0.0000000e+00   0.0000000e+00   0.0000000e+00  -0.0000000e+00   0.0000000e+00   0.0000000e+00   0.0000000e+00   0.0000000e+00   0.0000000e+00   0.0000000e+00   0.0000000e+00   0.0000000e+00   0.0000000e+00   0.0000000e+00   0.0000000e+00   0.0000000e+00   0.0000000e+00   0.0000000e+00   0.0000000e+00   0.0000000e+00   0.0000000e+00   0.0000000e+00
   1.0000000e+00   5.3954773e-02  -6.5061891e-02   1.7296370e-01  -8.0195469e-04   9.7552674e-05   4.8289954e-04   2.9111175e-03   4.2330497e-03   2.9916442e-02   6.4313132e-07   9.5165242e-09   2.3319197e-07   5.3954773e-02  -6.5061891e-02   1.7296370e-01  -8.0195469e-04   9.7552674e-05   4.8289954e-04   2.9111175e-03   4.2330497e-03   2.9916442e-02   6.4313132e-07   9.5165242e-09   2.3319197e-07
   1.0000000e+00   5.7559720e-02  -8.1249608e-02   4.9970899e-02  -7.4898680e-05   4.0069039e-04   4.4245146e-04   3.3131214e-03   6.6014988e-03   2.4970907e-03   5.6098123e-09   1.6055279e-07   1.9576329e-07   3.6049470e-03  -1.6187717e-02  -1.2299280e-01   7.2705601e-04   3.0313772e-04  -4.0448080e-05   1.2995643e-05   2.6204218e-04   1.5127229e-02   5.2861044e-07   9.1892475e-08   1.6360472e-09
   1.0000000e+00   1.3875031e-02  -7.3084543e-02   1.5749748e-01  -2.4543240e-03   7.7371218e-04  -1.7338964e-04   1.9251649e-04   5.3413504e-03   2.4805456e-02   6.0237063e-06   5.9863054e-07   3.0063967e-08  -4.3684689e-02   8.1650650e-03   1.0752658e-01  -2.3794253e-03   3.7302179e-04  -6.1584110e-04   1.9083521e-03   6.6668286e-05   1.1561966e-02   5.6616649e-06   1.3914526e-07   3.7926026e-07
   1.0000000e+00   3.2896438e-02  -1.7131828e-01   2.6547707e-01  -3.5302396e-03  -2.6522902e-04  -8.1542698e-05   1.0821756e-03   2.9349953e-02   7.0478075e-02   1.2462592e-05   7.0346433e-08   6.6492116e-09   1.9021407e-02  -9.8233737e-02   1.0797959e-01  -1.0759156e-03  -1.0389412e-03   9.1846942e-05   3.6181392e-04   9.6498671e-03   1.1659592e-02   1.1575944e-06   1.0793988e-06   8.4358608e-09
   1.0000000e+00   1.0996997e-02  -8.5854250e-02   1.0949783e-01  -2.9542409e-03   4.3472151e-04  -1.1512217e-04   1.2093394e-04   7.3709522e-03   1.1989775e-02   8.7275393e-06   1.8898279e-07   1.3253114e-08  -2.1899441e-02   8.5464030e-02  -1.5597924e-01   5.7599870e-04   6.9995053e-04  -3.3579472e-05   4.7958552e-04   7.3041004e-03   2.4329523e-02   3.3177450e-07   4.8993074e-07   1.1275809e-09
   1.0000000e+00   4.0581292e-02  -1.5211641e-01   2.0290957e-01  -2.7881133e-03  -1.9694666e-04  -9.5052229e-05   1.6468413e-03   2.3139402e-02   4.1172294e-02   7.7735758e-06   3.8787987e-08   9.0349262e-09   2.9584295e-02  -6.6262160e-02   9.3411740e-02   1.6612760e-04  -6.3166817e-04   2.0069941e-05   8.7523051e-04   4.3906738e-03   8.7257532e-03   2.7598379e-08   3.9900468e-07   4.0280253e-10
   1.0000000e+00  -3.1769421e-03  -8.3124842e-02   6.7319473e-02  -1.7439593e-03  -2.0104635e-04  -6.8131593e-04   1.0092961e-05   6.9097394e-03   4.5319114e-03   3.0413940e-06   4.0419635e-08   4.6419140e-07  -4.3758234e-02   6.8991568e-02  -1.3559010e-01   1.0441540e-03  -4.0996900e-06  -5.8626370e-04   1.9147831e-03   4.7598365e-03   1.8384674e-02   1.0902576e-06   1.6807458e-11   3.4370513e-07
   1.0000000e+00   1.4737833e-02  -1.5555606e-01   2.5389613e-01  -2.2780673e-03  -1.3459295e-03  -1.2466220e-03   2.1720372e-04   2.4197688e-02   6.4463245e-02   5.1895906e-06   1.8115262e-06   1.5540664e-06   1.7914775e-02  -7.2431218e-02   1.8657666e-01  -5.3410800e-04  -1.1448832e-03  -5.6530607e-04   3.2093917e-04   5.2462813e-03   3.4810849e-02   2.8527136e-07   1.3107574e-06   3.1957095e-07
   1.0000000e+00  -2.2523163e-02  -1.3068232e-01   3.3625937e-02  -2.0734770e-03  -2.3970220e-05  -6.7530411e-04   5.0729287e-04   1.7077869e-02   1.1307036e-03   4.2993069e-06   5.7457145e-10   4.5603564e-07  -3.7260996e-02   2.4873740e-02  -2.2027019e-01   2.0459030e-04   1.3219593e-03   5.7131789e-04   1.3883818e-03   6.1870294e-04   4.8518958e-02   4.1857191e-08   1.7475763e-06   3.2640413e-07
   1.0000000e+00  -7.1389678e-02  -1.2115422e-01   1.4062766e-01  -2.4656752e-03   4.1903571e-04  -1.4903140e-03   5.0964861e-03   1.4678345e-02   1.9776139e-02   6.0795542e-06   1.7559093e-07   2.2210358e-06  -4.8866515e-02   9.5281000e-03   1.0700172e-01  -3.9219820e-04   4.4300593e-04  -8.1500989e-04   2.3879363e-03   9.0784690e-05   1.1449369e-02   1.5381943e-07   1.9625425e-07   6.6424112e-07
   1.0000000e+00  -8.5659679e-03  -1.6772194e-01   1.8332298e-01  -2.8541793e-03  -3.7836423e-04  -1.2489830e-03   7.3375806e-05   2.8130649e-02   3.3607315e-02   8.1463395e-06   1.4315949e-07   1.5599585e-06   6.2823710e-02  -4.6567720e-02   4.2695320e-02  -3.8850410e-04  -7.9739994e-04   2.4133100e-04   3.9468186e-03   2.1685525e-03   1.8228903e-03   1.5093544e-07   6.3584666e-07   5.8240652e-08
   1.0000000e+00  -9.1082021e-02  -9.1178126e-02   1.2368125e-01  -3.5560698e-03   7.6956582e-05  -1.9573224e-03   8.2959345e-03   8.3134507e-03   1.5297052e-02   1.2645632e-05   5.9223155e-09   3.8311110e-06  -8.2516053e-02   7.6543814e-02  -5.9641730e-02  -7.0189050e-04   4.5532081e-04  -7.0833940e-04   6.8088990e-03   5.8589555e-03   3.5571360e-03   4.9265027e-07   2.0731704e-07   5.0174471e-07
   1.0000000e+00  -3.7381069e-02  -1.5020983e-01   2.2094634e-01  -2.6274046e-03  -7.5222820e-04  -1.6152019e-03   1.3973443e-03   2.2562993e-02   4.8817285e-02   6.9032549e-06   5.6584726e-07   2.6088772e-06   5.3700952e-02  -5.9031704e-02   9.7265090e-02   9.2866520e-04  -8.2918478e-04   3.4212050e-04   2.8837922e-03   3.4847421e-03   9.4604977e-03   8.6241905e-07   6.8754740e-07   1.1704644e-07
   1.0000000e+00  -1.3663987e-01  -8.8182856e-02   1.2954128e-01  -4.2379616e-03  -6.2357267e-05  -2.4014656e-03   1.8670454e-02   7.7762161e-03   1.6780943e-02   1.7960319e-05   3.8884287e-09   5.7670370e-06  -9.9258801e-02   6.2026974e-02  -9.1405060e-02  -1.6105570e-03   6.8987093e-04  -7.8626370e-04   9.8523096e-03   3.8473455e-03   8.3548850e-03   2.5938939e-06   4.7592190e-07   6.1821061e-07
   1.0000000e+00  -3.9002273e-02  -1.9917545e-01   4.2779367e-01  -5.6847076e-03  -8.2799339e-04  -1.2434192e-03   1.5211773e-03   3.9670860e-02   1.8300742e-01   3.2315900e-05   6.8557305e-07   1.5460913e-06   9.7637597e-02  -1.1099259e-01   2.9825239e-01  -1.4467460e-03  -7.6563612e-04   1.1580464e-03   9.5331003e-03   1.2319356e-02   8.8954488e-02   2.0930740e-06   5.8619867e-07   1.3410715e-06
   1.0000000e+00  -4.5872672e-02  -1.9351499e-01   1.5454465e-01  -3.4041861e-03  -4.1362537e-04  -1.1778891e-03   2.1043020e-03   3.7448051e-02   2.3884049e-02   1.1588483e-05   1.7108595e-07   1.3874227e-06  -6.8703990e-03   5.6604600e-03  -2.7324902e-01   2.2805215e-03   4.1436802e-04   6.5530100e-05   4.7202382e-05   3.2040807e-05   7.4665027e-02   5.2007783e-06   1.7170086e-07   4.2941940e-09
   1.0000000e+00  -1.3721616e-01  -1.4463615e-01   2.1704185e-01  -4.1635274e-03   3.9899910e-04  -1.8915574e-03   1.8828275e-02   2.0919616e-02   4.7107165e-02   1.7334960e-05   1.5920028e-07   3.5779894e-06  -9.1343488e-02   4.8878840e-02   6.2497200e-02  -7.5934130e-04   8.1262447e-04  -7.1366830e-04   8.3436328e-03   2.3891410e-03   3.9059000e-03   5.7659921e-07   6.6035853e-07   5.0932244e-07
   1.0000000e+00  -5.0500673e-02  -1.9670910e-01   2.6721491e-01  -3.5304114e-03   8.5377869e-04  -4.2614181e-04   2.5503180e-03   3.8694470e-02   7.1403808e-02   1.2463805e-05   7.2893805e-07   1.8159684e-07   8.6715487e-02  -5.2072950e-02   5.0173060e-02   6.3311600e-04   4.5477959e-04   1.4654156e-03   7.5195757e-03   2.7115921e-03   2.5173359e-03   4.0083587e-07   2.0682448e-07   2.1474429e-06
   1.0000000e+00  -6.1719814e-02  -1.7247493e-01   1.3557442e-01  -3.7445873e-03   3.8827612e-04  -1.1367589e-03   3.8093354e-03   2.9747601e-02   1.8380423e-02   1.4021934e-05   1.5075835e-07   1.2922208e-06  -1.1219141e-02   2.4234170e-02  -1.3164049e-01  -2.1417590e-04  -4.6550257e-04  -7.1061709e-04   1.2586912e-04   5.8729500e-04   1.7329219e-02   4.5871316e-08   2.1669264e-07   5.0497665e-07
   1.0000000e+00  -5.0657329e-02  -2.2377383e-01   2.7814984e-01  -4.2612827e-03   9.9773142e-05  -1.0710920e-03   2.5661650e-03   5.0074727e-02   7.7367333e-02   1.8158530e-05   9.9546799e-09   1.1472381e-06   1.1062485e-02  -5.1298900e-02   1.4257542e-01  -5.1669540e-04  -2.8850298e-04   6.5666900e-05   1.2237857e-04   2.6315771e-03   2.0327750e-02   2.6697414e-07   8.3233968e-08   4.3121418e-09
   1.0000000e+00  -1.5774289e-01  -1.8500616e-01   7.4733803e-02  -3.9245605e-03   1.2689334e-04  -1.9191762e-03   2.4882819e-02   3.4227279e-02   5.5851413e-03   1.5402175e-05   1.6101920e-08   3.6832373e-06  -1.0708556e-01   3.8767670e-02  -2.0341604e-01   3.3672220e-04   2.7120198e-05  -8.4808420e-04   1.1467317e-02   1.5029322e-03   4.1378084e-02   1.1338184e-07   7.3550514e-10   7.1924681e-07
   1.0000000e+00  -9.8782031e-02  -2.2571880e-01   3.1815550e-01  -4.4063805e-03   7.3917249e-05  -1.4787755e-03   9.7578896e-03   5.0948977e-02   1.0122292e-01   1.9416189e-05   5.4637597e-09   2.1867770e-06   5.8960859e-02  -4.0712640e-02   2.4342170e-01  -4.8182000e-04  -5.2976091e-05   4.4040070e-04   3.4763829e-03   1.6575191e-03   5.9254123e-02   2.3215051e-07   2.8064662e-09   1.9395278e-07
   1.0000000e+00  -7.0562482e-02  -2.1122978e-01   2.6299186e-01  -3.9627993e-03  -3.8315768e-04  -1.2862109e-03   4.9790639e-03   4.4618020e-02   6.9164718e-02   1.5703778e-05   1.4680981e-07   1.6543385e-06   2.8219549e-02   1.4489020e-02  -5.5163640e-02   4.4358120e-04  -4.5707493e-04   1.9256460e-04   7.9634295e-04   2.0993170e-04   3.0430272e-03   1.9676428e-07   2.0891749e-07   3.7081125e-08
   1.0000000e+00  -7.9810226e-02  -2.2172356e-01   2.8326076e-01  -4.1338661e-03  -1.6553555e-04  -1.2262314e-03   6.3696722e-03   4.9161337e-02   8.0236658e-02   1.7088849e-05   2.7402018e-08   1.5036434e-06  -9.2477440e-03  -1.0493780e-02   2.0268900e-02  -1.7106680e-04   2.1762213e-04   5.9979500e-05   8.5520769e-05   1.1011942e-04   4.1082831e-04   2.9263850e-08   4.7359391e-08   3.5975404e-09
   1.0000000e+00  -4.3173940e-02  -2.8922303e-01   2.6837467e-01  -3.3508548e-03  -3.5233046e-04  -8.8832568e-04   1.8639891e-03   8.3649961e-02   7.2024963e-02   1.1228228e-05   1.2413675e-07   7.8912251e-07   3.6636286e-02  -6.7499470e-02  -1.4886090e-02   7.8301130e-04  -1.8679491e-04   3.3790572e-04   1.3422175e-03   4.5561785e-03   2.2159568e-04   6.1310670e-07   3.4892338e-08   1.1418028e-07
   1.0000000e+00  -1.5054083e-01  -2.0734439e-01   1.1307549e-01  -4.3220075e-03  -6.0463331e-05  -2.0434108e-03   2.2662541e-02   4.2991696e-02   1.2786066e-02   1.8679749e-05   3.6558144e-09   4.1755277e-06  -1.0736689e-01   8.1878640e-02  -1.5529918e-01  -9.7115270e-04   2.9186713e-04  -1.1550851e-03   1.1527649e-02   6.7041117e-03   2.4117835e-02   9.4313757e-07   8.5186421e-08   1.3342216e-06
   1.0000000e+00  -6.4823730e-02  -2.4139883e-01   3.4909795e-01  -4.7971767e-03  -4.5386432e-04  -1.2049602e-03   4.2021160e-03   5.8273395e-02   1.2186938e-01   2.3012904e-05   2.0599282e-07   1.4519291e-06   8.5717100e-02  -3.4054440e-02   2.3602246e-01  -4.7516920e-04  -3.9340099e-04   8.3845060e-04   7.3474212e-03   1.1597049e-03   5.5706602e-02   2.2578577e-07   1.5476434e-07   7.0299941e-07
   1.0000000e+00  -1.3002764e-01  -2.2087324e-01   1.2227790e-01  -4.0429045e-03  -1.1588092e-04  -1.7703299e-03   1.6907187e-02   4.8784988e-02   1.4951885e-02   1.6345077e-05   1.3428388e-08   3.1340680e-06  -6.5203910e-02   2.0525590e-02  -2.2682005e-01   7.5427220e-04   3.3798340e-04  -5.6536970e-04   4.2515499e-03   4.2129984e-04   5.1447335e-02   5.6892655e-07   1.1423278e-07   3.1964290e-07
   1.0000000e+00  -1.1747030e-01  -2.7551400e-01   1.3825587e-01  -3.3859691e-03  -2.7084995e-04  -1.6283611e-03   1.3799271e-02   7.5907964e-02   1.9114686e-02   1.1464787e-05   7.3359695e-08   2.6515599e-06   1.2557340e-02  -5.4640760e-02   1.5977970e-02   6.5693540e-04  -1.5496903e-04   1.4196880e-04   1.5768679e-04   2.9856127e-03   2.5529553e-04   4.3156412e-07   2.4015400e-08   2.0155140e-08
   1.0000000e+00  -8.5424106e-02  -3.2818792e-01   8.5896718e-02  -3.0182041e-03   2.9197632e-05  -1.2586523e-03   7.2972779e-03   1.0770731e-01   7.3782462e-03   9.1095560e-06   8.5250171e-10   1.5842056e-06   3.2046194e-02  -5.2673920e-02  -5.2359152e-02   3.6776500e-04   3.0004758e-04   3.6970880e-04   1.0269585e-03   2.7745418e-03   2.7414808e-03   1.3525110e-07   9.0028551e-08   1.3668460e-07
   1.0000000e+00  -1.3555307e-01  -2.2647627e-01   1.2240434e-01  -3.0010611e-03   2.4632939e-05  -2.1203188e-03   1.8374635e-02   5.1291501e-02   1.4982822e-02   9.0063677e-06   6.0678168e-10   4.4957518e-06  -5.0128964e-02   1.0171165e-01   3.6507622e-02   1.7143000e-05  -4.5646930e-06  -8.6166650e-04   2.5129130e-03   1.0345260e-02   1.3328065e-03   2.9388245e-10   2.0836422e-11   7.4246916e-07
   1.0000000e+00  -6.1523738e-02  -2.7989500e-01   2.5022839e-01  -3.5761478e-03  -6.0710690e-04  -1.0050246e-03   3.7851703e-03   7.8341211e-02   6.2614247e-02   1.2788833e-05   3.6857879e-07   1.0100744e-06   7.4029332e-02  -5.3418730e-02   1.2782405e-01  -5.7508670e-04  -6.3173984e-04   1.1152942e-03   5.4803420e-03   2.8535607e-03   1.6338988e-02   3.3072471e-07   3.9909522e-07   1.2438812e-06
   1.0000000e+00  -1.5416752e-01  -2.3373216e-01  -2.5924167e-02  -2.6611540e-03   9.4059940e-06  -1.6736696e-03   2.3767624e-02   5.4630723e-02   6.7206243e-04   7.0817406e-06   8.8472723e-11   2.8011699e-06  -9.2643782e-02   4.6162840e-02  -2.7615256e-01   9.1499380e-04   6.1651289e-04  -6.6864500e-04   8.5828703e-03   2.1310078e-03   7.6260235e-02   8.3721365e-07   3.8008815e-07   4.4708614e-07
   1.0000000e+00  -1.1585542e-01  -2.7486569e-01   2.2800819e-01  -3.2421953e-03  -1.1185472e-04  -1.5125845e-03   1.3422478e-02   7.5551148e-02   5.1987735e-02   1.0511830e-05   1.2511478e-08   2.2879119e-06   3.8312100e-02  -4.1133530e-02   2.5393236e-01  -5.8104130e-04  -1.2126071e-04   1.6108510e-04   1.4678170e-03   1.6919673e-03   6.4481642e-02   3.3760899e-07   1.4704161e-08   2.5948409e-08
   1.0000000e+00  -9.2271902e-02  -2.8642914e-01   1.9351904e-01  -2.8275790e-03   1.6312928e-04  -1.0531286e-03   8.5141039e-03   8.2041652e-02   3.7449619e-02   7.9952030e-06   2.6611162e-08   1.1090798e-06   2.3583518e-02  -1.1563450e-02  -3.4489150e-02   4.1461630e-04   2.7498400e-04   4.5945590e-04   5.5618232e-04   1.3371338e-04   1.1895015e-03   1.7190668e-07   7.5616200e-08   2.1109972e-07
   1.0000000e+00  -1.5662622e-01  -3.0940255e-01   7.1733002e-02  -2.5911683e-03   1.9161163e-04  -1.6995589e-03   2.4531773e-02   9.5729938e-02   5.1456236e-03   6.7141532e-06   3.6715017e-08   2.8885005e-06  -6.4354318e-02  -2.2973410e-02  -1.2178604e-01   2.3641070e-04   2.8482350e-05  -6.4643030e-04   4.1414782e-03   5.2777757e-04   1.4831839e-02   5.5890019e-08   8.1124426e-10   4.1787213e-07
   1.0000000e+00  -9.3310844e-02  -3.5727879e-01   3.7571689e-02  -2.3299828e-03  -8.2326772e-05  -9.6942633e-04   8.7069136e-03   1.2764813e-01   1.4116318e-03   5.4288198e-06   6.7776974e-09   9.3978741e-07   6.3315376e-02  -4.7876240e-02  -3.4161313e-02   2.6118550e-04  -2.7393840e-04   7.3013257e-04   4.0088368e-03   2.2921344e-03   1.1669953e-03   6.8217865e-08   7.5042248e-08   5.3309357e-07
   1.0000000e+00  -1.4389129e-01  -2.2864016e-01   2.2981398e-02  -2.3832993e-03   9.0688347e-05  -1.6097525e-03   2.0704703e-02   5.2276323e-02   5.2814465e-04   5.6801156e-06   8.2243763e-09   2.5913031e-06  -5.0580446e-02   1.2863863e-01  -1.4590291e-02  -5.3316500e-05   1.7301512e-04  -6.4032617e-04   2.5583815e-03   1.6547897e-02   2.1287659e-04   2.8426492e-09   2.9934231e-08   4.1001760e-07
   1.0000000e+00  -7.2033167e-02  -2.7588322e-01   2.1472956e-01  -2.5375054e-03  -4.8801383e-04  -8.5196763e-04   5.1887771e-03   7.6111551e-02   4.6108784e-02   6.4389337e-06   2.3815750e-07   7.2584884e-07   7.1858123e-02  -4.7243060e-02   1.9174816e-01  -1.5420610e-04  -5.7870218e-04   7.5778487e-04   5.1635898e-03   2.2319067e-03   3.6767358e-02   2.3779521e-08   3.3489621e-07   5.7423791e-07
   1.0000000e+00  -1.4465133e-01  -2.5231553e-01   6.5068804e-02  -2.6934257e-03  -1.5401071e-04  -1.5448468e-03   2.0924007e-02   6.3663127e-02   4.2339493e-03   7.2545420e-06   2.3719299e-08   2.3865516e-06  -7.2618163e-02   2.3567690e-02  -1.4966076e-01  -1.5592030e-04   3.3400312e-04  -6.9287917e-04   5.2733976e-03   5.5543601e-04   2.2398342e-02   2.4311140e-08   1.1155808e-07   4.8008154e-07
   1.0000000e+00  -1.6931468e-01  -2.5887719e-01   1.6611248e-01  -3.2782682e-03   3.6779703e-04  -1.8020691e-03   2.8667461e-02   6.7017400e-02   2.7593356e-02   1.0747042e-05   1.3527466e-07   3.2474530e-06  -2.4663350e-02  -6.5616600e-03   1.0104368e-01  -5.8484250e-04   5.2180774e-04  -2.5722230e-04   6.0828083e-04   4.3055382e-05   1.0209824e-02   3.4204075e-07   2.7228332e-07   6.6163312e-08
   1.0000000e+00  -7.6075504e-02  -3.8490784e-01   1.5620426e-01  -2.4554496e-03   2.6857806e-04  -7.6195265e-04   5.7874823e-03   1.4815405e-01   2.4399771e-02   6.0292327e-06   7.2134174e-08   5.8057184e-07   9.3239176e-02  -1.2603065e-01  -9.9082200e-03   8.2281860e-04  -9.9218970e-05   1.0401164e-03   8.6935439e-03   1.5883725e-02   9.8172824e-05   6.7703045e-07   9.8444040e-09   1.0818422e-06
   1.0000000e+00  -1.5265762e-01  -2.7259842e-01   5.1098597e-02  -3.3503355e-03   3.4347308e-04  -1.8459288e-03   2.3304349e-02   7.4309899e-02   2.6110666e-03   1.1224748e-05   1.1797376e-07   3.4074531e-06  -7.6582116e-02   1.1230942e-01  -1.0510566e-01  -8.9488590e-04   7.4895020e-05  -1.0839762e-03   5.8648205e-03   1.2613406e-02   1.1047200e-02   8.0082077e-07   5.6092640e-09   1.1750043e-06
   1.0000000e+00  -1.0862043e-01  -2.9878764e-01   1.8768626e-01  -2.7591177e-03   1.1772582e-03  -6.9445145e-04   1.1798398e-02   8.9274054e-02   3.5226132e-02   7.6127305e-06   1.3859369e-06   4.8226282e-07   4.4037190e-02  -2.6189220e-02   1.3658766e-01   5.9121780e-04   8.3378512e-04   1.1514774e-03   1.9392741e-03   6.8587524e-04   1.8656190e-02   3.4953849e-07   6.9519763e-07   1.3259001e-06
   1.0000000e+00  -1.2633113e-01  -2.8491249e-01   1.2010461e-01  -2.1706786e-03   8.0758744e-04  -5.2688370e-04   1.5959554e-02   8.1175127e-02   1.4425117e-02   4.7118456e-06   6.5219747e-07   2.7760643e-07  -1.7710700e-02   1.3875150e-02  -6.7581650e-02   5.8843910e-04  -3.6967076e-04   1.6756775e-04   3.1366889e-04   1.9251979e-04   4.5672794e-03   3.4626057e-07   1.3665647e-07   2.8078951e-08
   1.0000000e+00  -1.7693436e-01  -2.6601566e-01   8.1794299e-02  -3.2116942e-03   2.2808377e-04  -1.6904960e-03   3.1305768e-02   7.0764331e-02   6.6903073e-03   1.0314980e-05   5.2022206e-08   2.8577767e-06  -5.0603230e-02   1.8896830e-02  -3.8310311e-02  -1.0410156e-03  -5.7950367e-04  -1.1636123e-03   2.5606869e-03   3.5709018e-04   1.4676799e-03   1.0837135e-06   3.3582450e-07   1.3539936e-06
   1.0000000e+00  -1.0404943e-01  -3.2216528e-01   2.2673259e-01  -2.3425690e-03   5.1825009e-04  -8.0112132e-04   1.0826284e-02   1.0379047e-01   5.1407667e-02   5.4876295e-06   2.6858316e-07   6.4179537e-07   7.2884930e-02  -5.6149620e-02   1.4493829e-01   8.6912520e-04   2.9016632e-04   8.8937468e-04   5.3122130e-03   3.1527798e-03   2.1007108e-02   7.5537861e-07   8.4196493e-08   7.9098732e-07
   1.0000000e+00  -9.7485058e-02  -3.7958918e-01   8.2643404e-02  -1.8308169e-03   1.2897993e-04  -8.8605866e-04   9.5033365e-03   1.4408795e-01   6.8299322e-03   3.3518905e-06   1.6635822e-08   7.8509995e-07   6.5643720e-03  -5.7423900e-02  -1.4408919e-01   5.1175210e-04  -3.8927016e-04  -8.4937340e-05   4.3090980e-05   3.2975043e-03   2.0761694e-02   2.6189021e-07   1.5153126e-07   7.2143517e-09
   1.0000000e+00  -1.2121249e-01  -2.9328569e-01   9.7051607e-02  -2.3893106e-03   5.8748036e-04  -1.0203869e-03   1.4692468e-02   8.6016496e-02   9.4190144e-03   5.7088051e-06   3.4513317e-07   1.0411894e-06  -2.3727432e-02   8.6303490e-02   1.4408203e-02  -5.5849370e-04   4.5850043e-04  -1.3432824e-04   5.6299103e-04   7.4482924e-03   2.0759631e-04   3.1191521e-07   2.1022264e-07   1.8044076e-08
   1.0000000e+00  -5.1180883e-02  -3.8053868e-01   1.8706165e-01  -2.5116261e-03   1.8523330e-04  -3.5936893e-04   2.6194828e-03   1.4480969e-01   3.4992061e-02   6.3082657e-06   3.4311375e-08   1.2914603e-07   7.0031607e-02  -8.7252990e-02   9.0010043e-02  -1.2231550e-04  -4.0224706e-04   6.6101797e-04   4.9044260e-03   7.6130843e-03   8.1018078e-03   1.4961082e-08   1.6180270e-07   4.3694476e-07
   1.0000000e+00  -1.2182751e-01  -3.1008473e-01  -1.3343550e-02  -2.1764412e-03   4.5740117e-04  -1.3399741e-03   1.4841942e-02   9.6152540e-02   1.7805033e-04   4.7368963e-06   2.0921583e-07   1.7955306e-06  -7.0646627e-02   7.0453950e-02  -2.0040520e-01   3.3518490e-04   2.7216787e-04  -9.8060517e-04   4.9909459e-03   4.9637591e-03   4.0162244e-02   1.1234892e-07   7.4075349e-08   9.6158650e-07
   1.0000000e+00  -7.5986233e-02  -3.6783430e-01   1.6205406e-01  -2.5096876e-03   6.8456720e-04  -5.6544730e-04   5.7739076e-03   1.3530207e-01   2.6261518e-02   6.2985318e-06   4.6863225e-07   3.1973065e-07   4.5841277e-02  -5.7749570e-02   1.7539761e-01  -3.3324640e-04   2.2716603e-04   7.7452680e-04   2.1014227e-03   3.3350128e-03   3.0764322e-02   1.1105316e-07   5.1604405e-08   5.9989176e-07
   1.0000000e+00  -1.3948744e-01  -3.0160035e-01  -1.1689080e-02  -2.0049225e-03   7.3688086e-04  -1.4893708e-03   1.9456746e-02   9.0962771e-02   1.3663459e-04   4.0197142e-06   5.4299340e-07   2.2182254e-06  -6.3501207e-02   6.6233950e-02  -1.7374314e-01   5.0476510e-04   5.2313660e-05  -9.2392350e-04   4.0324033e-03   4.3869361e-03   3.0186679e-02   2.5478781e-07   2.7367190e-09   8.5363463e-07
   1.0000000e+00  -6.8067202e-02  -3.6227790e-01   1.2291030e-01  -2.0689256e-03   3.3966821e-04  -6.7623711e-04   4.6331440e-03   1.3124528e-01   1.5106942e-02   4.2804531e-06   1.1537449e-07   4.5729663e-07   7.1420238e-02  -6.0677550e-02   1.3459938e-01  -6.4003100e-05  -3.9721265e-04   8.1313369e-04   5.1008504e-03   3.6817651e-03   1.8116993e-02   4.0963968e-09   1.5777789e-07   6.6118640e-07
   1.0000000e+00  -8.4599954e-02  -3.4968849e-01  -2.9890830e-02  -1.0019595e-03   6.2392470e-04  -1.0136149e-03   7.1571522e-03   1.2228204e-01   8.9346172e-04   1.0039228e-06   3.8928203e-07   1.0274152e-06  -1.6532752e-02   1.2589410e-02  -1.5280113e-01   1.0669661e-03   2.8425649e-04  -3.3737779e-04   2.7333189e-04   1.5849324e-04   2.3348185e-02   1.1384167e-06   8.0801752e-08   1.1382377e-07
   1.0000000e+00  -6.2471391e-02  -3.8346073e-01  -4.2268305e-03  -5.3829299e-04   3.9351722e-04  -6.9209904e-04   3.9026747e-03   1.4704213e-01   1.7866096e-05   2.8975934e-07   1.5485580e-07   4.7900108e-07   2.2128563e-02  -3.3772240e-02   2.5663999e-02   4.6366651e-04  -2.3040748e-04   3.2151586e-04   4.8967330e-04   1.1405642e-03   6.5864087e-04   2.1498663e-07   5.3087607e-08   1.0337245e-07
   1.0000000e+00  -6.7550171e-02  -3.6036335e-01  -5.6562494e-02  -5.2087372e-04   5.0147265e-04  -8.9015065e-04   4.5630256e-03   1.2986174e-01   3.1993157e-03   2.7130943e-07   2.5147482e-07   7.9236818e-07  -5.0787800e-03   2.3097380e-02  -5.2335663e-02   1.7419270e-05   1.0795543e-04  -1.9805161e-04   2.5794006e-05   5.3348896e-04   2.7390217e-03   3.0343097e-10   1.1654375e-08   3.9224440e-08
   1.0000000e+00  -6.8961216e-02  -3.5167654e-01  -1.6358031e-02  -5.7053792e-04   6.1278131e-04  -9.5631186e-04   4.7556493e-03   1.2367639e-01   2.6758518e-04   3.2551352e-07   3.7550093e-07   9.1453237e-07  -1.4110450e-03   8.6868100e-03   4.0204463e-02  -4.9664200e-05   1.1130866e-04  -6.6161210e-05   1.9910480e-06   7.5460668e-05   1.6163988e-03   2.4665328e-09   1.2389618e-08   4.3773057e-09
   1.0000000e+00  -5.4238950e-02  -3.9599625e-01   1.8946283e-02  -5.8127273e-04   2.1254130e-04  -7.0411881e-04   2.9418637e-03   1.5681303e-01   3.5896164e-04   3.3787799e-07   4.5173804e-08   4.9578330e-07   1.4722266e-02  -4.4319710e-02   3.5304314e-02  -1.0734810e-05  -4.0024001e-04   2.5219305e-04   2.1674512e-04   1.9642367e-03   1.2463946e-03   1.1523615e-10   1.6019207e-07   6.3601334e-08
   1.0000000e+00  -9.2032591e-02  -3.4288135e-01  -5.1344160e-02  -5.9914369e-04   6.2542639e-04  -1.1621755e-03   8.4699978e-03   1.1756762e-01   2.6362228e-03   3.5897316e-07   3.9115817e-07   1.3506519e-06  -3.7793641e-02   5.3114900e-02  -7.0290443e-02  -1.7870960e-05   4.1288509e-04  -4.5805669e-04   1.4283593e-03   2.8211926e-03   4.9407464e-03   3.1937121e-10   1.7047410e-07   2.0981593e-07
   1.0000000e+00  -6.8748387e-02  -3.7709700e-01   4.9180151e-02   9.1396995e-05   4.5807128e-04  -9.3362430e-04   4.7263407e-03   1.4220215e-01   2.4186873e-03   8.3534107e-09   2.0982930e-07   8.7165433e-07   2.3284204e-02  -3.4215650e-02   1.0052431e-01   6.9054068e-04  -1.6735511e-04   2.2855120e-04   5.4215416e-04   1.1707107e-03   1.0105137e-02   4.7684644e-07   2.8007733e-08   5.2235651e-08
   1.0000000e+00  -6.3354398e-02  -3.7451051e-01   5.8926727e-02  -3.0609677e-04   1.2156556e-04  -7.8944367e-04   4.0137797e-03   1.4025812e-01   3.4723592e-03   9.3695233e-08   1.4778185e-08   6.2322131e-07   5.3939890e-03   2.5864900e-03   9.7465760e-03  -3.9749377e-04  -3.3650572e-04   1.4418063e-04   2.9095117e-05   6.6899305e-06   9.4995744e-05   1.5800129e-07   1.1323610e-07   2.0788054e-08
   1.0000000e+00  -9.8146486e-02  -3.3887001e-01   7.8136178e-02  -1.9497674e-03   2.4109208e-04  -1.6164514e-03   9.6327327e-03   1.1483288e-01   6.1052623e-03   3.8015929e-06   5.8125391e-08   2.6129151e-06  -3.4792088e-02   3.5640500e-02   1.9209451e-02  -1.6436706e-03   1.1952652e-04  -8.2700773e-04   1.2104894e-03   1.2702452e-03   3.6900301e-04   2.7016531e-06   1.4286589e-08   6.8394179e-07
   1.0000000e+00  -8.6340406e-02  -3.8376905e-01   2.0144353e-01  -1.6406416e-03  -3.7555699e-04  -1.6318173e-03   7.4546657e-03   1.4727868e-01   4.0579496e-02   2.6917049e-06   1.4104305e-07   2.6628277e-06   1.1806080e-02  -4.4899040e-02   1.2330735e-01   3.0912580e-04  -6.1664907e-04  -1.5365900e-05   1.3938352e-04   2.0159238e-03   1.5204703e-02   9.5558760e-08   3.8025608e-07   2.3611088e-10
   1.0000000e+00  -1.0943754e-01  -3.6815789e-01   5.6122015e-02  -1.3704476e-03  -2.5159554e-05  -1.4067363e-03   1.1976575e-02   1.3554023e-01   3.1496806e-03   1.8781266e-06   6.3300316e-10   1.9789070e-06  -2.3097134e-02   1.5611160e-02  -1.4532152e-01   2.7019400e-04   3.5039744e-04   2.2508100e-04   5.3347760e-04   2.4370832e-04   2.1118343e-02   7.3004798e-08   1.2277836e-07   5.0661457e-08
   1.0000000e+00  -7.2159948e-02  -4.0922559e-01   1.7172520e-01  -1.5685570e-03  -1.7100378e-04  -6.8099210e-04   5.2070581e-03   1.6746558e-01   2.9489544e-02   2.4603711e-06   2.9242293e-08   4.6375024e-07   3.7277592e-02  -4.1067700e-02   1.1560318e-01  -1.9810940e-04  -1.4584423e-04   7.2574420e-04   1.3896189e-03   1.6865560e-03   1.3364096e-02   3.9247334e-08   2.1270538e-08   5.2670464e-07
   1.0000000e+00  -7.9708087e-02  -3.8590475e-01   6.4580357e-02  -1.1769116e-03  -1.2376240e-04  -7.0577325e-04   6.3533791e-03   1.4892248e-01   4.1706225e-03   1.3851209e-06   1.5317132e-08   4.9811588e-07  -7.5481390e-03   2.3320840e-02  -1.0714484e-01   3.9164540e-04   4.7241380e-05  -2.4781150e-05   5.6974402e-05   5.4386158e-04   1.1480017e-02   1.5338612e-07   2.2317480e-09   6.1410540e-10
   1.0000000e+00  -8.3765457e-02  -3.6162669e-01   7.2901341e-02  -1.5747903e-03   5.1207518e-05  -7.5202347e-04   7.0166518e-03   1.3077386e-01   5.3146055e-03   2.4799645e-06   2.6222099e-09   5.6553930e-07  -4.0573700e-03   2.4278060e-02   8.3209840e-03  -3.9787870e-04   1.7496992e-04  -4.6250220e-05   1.6462251e-05   5.8942420e-04   6.9238775e-05   1.5830746e-07   3.0614472e-08   2.1390829e-09
   1.0000000e+00  -3.9948986e-02  -4.2847731e-01   1.2731450e-01  -8.8148694e-04  -1.4030373e-04  -2.2478990e-04   1.5959215e-03   1.8359281e-01   1.6208982e-02   7.7701923e-07   1.9685137e-08   5.0530499e-08   4.3816471e-02  -6.6850620e-02   5.4413159e-02   6.9330336e-04  -1.9151125e-04   5.2723357e-04   1.9198831e-03   4.4690054e-03   2.9607919e-03   4.8066955e-07   3.6676558e-08   2.7797524e-07
   1.0000000e+00  -8.7357248e-02  -3.6793382e-01  -3.2627147e-02  -1.5869380e-03   6.3953490e-07  -8.2742081e-04   7.6312888e-03   1.3537530e-01   1.0645307e-03   2.5183722e-06   4.0900489e-13   6.8462520e-07  -4.7408262e-02   6.0543490e-02  -1.5994165e-01  -7.0545106e-04   1.4094326e-04  -6.0263091e-04   2.2475433e-03   3.6655142e-03   2.5581330e-02   4.9766120e-07   1.9865004e-08   3.6316401e-07
   1.0000000e+00  -4.6509177e-02  -4.0612517e-01   1.3686618e-01  -1.0030903e-03  -1.6954718e-04  -2.9503961e-04   2.1631035e-03   1.6493765e-01   1.8732351e-02   1.0061901e-06   2.8746246e-08   8.7048371e-08   4.0848071e-02  -3.8191350e-02   1.6949333e-01   5.8384770e-04  -1.7018671e-04   5.3238120e-04   1.6685649e-03   1.4585792e-03   2.8727988e-02   3.4087814e-07   2.8963518e-08   2.8342974e-07
   1.0000000e+00  -8.8680241e-02  -3.9240798e-01  -1.5613943e-02  -1.1132642e-03  -1.6911094e-04  -8.1084669e-04   7.8641851e-03   1.5398402e-01   2.4379522e-04   1.2393572e-06   2.8598510e-08   6.5747235e-07  -4.2171064e-02   1.3717190e-02  -1.5248012e-01  -1.1017390e-04   4.3624000e-07  -5.1580708e-04   1.7783986e-03   1.8816130e-04   2.3250188e-02   1.2138288e-08   1.9030534e-13   2.6605694e-07
   1.0000000e+00  -9.6091019e-02  -3.6737097e-01   9.4830130e-02  -1.8240248e-03   2.2808283e-05  -8.6550333e-04   9.2334839e-03   1.3496143e-01   8.9927536e-03   3.3270665e-06   5.2021777e-10   7.4909601e-07  -7.4107780e-03   2.5037010e-02   1.1044407e-01  -7.1076060e-04   1.9191922e-04  -5.4656640e-05   5.4919631e-05   6.2685187e-04   1.2197893e-02   5.0518063e-07   3.6832988e-08   2.9873483e-09
   1.0000000e+00  -5.9445062e-02  -4.2410137e-01   9.2836452e-02  -1.3487387e-03  -3.0296570e-04  -4.7556437e-04   3.5337154e-03   1.7986197e-01   8.6186068e-03   1.8190961e-06   9.1788215e-08   2.2616147e-07   3.6645957e-02  -5.6730400e-02  -1.9936780e-03   4.7528610e-04  -3.2577398e-04   3.8993896e-04   1.3429262e-03   3.2183383e-03   3.9747520e-06   2.2589688e-07   1.0612869e-07   1.5205239e-07
   1.0000000e+00  -1.3418153e-01  -3.7457138e-01   1.7802546e-02  -2.3052413e-03  -1.7111420e-04  -1.2723057e-03   1.8004683e-02   1.4030372e-01   3.1693064e-04   5.3141375e-06   2.9280069e-08   1.6187618e-06  -7.4736468e-02   4.9529990e-02  -7.5033906e-02  -9.5650260e-04   1.3185150e-04  -7.9674133e-04   5.5855396e-03   2.4532199e-03   5.6300870e-03   9.1489722e-07   1.7384818e-08   6.3479675e-07
   1.0000000e+00  -6.2363297e-02  -4.7962975e-01   1.5943607e-01  -1.1413374e-03  -5.4469992e-04  -5.0453293e-04   3.8891808e-03   2.3004470e-01   2.5419860e-02   1.3026511e-06   2.9669800e-07   2.5455348e-07   7.1818233e-02  -1.0505837e-01   1.4163352e-01   1.1639039e-03  -3.7358572e-04   7.6777277e-04   5.1578586e-03   1.1037261e-02   2.0060055e-02   1.3546723e-06   1.3956629e-07   5.8947503e-07
   1.0000000e+00  -1.1500893e-01  -4.7317840e-01  -4.3588985e-03  -1.4518460e-03  -2.1362892e-04  -1.0826746e-03   1.3227054e-02   2.2389780e-01   1.8999996e-05   2.1078568e-06   4.5637315e-08   1.1721843e-06  -5.2645633e-02   6.4513500e-03  -1.6379497e-01  -3.1050860e-04   3.3107100e-04  -5.7814167e-04   2.7715627e-03   4.1619917e-05   2.6828792e-02   9.6415591e-08   1.0960801e-07   3.3424779e-07
   1.0000000e+00  -1.2126065e-01  -4.2963080e-01   8.1319893e-02  -2.1100846e-03  -2.7514342e-04  -1.2665524e-03   1.4704145e-02   1.8458262e-01   6.6129250e-03   4.4524570e-06   7.5703902e-08   1.6041550e-06  -6.2517200e-03   4.3547600e-02   8.5678792e-02  -6.5823860e-04  -6.1514500e-05  -1.8387780e-04   3.9084003e-05   1.8963935e-03   7.3408553e-03   4.3327805e-07   3.7840337e-09   3.3811045e-08
   1.0000000e+00  -6.4576537e-02  -5.1699059e-01   9.6543307e-02  -1.2358123e-03  -3.1275940e-04  -6.0021846e-04   4.1701291e-03   2.6727927e-01   9.3206101e-03   1.5272320e-06   9.7818442e-08   3.6026220e-07   5.6684113e-02  -8.7359790e-02   1.5223414e-02   8.7427230e-04  -3.7615980e-05   6.6633394e-04   3.2130887e-03   7.6317329e-03   2.3175233e-04   7.6435205e-07   1.4149620e-09   4.4400092e-07
   1.0000000e+00  -1.4302663e-01  -3.8741033e-01  -3.1899541e-02  -2.3983688e-03  -3.4527875e-05  -1.4702816e-03   2.0456617e-02   1.5008676e-01   1.0175807e-03   5.7521729e-06   1.1921742e-09   2.1617280e-06  -7.8450093e-02   1.2958026e-01  -1.2844285e-01  -1.1625565e-03   2.7823153e-04  -8.7006314e-04   6.1544171e-03   1.6791044e-02   1.6497565e-02   1.3515376e-06   7.7412782e-08   7.5700987e-07
   1.0000000e+00  -7.3195562e-02  -4.8303369e-01   9.5280703e-02  -1.2794966e-03  -1.9944884e-05  -7.2979246e-04   5.3575903e-03   2.3332155e-01   9.0784124e-03   1.6371115e-06   3.9779840e-10   5.3259703e-07   6.9831068e-02  -9.5623360e-02   1.2718024e-01   1.1188722e-03   1.4582991e-05   7.4048914e-04   4.8763781e-03   9.1438270e-03   1.6174814e-02   1.2518750e-06   2.1266363e-10   5.4832417e-07
   1.0000000e+00  -1.1462387e-01  -4.4820290e-01  -3.0045107e-02  -1.5668464e-03   1.6335628e-04  -1.2689056e-03   1.3138632e-02   2.0088584e-01   9.0270845e-04   2.4550076e-06   2.6685274e-08   1.6101214e-06  -4.1428308e-02   3.4830790e-02  -1.2532581e-01  -2.8734980e-04   1.8330116e-04  -5.3911314e-04   1.7163047e-03   1.2131839e-03   1.5706559e-02   8.2569908e-08   3.3599317e-08   2.9064298e-07
   1.0000000e+00  -1.2165042e-01  -4.3464553e-01   7.8960438e-02  -1.9134034e-03   9.4305398e-05  -1.3535269e-03   1.4798825e-02   1.8891674e-01   6.2347508e-03   3.6611126e-06   8.8935081e-09   1.8320351e-06  -7.0265500e-03   1.3557370e-02   1.0900554e-01  -3.4655700e-04  -6.9050882e-05  -8.4621300e-05   4.9372405e-05   1.8380228e-04   1.1882209e-02   1.2010175e-07   4.7680243e-09   7.1607644e-09
   1.0000000e+00  -6.8493858e-02  -4.8803459e-01   8.5160681e-02  -1.5068432e-03  -5.8512000e-05  -7.4222564e-04   4.6914086e-03   2.3817776e-01   7.2523416e-03   2.2705764e-06   3.4236541e-09   5.5089890e-07   5.3156562e-02  -5.3389060e-02   6.2002430e-03   4.0656020e-04  -1.5281740e-04   6.1130126e-04   2.8256201e-03   2.8503917e-03   3.8443013e-05   1.6529120e-07   2.3353157e-08   3.7368923e-07
   1.0000000e+00  -9.7050970e-02  -4.3098435e-01   1.5458543e-02  -1.4107312e-03   4.8029884e-05  -1.1256101e-03   9.4188908e-03   1.8574751e-01   2.3896655e-04   1.9901625e-06   2.3068698e-09   1.2669981e-06  -2.8557112e-02   5.7050240e-02  -6.9702138e-02   9.6112000e-05   1.0654188e-04  -3.8338446e-04   8.1550865e-04   3.2547299e-03   4.8583880e-03   9.2375165e-09   1.1351173e-08   1.4698364e-07
   1.0000000e+00  -6.9040373e-02  -4.9972867e-01   1.6878600e-01  -1.4731401e-03  -2.2901416e-04  -7.3719579e-04   4.7665731e-03   2.4972874e-01   2.8488714e-02   2.1701418e-06   5.2447485e-08   5.4345763e-07   2.8010597e-02  -6.8744320e-02   1.5332746e-01  -6.2408900e-05  -2.7704404e-04   3.8841431e-04   7.8459354e-04   4.7257815e-03   2.3509309e-02   3.8948708e-09   7.6753402e-08   1.5086568e-07
   1.0000000e+00  -1.1807464e-01  -4.2730040e-01   2.4862529e-02  -1.4640065e-03  -1.0575237e-04  -1.2454750e-03   1.3941621e-02   1.8258563e-01   6.1814535e-04   2.1433150e-06   1.1183564e-08   1.5512080e-06  -4.9034267e-02   7.2428270e-02  -1.4392347e-01   9.1336000e-06   1.2326179e-04  -5.0827921e-04   2.4043593e-03   5.2458543e-03   2.0713966e-02   8.3422649e-11   1.5193469e-08   2.5834776e-07
   1.0000000e+00  -9.4561629e-02  -4.6128175e-01   1.6832877e-01  -1.7237843e-03  -1.6709217e-04  -8.7772306e-04   8.9419017e-03   2.1278085e-01   2.8334575e-02   2.9714323e-06   2.7919793e-08   7.7039777e-07   2.3513011e-02  -3.3981350e-02   1.4346624e-01  -2.5977780e-04  -6.1339800e-05   3.6775194e-04   5.5286169e-04   1.1547321e-03   2.0582562e-02   6.7484505e-08   3.7625711e-09   1.3524149e-07
   1.0000000e+00  -8.1281902e-02  -4.9178857e-01   1.8358241e-01  -9.4386764e-04  -2.9210331e-04  -9.3347051e-04   6.6067476e-03   2.4185600e-01   3.3702501e-02   8.9088612e-07   8.5324344e-08   8.7136719e-07   1.3279727e-02  -3.0506820e-02   1.5253640e-02   7.7991666e-04  -1.2501114e-04  -5.5747450e-05   1.7635115e-04   9.3066607e-04   2.3267353e-04   6.0827000e-07   1.5627785e-08   3.1077782e-09
   1.0000000e+00  -1.4091988e-01  -4.8524033e-01   1.3556310e-01  -2.8357415e-03   5.0268618e-05  -1.2821580e-03   1.9858413e-02   2.3545818e-01   1.8377354e-02   8.0414299e-06   2.5269340e-09   1.6439291e-06  -5.9637978e-02   6.5482400e-03  -4.8019310e-02  -1.8918739e-03   3.4237193e-04  -3.4868749e-04   3.5566884e-03   4.2879447e-05   2.3058541e-03   3.5791867e-06   1.1721854e-07   1.2158297e-07
   1.0000000e+00  -1.3316545e-01  -5.3049284e-01   3.8459253e-01  -6.0616909e-03   3.0801465e-04  -1.2803740e-03   1.7733037e-02   2.8142265e-01   1.4791141e-01   3.6744097e-05   9.4873025e-08   1.6393576e-06   7.7544300e-03  -4.5252510e-02   2.4902943e-01  -3.2259494e-03   2.5774603e-04   1.7840000e-06   6.0131185e-05   2.0477897e-03   6.2015657e-02   1.0406750e-05   6.6433017e-08   3.1826560e-12
   1.0000000e+00  -1.0586551e-01  -5.3453962e-01   4.1695707e-01  -4.9873318e-03  -1.8202814e-04  -8.7154634e-04   1.1207506e-02   2.8573261e-01   1.7385320e-01   2.4873478e-05   3.3134244e-08   7.5959302e-07   2.7299940e-02  -4.0467800e-03   3.2364540e-02   1.0743591e-03  -4.9004279e-04   4.0882766e-04   7.4528672e-04   1.6376428e-05   1.0474634e-03   1.1542475e-06   2.4014194e-07   1.6714006e-07
   1.0000000e+00  -1.6632838e-01  -4.7403768e-01   2.2140159e-01  -5.9710587e-03  -9.5852902e-05  -1.6188403e-03   2.7665130e-02   2.2471172e-01   4.9018664e-02   3.5653542e-05   9.1877788e-09   2.6206439e-06  -6.0462870e-02   6.0501940e-02  -1.9555548e-01  -9.8372690e-04   8.6175238e-05  -7.4729396e-04   3.6557586e-03   3.6604847e-03   3.8241946e-02   9.6771861e-07   7.4261716e-09   5.5844826e-07
   1.0000000e+00  -1.1853802e-01  -5.5460669e-01   3.6859631e-01  -5.6650671e-03   9.6976600e-05  -1.2271108e-03   1.4051262e-02   3.0758858e-01   1.3586324e-01   3.2092985e-05   9.4044609e-09   1.5058009e-06   4.7790360e-02  -8.0569010e-02   1.4719472e-01   3.0599160e-04   1.9282950e-04   3.9172950e-04   2.2839185e-03   6.4913654e-03   2.1666286e-02   9.3630859e-08   3.7183217e-08   1.5345200e-07
   1.0000000e+00  -1.3777097e-01  -5.1626278e-01   2.4113980e-01  -5.9123618e-03  -1.9444932e-04  -1.4342395e-03   1.8980840e-02   2.6652726e-01   5.8148403e-02   3.4956022e-05   3.7810538e-08   2.0570429e-06  -1.9232950e-02   3.8343910e-02  -1.2745651e-01  -2.4729470e-04  -2.9142592e-04  -2.0712870e-04   3.6990637e-04   1.4702554e-03   1.6245162e-02   6.1154669e-08   8.4929067e-08   4.2902298e-08
   1.0000000e+00  -1.8022672e-01  -5.2156685e-01   2.3751427e-01  -6.0552179e-03  -3.9843719e-04  -2.1031683e-03   3.2481671e-02   2.7203198e-01   5.6413028e-02   3.6665664e-05   1.5875219e-07   4.4233169e-06  -4.2455750e-02  -5.3040700e-03  -3.6255300e-03  -1.4285610e-04  -2.0398787e-04  -6.6892880e-04   1.8024907e-03   2.8133159e-05   1.3144468e-05   2.0407865e-08   4.1611051e-08   4.4746574e-07
   1.0000000e+00  -1.2638933e-01  -5.7594149e-01   3.3993917e-01  -5.6056836e-03  -4.4484599e-04  -1.7345636e-03   1.5974263e-02   3.3170860e-01   1.1555864e-01   3.1423689e-05   1.9788795e-07   3.0087109e-06   5.3837390e-02  -5.4374640e-02   1.0242490e-01   4.4953430e-04  -4.6408800e-05   3.6860470e-04   2.8984646e-03   2.9566015e-03   1.0490860e-02   2.0208109e-07   2.1537767e-09   1.3586942e-07
   1.0000000e+00  -1.8926603e-01  -5.2149449e-01   1.1269450e-01  -5.6248244e-03  -6.8626159e-04  -2.6266549e-03   3.5821630e-02   2.7195650e-01   1.2700050e-02   3.1638650e-05   4.7095497e-07   6.8993160e-06  -6.2876700e-02   5.4447000e-02  -2.2724467e-01  -1.9140800e-05  -2.4141560e-04  -8.9209130e-04   3.9534794e-03   2.9644758e-03   5.1640140e-02   3.6637022e-10   5.8281492e-08   7.9582689e-07
   1.0000000e+00  -1.5661998e-01  -5.5101626e-01   3.1777434e-01  -6.3716752e-03  -4.4266690e-04  -2.0796660e-03   2.4529818e-02   3.0361892e-01   1.0098053e-01   4.0598245e-05   1.9595398e-07   4.3250107e-06   3.2646050e-02  -2.9521770e-02   2.0507984e-01  -7.4685080e-04   2.4359469e-04   5.4698890e-04   1.0657646e-03   8.7153490e-04   4.2057741e-02   5.5778612e-07   5.9338373e-08   2.9919686e-07
   1.0000000e+00  -1.4442935e-01  -5.6584075e-01   3.0659771e-01  -5.7566457e-03  -5.5749448e-04  -1.8407049e-03   2.0859837e-02   3.2017575e-01   9.4002156e-02   3.3138970e-05   3.1080010e-07   3.3881945e-06   1.2190630e-02  -1.4824490e-02  -1.1176630e-02   6.1502950e-04  -1.1482758e-04   2.3896110e-04   1.4861146e-04   2.1976550e-04   1.2491706e-04   3.7826129e-07   1.3185373e-08   5.7102407e-08
   1.0000000e+00  -2.1563233e-01  -5.3273916e-01   8.6865718e-02  -4.8731402e-03  -5.5305646e-04  -2.8465810e-03   4.6497302e-02   2.8381101e-01   7.5456530e-03   2.3747495e-05   3.0587145e-07   8.1030234e-06  -7.1202980e-02   3.3101590e-02  -2.1973199e-01   8.8350550e-04   4.4380200e-06  -1.0058761e-03   5.0698644e-03   1.0957153e-03   4.8282148e-02   7.8058197e-07   1.9696022e-11   1.0117867e-06
   1.0000000e+00  -1.3485990e-01  -6.2035976e-01   4.2625631e-01  -6.3897958e-03  -9.5507662e-04  -1.8217035e-03   1.8187193e-02   3.8484623e-01   1.8169444e-01   4.0829490e-05   9.1217135e-07   3.3186036e-06   8.0772430e-02  -8.7620600e-02   3.3939059e-01  -1.5166556e-03  -4.0202016e-04   1.0248775e-03   6.5241854e-03   7.6773695e-03   1.1518597e-01   2.3002442e-06   1.6162021e-07   1.0503739e-06
   1.0000000e+00  -1.4395249e-01  -6.2105721e-01   1.6953397e-01  -4.7640514e-03  -1.3178291e-03  -1.7426075e-03   2.0722319e-02   3.8571206e-01   2.8741767e-02   2.2696186e-05   1.7366735e-06   3.0366809e-06  -9.0925900e-03  -6.9745000e-04  -2.5672234e-01   1.6257444e-03  -3.6275248e-04   7.9096000e-05   8.2675193e-05   4.8643650e-07   6.5906360e-02   2.6430449e-06   1.3158936e-07   6.2561772e-09
   1.0000000e+00  -1.0362381e-01  -6.4864639e-01   2.2438144e-01  -4.9779793e-03  -1.3753694e-03  -7.8004498e-04   1.0737894e-02   4.2074214e-01   5.0347031e-02   2.4780278e-05   1.8916410e-06   6.0847017e-07   4.0328680e-02  -2.7589180e-02   5.4847470e-02  -2.1392790e-04  -5.7540300e-05   9.6256252e-04   1.6264024e-03   7.6116285e-04   3.0082450e-03   4.5765146e-08   3.3108861e-09   9.2652660e-07
   1.0000000e+00  -9.2977343e-02  -7.0395359e-01   4.1861009e-02  -3.5992754e-03  -7.6350136e-04  -9.2460451e-04   8.6447863e-03   4.9555066e-01   1.7523441e-03   1.2954783e-05   5.8293433e-07   8.5489350e-07   1.0646467e-02  -5.5307200e-02  -1.8252043e-01   1.3787039e-03   6.1186804e-04  -1.4455953e-04   1.1334726e-04   3.0588864e-03   3.3313708e-02   1.9008244e-06   3.7438250e-07   2.0897458e-08
   1.0000000e+00  -1.0737446e-01  -6.8345044e-01  -9.3735280e-02  -3.1469605e-03   5.2440388e-04  -7.8833240e-04   1.1529275e-02   4.6710450e-01   8.7863027e-03   9.9033604e-06   2.7499943e-07   6.2146797e-07  -1.4397117e-02   2.0503150e-02  -1.3559629e-01   4.5231490e-04   1.2879052e-03   1.3627211e-04   2.0727698e-04   4.2037916e-04   1.8386354e-02   2.0458877e-07   1.6586999e-06   1.8570088e-08
   1.0000000e+00  -9.2371092e-02  -6.9108712e-01  -6.4275068e-02  -2.1271002e-03   4.4903704e-04  -5.5959903e-04   8.5324186e-03   4.7760141e-01   4.1312844e-03   4.5245553e-06   2.0163426e-07   3.1315107e-07   1.5003368e-02  -7.6366800e-03   2.9460212e-02   1.0198603e-03  -7.5366840e-05   2.2873337e-04   2.2510105e-04   5.8318881e-05   8.6790409e-04   1.0401150e-06   5.6801606e-09   5.2318955e-08
   1.0000000e+00  -7.5188626e-02  -6.5497133e-01  -1.0146520e-01  -1.7462331e-03   8.5236894e-04  -5.2603970e-04   5.6533295e-03   4.2898744e-01   1.0295187e-02   3.0493300e-06   7.2653281e-07   2.7671777e-07   1.7182466e-02   3.6115790e-02  -3.7190132e-02   3.8086710e-04   4.0333190e-04   3.3559330e-05   2.9523714e-04   1.3043503e-03   1.3831059e-03   1.4505975e-07   1.6267662e-07   1.1262286e-09
   1.0000000e+00  -8.9846610e-02  -6.5795613e-01  -1.3139621e-01  -4.4790204e-04   6.4397878e-04  -6.6459779e-04   8.0724133e-03   4.3290627e-01   1.7264964e-02   2.0061624e-07   4.1470867e-07   4.4169022e-07  -1.4657984e-02  -2.9848000e-03  -2.9931010e-02   1.2983311e-03  -2.0839016e-04  -1.3855809e-04   2.1485649e-04   8.9090310e-06   8.9586536e-04   1.6856635e-06   4.3426459e-08   1.9198344e-08
   1.0000000e+00  -9.0571974e-02  -5.8710845e-01  -7.3004961e-02  -9.8951998e-04   7.6712193e-04  -4.0387595e-04   8.2032825e-03   3.4469633e-01   5.3297243e-03   9.7914979e-07   5.8847606e-07   1.6311578e-07  -7.2536400e-04   7.0847680e-02   5.8391249e-02  -5.4161794e-04   1.2314315e-04   2.6072184e-04   5.2615293e-07   5.0193938e-03   3.4095380e-03   2.9334999e-07   1.5164235e-08   6.7975878e-08
   1.0000000e+00  -1.1120457e-01  -6.3889392e-01  -1.1315095e-01   5.2960543e-04   3.9979682e-04  -8.5759538e-04   1.2366456e-02   4.0818544e-01   1.2803137e-02   2.8048191e-07   1.5983750e-07   7.3546984e-07  -2.0632596e-02  -5.1785470e-02  -4.0145989e-02   1.5191254e-03  -3.6732511e-04  -4.5371943e-04   4.2570402e-04   2.6817349e-03   1.6117004e-03   2.3077420e-06   1.3492774e-07   2.0586132e-07
   1.0000000e+00  -1.6746836e-01  -5.3704333e-01  -4.6745419e-02  -6.0516363e-04   4.6385901e-04  -1.5406410e-03   2.8045652e-02   2.8841554e-01   2.1851342e-03   3.6622302e-07   2.1516518e-07   2.3735747e-06  -5.6263790e-02   1.0185059e-01   6.6405531e-02  -1.1347691e-03   6.4062190e-05  -6.8304562e-04   3.1656141e-03   1.0373543e-02   4.4096945e-03   1.2877008e-06   4.1039642e-09   4.6655132e-07
   1.0000000e+00  -1.2143661e-01  -6.1501593e-01   1.0915503e-01  -1.0266873e-03  -8.7892512e-05  -8.1459295e-04   1.4746850e-02   3.7824459e-01   1.1914821e-02   1.0540868e-06   7.7250937e-09   6.6356167e-07   4.6031750e-02  -7.7972600e-02   1.5590045e-01  -4.2152367e-04  -5.5175152e-04   7.2604805e-04   2.1189220e-03   6.0797264e-03   2.4304950e-02   1.7768220e-07   3.0442974e-07   5.2714577e-07
   1.0000000e+00  -1.6322619e-01  -5.5915330e-01  -5.9636859e-02  -6.1771210e-04  -1.2140593e-04  -1.4960724e-03   2.6642789e-02   3.1265241e-01   3.5565550e-03   3.8156824e-07   1.4739400e-08   2.2382326e-06  -4.1789580e-02   5.5862630e-02  -1.6879189e-01   4.0897520e-04  -3.3513418e-05  -6.8147945e-04   1.7463690e-03   3.1206334e-03   2.8490702e-02   1.6726071e-07   1.1231492e-09   4.6441424e-07
   1.0000000e+00  -1.6077204e-01  -5.7195245e-01   8.4039728e-02  -1.3205347e-03  -2.2496039e-04  -1.4755146e-03   2.5847649e-02   3.2712961e-01   7.0626759e-03   1.7438119e-06   5.0607177e-08   2.1771433e-06   2.4541500e-03  -1.2799150e-02   1.4367659e-01  -7.0282260e-04  -1.0355446e-04   2.0557800e-05   6.0228522e-06   1.6381824e-04   2.0642962e-02   4.9395961e-07   1.0723526e-08   4.2262314e-10
   1.0000000e+00  -1.5411724e-01  -5.8400257e-01   1.8995753e-01  -3.1628516e-03  -4.3060229e-04  -1.5250315e-03   2.3752124e-02   3.4105900e-01   3.6083863e-02   1.0003630e-05   1.8541833e-07   2.3257211e-06   6.6548000e-03  -1.2050120e-02   1.0591780e-01  -1.8423169e-03  -2.0564190e-04  -4.9516900e-05   4.4286363e-05   1.4520539e-04   1.1218581e-02   3.3941316e-06   4.2288591e-08   2.4519234e-09
   1.0000000e+00  -1.7610409e-01  -5.9906672e-01   5.1833660e-02  -1.7590206e-03  -7.3526293e-04  -1.8342344e-03   3.1012651e-02   3.5888094e-01   2.6867283e-03   3.0941535e-06   5.4061158e-07   3.3644158e-06  -2.1986850e-02  -1.5064150e-02  -1.3812387e-01   1.4038310e-03  -3.0466064e-04  -3.0920290e-04   4.8342157e-04   2.2692862e-04   1.9078203e-02   1.9707415e-06   9.2818106e-08   9.5606433e-08
   1.0000000e+00  -1.9386127e-01  -5.7819880e-01   1.3955697e-01  -3.5080506e-03  -6.8349583e-04  -2.0564817e-03   3.7582192e-02   3.3431385e-01   1.9476148e-02   1.2306419e-05   4.6716655e-07   4.2291170e-06  -1.7757180e-02   2.0867920e-02   8.7723310e-02  -1.7490300e-03   5.1767100e-05  -2.2224730e-04   3.1531744e-04   4.3547009e-04   7.6953791e-03   3.0591059e-06   2.6798326e-09   4.9393862e-08
   1.0000000e+00  -1.5213111e-01  -6.9289711e-01   3.6066999e-01  -5.2621184e-03  -1.1577984e-03  -1.5136653e-03   2.3143875e-02   4.8010641e-01   1.3008284e-01   2.7689890e-05   1.3404971e-06   2.2911826e-06   4.1730160e-02  -1.1469831e-01   2.2111302e-01  -1.7540678e-03  -4.7430257e-04   5.4281640e-04   1.7414063e-03   1.3155702e-02   4.8890968e-02   3.0767538e-06   2.2496293e-07   2.9464964e-07
   1.0000000e+00  -1.8422134e-01  -6.2240941e-01   1.2821830e-01  -4.6084992e-03  -7.9153467e-04  -1.9410351e-03   3.3937502e-02   3.8739347e-01   1.6439932e-02   2.1238265e-05   6.2652713e-07   3.7676173e-06  -3.2090230e-02   7.0487700e-02  -2.3245169e-01   6.5361920e-04   3.6626373e-04  -4.2736980e-04   1.0297829e-03   4.9685159e-03   5.4033788e-02   4.2721806e-07   1.3414912e-07   1.8264495e-07
   1.0000000e+00  -1.6760798e-01  -6.0148997e-01   2.2919453e-01  -4.6973580e-03  -8.9353432e-04  -1.9167206e-03   2.8092435e-02   3.6179018e-01   5.2530133e-02   2.2065172e-05   7.9840358e-07   3.6738179e-06   1.6613360e-02   2.0919440e-02   1.0097623e-01  -8.8858800e-05  -1.0199965e-04   2.4314500e-05   2.7600373e-04   4.3762297e-04   1.0196199e-02   7.8958863e-09   1.0403929e-08   5.9119491e-10
   1.0000000e+00  -1.4806518e-01  -7.0065177e-01   1.7329627e-01  -4.7565697e-03  -5.9366531e-04  -1.3723778e-03   2.1923298e-02   4.9091290e-01   3.0031597e-02   2.2624955e-05   3.5243850e-07   1.8834208e-06   1.9542800e-02  -9.9161800e-02  -5.5898260e-02  -5.9211700e-05   2.9986901e-04   5.4434280e-04   3.8192103e-04   9.8330626e-03   3.1246155e-03   3.5060254e-09   8.9921423e-08   2.9630908e-07
   1.0000000e+00  -1.8994663e-01  -6.3316297e-01   1.1337023e-01  -5.1419536e-03  -3.2586849e-04  -2.2296584e-03   3.6079722e-02   4.0089535e-01   1.2852809e-02   2.6439687e-05   1.0619027e-07   4.9713766e-06  -4.1881450e-02   6.7488800e-02  -5.9926040e-02  -3.8538390e-04   2.6779682e-04  -8.5728060e-04   1.7540559e-03   4.5547381e-03   3.5911303e-03   1.4852075e-07   7.1715137e-08   7.3493003e-07
   1.0000000e+00  -1.9236888e-01  -7.0711821e-01   2.4638839e-01  -4.8504235e-03  -3.4737008e-04  -2.0562413e-03   3.7005786e-02   5.0001616e-01   6.0707239e-02   2.3526608e-05   1.2066597e-07   4.2281283e-06  -2.4222500e-03  -7.3955240e-02   1.3301816e-01   2.9153010e-04  -2.1501590e-05   1.7341710e-04   5.8672951e-06   5.4693775e-03   1.7693831e-02   8.4989799e-08   4.6231837e-10   3.0073491e-08
   1.0000000e+00  -2.0786642e-01  -6.4139865e-01   1.3267057e-01  -5.9965665e-03  -4.0032354e-05  -2.5332498e-03   4.3208449e-02   4.1139223e-01   1.7601480e-02   3.5958810e-05   1.6025894e-09   6.4173545e-06  -1.5497540e-02   6.5719560e-02  -1.1371782e-01  -1.1461430e-03   3.0733773e-04  -4.7700850e-04   2.4017375e-04   4.3190606e-03   1.2931743e-02   1.3136438e-06   9.4456478e-08   2.2753711e-07
   1.0000000e+00  -2.0562681e-01  -6.7413802e-01   2.8167279e-01  -6.0036729e-03   1.0453182e-04  -2.5007422e-03   4.2282385e-02   4.5446207e-01   7.9339561e-02   3.6044088e-05   1.0926901e-08   6.2537116e-06   2.2396100e-03  -3.2739370e-02   1.4900222e-01  -7.1064000e-06   1.4456417e-04   3.2507600e-05   5.0158530e-06   1.0718663e-03   2.2201662e-02   5.0500921e-11   2.0898800e-08   1.0567441e-09
   1.0000000e+00  -1.9189020e-01  -7.1716746e-01   2.3984474e-01  -6.3485290e-03   6.9111822e-05  -2.3696070e-03   3.6821849e-02   5.1432917e-01   5.7525499e-02   4.0303820e-05   4.7764439e-09   5.6150373e-06   1.3736610e-02  -4.3029440e-02  -4.1828050e-02  -3.4485610e-04  -3.5419998e-05   1.3113520e-04   1.8869445e-04   1.8515327e-03   1.7495858e-03   1.1892573e-07   1.2545763e-09   1.7196441e-08
   1.0000000e+00  -2.0245973e-01  -6.2389337e-01   2.1400844e-01  -6.6153445e-03   3.6063764e-05  -2.6409331e-03   4.0989942e-02   3.8924294e-01   4.5799612e-02   4.3762783e-05   1.3005951e-09   6.9745276e-06  -1.0569530e-02   9.3274090e-02  -2.5836300e-02  -2.6681550e-04  -3.3048058e-05  -2.7132610e-04   1.1171496e-04   8.7000559e-03   6.6751440e-04   7.1190511e-08   1.0921741e-09   7.3617853e-08
   1.0000000e+00  -1.6769321e-01  -7.1125663e-01   3.0365332e-01  -6.7794854e-03   5.3618275e-07  -2.0053630e-03   2.8121013e-02   5.0588599e-01   9.2205339e-02   4.5961422e-05   2.8749194e-13   4.0214808e-06   3.4766520e-02  -8.7363260e-02   8.9644880e-02  -1.6414090e-04  -3.5527581e-05   6.3557010e-04   1.2087109e-03   7.6323392e-03   8.0362045e-03   2.6942235e-08   1.2622090e-09   4.0394935e-07
   1.0000000e+00  -1.9363125e-01  -5.9581851e-01   2.0512017e-01  -7.2572169e-03   1.1347985e-04  -2.2855245e-03   3.7493061e-02   3.5499970e-01   4.2074284e-02   5.2667197e-05   1.2877676e-08   5.2236222e-06  -2.5938040e-02   1.1543812e-01  -9.8533150e-02  -4.7773150e-04   1.1294367e-04  -2.8016150e-04   6.7278192e-04   1.3325960e-02   9.7087816e-03   2.2822739e-07   1.2756272e-08   7.8490466e-08
   1.0000000e+00  -1.7114885e-01  -6.8337989e-01   3.7878278e-01  -7.0586938e-03  -4.4090016e-04  -1.7458812e-03   2.9291929e-02   4.6700807e-01   1.4347639e-01   4.9825158e-05   1.9439295e-07   3.0481012e-06   2.2482400e-02  -8.7561380e-02   1.7366261e-01   1.9852310e-04  -5.5438001e-04   5.3964330e-04   5.0545831e-04   7.6669953e-03   3.0158702e-02   3.9411421e-08   3.0733720e-07   2.9121489e-07
   1.0000000e+00  -1.8841394e-01  -6.0462346e-01   1.9545252e-01  -6.4454280e-03  -6.7678511e-04  -2.0867048e-03   3.5499813e-02   3.6556953e-01   3.8201688e-02   4.1543542e-05   4.5803809e-07   4.3543369e-06  -1.7265090e-02   7.8756430e-02  -1.8333026e-01   6.1326580e-04  -2.3588495e-04  -3.4082360e-04   2.9808333e-04   6.2025753e-03   3.3609984e-02   3.7609494e-07   5.5641710e-08   1.1616073e-07
   1.0000000e+00  -1.5662913e-01  -6.6848417e-01   3.2470837e-01  -6.1360729e-03  -6.8002110e-04  -1.6113312e-03   2.4532684e-02   4.4687109e-01   1.0543553e-01   3.7651391e-05   4.6242870e-07   2.5963882e-06   3.1784810e-02  -6.3860710e-02   1.2925585e-01   3.0935510e-04  -3.2359900e-06   4.7537360e-04   1.0102741e-03   4.0781903e-03   1.6707075e-02   9.5700578e-08   1.0471631e-11   2.2598006e-07
   1.0000000e+00  -1.5483007e-01  -6.9314692e-01   1.5182535e-01  -5.0190668e-03  -5.8812298e-04  -1.5395970e-03   2.3972351e-02   4.8045265e-01   2.3050937e-02   2.5191032e-05   3.4588864e-07   2.3703589e-06   1.7990600e-03  -2.4662750e-02  -1.7288302e-01   1.1170061e-03   9.1898120e-05   7.1734200e-05   3.2366169e-06   6.0825124e-04   2.9888539e-02   1.2477026e-06   8.4452645e-09   5.1457954e-09
   1.0000000e+00  -1.7052178e-01  -6.4949136e-01   2.6036645e-01  -6.4764350e-03  -5.3243265e-04  -2.0668617e-03   2.9077677e-02   4.2183903e-01   6.7790688e-02   4.1944210e-05   2.8348453e-07   4.2719173e-06  -1.5691710e-02   4.3655560e-02   1.0854110e-01  -1.4573682e-03   5.5690330e-05  -5.2726470e-04   2.4622976e-04   1.9058079e-03   1.1781170e-02   2.1239221e-06   3.1014129e-09   2.7800806e-07
   1.0000000e+00  -1.8308253e-01  -7.2696794e-01   3.2638344e-01  -7.7826150e-03  -2.2188866e-04  -2.2925431e-03   3.3519213e-02   5.2848239e-01   1.0652615e-01   6.0569096e-05   4.9234577e-08   5.2557539e-06  -1.2560750e-02  -7.7476580e-02   6.6016990e-02  -1.3061800e-03   3.1054399e-04  -2.2568140e-04   1.5777244e-04   6.0026204e-03   4.3582430e-03   1.7061062e-06   9.6437570e-08   5.0932094e-08
   1.0000000e+00  -1.8781463e-01  -6.2718687e-01   1.8462897e-01  -7.1132766e-03  -3.5525075e-04  -2.3156735e-03   3.5274335e-02   3.9336337e-01   3.4087857e-02   5.0598704e-05   1.2620310e-07   5.3623438e-06  -4.7321000e-03   9.9781070e-02  -1.4175447e-01   6.6933840e-04  -1.3336209e-04  -2.3130400e-05   2.2392770e-05   9.9562619e-03   2.0094330e-02   4.4801389e-07   1.7785447e-08   5.3501540e-10
   1.0000000e+00  -1.6909270e-01  -6.8769879e-01   3.1620952e-01  -6.7688013e-03  -3.0764627e-04  -1.9773153e-03   2.8592341e-02   4.7292963e-01   9.9988461e-02   4.5816671e-05   9.4646227e-08   3.9097758e-06   1.8721930e-02  -6.0511920e-02   1.3158055e-01   3.4447530e-04   4.7604480e-05   3.3835820e-04   3.5051066e-04   3.6616925e-03   1.7313441e-02   1.1866323e-07   2.2661865e-09   1.1448627e-07
   1.0000000e+00  -1.7225014e-01  -7.0806698e-01   2.4975712e-01  -6.1518147e-03  -3.5054905e-04  -1.8917460e-03   2.9670111e-02   5.0135885e-01   6.2378619e-02   3.7844824e-05   1.2288464e-07   3.5787029e-06  -3.1574400e-03  -2.0368190e-02  -6.6452400e-02   6.1698660e-04  -4.2902780e-05   8.5569300e-05   9.9694274e-06   4.1486316e-04   4.4159215e-03   3.8067246e-07   1.8406485e-09   7.3221051e-09
   1.0000000e+00  -1.9424284e-01  -6.3547770e-01   2.3426507e-01  -7.7428742e-03  -2.2932096e-04  -2.2130805e-03   3.7730281e-02   4.0383191e-01   5.4880123e-02   5.9952101e-05   5.2588103e-08   4.8977253e-06  -2.1992700e-02   7.2589280e-02  -1.5492050e-02  -1.5910595e-03   1.2122809e-04  -3.2133450e-04   4.8367885e-04   5.2692036e-03   2.4000361e-04   2.5314703e-06   1.4696250e-08   1.0325586e-07
   1.0000000e+00  -1.3523351e-01  -7.3302831e-01   3.4876929e-01  -6.4032074e-03  -8.2502027e-04  -1.5482803e-03   1.8288102e-02   5.3733050e-01   1.2164002e-01   4.1001065e-05   6.8065845e-07   2.3971719e-06   5.9009330e-02  -9.7550610e-02   1.1450422e-01   1.3396668e-03  -5.9569931e-04   6.6480020e-04   3.4821010e-03   9.5161215e-03   1.3111216e-02   1.7947071e-06   3.5485767e-07   4.4195931e-07
   1.0000000e+00  -1.5908174e-01  -6.8188627e-01   2.1581984e-01  -7.2501078e-03  -3.1265749e-04  -1.9575798e-03   2.5307000e-02   4.6496889e-01   4.6578203e-02   5.2564063e-05   9.7754706e-08   3.8321187e-06  -2.3848230e-02   5.1142040e-02  -1.3294945e-01  -8.4690040e-04   5.1236278e-04  -4.0929950e-04   5.6873807e-04   2.6155083e-03   1.7675556e-02   7.1724029e-07   2.6251562e-07   1.6752608e-07
   1.0000000e+00  -1.5776520e-01  -7.3094240e-01   3.3199726e-01  -7.3495105e-03  -2.7237962e-04  -1.7515724e-03   2.4889858e-02   5.3427679e-01   1.1022218e-01   5.4015305e-05   7.4190657e-08   3.0680059e-06   1.3165400e-03  -4.9056130e-02   1.1617742e-01  -9.9402700e-05   4.0277870e-05   2.0600740e-04   1.7332776e-06   2.4065039e-03   1.3497193e-02   9.8808968e-09   1.6223068e-09   4.2439049e-08
   1.0000000e+00  -1.6863131e-01  -7.2317282e-01   2.4924836e-01  -6.8300649e-03  -3.6667128e-04  -1.8321974e-03   2.8436519e-02   5.2297893e-01   6.2124745e-02   4.6649787e-05   1.3444783e-07   3.3569473e-06  -1.0866110e-02   7.7695800e-03  -8.2748900e-02   5.1944560e-04  -9.4291660e-05  -8.0625000e-05   1.1807235e-04   6.0366373e-05   6.8473805e-03   2.6982373e-07   8.8909171e-09   6.5003906e-09
   1.0000000e+00  -1.6188227e-01  -7.4207582e-01   2.3411279e-01  -6.6145881e-03  -4.9688941e-04  -1.7125105e-03   2.6205869e-02   5.5067652e-01   5.4808798e-02   4.3752776e-05   2.4689909e-07   2.9326922e-06   6.7490400e-03  -1.8903000e-02  -1.5135570e-02   2.1547680e-04  -1.3021813e-04   1.1968690e-04   4.5549541e-05   3.5732341e-04   2.2908548e-04   4.6430251e-08   1.6956761e-08   1.4324954e-08
   1.0000000e+00  -1.5851724e-01  -8.2020546e-01   1.7068909e-01  -6.2984665e-03  -1.6538004e-04  -1.6964801e-03   2.5127715e-02   6.7273700e-01   2.9134765e-02   3.9670680e-05   2.7350558e-08   2.8780447e-06   3.3650300e-03  -7.8129640e-02  -6.3423700e-02   3.1612160e-04   3.3150937e-04   1.6030400e-05   1.1323427e-05   6.1042406e-03   4.0225657e-03   9.9932866e-08   1.0989846e-07   2.5697372e-10
   1.0000000e+00  -1.8608201e-01  -7.3610353e-01   7.0802888e-02  -5.6004254e-03   1.6555425e-04  -1.9855146e-03   3.4626514e-02   5.4184841e-01   5.0130489e-03   3.1364765e-05   2.7408210e-08   3.9422682e-06  -2.7564770e-02   8.4101930e-02  -9.9886202e-02   6.9804110e-04   3.3093429e-04  -2.8903450e-04   7.5981655e-04   7.0731346e-03   9.9772533e-03   4.8726138e-07   1.0951750e-07   8.3540942e-08
   1.0000000e+00  -1.5265387e-01  -8.0048665e-01   2.1441512e-01  -5.6970116e-03  -1.3160741e-04  -1.5882981e-03   2.3303204e-02   6.4077888e-01   4.5973844e-02   3.2455941e-05   1.7320510e-08   2.5226909e-06   3.3428140e-02  -6.4383120e-02   1.4361223e-01  -9.6586200e-05  -2.9716166e-04   3.9721650e-04   1.1174405e-03   4.1451861e-03   2.0624473e-02   9.3288940e-09   8.8305052e-08   1.5778095e-07
   1.0000000e+00  -2.0072031e-01  -7.1161531e-01   1.0935702e-01  -5.8270406e-03   1.8857420e-04  -2.4621205e-03   4.0288643e-02   5.0639635e-01   1.1958958e-02   3.3954402e-05   3.5560229e-08   6.0620374e-06  -4.8066440e-02   8.8871340e-02  -1.0505810e-01  -1.3002900e-04   3.2018161e-04  -8.7382240e-04   2.3103827e-03   7.8981151e-03   1.1037204e-02   1.6907541e-08   1.0251626e-07   7.6356559e-07
   1.0000000e+00  -1.8474583e-01  -7.4923393e-01   3.8566279e-01  -6.9911224e-03   3.8096570e-04  -2.1888086e-03   3.4131022e-02   5.6135148e-01   1.4873579e-01   4.8875792e-05   1.4513486e-07   4.7908831e-06   1.5974480e-02  -3.7618620e-02   2.7630577e-01  -1.1640818e-03   1.9239150e-04   2.7331190e-04   2.5518401e-04   1.4151606e-03   7.6344879e-02   1.3550864e-06   3.7014489e-08   7.4699395e-08
   1.0000000e+00  -1.8872547e-01  -7.1350740e-01   2.2604752e-01  -5.9922862e-03  -1.7794595e-04  -2.1802076e-03   3.5617303e-02   5.0909281e-01   5.1097481e-02   3.5907494e-05   3.1664761e-08   4.7533052e-06  -3.9796400e-03   3.5726530e-02  -1.5961527e-01   9.9883620e-04  -5.5891165e-04   8.6010000e-06   1.5837535e-05   1.2763849e-03   2.5477034e-02   9.9767375e-07   3.1238223e-07   7.3977201e-11
   1.0000000e+00  -1.9079465e-01  -7.2740824e-01   3.1647742e-01  -6.5839312e-03  -1.3886341e-04  -2.1316624e-03   3.6402598e-02   5.2912275e-01   1.0015796e-01   4.3348150e-05   1.9283047e-08   4.5439846e-06  -2.0691800e-03  -1.3900840e-02   9.0429900e-02  -5.9164500e-04   3.9082540e-05   4.8545200e-05   4.2815059e-06   1.9323335e-04   8.1775668e-03   3.5004381e-07   1.5274449e-09   2.3566364e-09
   1.0000000e+00  -1.5288340e-01  -7.6479263e-01   3.1829887e-01  -5.9229060e-03  -2.0070869e-04  -1.9133463e-03   2.3373334e-02   5.8490777e-01   1.0131417e-01   3.5080815e-05   4.0283978e-08   3.6608941e-06   3.7911250e-02  -3.7384390e-02   1.8214500e-03   6.6102520e-04  -6.1845280e-05   2.1831610e-04   1.4372629e-03   1.3975926e-03   3.3176801e-06   4.3695432e-07   3.8248387e-09   4.7661920e-08
   1.0000000e+00  -1.8821357e-01  -7.3036845e-01   2.8156201e-01  -7.1161992e-03   5.8671286e-05  -2.4688613e-03   3.5424348e-02   5.3343807e-01   7.9277165e-02   5.0640291e-05   3.4423198e-09   6.0952761e-06  -3.5330170e-02   3.4424180e-02  -3.6736860e-02  -1.1932932e-03   2.5937998e-04  -5.5551500e-04   1.2482209e-03   1.1850242e-03   1.3495969e-03   1.4239487e-06   6.7277972e-08   3.0859692e-07
   1.0000000e+00  -1.7411218e-01  -8.2240518e-01   4.2269865e-01  -6.7052280e-03   2.0329393e-04  -1.9679078e-03   3.0315051e-02   6.7635028e-01   1.7867415e-01   4.4960083e-05   4.1328422e-08   3.8726611e-06   1.4101390e-02  -9.2036730e-02   1.4113664e-01   4.1097120e-04   1.4462264e-04   5.0095350e-04   1.9884920e-04   8.4707597e-03   1.9919551e-02   1.6889733e-07   2.0915709e-08   2.5095441e-07
   1.0000000e+00  -1.9199644e-01  -8.1541432e-01   2.1699527e-01  -6.7907209e-03   2.8114296e-05  -2.2742232e-03   3.6862633e-02   6.6490051e-01   4.7086947e-02   4.6113890e-05   7.9041364e-10   5.1720912e-06  -1.7884260e-02   6.9908600e-03  -2.0570338e-01  -8.5492900e-05  -1.7517963e-04  -3.0631540e-04   3.1984676e-04   4.8872124e-05   4.2313881e-02   7.3090360e-09   3.0687904e-08   9.3829124e-08
   1.0000000e+00  -2.1612822e-01  -7.9813033e-01   3.0618517e-01  -7.1359095e-03  -2.7345084e-04  -2.5424582e-03   4.6711407e-02   6.3701202e-01   9.3749358e-02   5.0921204e-05   7.4775362e-08   6.4640937e-06  -2.4131780e-02   1.7283990e-02   8.9189900e-02  -3.4518860e-04  -3.0156514e-04  -2.6823500e-04   5.8234281e-04   2.9873631e-04   7.9548383e-03   1.1915517e-07   9.0941531e-08   7.1950015e-08
   1.0000000e+00  -2.1969904e-01  -8.4884513e-01   2.6142733e-01  -7.2546127e-03  -2.1013679e-04  -2.5194734e-03   4.8267668e-02   7.2053805e-01   6.8344249e-02   5.2629405e-05   4.4157471e-08   6.3477462e-06  -3.5708200e-03  -5.0714800e-02  -4.4757840e-02  -1.1870320e-04   6.3314050e-05   2.2984800e-05   1.2750755e-05   2.5719909e-03   2.0032642e-03   1.4090450e-08   4.0086689e-09   5.2830103e-10
   1.0000000e+00  -2.2994959e-01  -7.7862415e-01   1.5274327e-01  -6.6659757e-03  -2.8746832e-05  -2.7553605e-03   5.2876814e-02   6.0625557e-01   2.3330507e-02   4.4435232e-05   8.2638035e-10   7.5920115e-06  -1.0250550e-02   7.0220980e-02  -1.0868406e-01   5.8863700e-04   1.8138996e-04  -2.3588710e-04   1.0507378e-04   4.9309860e-03   1.1812225e-02   3.4649352e-07   3.2902317e-08   5.5642724e-08
   1.0000000e+00  -1.6723263e-01  -8.4684051e-01   2.4454523e-01  -5.6398265e-03  -4.7846686e-04  -1.8887411e-03   2.7966753e-02   7.1713885e-01   5.9802370e-02   3.1807643e-05   2.2893054e-07   3.5673429e-06   6.2716960e-02  -6.8216360e-02   9.1801960e-02   1.0261492e-03  -4.4972003e-04   8.6661940e-04   3.9334171e-03   4.6534718e-03   8.4275999e-03   1.0529822e-06   2.0224810e-07   7.5102918e-07
   1.0000000e+00  -2.1510779e-01  -8.0708603e-01   1.4408262e-01  -6.7637214e-03   1.7171122e-05  -2.5667367e-03   4.6271361e-02   6.5138786e-01   2.0759801e-02   4.5747927e-05   2.9484743e-10   6.5881373e-06  -4.7875160e-02   3.9754480e-02  -1.0046261e-01  -1.1238949e-03   4.9563798e-04  -6.7799560e-04   2.2920309e-03   1.5804187e-03   1.0092736e-02   1.2631397e-06   2.4565701e-07   4.5967803e-07
   1.0000000e+00  -1.8105883e-01  -8.1369057e-01   2.6548938e-01  -5.8919064e-03  -2.8225134e-04  -1.9833350e-03   3.2782300e-02   6.6209234e-01   7.0484611e-02   3.4714561e-05   7.9665819e-08   3.9336177e-06   3.4048960e-02  -6.6045400e-03   1.2140676e-01   8.7181500e-04  -2.9942246e-04   5.8340170e-04   1.1593317e-03   4.3619949e-05   1.4739601e-02   7.6006139e-07   8.9653811e-08   3.4035754e-07
   1.0000000e+00  -1.7781975e-01  -8.6274474e-01   2.1866763e-01  -5.6992893e-03  -3.6371021e-04  -2.0431842e-03   3.1619863e-02   7.4432849e-01   4.7815532e-02   3.2481899e-05   1.3228512e-07   4.1746017e-06   3.2390800e-03  -4.9054170e-02  -4.6821750e-02   1.9261710e-04  -8.1458870e-05  -5.9849200e-05   1.0491639e-05   2.4063116e-03   2.1922763e-03   3.7101347e-08   6.6355475e-09   3.5819267e-09
   1.0000000e+00  -2.2484063e-01  -7.8123702e-01   1.2895106e-01  -6.0645225e-03  -1.1437305e-04  -2.6151508e-03   5.0553309e-02   6.1033128e-01   1.6628376e-02   3.6778433e-05   1.3081195e-08   6.8390137e-06  -4.7020880e-02   8.1507720e-02  -8.9716570e-02  -3.6523320e-04   2.4933716e-04  -5.7196660e-04   2.2109632e-03   6.6435084e-03   8.0490629e-03   1.3339529e-07   6.2169019e-08   3.2714579e-07
   1.0000000e+00  -1.7910574e-01  -8.2394433e-01   2.9559591e-01  -5.3973871e-03  -4.9654227e-04  -1.9935450e-03   3.2078866e-02   6.7888426e-01   8.7376942e-02   2.9131788e-05   2.4655423e-07   3.9742217e-06   4.5734890e-02  -4.2707310e-02   1.6664485e-01   6.6713540e-04  -3.8216922e-04   6.2160580e-04   2.0916802e-03   1.8239143e-03   2.7770506e-02   4.4506964e-07   1.4605331e-07   3.8639377e-07
   1.0000000e+00  -2.1123650e-01  -7.5441155e-01   1.3181585e-01  -5.4742166e-03  -4.1614286e-04  -2.2242920e-03   4.4620859e-02   5.6913679e-01   1.7375418e-02   2.9967047e-05   1.7317488e-07   4.9474749e-06  -3.2130760e-02   6.9532780e-02  -1.6378006e-01  -7.6829500e-05   8.0399410e-05  -2.3074700e-04   1.0323857e-03   4.8348075e-03   2.6823908e-02   5.9027721e-09   6.4640651e-09   5.3244178e-08
   1.0000000e+00  -2.0242944e-01  -7.4902408e-01   2.5051856e-01  -5.6293599e-03  -4.7155693e-04  -1.9867639e-03   4.0977678e-02   5.6103707e-01   6.2759549e-02   3.1689693e-05   2.2236594e-07   3.9472308e-06   8.8070600e-03   5.3874700e-03   1.1870271e-01  -1.5514330e-04  -5.5414070e-05   2.3752810e-04   7.7564306e-05   2.9024833e-05   1.4090333e-02   2.4069444e-08   3.0707192e-09   5.6419598e-08
   1.0000000e+00  -1.8038458e-01  -7.8224013e-01   3.0121309e-01  -6.0852697e-03  -5.0608316e-04  -1.5003604e-03   3.2538597e-02   6.1189962e-01   9.0729326e-02   3.7030507e-05   2.5612016e-07   2.2510813e-06   2.2044860e-02  -3.3216050e-02   5.0694530e-02  -4.5590980e-04  -3.4526230e-05   4.8640350e-04   4.8597585e-04   1.1033060e-03   2.5699354e-03   2.0785375e-07   1.1920606e-09   2.3658836e-07
   1.0000000e+00  -1.9046882e-01  -8.0931588e-01   3.0414987e-01  -5.8097519e-03  -4.8164610e-04  -1.9493066e-03   3.6278371e-02   6.5499219e-01   9.2507143e-02   3.3753217e-05   2.3198297e-07   3.7997962e-06  -1.0084240e-02  -2.7075750e-02   2.9367800e-03   2.7551780e-04   2.4437060e-05  -4.4894620e-04   1.0169190e-04   7.3309624e-04   8.6246768e-06   7.5910058e-08   5.9716990e-10   2.0155269e-07
   1.0000000e+00  -2.0940454e-01  -8.2910653e-01   2.6287054e-01  -6.7443740e-03  -1.1397717e-04  -2.3524934e-03   4.3850261e-02   6.8741764e-01   6.9100921e-02   4.5486581e-05   1.2990795e-08   5.5342252e-06  -1.8935720e-02  -1.9790650e-02  -4.1279330e-02  -9.3462210e-04   3.6766893e-04  -4.0318680e-04   3.5856149e-04   3.9166983e-04   1.7039831e-03   8.7351847e-07   1.3518044e-07   1.6255960e-07
   1.0000000e+00  -2.3423054e-01  -8.3632106e-01   3.3863630e-01  -7.2191379e-03  -2.9985143e-04  -2.9362981e-03   5.4863946e-02   6.9943292e-01   1.1467454e-01   5.2115952e-05   8.9910880e-08   8.6218465e-06  -2.4826000e-02  -7.2145300e-03   7.5765760e-02  -4.7476390e-04  -1.8587426e-04  -5.8380470e-04   6.1633028e-04   5.2049443e-05   5.7404504e-03   2.2540076e-07   3.4549241e-08   3.4082793e-07
   1.0000000e+00  -1.8991438e-01  -9.1277826e-01   3.5709225e-01  -6.2990386e-03  -6.1333768e-04  -2.3949442e-03   3.6067472e-02   8.3316415e-01   1.2751488e-01   3.9677887e-05   3.7618311e-07   5.7357577e-06   4.4316160e-02  -7.6457200e-02   1.8455950e-02   9.2009930e-04  -3.1348625e-04   5.4135390e-04   1.9639220e-03   5.8457034e-03   3.4062209e-04   8.4658272e-07   9.8273629e-08   2.9306405e-07
   1.0000000e+00  -2.1229504e-01  -8.5296078e-01   1.5537772e-01  -6.2069029e-03  -5.2398267e-04  -2.3645304e-03   4.5069184e-02   7.2754209e-01   2.4142236e-02   3.8525644e-05   2.7455784e-07   5.5910040e-06  -2.2380660e-02   5.9817480e-02  -2.0171453e-01   9.2135700e-05   8.9355010e-05   3.0413800e-05   5.0089394e-04   3.5781309e-03   4.0688752e-02   8.4889872e-09   7.9843178e-09   9.2499923e-10
   1.0000000e+00  -1.6849785e-01  -8.7668602e-01   2.5752932e-01  -4.6988657e-03  -6.3444083e-04  -1.5595204e-03   2.8391525e-02   7.6857838e-01   6.6321351e-02   2.2079339e-05   4.0251517e-07   2.4321039e-06   4.3797190e-02  -2.3725240e-02   1.0215160e-01   1.5080372e-03  -1.1045816e-04   8.0501000e-04   1.9181939e-03   5.6288701e-04   1.0434949e-02   2.2741762e-06   1.2201005e-08   6.4804110e-07
   1.0000000e+00  -1.7094011e-01  -8.7212102e-01   1.3262078e-01  -5.2353217e-03  -6.0385718e-04  -1.9698087e-03   2.9220521e-02   7.6059507e-01   1.7588271e-02   2.7408593e-05   3.6464349e-07   3.8801463e-06  -2.4422600e-03   4.5650000e-03  -1.2490854e-01  -5.3645600e-04   3.0583650e-05  -4.1028830e-04   5.9646339e-06   2.0839225e-05   1.5602143e-02   2.8778504e-07   9.3535965e-10   1.6833649e-07
   1.0000000e+00  -2.0936294e-01  -8.3209266e-01   1.9654378e-01  -5.3574429e-03  -1.0100467e-04  -2.4041223e-03   4.3832841e-02   6.9237819e-01   3.8629457e-02   2.8702194e-05   1.0201943e-08   5.7798040e-06  -3.8422830e-02   4.0028360e-02   6.3923000e-02  -1.2212120e-04   5.0285251e-04  -4.3431360e-04   1.4763139e-03   1.6022696e-03   4.0861499e-03   1.4913587e-08   2.5286065e-07   1.8862830e-07
   1.0000000e+00  -1.6727709e-01  -9.4476933e-01   1.9617629e-01  -4.1141325e-03  -3.6562956e-04  -1.8914113e-03   2.7981625e-02   8.9258909e-01   3.8485137e-02   1.6926086e-05   1.3368498e-07   3.5774367e-06   4.2085850e-02  -1.1267667e-01  -3.6749000e-04   1.2433104e-03  -2.6462489e-04   5.1271100e-04   1.7712188e-03   1.2696032e-02   1.3504890e-07   1.5458208e-06   7.0026332e-08   2.6287257e-07
   1.0000000e+00  -2.9215722e-01  -8.6132926e-01   4.0153510e-03  -3.6236445e-03   4.6111386e-04  -3.9043885e-03   8.5355841e-02   7.4188809e-01   1.6123044e-05   1.3130799e-05   2.1262599e-07   1.5244250e-05  -1.2488013e-01   8.3440070e-02  -1.9216094e-01   4.9048800e-04   8.2674342e-04  -2.0129772e-03   1.5595047e-02   6.9622453e-03   3.6925826e-02   2.4057848e-07   6.8350468e-07   4.0520772e-06
   1.0000000e+00  -2.2192756e-01  -9.1665827e-01   1.6024550e-01  -3.9462176e-03  -3.2324703e-04  -2.8159103e-03   4.9251842e-02   8.4026238e-01   2.5678620e-02   1.5572633e-05   1.0448864e-07   7.9293508e-06   7.0229660e-02  -5.5329010e-02   1.5623015e-01  -3.2257310e-04  -7.8436089e-04   1.0884782e-03   4.9322051e-03   3.0612993e-03   2.4407859e-02   1.0405340e-07   6.1522201e-07   1.1847848e-06
   1.0000000e+00  -2.3027581e-01  -9.0797961e-01   3.9936116e-03  -3.5172015e-03  -1.8173599e-04  -2.9600012e-03   5.3026949e-02   8.2442697e-01   1.5948934e-05   1.2370706e-05   3.3027970e-08   8.7616071e-06  -8.3482500e-03   8.6786600e-03  -1.5625189e-01   4.2901610e-04   1.4151104e-04  -1.4409090e-04   6.9693278e-05   7.5319139e-05   2.4414653e-02   1.8405481e-07   2.0025374e-08   2.0762187e-08
   1.0000000e+00  -2.3794251e-01  -8.6242643e-01   1.1207460e-01  -4.5004984e-03  -5.6961743e-04  -2.9187886e-03   5.6616638e-02   7.4377935e-01   1.2560716e-02   2.0254486e-05   3.2446402e-07   8.5193269e-06  -7.6667000e-03   4.5553180e-02   1.0808099e-01  -9.8329690e-04  -3.8788144e-04   4.1212600e-05   5.8778289e-05   2.0750922e-03   1.1681500e-02   9.6687279e-07   1.5045201e-07   1.6984784e-09
   1.0000000e+00  -2.5510116e-01  -8.7164960e-01   1.0443486e-01  -4.3622515e-03  -4.9970548e-04  -3.2900014e-03   6.5076602e-02   7.5977303e-01   1.0906640e-02   1.9029238e-05   2.4970557e-07   1.0824109e-05  -1.7158650e-02  -9.2231700e-03  -7.6397400e-03   1.3824690e-04   6.9911950e-05  -3.7121280e-04   2.9441927e-04   8.5066865e-05   5.8365627e-05   1.9112205e-08   4.8876808e-09   1.3779894e-07
   1.0000000e+00  -2.7650003e-01  -8.3162562e-01   1.5348377e-01  -6.1161001e-03   4.6877283e-05  -3.7006177e-03   7.6452267e-02   6.9160117e-01   2.3557268e-02   3.7406680e-05   2.1974797e-09   1.3694571e-05  -2.1398870e-02   4.0023980e-02   4.9048910e-02  -1.7538486e-03   5.4658276e-04  -4.1061630e-04   4.5791164e-04   1.6019190e-03   2.4057956e-03   3.0759849e-06   2.9875272e-07   1.6860575e-07
   1.0000000e+00  -2.2214207e-01  -8.9213081e-01   3.0912584e-01  -5.6240801e-03  -3.9383071e-04  -3.0876991e-03   4.9347099e-02   7.9589738e-01   9.5558785e-02   3.1630277e-05   1.5510263e-07   9.5338857e-06   5.4357960e-02  -6.0505190e-02   1.5564207e-01   4.9202000e-04  -4.4070799e-04   6.1291860e-04   2.9547878e-03   3.6608780e-03   2.4224454e-02   2.4208368e-07   1.9422354e-07   3.7566921e-07
   1.0000000e+00  -2.5841659e-01  -8.7205886e-01   2.1341205e-01  -6.1205165e-03  -7.1726685e-05  -3.2966876e-03   6.6779134e-02   7.6048666e-01   4.5544703e-02   3.7460722e-05   5.1447173e-09   1.0868149e-05  -3.6274520e-02   2.0071950e-02  -9.5713790e-02  -4.9643640e-04   3.2210402e-04  -2.0898850e-04   1.3158408e-03   4.0288318e-04   9.1611296e-03   2.4644910e-07   1.0375100e-07   4.3676193e-08
   1.0000000e+00  -2.7180868e-01  -8.7072231e-01   2.6029585e-01  -6.8912091e-03  -3.1849295e-04  -3.6247461e-03   7.3879959e-02   7.5815734e-01   6.7753930e-02   4.7488763e-05   1.0143776e-07   1.3138784e-05  -1.3392090e-02   1.3365500e-03   4.6883800e-02  -7.7069260e-04  -2.4676627e-04  -3.2805850e-04   1.7934807e-04   1.7863659e-06   2.1980907e-03   5.9396708e-07   6.0893590e-08   1.0762238e-07
   1.0000000e+00  -2.2250874e-01  -9.5538377e-01   4.0451753e-01  -7.0687005e-03  -7.6713418e-04  -2.9555429e-03   4.9510139e-02   9.1275815e-01   1.6363443e-01   4.9966527e-05   5.8849485e-07   8.7352338e-06   4.9299940e-02  -8.4661460e-02   1.4422168e-01  -1.7749140e-04  -4.4864123e-04   6.6920320e-04   2.4304841e-03   7.1675628e-03   2.0799893e-02   3.1503197e-08   2.0127895e-07   4.4783292e-07
   1.0000000e+00  -2.5726110e-01  -9.3442361e-01   2.5742989e-01  -7.8839969e-03  -8.3611745e-04  -3.4654328e-03   6.6183274e-02   8.7314748e-01   6.6270148e-02   6.2157407e-05   6.9909239e-07   1.2009224e-05  -3.4752360e-02   2.0960160e-02  -1.4708764e-01  -8.1529640e-04  -6.8983270e-05  -5.0988990e-04   1.2077265e-03   4.3932831e-04   2.1634774e-02   6.6470822e-07   4.7586915e-09   2.5998771e-07
   1.0000000e+00  -2.5834071e-01  -9.3714730e-01   3.0968684e-01  -7.4776687e-03  -7.5651931e-04  -3.5789811e-03   6.6739922e-02   8.7824506e-01   9.5905939e-02   5.5915529e-05   5.7232147e-07   1.2809106e-05  -1.0796100e-03  -2.7236900e-03   5.2256950e-02   4.0632820e-04   7.9598140e-05  -1.1354830e-04   1.1655578e-06   7.4184872e-06   2.7307888e-03   1.6510261e-07   6.3358639e-09   1.2893216e-08
   1.0000000e+00  -2.2831112e-01  -1.0029289e+00   3.0109655e-01  -6.8153878e-03  -8.7074934e-04  -3.2263661e-03   5.2125968e-02   1.0058664e+00   9.0659132e-02   4.6449511e-05   7.5820441e-07   1.0409438e-05   3.0029590e-02  -6.5781600e-02  -8.5902900e-03   6.6228090e-04  -1.1423003e-04   3.5261500e-04   9.0177628e-04   4.3272189e-03   7.3793082e-05   4.3861599e-07   1.3048500e-08   1.2433734e-07
   1.0000000e+00  -2.5061097e-01  -9.1184918e-01   1.5195045e-01  -7.4638795e-03  -7.2538866e-04  -3.4074300e-03   6.2805858e-02   8.3146893e-01   2.3088939e-02   5.5709497e-05   5.2618871e-07   1.1610579e-05  -2.2299850e-02   9.1079720e-02  -1.4914610e-01  -6.4849170e-04   1.4536068e-04  -1.8106390e-04   4.9728331e-04   8.2955154e-03   2.2244559e-02   4.2054148e-07   2.1129727e-08   3.2784136e-08
   1.0000000e+00  -2.0639470e-01  -9.3337390e-01   3.4119810e-01  -6.8868994e-03  -8.4991821e-04  -2.4701014e-03   4.2598772e-02   8.7118684e-01   1.1641614e-01   4.7429383e-05   7.2236096e-07   6.1014009e-06   4.4216270e-02  -2.1524720e-02   1.8924765e-01   5.7698010e-04  -1.2452955e-04   9.3732860e-04   1.9550785e-03   4.6331357e-04   3.5814673e-02   3.3290604e-07   1.5507609e-08   8.7858490e-07
   1.0000000e+00  -2.2094405e-01  -9.1658899e-01   1.9122782e-01  -6.7598326e-03  -1.2347323e-03  -2.8740734e-03   4.8816273e-02   8.4013538e-01   3.6568079e-02   4.5695337e-05   1.5245639e-06   8.2602979e-06  -1.4549350e-02   1.6784910e-02  -1.4997028e-01   1.2706680e-04  -3.8481409e-04  -4.0397200e-04   2.1168359e-04   2.8173320e-04   2.2491085e-02   1.6145972e-08   1.4808188e-07   1.6319338e-07
   1.0000000e+00  -2.3957464e-01  -9.0101518e-01   2.7024886e-01  -7.7556358e-03  -4.6164151e-04  -2.9630452e-03   5.7396008e-02   8.1182835e-01   7.3034446e-02   6.0149887e-05   2.1311288e-07   8.7796369e-06  -1.8630590e-02   1.5573810e-02   7.9021040e-02  -9.9580320e-04   7.7309079e-04  -8.8971800e-05   3.4709888e-04   2.4254356e-04   6.2443248e-03   9.9162401e-07   5.9766937e-07   7.9159812e-09
   1.0000000e+00  -2.0306869e-01  -1.0234375e+00   3.4605881e-01  -7.0621399e-03  -7.1276617e-04  -2.4012420e-03   4.1236893e-02   1.0474243e+00   1.1975670e-01   4.9873820e-05   5.0803561e-07   5.7659631e-06   3.6505950e-02  -1.2242232e-01   7.5809950e-02   6.9349590e-04  -2.5112466e-04   5.6180320e-04   1.3326844e-03   1.4987224e-02   5.7471485e-03   4.8093656e-07   6.3063595e-08   3.1562284e-07
   1.0000000e+00  -2.4934470e-01  -9.5261919e-01   1.6402847e-01  -7.5776681e-03  -7.3797410e-04  -3.1567862e-03   6.2172779e-02   9.0748332e-01   2.6905339e-02   5.7421054e-05   5.4460577e-07   9.9652991e-06  -4.6276010e-02   7.0818310e-02  -1.8203034e-01  -5.1552820e-04  -2.5207930e-05  -7.5554420e-04   2.1414691e-03   5.0152330e-03   3.3135045e-02   2.6576932e-07   6.3543973e-10   5.7084704e-07
   1.0000000e+00  -2.2580767e-01  -9.9725285e-01   1.6718904e-01  -6.1426316e-03  -8.7058151e-04  -2.9683989e-03   5.0989104e-02   9.9451325e-01   2.7952175e-02   3.7731923e-05   7.5791217e-07   8.8113920e-06   2.3537030e-02  -4.4633660e-02   3.1605700e-03   1.4350365e-03  -1.3260741e-04   1.8838730e-04   5.5399178e-04   1.9921636e-03   9.9892027e-06   2.0593298e-06   1.7584725e-08   3.5489775e-08
   1.0000000e+00  -2.1281688e-01  -1.0310294e+00  -8.6106884e-03  -4.2797394e-03  -9.9420385e-04  -2.5355930e-03   4.5291024e-02   1.0630216e+00   7.4143955e-05   1.8316169e-05   9.8844130e-07   6.4292319e-06   1.2990790e-02  -3.3776550e-02  -1.7579973e-01   1.8628922e-03  -1.2362234e-04   4.3280590e-04   1.6876062e-04   1.1408553e-03   3.0905545e-02   3.4703673e-06   1.5282483e-08   1.8732095e-07
   1.0000000e+00  -2.2598437e-01  -9.1559861e-01   7.0357637e-02  -4.2352558e-03  -7.9088524e-04  -2.7765000e-03   5.1068935e-02   8.3832081e-01   4.9501971e-03   1.7937392e-05   6.2549946e-07   7.7089522e-06  -1.3167490e-02   1.1543079e-01   7.8968325e-02   4.4483600e-05   2.0331861e-04  -2.4090700e-04   1.7338279e-04   1.3324267e-02   6.2359964e-03   1.9787907e-09   4.1338457e-08   5.8036183e-08
   1.0000000e+00  -1.8872557e-01  -9.4784351e-01   2.0771605e-01  -4.4490494e-03  -1.1298342e-03  -2.2431509e-03   3.5617341e-02   8.9840732e-01   4.3145957e-02   1.9794041e-05   1.2765253e-06   5.0317260e-06   3.7258800e-02  -3.2244900e-02   1.3735841e-01  -2.1379360e-04  -3.3894896e-04   5.3334910e-04   1.3882182e-03   1.0397336e-03   1.8867334e-02   4.5707703e-08   1.1488640e-07   2.8446126e-07
   1.0000000e+00  -2.3061000e-01  -9.0941551e-01   7.6302516e-02  -4.5883693e-03  -1.1621302e-03  -2.7671651e-03   5.3180972e-02   8.2703657e-01   5.8220739e-03   2.1053133e-05   1.3505466e-06   7.6572027e-06  -4.1884430e-02   3.8428000e-02  -1.3141353e-01  -1.3931990e-04  -3.2296000e-05  -5.2401420e-04   1.7543055e-03   1.4767112e-03   1.7269517e-02   1.9410035e-08   1.0430316e-09   2.7459088e-07
   1.0000000e+00  -1.8211009e-01  -9.5388526e-01   2.4814864e-01  -4.7595713e-03  -1.2457314e-03  -2.1686793e-03   3.3164085e-02   9.0989709e-01   6.1577748e-02   2.2653519e-05   1.5518467e-06   4.7031699e-06   4.8499910e-02  -4.4469750e-02   1.7184612e-01  -1.7120200e-04  -8.3601200e-05   5.9848580e-04   2.3522413e-03   1.9775587e-03   2.9531090e-02   2.9310125e-08   6.9891606e-09   3.5818525e-07
   1.0000000e+00  -1.6384589e-01  -9.8766157e-01   2.0241097e-01  -4.2685149e-03  -2.0772335e-03  -2.5357921e-03   2.6845476e-02   9.7547538e-01   4.0970201e-02   1.8220219e-05   4.3148990e-06   6.4302416e-06   1.8264200e-02  -3.3776310e-02  -4.5737670e-02   4.9105640e-04  -8.3150210e-04  -3.6711280e-04   3.3358100e-04   1.1408391e-03   2.0919345e-03   2.4113639e-07   6.9139574e-07   1.3477181e-07
   1.0000000e+00  -1.9955707e-01  -9.2954177e-01   1.4106385e-01  -5.2915551e-03  -1.7803469e-03  -2.6169702e-03   3.9823024e-02   8.6404790e-01   1.9899010e-02   2.8000555e-05   3.1696351e-06   6.8485330e-06  -3.5711180e-02   5.8119800e-02  -6.1347120e-02  -1.0230402e-03   2.9688660e-04  -8.1178100e-05   1.2752884e-03   3.3779112e-03   3.7634691e-03   1.0466113e-06   8.8141653e-08   6.5898839e-09
   1.0000000e+00  -1.6849580e-01  -1.0001645e+00   2.3575343e-01  -5.1843294e-03  -1.5029569e-03  -1.9736465e-03   2.8390835e-02   1.0003290e+00   5.5579680e-02   2.6877271e-05   2.2588794e-06   3.8952805e-06   3.1061270e-02  -7.0622730e-02   9.4689580e-02   1.0722570e-04   2.7739000e-04   6.4332370e-04   9.6480249e-04   4.9875700e-03   8.9661166e-03   1.1497351e-08   7.6945212e-08   4.1386538e-07
   1.0000000e+00  -1.7599046e-01  -1.0426424e+00   2.0239338e-01  -6.2160105e-03  -1.4973294e-03  -2.2630971e-03   3.0972642e-02   1.0871032e+00   4.0963080e-02   3.8638787e-05   2.2419953e-06   5.1216085e-06  -7.4946600e-03  -4.2477900e-02  -3.3360050e-02  -1.0316811e-03   5.6275000e-06  -2.8945060e-04   5.6169929e-05   1.8043720e-03   1.1128929e-03   1.0643659e-06   3.1668756e-11   8.3781650e-08
   1.0000000e+00  -2.2553274e-01  -1.0061337e+00   2.6481514e-01  -7.8549124e-03  -7.9623692e-04  -3.0015613e-03   5.0865017e-02   1.0123050e+00   7.0127058e-02   6.1699649e-05   6.3399323e-07   9.0093702e-06  -4.9542280e-02   3.6508700e-02   6.2421760e-02  -1.6389019e-03   7.0109248e-04  -7.3846420e-04   2.4544375e-03   1.3328852e-03   3.8964761e-03   2.6859994e-06   4.9153067e-07   5.4532937e-07
   1.0000000e+00  -1.7017605e-01  -1.0385038e+00   3.0959896e-01  -6.5107473e-03  -1.3946163e-03  -2.0722547e-03   2.8959888e-02   1.0784901e+00   9.5851516e-02   4.2389830e-05   1.9449546e-06   4.2942395e-06   5.5356690e-02  -3.2370100e-02   4.4783820e-02   1.3441651e-03  -5.9837938e-04   9.2930660e-04   3.0643631e-03   1.0478234e-03   2.0055905e-03   1.8067798e-06   3.5805788e-07   8.6361076e-07
   1.0000000e+00  -2.0604468e-01  -9.7699987e-01   1.5405695e-01  -5.9189447e-03  -1.3921510e-03  -2.4700613e-03   4.2454410e-02   9.5452875e-01   2.3733544e-02   3.5033906e-05   1.9380844e-06   6.1012028e-06  -3.5868630e-02   6.1503930e-02  -1.5554201e-01   5.9180260e-04   2.4653000e-06  -3.9780660e-04   1.2865586e-03   3.7827334e-03   2.4193317e-02   3.5023032e-07   6.0777041e-12   1.5825009e-07
