   1.0000000e+00   0.0000000e+00   0.0000000e+00   0.0000000e+00   0.0000000e+00   0.0000000e+00   0.0000000e+00   0.0000000e+00   0.0000000e+00   0.0000000e+00   0.0000000e+00   0.0000000e+00   0.0000000e+00   0.0000000e+00   0.0000000e+00   0.0000000e+00   0.0000000e+00   0.0000000e+00   0.0000000e+00   0.0000000e+00   0.0000000e+00   0.0000000e+00   0.0000000e+00   0.0000000e+00   0.0000000e+00
   1.0000000e+00  -1.3914479e-02  -1.8514002e-02  -1.6439494e-02  -7.0935512e-04   8.3351154e-05  -3.4484076e-04   1.9361273e-04   3.4276827e-04   2.7025696e-04   5.0318469e-07   6.9474149e-09   1.1891515e-07  -1.3914479e-02  -1.8514002e-02  -1.6439494e-02  -7.0935512e-04   8.3351154e-05  -3.4484076e-04   1.9361273e-04   3.4276827e-04   2.7025696e-04   5.0318469e-07   6.9474149e-09   1.1891515e-07
   1.0000000e+00  -2.7959643e-03  -6.3208538e-03  -1.3000641e-02  -2.8410590e-04  -3.4860340e-05  -5.8573169e-05   7.8174164e-06   3.9953193e-05   1.6901667e-04   8.0716162e-08   1.2152433e-09   3.4308161e-09   1.1118515e-02   1.2193148e-02   3.4388530e-03   4.2524922e-04  -1.1821149e-04   2.8626759e-04   1.2362137e-04   1.4867286e-04   1.1825710e-05   1.8083690e-07   1.3973957e-08   8.1949134e-08
   1.0000000e+00  -1.1218065e-02  -3.5431108e-02   5.4649188e-03  -9.2309510e-04  -1.6239589e-04  -3.7170529e-04   1.2584498e-04   1.2553634e-03   2.9865337e-05   8.5210456e-07   2.6372425e-08   1.3816482e-07  -8.4221007e-03  -2.9110254e-02   1.8465560e-02  -6.3898920e-04  -1.2753555e-04  -3.1313212e-04   7.0931780e-05   8.4740690e-04   3.4097690e-04   4.0830720e-07   1.6265317e-08   9.8051725e-08
   1.0000000e+00  -1.8124609e-02  -3.9454006e-02  -2.9998085e-02   2.1763902e-04   1.4983895e-04  -2.1170749e-04   3.2850145e-04   1.5566186e-03   8.9988510e-04   4.7366743e-08   2.2451711e-08   4.4820061e-08  -6.9065440e-03  -4.0228980e-03  -3.5463004e-02   1.1407341e-03   3.1223484e-04   1.5999780e-04   4.7700350e-05   1.6183708e-05   1.2576246e-03   1.3012743e-06   9.7490595e-08   2.5599296e-08
   1.0000000e+00  -1.0889277e-02  -8.0334851e-02  -4.0516209e-02  -3.8691211e-04   1.8867327e-05  -2.3577893e-04   1.1857635e-04   6.4536883e-03   1.6415632e-03   1.4970098e-07   3.5597603e-10   5.5591704e-08   7.2353320e-03  -4.0880845e-02  -1.0518124e-02  -6.0455113e-04  -1.3097162e-04  -2.4071440e-05   5.2350029e-05   1.6712435e-03   1.1063093e-04   3.6548207e-07   1.7153566e-08   5.7943422e-10
   1.0000000e+00   4.3535432e-03  -2.7997085e-02  -2.1584559e-02  -1.8845290e-04  -1.1776981e-04  -8.4971299e-05   1.8953338e-05   7.8383677e-04   4.6589319e-04   3.5514496e-08   1.3869728e-08   7.2201217e-09   1.5242820e-02   5.2337766e-02   1.8931650e-02   1.9845921e-04  -1.3663714e-04   1.5080763e-04   2.3234357e-04   2.7392417e-03   3.5840737e-04   3.9386058e-08   1.8669707e-08   2.2742942e-08
   1.0000000e+00   8.0528424e-03  -7.7007841e-02  -1.7618338e-02   5.6149298e-05  -2.3853040e-04   2.2887066e-04   6.4848271e-05   5.9302076e-03   3.1040583e-04   3.1527437e-09   5.6896752e-08   5.2381779e-08   3.6992992e-03  -4.9010756e-02   3.9662210e-03   2.4460220e-04  -1.2076059e-04   3.1384196e-04   1.3684815e-05   2.4020542e-03   1.5730909e-05   5.9830235e-08   1.4583120e-08   9.8496775e-08
   1.0000000e+00   1.5931246e-02  -5.4197144e-02  -3.7827426e-02   3.0713628e-04  -2.4391724e-04   2.4844576e-04   2.5380460e-04   2.9373304e-03   1.4309142e-03   9.4332694e-08   5.9495620e-08   6.1725296e-08   7.8784036e-03   2.2810697e-02  -2.0209088e-02   2.5098698e-04  -5.3868400e-06   1.9575100e-05   6.2069243e-05   5.2032790e-04   4.0840724e-04   6.2994465e-08   2.9018045e-11   3.8318454e-10
   1.0000000e+00   1.0701833e-02  -9.9431045e-02  -2.3006445e-02   1.3914680e-04  -1.9114961e-04   2.0935464e-04   1.1452923e-04   9.8865327e-03   5.2929651e-04   1.9361832e-08   3.6538173e-08   4.3829365e-08  -5.2294130e-03  -4.5233901e-02   1.4820981e-02  -1.6798948e-04   5.2767630e-05  -3.9091120e-05   2.7346760e-05   2.0461058e-03   2.1966148e-04   2.8220465e-08   2.7844228e-09   1.5281157e-09
   1.0000000e+00   1.2057075e-02  -5.7181817e-02  -3.0765701e-02  -2.7806735e-04  -9.2252281e-05   1.1483992e-04   1.4537306e-04   3.2697602e-03   9.4652836e-04   7.7321451e-08   8.5104833e-09   1.3188207e-08   1.3552420e-03   4.2249228e-02  -7.7592560e-03  -4.1721415e-04   9.8897329e-05  -9.4514720e-05   1.8366809e-06   1.7849973e-03   6.0206054e-05   1.7406765e-07   9.7806817e-09   8.9330323e-09
   1.0000000e+00   5.0285827e-03  -8.8695747e-02  -4.6365125e-02   2.2767664e-04  -2.1998316e-04  -3.3857696e-06   2.5286644e-05   7.8669355e-03   2.1497248e-03   5.1836652e-08   4.8392591e-08   1.1463436e-11  -7.0284923e-03  -3.1513930e-02  -1.5599424e-02   5.0574399e-04  -1.2773088e-04  -1.1822569e-04   4.9399704e-05   9.9312778e-04   2.4334203e-04   2.5577698e-07   1.6315177e-08   1.3977314e-08
   1.0000000e+00   1.3424104e-02  -8.2198269e-02  -3.1227520e-02  -1.7803116e-05  -3.6933144e-04   9.4961135e-05   1.8020657e-04   6.7565554e-03   9.7515801e-04   3.1695094e-10   1.3640571e-07   9.0176172e-09   8.3955213e-03   6.4974780e-03   1.5137605e-02  -2.4547976e-04  -1.4934828e-04   9.8346905e-05   7.0484778e-05   4.2217220e-05   2.2914709e-04   6.0260311e-08   2.2304909e-08   9.6721136e-09
   1.0000000e+00  -1.2187733e-02  -1.0246543e-01  -2.7649828e-02   8.3899683e-04  -1.5404577e-04  -1.3392119e-04   1.4854084e-04   1.0499164e-02   7.6451299e-04   7.0391568e-07   2.3730099e-08   1.7934885e-08  -2.5611837e-02  -2.0267161e-02   3.5776920e-03   8.5679995e-04   2.1528567e-04  -2.2888233e-04   6.5596619e-04   4.1075781e-04   1.2799880e-05   7.3410615e-07   4.6347920e-08   5.2387119e-08
   1.0000000e+00   9.8360039e-03  -9.9915247e-02  -6.8112019e-03  -3.6900713e-04  -1.8312266e-04   2.2379624e-04   9.6746973e-05   9.9830566e-03   4.6392471e-05   1.3616626e-07   3.3533909e-08   5.0084757e-08   2.2023737e-02   2.5501830e-03   2.0838626e-02  -1.2080040e-03  -2.9076890e-05   3.5771743e-04   4.8504499e-04   6.5034333e-06   4.3424834e-04   1.4592736e-06   8.4546553e-10   1.2796176e-07
   1.0000000e+00  -6.4664403e-03  -1.2022344e-01  -3.9536497e-02   4.4682921e-04  -3.0402827e-04  -1.0160226e-04   4.1814850e-05   1.4453676e-02   1.5631346e-03   1.9965634e-07   9.2433189e-08   1.0323019e-08  -1.6302444e-02  -2.0308193e-02  -3.2725295e-02   8.1583634e-04  -1.2090561e-04  -3.2539850e-04   2.6576969e-04   4.1242270e-04   1.0709449e-03   6.6558893e-07   1.4618167e-08   1.0588418e-07
   1.0000000e+00  -4.9647420e-03  -1.3125787e-01  -1.1961415e-02   4.7454101e-04  -1.4729189e-04  -3.9052878e-04   2.4648663e-05   1.7228628e-02   1.4307545e-04   2.2518917e-07   2.1694901e-08   1.5251273e-07   1.5016983e-03  -1.1034430e-02   2.7575082e-02   2.7711800e-05   1.5673638e-04  -2.8892652e-04   2.2550978e-06   1.2175865e-04   7.6038515e-04   7.6794386e-10   2.4566293e-08   8.3478534e-08
   1.0000000e+00  -7.9943179e-03  -1.2513930e-01  -2.2276742e-02   5.9542056e-04  -1.0255087e-04  -2.3137501e-04   6.3909119e-05   1.5659844e-02   4.9625323e-04   3.5452564e-07   1.0516681e-08   5.3534395e-08  -3.0295759e-03   6.1185700e-03  -1.0315327e-02   1.2087955e-04   4.4741020e-05   1.5915377e-04   9.1783301e-06   3.7436899e-05   1.0640597e-04   1.4611866e-08   2.0017589e-09   2.5329923e-08
   1.0000000e+00  -2.8806616e-03  -1.4402726e-01  -2.8519384e-02  -2.4160860e-05  -1.7751103e-04  -1.6420561e-04   8.2982113e-06   2.0743852e-02   8.1335526e-04   5.8374716e-10   3.1510166e-08   2.6963482e-08   5.1136563e-03  -1.8887960e-02  -6.2426420e-03  -6.1958142e-04  -7.4960160e-05   6.7169400e-05   2.6149481e-05   3.5675503e-04   3.8970579e-05   3.8388114e-07   5.6190256e-09   4.5117283e-09
   1.0000000e+00  -4.6910653e-03  -1.3388258e-01  -1.7232522e-02  -1.5400555e-04  -1.5484735e-04  -1.8217893e-04   2.2006094e-05   1.7924545e-02   2.9695981e-04   2.3717709e-08   2.3977702e-08   3.3189163e-08  -1.8104037e-03   1.0144680e-02   1.1286862e-02  -1.2984469e-04   2.2663680e-05  -1.7973320e-05   3.2775616e-06   1.0291453e-04   1.2739325e-04   1.6859644e-08   5.1364239e-10   3.2304023e-10
   1.0000000e+00  -9.4635028e-03  -1.5827260e-01  -1.4998366e-02   1.6501868e-04  -2.5967195e-04  -2.6047719e-04   8.9557885e-05   2.5050216e-02   2.2495098e-04   2.7231165e-08   6.7429522e-08   6.7848367e-08  -4.7724375e-03  -2.4390020e-02   2.2341560e-03   3.1902423e-04  -1.0482460e-04  -7.8298260e-05   2.2776160e-05   5.9487308e-04   4.9914530e-06   1.0177646e-07   1.0988197e-08   6.1306175e-09
   1.0000000e+00  -2.3119715e-02  -1.4971602e-01   1.2414031e-04   1.4121955e-04  -1.2926937e-04  -4.6841670e-04   5.3452122e-04   2.2414887e-02   1.5410817e-08   1.9942961e-08   1.6710570e-08   2.1941420e-07  -1.3656212e-02   8.5565800e-03   1.5122506e-02  -2.3799130e-05   1.3040258e-04  -2.0793951e-04   1.8649213e-04   7.3215061e-05   2.2869020e-04   5.6639859e-10   1.7004833e-08   4.3238840e-08
   1.0000000e+00  -1.7011258e-02  -1.4833934e-01  -4.5900179e-02   9.7806389e-04  -2.2260068e-04  -2.7916187e-04   2.8938290e-04   2.2004560e-02   2.1068264e-03   9.5660897e-07   4.9551063e-08   7.7931350e-08   6.1084570e-03   1.3766800e-03  -4.6024319e-02   8.3684434e-04  -9.3331310e-05   1.8925483e-04   3.7313247e-05   1.8952478e-06   2.1182380e-03   7.0030845e-07   8.7107334e-09   3.5817391e-08
   1.0000000e+00  -8.9544921e-05  -1.6867618e-01  -3.3546278e-02   1.2130962e-04  -7.0940137e-04  -1.7817888e-04   8.0182929e-09   2.8451654e-02   1.1253528e-03   1.4716024e-08   5.0325030e-07   3.1747713e-08   1.6921713e-02  -2.0336840e-02   1.2353901e-02  -8.5675427e-04  -4.8680069e-04   1.0098299e-04   2.8634437e-04   4.1358706e-04   1.5261887e-04   7.3402788e-07   2.3697491e-07   1.0197564e-08
   1.0000000e+00   4.8299716e-04  -1.6370775e-01  -4.1804226e-02   8.5431802e-04  -2.9576231e-04  -1.2820768e-04   2.3328626e-07   2.6800227e-02   1.7475933e-03   7.2985928e-07   8.7475344e-08   1.6437209e-08   5.7254208e-04   4.9684300e-03  -8.2579480e-03   7.3300840e-04   4.1363906e-04   4.9971200e-05   3.2780443e-07   2.4685297e-05   6.8193705e-05   5.3730131e-07   1.7109727e-07   2.4971208e-09
   1.0000000e+00  -3.2915722e-03  -1.8922356e-01  -1.7549395e-02   3.5812795e-04  -7.1203864e-04  -2.2341675e-04   1.0834448e-05   3.5805556e-02   3.0798126e-04   1.2825563e-07   5.0699902e-07   4.9915044e-08  -3.7745694e-03  -2.5515810e-02   2.4254831e-02  -4.9619007e-04  -4.1627633e-04  -9.5209070e-05   1.4247374e-05   6.5105656e-04   5.8829683e-04   2.4620459e-07   1.7328598e-07   9.0647670e-09
   1.0000000e+00  -5.1200551e-03  -1.6729586e-01  -4.2359635e-02   5.2058160e-04  -5.3742470e-04  -2.6624324e-04   2.6214964e-05   2.7987905e-02   1.7943387e-03   2.7100520e-07   2.8882531e-07   7.0885463e-08  -1.8284829e-03   2.1927700e-02  -2.4810240e-02   1.6245365e-04   1.7461394e-04  -4.2826490e-05   3.3433497e-06   4.8082403e-04   6.1554801e-04   2.6391188e-08   3.0490028e-08   1.8341082e-09
   1.0000000e+00  -1.6488801e-03  -1.8763511e-01  -3.8882823e-02   1.5398055e-04  -1.0612499e-03  -2.2927978e-04   2.7188056e-06   3.5206935e-02   1.5118739e-03   2.3710010e-08   1.1262514e-06   5.2569218e-08   3.4711750e-03  -2.0339250e-02   3.4768120e-03  -3.6660105e-04  -5.2382520e-04   3.6963460e-05   1.2049056e-05   4.1368509e-04   1.2088222e-05   1.3439633e-07   2.7439284e-07   1.3662974e-09
   1.0000000e+00  -6.5879307e-03  -2.0223897e-01  -1.7911844e-02   1.3111742e-04  -4.6572188e-04  -3.2063889e-04   4.3400831e-05   4.0900601e-02   3.2083416e-04   1.7191778e-08   2.1689687e-07   1.0280930e-07  -4.9390506e-03  -1.4603860e-02   2.0970979e-02  -2.2863130e-05   5.9552802e-04  -9.1359110e-05   2.4394221e-05   2.1327273e-04   4.3978196e-04   5.2272271e-10   3.5465362e-07   8.3464870e-09
   1.0000000e+00  -1.1098026e-02  -2.0943853e-01  -4.2895611e-02   6.7289480e-04  -5.2979119e-04  -5.1517395e-04   1.2316618e-04   4.3864498e-02   1.8400334e-03   4.5278741e-07   2.8067871e-07   2.6540420e-07  -4.5100953e-03  -7.1995600e-03  -2.4983767e-02   5.4177738e-04  -6.4069310e-05  -1.9453506e-04   2.0340960e-05   5.1833664e-05   6.2418861e-04   2.9352273e-07   4.1048765e-09   3.7843890e-08
   1.0000000e+00  -3.7641288e-03  -2.1208486e-01   2.1279178e-02   5.1981232e-04  -8.0887657e-04  -5.3883777e-04   1.4168666e-05   4.4979988e-02   4.5280342e-04   2.7020485e-07   6.5428131e-07   2.9034614e-07   7.3338972e-03  -2.6463300e-03   6.4174789e-02  -1.5308248e-04  -2.7908538e-04  -2.3663820e-05   5.3786048e-05   7.0030625e-06   4.1184035e-03   2.3434246e-08   7.7888649e-08   5.5997638e-10
   1.0000000e+00   7.9313895e-03  -1.6967421e-01   2.6789588e-03   8.8630762e-04  -1.1267576e-03  -3.2940444e-04   6.2906939e-05   2.8789338e-02   7.1768203e-06   7.8554120e-07   1.2695827e-06   1.0850729e-07   1.1695518e-02   4.2410650e-02  -1.8600219e-02   3.6649530e-04  -3.1788103e-04   2.0943333e-04   1.3678515e-04   1.7986632e-03   3.4596815e-04   1.3431880e-07   1.0104835e-07   4.3862320e-08
   1.0000000e+00   5.1796962e-03  -2.0701167e-01   9.3492987e-03   5.0041808e-04  -8.9681429e-04  -3.3481438e-04   2.6829253e-05   4.2853832e-02   8.7409386e-05   2.5041825e-07   8.0427587e-07   1.1210067e-07  -2.7516933e-03  -3.7337460e-02   6.6703399e-03  -3.8588954e-04   2.2994331e-04  -5.4099400e-06   7.5718160e-06   1.3940859e-03   4.4493434e-05   1.4891074e-07   5.2873926e-08   2.9267451e-11
   1.0000000e+00   2.1948966e-02  -1.9372317e-01   5.1869652e-03   8.2585656e-04  -6.4452431e-04  -4.8579381e-05   4.8175711e-04   3.7528667e-02   2.6904608e-05   6.8203906e-07   4.1541159e-07   2.3599563e-09   1.6769270e-02   1.3288500e-02  -4.1623335e-03   3.2543848e-04   2.5228998e-04   2.8623500e-04   2.8120841e-04   1.7658423e-04   1.7325020e-05   1.0591020e-07   6.3650234e-08   8.1930475e-08
   1.0000000e+00   1.8164189e-02  -2.2033325e-01   1.2151295e-02   9.7236165e-04  -8.8803694e-04   1.3911852e-04   3.2993776e-04   4.8546741e-02   1.4765397e-04   9.4548718e-07   7.8860961e-07   1.9353963e-08  -3.7847770e-03  -2.6610080e-02   6.9643298e-03   1.4650509e-04  -2.4351263e-04   1.8769790e-04   1.4324537e-05   7.0809636e-04   4.8501890e-05   2.1463741e-08   5.9298401e-08   3.5230502e-08
   1.0000000e+00   2.2508671e-02  -1.9064030e-01   1.4990045e-02  -6.8823697e-06  -1.0542222e-03   3.8720519e-05   5.0664027e-04   3.6343724e-02   2.2470145e-04   4.7367013e-11   1.1113844e-06   1.4992786e-09   4.3444820e-03   2.9692950e-02   2.8387500e-03  -9.7924402e-04  -1.6618526e-04  -1.0039800e-04   1.8874524e-05   8.8167128e-04   8.0585016e-06   9.5891885e-07   2.7617541e-08   1.0079759e-08
   1.0000000e+00   1.5027555e-02  -2.2122219e-01   2.3839734e-02   3.6943396e-04  -1.0126300e-03  -2.7412690e-05   2.2582741e-04   4.8939257e-02   5.6833292e-04   1.3648145e-07   1.0254195e-06   7.5145557e-10  -7.4811160e-03  -3.0581890e-02   8.8496890e-03   3.7631633e-04   4.1592200e-05  -6.6133209e-05   5.5967097e-05   9.3525200e-04   7.8316995e-05   1.4161398e-07   1.7299111e-09   4.3736013e-09
   1.0000000e+00   3.3181461e-02  -2.1560908e-01   2.3179165e-02   1.6624612e-04  -1.0855542e-03   2.8146161e-04   1.1010094e-03   4.6487275e-02   5.3727369e-04   2.7637772e-08   1.1784279e-06   7.9220638e-08   1.8153906e-02   5.6131100e-03  -6.6056900e-04  -2.0318784e-04  -7.2924200e-05   3.0887430e-04   3.2956430e-04   3.1507004e-05   4.3635140e-07   4.1285298e-08   5.3179389e-09   9.5403333e-08
   1.0000000e+00   1.9262428e-02  -2.3919270e-01   1.4235588e-02   8.6116683e-04  -1.4948263e-03   1.3022902e-04   3.7104113e-04   5.7213148e-02   2.0265197e-04   7.4160831e-07   2.2345057e-06   1.6959598e-08  -1.3919033e-02  -2.3583620e-02  -8.9435770e-03   6.9492071e-04  -4.0927210e-04  -1.5123259e-04   1.9373948e-04   5.5618713e-04   7.9987570e-05   4.8291479e-07   1.6750365e-07   2.2871296e-08
   1.0000000e+00   2.1104069e-02  -2.5950875e-01   1.1346967e-02  -6.6210710e-06  -1.5838103e-03   9.5872151e-05   4.4538173e-04   6.7344791e-02   1.2875366e-04   4.3838581e-11   2.5084551e-06   9.1914693e-09   1.8416410e-03  -2.0316050e-02  -2.8886210e-03  -8.6778790e-04  -8.8984000e-05  -3.4356869e-05   3.3916416e-06   4.1274189e-04   8.3441313e-06   7.5305584e-07   7.9181523e-09   1.1803944e-09
   1.0000000e+00   1.3425366e-02  -2.4856623e-01  -1.5511973e-02   1.1520030e-03  -1.3081484e-03  -1.2428720e-05   1.8024045e-04   6.1785171e-02   2.4062131e-04   1.3271109e-06   1.7112522e-06   1.5447308e-10  -7.6787030e-03   1.0942520e-02  -2.6858940e-02   1.1586241e-03   2.7566190e-04  -1.0830087e-04   5.8962480e-05   1.1973874e-04   7.2140266e-04   1.3424097e-06   7.5989483e-08   1.1729079e-08
   1.0000000e+00   2.6495557e-02  -2.7019791e-01  -5.9012983e-03   7.9229840e-04  -1.4477866e-03   1.0089577e-05   7.0201454e-04   7.3006911e-02   3.4825322e-05   6.2773675e-07   2.0960860e-06   1.0179956e-10   1.3070191e-02  -2.1631680e-02   9.6106747e-03  -3.5970460e-04  -1.3963820e-04   2.2518297e-05   1.7082989e-04   4.6792958e-04   9.2365068e-05   1.2938740e-07   1.9498827e-08   5.0707370e-10
   1.0000000e+00   2.3959313e-02  -2.6448608e-01  -1.1754678e-02   1.0063384e-03  -1.2500258e-03   2.0531907e-04   5.7404868e-04   6.9952887e-02   1.3817245e-04   1.0127170e-06   1.5625645e-06   4.2155921e-08  -2.5362440e-03   5.7118300e-03  -5.8533797e-03   2.1404000e-04   1.9776080e-04   1.9522949e-04   6.4325336e-06   3.2625002e-05   3.4262054e-05   4.5813122e-08   3.9109334e-08   3.8114555e-08
   1.0000000e+00   3.4339848e-02  -3.0242373e-01   2.0995697e-02   6.5872964e-04  -1.6516061e-03   4.7879311e-04   1.1792252e-03   9.1460112e-02   4.4081929e-04   4.3392474e-07   2.7278027e-06   2.2924284e-07   1.0380535e-02  -3.7937650e-02   3.2750375e-02  -3.4760876e-04  -4.0158030e-04   2.7347404e-04   1.0775551e-04   1.4392653e-03   1.0725871e-03   1.2083185e-07   1.6126674e-07   7.4788051e-08
   1.0000000e+00   2.4327349e-02  -2.7954413e-01   1.6353175e-03   2.1195283e-04  -1.5243685e-03   1.5593882e-04   5.9181991e-04   7.8144921e-02   2.6742633e-06   4.4924002e-08   2.3236993e-06   2.4316916e-08  -1.0012499e-02   2.2879600e-02  -1.9360380e-02  -4.4677681e-04   1.2723760e-04  -3.2285429e-04   1.0025014e-04   5.2347610e-04   3.7482429e-04   1.9960952e-07   1.6189407e-08   1.0423489e-07
   1.0000000e+00   2.8236470e-02  -3.0101511e-01  -3.5998610e-02   1.2382295e-03  -1.4923195e-03   1.4933953e-04   7.9729824e-04   9.0610096e-02   1.2958999e-03   1.5332123e-06   2.2270175e-06   2.2302295e-08   3.9091210e-03  -2.1470980e-02  -3.7633927e-02   1.0262767e-03   3.2049000e-05  -6.5992900e-06   1.5281227e-05   4.6100298e-04   1.4163125e-03   1.0532438e-06   1.0271384e-09   4.3550629e-11
   1.0000000e+00   2.3093930e-02  -2.9737702e-01  -3.2108632e-02   6.9397388e-04  -1.5255127e-03  -1.0249973e-04   5.3332960e-04   8.8433092e-02   1.0309642e-03   4.8159975e-07   2.3271890e-06   1.0506195e-08  -5.1425400e-03   3.6380900e-03   3.8899780e-03  -5.4425562e-04  -3.3193200e-05  -2.5183926e-04   2.6445718e-05   1.3235699e-05   1.5131929e-05   2.9621418e-07   1.1017885e-09   6.3423013e-08
   1.0000000e+00   9.4272810e-03  -3.1098208e-01  -4.8794058e-02   1.2296919e-03  -1.2322058e-03  -1.1786623e-04   8.8873627e-05   9.6709854e-02   2.3808601e-03   1.5121422e-06   1.5183311e-06   1.3892448e-08  -1.3666649e-02  -1.3605060e-02  -1.6685426e-02   5.3571802e-04   2.9330690e-04  -1.5366500e-05   1.8677729e-04   1.8509766e-04   2.7840344e-04   2.8699380e-07   8.6028938e-08   2.3612932e-10
   1.0000000e+00   2.8820473e-02  -3.3181687e-01  -3.7449863e-02   5.1137747e-04  -1.8514998e-03   1.0867691e-04   8.3061966e-04   1.1010244e-01   1.4024922e-03   2.6150692e-07   3.4280515e-06   1.1810671e-08   1.9393192e-02  -2.0834790e-02   1.1344195e-02  -7.1831443e-04  -6.1929400e-04   2.2654314e-04   3.7609590e-04   4.3408847e-04   1.2869076e-04   5.1597562e-07   3.8352506e-07   5.1321794e-08
   1.0000000e+00   2.1357139e-02  -3.1761127e-01  -5.0359908e-02   6.1891276e-04  -1.4845799e-03  -5.1666997e-05   4.5612739e-04   1.0087692e-01   2.5361203e-03   3.8305300e-07   2.2039775e-06   2.6694786e-09  -7.4633340e-03   1.4205600e-02  -1.2910045e-02   1.0753529e-04   3.6691990e-04  -1.6034391e-04   5.5701354e-05   2.0179907e-04   1.6666926e-04   1.1563839e-08   1.3463021e-07   2.5710169e-08
   1.0000000e+00   2.5181638e-02  -3.2362539e-01  -1.0668420e-01   6.5644694e-04  -1.5408895e-03  -6.7104425e-05   6.3411489e-04   1.0473339e-01   1.1381519e-02   4.3092259e-07   2.3743405e-06   4.5030039e-09   3.8244990e-03  -6.0141200e-03  -5.6324292e-02   3.7534180e-05  -5.6309600e-05  -1.5437428e-05   1.4626793e-05   3.6169639e-05   3.1724259e-03   1.4088147e-09   3.1707711e-09   2.3831418e-10
   1.0000000e+00   5.1755259e-02  -3.0207711e-01  -9.3383457e-02   1.0574710e-03  -1.2774597e-03   1.3645141e-04   2.6786068e-03   9.1250580e-02   8.7204700e-03   1.1182449e-06   1.6319033e-06   1.8618987e-08   2.6573621e-02   2.1548280e-02   1.3300743e-02   4.0102406e-04   2.6342980e-04   2.0355583e-04   7.0615733e-04   4.6432837e-04   1.7690976e-04   1.6082030e-07   6.9395260e-08   4.1434978e-08
   1.0000000e+00   3.8846922e-02  -3.2033206e-01  -6.0727510e-02   1.5776023e-03  -1.5012718e-03  -1.0367742e-04   1.5090833e-03   1.0261263e-01   3.6878305e-03   2.4888290e-06   2.2538170e-06   1.0749007e-08  -1.2908337e-02  -1.8254950e-02   3.2655947e-02   5.2013130e-04  -2.2381210e-04  -2.4012883e-04   1.6662516e-04   3.3324320e-04   1.0664109e-03   2.7053657e-07   5.0091856e-08   5.7661855e-08
   1.0000000e+00   3.7698127e-02  -3.4914429e-01  -3.2074333e-02   1.0061528e-03  -1.7011432e-03  -7.3232729e-05   1.4211488e-03   1.2190174e-01   1.0287628e-03   1.0123435e-06   2.8938882e-06   5.3630326e-09  -1.1487950e-03  -2.8812230e-02   2.8653177e-02  -5.7144950e-04  -1.9987140e-04   3.0444691e-05   1.3197300e-06   8.3014460e-04   8.2100455e-04   3.2655453e-07   3.9948577e-08   9.2687921e-10
   1.0000000e+00   4.1261161e-02  -3.5376197e-01  -6.0478353e-02   1.9691007e-03  -1.4586488e-03   1.0545001e-04   1.7024834e-03   1.2514753e-01   3.6576312e-03   3.8773576e-06   2.1276563e-06   1.1119705e-08   3.5630340e-03  -4.6176800e-03  -2.8404020e-02   9.6294790e-04   2.4249440e-04   1.7868274e-04   1.2695211e-05   2.1322969e-05   8.0678835e-04   9.2726866e-07   5.8803534e-08   3.1927521e-08
   1.0000000e+00   5.9501844e-02  -3.6981759e-01  -3.6410802e-02   1.1682913e-03  -1.4710138e-03   1.9960528e-04   3.5404694e-03   1.3676505e-01   1.3257465e-03   1.3649046e-06   2.1638816e-06   3.9842268e-08   1.8240683e-02  -1.6055620e-02   2.4067551e-02  -8.0080940e-04  -1.2365000e-05   9.4155270e-05   3.3272252e-04   2.5778293e-04   5.7924701e-04   6.4129570e-07   1.5289323e-10   8.8652149e-09
   1.0000000e+00   5.9134636e-02  -3.3461402e-01  -7.8089965e-02   2.5558187e-03  -1.1256777e-03   5.3202264e-04   3.4969052e-03   1.1196654e-01   6.0980426e-03   6.5322092e-06   1.2671503e-06   2.8304809e-07  -3.6720800e-04   3.5203570e-02  -4.1679163e-02   1.3875274e-03   3.4533610e-04   3.3241736e-04   1.3484172e-07   1.2392913e-03   1.7371526e-03   1.9252323e-06   1.1925702e-07   1.1050130e-07
   1.0000000e+00   5.5290080e-02  -3.5389605e-01  -5.5408185e-02   2.3125854e-03  -1.3435832e-03   2.8399100e-04   3.0569929e-03   1.2524241e-01   3.0700670e-03   5.3480512e-06   1.8052158e-06   8.0650888e-08  -3.8445560e-03  -1.9282030e-02   2.2681780e-02  -2.4323330e-04  -2.1790550e-04  -2.4803164e-04   1.4780611e-05   3.7179668e-04   5.1446314e-04   5.9162438e-08   4.7482807e-08   6.1519694e-08
   1.0000000e+00   4.6341370e-02  -3.4371522e-01  -7.5635933e-02   2.0294183e-03  -1.2348021e-03   2.1235993e-04   2.1475226e-03   1.1814015e-01   5.7207944e-03   4.1185386e-06   1.5247362e-06   4.5096740e-08  -8.9487100e-03   1.0180830e-02  -2.0227748e-02  -2.8316710e-04   1.0878110e-04  -7.1631070e-05   8.0079411e-05   1.0364930e-04   4.0916179e-04   8.0183607e-08   1.1833328e-08   5.1310102e-09
   1.0000000e+00   5.6081641e-02  -3.7165683e-01  -4.0274114e-02   1.8916151e-03  -1.7342343e-03   3.0204405e-04   3.1451505e-03   1.3812880e-01   1.6220043e-03   3.5782077e-06   3.0075686e-06   9.1230608e-08   9.7402710e-03  -2.7941610e-02   3.5361819e-02  -1.3780320e-04  -4.9943220e-04   8.9684120e-05   9.4872879e-05   7.8073357e-04   1.2504582e-03   1.8989722e-08   2.4943252e-07   8.0432414e-09
   1.0000000e+00   4.7738701e-02  -3.8129968e-01  -3.5442708e-02   1.7861263e-03  -1.5227367e-03   4.2504940e-04   2.2789836e-03   1.4538945e-01   1.2561856e-03   3.1902472e-06   2.3187271e-06   1.8066699e-07  -8.3429400e-03  -9.6428500e-03   4.8314060e-03  -1.0548880e-04   2.1149760e-04   1.2300535e-04   6.9604648e-05   9.2984556e-05   2.3342484e-05   1.1127887e-08   4.4731235e-08   1.5130316e-08
   1.0000000e+00   4.6677518e-02  -3.9159718e-01  -2.1079885e-02   2.1887055e-03  -1.9006041e-03   3.8859678e-04   2.1787907e-03   1.5334835e-01   4.4436155e-04   4.7904318e-06   3.6122959e-06   1.5100746e-07  -1.0611830e-03  -1.0297500e-02   1.4362823e-02   4.0257920e-04  -3.7786740e-04  -3.6452620e-05   1.1261094e-06   1.0603851e-04   2.0629068e-04   1.6207001e-07   1.4278377e-07   1.3287935e-09
   1.0000000e+00   2.9817140e-02  -3.9947435e-01   4.3973826e-03   1.3343784e-03  -1.8718159e-03   2.1247912e-04   8.8906184e-04   1.5957976e-01   1.9336974e-05   1.7805657e-06   3.5036948e-06   4.5147376e-08  -1.6860378e-02  -7.8771700e-03   2.5477268e-02  -8.5432710e-04   2.8788200e-05  -1.7611766e-04   2.8427235e-04   6.2049807e-05   6.4909116e-04   7.2987479e-07   8.2876046e-10   3.1017430e-08
   1.0000000e+00   3.8845584e-02  -4.1484944e-01  -2.6653385e-02   1.8179304e-03  -1.7959886e-03   3.3203309e-04   1.5089794e-03   1.7210006e-01   7.1040293e-04   3.3048709e-06   3.2255751e-06   1.1024597e-07   9.0284440e-03  -1.5375090e-02  -3.1050768e-02   4.8355200e-04   7.5827300e-05   1.1955397e-04   8.1512801e-05   2.3639339e-04   9.6415017e-04   2.3382254e-07   5.7497794e-09   1.4293152e-08
   1.0000000e+00   4.0966281e-02  -4.1975840e-01  -1.1108217e-02   1.3481819e-03  -1.8645167e-03   2.4058123e-04   1.6782362e-03   1.7619711e-01   1.2339248e-04   1.8175944e-06   3.4764225e-06   5.7879328e-08   2.1206970e-03  -4.9089600e-03   1.5545168e-02  -4.6974850e-04  -6.8528100e-05  -9.1451860e-05   4.4973558e-06   2.4097888e-05   2.4165225e-04   2.2066365e-07   4.6961005e-09   8.3634427e-09
   1.0000000e+00   4.3101241e-02  -4.2973888e-01  -3.0206104e-02   2.2456914e-03  -1.9120802e-03   3.2324428e-04   1.8577170e-03   1.8467550e-01   9.1240872e-04   5.0431299e-06   3.6560507e-06   1.0448686e-07   2.1349600e-03  -9.9804800e-03  -1.9097887e-02   8.9750950e-04  -4.7563500e-05   8.2663050e-05   4.5580542e-06   9.9609981e-05   3.6472929e-04   8.0552330e-07   2.2622865e-09   6.8331798e-09
   1.0000000e+00   4.8078304e-02  -4.4045489e-01  -5.9919374e-03   1.7527777e-03  -1.9002252e-03   3.2441462e-04   2.3115233e-03   1.9400051e-01   3.5903314e-05   3.0722297e-06   3.6108558e-06   1.0524485e-07   4.9770630e-03  -1.0716010e-02   2.4214167e-02  -4.9291370e-04   1.1855000e-05   1.1703400e-06   2.4771156e-05   1.1483287e-04   5.8632586e-04   2.4296392e-07   1.4054103e-10   1.3696957e-12
   1.0000000e+00   6.2264300e-02  -4.2734961e-01  -2.0476654e-02   2.0521754e-03  -1.8039892e-03   7.8467457e-04   3.8768431e-03   1.8262769e-01   4.1929336e-04   4.2114239e-06   3.2543770e-06   6.1571418e-07   1.4185996e-02   1.3105280e-02  -1.4484717e-02   2.9939770e-04   9.6236000e-05   4.6025995e-04   2.0124248e-04   1.7174836e-04   2.0980701e-04   8.9638983e-08   9.2613677e-09   2.1183922e-07
   1.0000000e+00   6.1974641e-02  -4.4124034e-01  -3.2095122e-02   1.3450918e-03  -2.1891982e-03   4.2442450e-04   3.8408561e-03   1.9469304e-01   1.0300969e-03   1.8092720e-06   4.7925888e-06   1.8013616e-07  -2.8965900e-04  -1.3890730e-02  -1.1618468e-02  -7.0708360e-04  -3.8520900e-04  -3.6025007e-04   8.3902336e-08   1.9295238e-04   1.3498880e-04   4.9996722e-07   1.4838597e-07   1.2978011e-07
   1.0000000e+00   3.1109805e-02  -4.4376865e-01  -3.7779657e-02   2.0442330e-03  -1.8974207e-03  -2.0719478e-05   9.6781997e-04   1.9693061e-01   1.4273025e-03   4.1788886e-06   3.6002053e-06   4.2929677e-10  -3.0864836e-02  -2.5283100e-03  -5.6845350e-03   6.9914120e-04   2.9177750e-04  -4.4514398e-04   9.5263810e-04   6.3923515e-06   3.2313938e-05   4.8879842e-07   8.5134110e-08   1.9815316e-07
   1.0000000e+00   1.4116998e-02  -4.7154627e-01  -3.9759671e-02   2.0549159e-03  -1.6897320e-03  -2.1983573e-04   1.9928963e-04   2.2235588e-01   1.5808314e-03   4.2226794e-06   2.8551942e-06   4.8327748e-08  -1.6992807e-02  -2.7777620e-02  -1.9800140e-03   1.0682900e-05   2.0768870e-04  -1.9911625e-04   2.8875549e-04   7.7159617e-04   3.9204554e-06   1.1412435e-10   4.3134596e-08   3.9647282e-08
   1.0000000e+00  -1.7940916e-02  -4.4992468e-01  -5.0826229e-02   1.7234710e-03  -1.8614666e-03  -7.6209799e-04   3.2187647e-04   2.0243222e-01   2.5833056e-03   2.9703523e-06   3.4650579e-06   5.8079335e-07  -3.2057914e-02   2.1621590e-02  -1.1066558e-02  -3.3144490e-04  -1.7173460e-04  -5.4226226e-04   1.0277099e-03   4.6749315e-04   1.2246871e-04   1.0985572e-07   2.9492773e-08   2.9404836e-07
   1.0000000e+00  -5.8245083e-03  -4.7178046e-01  -7.5570643e-02   1.6742376e-03  -1.8484123e-03  -5.3364063e-04   3.3924897e-05   2.2257680e-01   5.7109221e-03   2.8030715e-06   3.4166280e-06   2.8477232e-07   1.2116408e-02  -2.1855780e-02  -2.4744414e-02  -4.9233400e-05   1.3054300e-05   2.2845736e-04   1.4680734e-04   4.7767512e-04   6.1228602e-04   2.4239277e-09   1.7041475e-10   5.2192765e-08
   1.0000000e+00  -3.7964908e-03  -4.5609693e-01  -3.8254651e-02   2.0311674e-03  -1.7715722e-03  -4.6378664e-04   1.4413342e-05   2.0802441e-01   1.4634183e-03   4.1256410e-06   3.1384681e-06   2.1509805e-07   2.0280175e-03   1.5683530e-02   3.7315992e-02   3.5692980e-04   7.6840100e-05   6.9853990e-05   4.1128550e-06   2.4597311e-04   1.3924833e-03   1.2739888e-07   5.9044010e-09   4.8795799e-09
   1.0000000e+00  -7.1651755e-04  -4.6704522e-01  -7.9191406e-02   2.1918642e-03  -1.9428417e-03  -4.0182660e-04   5.1339740e-07   2.1813124e-01   6.2712788e-03   4.8042687e-06   3.7746339e-06   1.6146462e-07   3.0799732e-03  -1.0948290e-02  -4.0936755e-02   1.6069680e-04  -1.7126950e-04   6.1960040e-05   9.4862352e-06   1.1986505e-04   1.6758179e-03   2.5823462e-08   2.9333242e-08   3.8390466e-09
   1.0000000e+00  -2.5542148e-03  -4.7791528e-01  -4.7095517e-02   1.4534326e-03  -1.7883283e-03  -4.4341056e-04   6.5240132e-06   2.2840301e-01   2.2179877e-03   2.1124663e-06   3.1981181e-06   1.9661292e-07  -1.8376972e-03  -1.0870060e-02   3.2095889e-02  -7.3843160e-04   1.5451340e-04  -4.1583960e-05   3.3771312e-06   1.1815820e-04   1.0301461e-03   5.4528123e-07   2.3874391e-08   1.7292257e-09
   1.0000000e+00   1.2587504e-03  -4.8400889e-01  -9.0431777e-02   1.9765940e-03  -2.0300358e-03  -5.8019079e-04   1.5844526e-06   2.3426461e-01   8.1779063e-03   3.9069238e-06   4.1210453e-06   3.3662135e-07   3.8129652e-03  -6.0936100e-03  -4.3336260e-02   5.2316140e-04  -2.4170750e-04  -1.3678023e-04   1.4538704e-05   3.7132083e-05   1.8780314e-03   2.7369785e-07   5.8422516e-08   1.8708831e-08
   1.0000000e+00  -1.8354579e-02  -5.0579515e-01  -5.3763475e-02   1.3140128e-03  -1.5165927e-03  -8.6024885e-04   3.3689057e-04   2.5582873e-01   2.8905112e-03   1.7266296e-06   2.3000534e-06   7.4002808e-07  -1.9613329e-02  -2.1786260e-02   3.6668302e-02  -6.6258120e-04   5.1344310e-04  -2.8005806e-04   3.8468269e-04   4.7464112e-04   1.3445644e-03   4.3901385e-07   2.6362382e-07   7.8432517e-08
   1.0000000e+00  -2.5533734e-02  -5.1957391e-01  -1.1535863e-01   2.1978437e-03  -1.7011431e-03  -9.9798574e-04   6.5197157e-04   2.6995705e-01   1.3307614e-02   4.8305169e-06   2.8938878e-06   9.9597554e-07  -7.1791550e-03  -1.3778760e-02  -6.1595155e-02   8.8383090e-04  -1.8455040e-04  -1.3773689e-04   5.1540267e-05   1.8985423e-04   3.7939631e-03   7.8115706e-07   3.4058850e-08   1.8971451e-08
   1.0000000e+00   1.4158100e-02  -5.2168588e-01  -8.0155077e-02   2.0590650e-03  -2.1520810e-03  -6.0538312e-04   2.0045180e-04   2.7215616e-01   6.4248364e-03   4.2397487e-06   4.6314526e-06   3.6648872e-07   3.9691834e-02  -2.1119700e-03   3.5203553e-02  -1.3877870e-04  -4.5093790e-04   3.9260262e-04   1.5754417e-03   4.4604173e-06   1.2392901e-03   1.9259528e-08   2.0334499e-07   1.5413682e-07
   1.0000000e+00   5.2087749e-03  -5.2051019e-01  -8.6313776e-02   2.2704969e-03  -1.5724444e-03  -8.1373254e-04   2.7131336e-05   2.7093086e-01   7.4500679e-03   5.1551562e-06   2.4725814e-06   6.6216065e-07  -8.9493251e-03   1.1756900e-03  -6.1586990e-03   2.1143190e-04   5.7963660e-04  -2.0834942e-04   8.0090420e-05   1.3822470e-06   3.7929573e-05   4.4703448e-08   3.3597859e-07   4.3409481e-08
   1.0000000e+00  -4.6779526e-03  -5.4274866e-01  -7.9763253e-02   2.5283747e-03  -1.5120389e-03  -9.8854903e-04   2.1883241e-05   2.9457611e-01   6.3621765e-03   6.3926786e-06   2.2862616e-06   9.7722918e-07  -9.8867275e-03  -2.2238470e-02   6.5505230e-03   2.5787780e-04   6.0405500e-05  -1.7481649e-04   9.7747381e-05   4.9454955e-04   4.2909352e-05   6.6500960e-08   3.6488244e-09   3.0560805e-08
   1.0000000e+00  -3.2525404e-03  -5.2967410e-01  -5.1610550e-02   1.4845120e-03  -1.3942426e-03  -8.5397548e-04   1.0579019e-05   2.8055465e-01   2.6636489e-03   2.2037759e-06   1.9439124e-06   7.2927412e-07   1.4254122e-03   1.3074560e-02   2.8152703e-02  -1.0438627e-03   1.1779630e-04   1.3457355e-04   2.0317999e-06   1.7094412e-04   7.9257469e-04   1.0896493e-06   1.3875968e-08   1.8110040e-08
   1.0000000e+00  -1.8714514e-02  -5.4727745e-01  -2.8147476e-02   1.4268026e-03  -1.7741930e-03  -1.1914612e-03   3.5023303e-04   2.9951261e-01   7.9228041e-04   2.0357657e-06   3.1477608e-06   1.4195798e-06  -1.5461974e-02  -1.7603350e-02   2.3463074e-02  -5.7709400e-05  -3.7995040e-04  -3.3748572e-04   2.3907263e-04   3.0987793e-04   5.5051584e-04   3.3303748e-09   1.4436231e-07   1.1389661e-07
   1.0000000e+00   9.8280103e-03  -5.6098794e-01  -4.4941162e-02   1.0701504e-03  -1.7612746e-03  -9.0532772e-04   9.6589786e-05   3.1470747e-01   2.0197080e-03   1.1452219e-06   3.1020882e-06   8.1961828e-07   2.8542524e-02  -1.3710490e-02  -1.6793686e-02  -3.5665220e-04   1.2918400e-05   2.8613348e-04   8.1467569e-04   1.8797754e-04   2.8202789e-04   1.2720079e-07   1.6688506e-10   8.1872368e-08
   1.0000000e+00  -1.0363871e-02  -5.8076816e-01  -6.0065400e-02   1.6823903e-03  -1.7877475e-03  -1.0863048e-03   1.0740982e-04   3.3729166e-01   3.6078523e-03   2.8304371e-06   3.1960411e-06   1.1800581e-06  -2.0191881e-02  -1.9780220e-02  -1.5124238e-02   6.1223990e-04  -2.6472900e-05  -1.8097708e-04   4.0771207e-04   3.9125710e-04   2.2874258e-04   3.7483770e-07   7.0081443e-10   3.2752703e-08
   1.0000000e+00  -3.0226732e-03  -6.0640241e-01  -6.5974358e-02   5.2295503e-04  -1.8571765e-03  -8.8241388e-04   9.1365533e-06   3.6772388e-01   4.3526159e-03   2.7348196e-07   3.4491046e-06   7.7865426e-07   7.3411978e-03  -2.5634250e-02  -5.9089580e-03  -1.1594353e-03  -6.9429000e-05   2.0389092e-04   5.3893185e-05   6.5711477e-04   3.4915785e-05   1.3442901e-06   4.8203860e-09   4.1571507e-08
   1.0000000e+00   2.2374708e-02  -6.0036264e-01  -1.1385302e-01   1.4303865e-03  -1.7280086e-03  -5.7057992e-04   5.0062756e-04   3.6043530e-01   1.2962510e-02   2.0460055e-06   2.9860137e-06   3.2556145e-07   2.5397381e-02   6.0397700e-03  -4.7878662e-02   9.0743147e-04   1.2916790e-04   3.1183396e-04   6.4502697e-04   3.6478822e-05   2.2923663e-03   8.2343187e-07   1.6684346e-08   9.7240419e-08
   1.0000000e+00   5.1096152e-02  -6.0350614e-01  -4.0250110e-02   9.0314956e-04  -2.2243489e-03  -4.9799634e-05   2.6108167e-03   3.6421966e-01   1.6200714e-03   8.1567913e-07   4.9477280e-06   2.4800035e-09   2.8721444e-02  -3.1435000e-03   7.3602910e-02  -5.2723694e-04  -4.9634030e-04   5.2078029e-04   8.2492135e-04   9.8815923e-06   5.4173884e-03   2.7797879e-07   2.4635369e-07   2.7121211e-07
   1.0000000e+00   5.0638554e-02  -5.8852098e-01  -6.4441198e-02   1.6797516e-03  -2.0451256e-03  -5.3656022e-04   2.5642632e-03   3.4635694e-01   4.1526680e-03   2.8215654e-06   4.1825387e-06   2.8789687e-07  -4.5759800e-04   1.4985160e-02  -2.4191088e-02   7.7660204e-04   1.7922330e-04  -4.8676059e-04   2.0939593e-07   2.2455502e-04   5.8520874e-04   6.0311073e-07   3.2120991e-08   2.3693587e-07
   1.0000000e+00   4.0052667e-02  -6.0678763e-01  -3.2557432e-02   1.4670352e-03  -1.9101886e-03  -5.2537725e-04   1.6042161e-03   3.6819123e-01   1.0599864e-03   2.1521923e-06   3.6488205e-06   2.7602125e-07  -1.0585887e-02  -1.8266650e-02   3.1883766e-02  -2.1271640e-04   1.3493700e-04   1.1182970e-05   1.1206100e-04   3.3367050e-04   1.0165745e-03   4.5248267e-08   1.8207994e-08   1.2505882e-10
   1.0000000e+00   4.1358315e-02  -6.0298828e-01  -5.8697024e-02   1.2434002e-03  -1.3105699e-03  -3.7363962e-04   1.7105102e-03   3.6359487e-01   3.4453406e-03   1.5460441e-06   1.7175935e-06   1.3960657e-07   1.3056480e-03   3.7993500e-03  -2.6139592e-02  -2.2363500e-04   5.9961870e-04   1.5173763e-04   1.7047167e-06   1.4435060e-05   6.8327827e-04   5.0012613e-08   3.5954259e-07   2.3024308e-08
   1.0000000e+00   5.9357008e-02  -6.5680150e-01  -4.7678091e-02   9.1837188e-04  -1.8562774e-03  -4.3331313e-05   3.5232544e-03   4.3138821e-01   2.2732004e-03   8.4340691e-07   3.4457658e-06   1.8776027e-09   1.7998693e-02  -5.3813220e-02   1.1018933e-02  -3.2502832e-04  -5.4570750e-04   3.3030831e-04   3.2395295e-04   2.8958626e-03   1.2141688e-04   1.0564341e-07   2.9779668e-07   1.0910358e-07
   1.0000000e+00   4.4796130e-02  -6.0424926e-01  -4.5561529e-02   7.8289089e-04  -1.5156327e-03  -3.9339213e-04   2.0066933e-03   3.6511717e-01   2.0758529e-03   6.1291815e-07   2.2971425e-06   1.5475737e-07  -1.4560878e-02   5.2552240e-02   2.1165620e-03  -1.3548099e-04   3.4064470e-04  -3.5006082e-04   2.1201917e-04   2.7617379e-03   4.4798347e-06   1.8355099e-08   1.1603881e-07   1.2254258e-07
   1.0000000e+00   4.3175758e-02  -6.1579835e-01  -5.8257384e-02   8.8232225e-04  -1.6038578e-03  -4.1784433e-04   1.8641461e-03   3.7920761e-01   3.3939228e-03   7.7849255e-07   2.5723598e-06   1.7459388e-07  -1.6203720e-03  -1.1549090e-02  -1.2695855e-02   9.9431360e-05  -8.8225100e-05  -2.4452200e-05   2.6256054e-06   1.3338148e-04   1.6118473e-04   9.8865954e-09   7.7836683e-09   5.9791008e-10
   1.0000000e+00   6.8427788e-02  -6.2145012e-01  -5.5957503e-02   5.3947229e-04  -1.5900624e-03  -2.6345101e-04   4.6823622e-03   3.8620025e-01   3.1312421e-03   2.9103035e-07   2.5282984e-06   6.9406435e-08   2.5252030e-02  -5.6517700e-03   2.2998810e-03  -3.4284996e-04   1.3795400e-05   1.5439332e-04   6.3766502e-04   3.1942504e-05   5.2894526e-06   1.1754610e-07   1.9031306e-10   2.3837297e-08
   1.0000000e+00   5.5934300e-02  -6.3491739e-01  -8.2869907e-02   1.3414974e-03  -1.6473540e-03  -2.5385077e-04   3.1286459e-03   4.0312009e-01   6.8674215e-03   1.7996153e-06   2.7137752e-06   6.4440213e-08  -1.2493488e-02  -1.3467270e-02  -2.6912404e-02   8.0202511e-04  -5.7291600e-05   9.6002400e-06   1.5608724e-04   1.8136736e-04   7.2427749e-04   6.4324428e-07   3.2823274e-09   9.2164608e-11
   1.0000000e+00   6.8483738e-02  -6.4021267e-01  -6.8917702e-02   5.8089740e-04  -2.0764421e-03  -2.8216362e-04   4.6900224e-03   4.0987226e-01   4.7496496e-03   3.3744179e-07   4.3116118e-06   7.9616308e-08   1.2549438e-02  -5.2952800e-03   1.3952205e-02  -7.6060000e-04  -4.2908810e-04  -2.8312850e-05   1.5748839e-04   2.8039990e-05   1.9466402e-04   5.7851236e-07   1.8411660e-07   8.0161748e-10
   1.0000000e+00   8.5058175e-02  -6.3490117e-01  -1.2572881e-01   1.6443260e-03  -1.6154910e-03  -1.6691244e-05   7.2348931e-03   4.0309950e-01   1.5807734e-02   2.7038080e-06   2.6098112e-06   2.7859763e-10   1.6574437e-02   5.3115000e-03  -5.6811108e-02   1.0634286e-03   4.6095110e-04   2.6547238e-04   2.7471196e-04   2.8212032e-05   3.2275020e-03   1.1308804e-06   2.1247592e-07   7.0475582e-08
   1.0000000e+00   6.6377131e-02  -6.6388800e-01  -7.2052168e-02   1.2104962e-03  -1.5323438e-03  -2.3738957e-04   4.4059235e-03   4.4074728e-01   5.1915149e-03   1.4653011e-06   2.3480775e-06   5.6353808e-08  -1.8681044e-02  -2.8986830e-02   5.3676642e-02  -4.3382980e-04   8.3147200e-05  -2.2069833e-04   3.4898140e-04   8.4023631e-04   2.8811819e-03   1.8820830e-07   6.9134569e-09   4.8707751e-08
   1.0000000e+00   7.1905175e-02  -6.5345499e-01  -9.2773781e-02   1.5538832e-03  -1.4805758e-03  -1.9358140e-04   5.1703542e-03   4.2700342e-01   8.6069744e-03   2.4145530e-06   2.1921047e-06   3.7473758e-08   5.5280440e-03   1.0433010e-02  -2.0721613e-02   3.4338700e-04   5.1768000e-05   4.3808170e-05   3.0559270e-05   1.0884770e-04   4.2938525e-04   1.1791463e-07   2.6799258e-09   1.9191558e-09
   1.0000000e+00   6.2950510e-02  -6.9171012e-01  -8.0128103e-02   8.7859067e-04  -2.0466226e-03  -1.7671538e-04   3.9627667e-03   4.7846289e-01   6.4205129e-03   7.7192157e-07   4.1886641e-06   3.1228326e-08  -8.9546650e-03  -3.8255130e-02   1.2645678e-02  -6.7529253e-04  -5.6604680e-04   1.6866020e-05   8.0186025e-05   1.4634550e-03   1.5991317e-04   4.5602000e-07   3.2040898e-07   2.8446263e-10
   1.0000000e+00   7.0168836e-02  -6.8557831e-01  -7.0223150e-02   9.8185871e-04  -1.7135379e-03  -2.1616974e-04   4.9236655e-03   4.7001762e-01   4.9312908e-03   9.6404653e-07   2.9362121e-06   4.6729356e-08   7.2183260e-03   6.1318100e-03   9.9049530e-03   1.0326804e-04   3.3308470e-04  -3.9454360e-05   5.2104230e-05   3.7599094e-05   9.8108094e-05   1.0664288e-08   1.1094542e-07   1.5566465e-09
   1.0000000e+00   7.3298327e-02  -7.1069950e-01  -8.2793599e-02   1.3522976e-03  -1.9094254e-03  -3.1704683e-05   5.3726447e-03   5.0509378e-01   6.8547800e-03   1.8287088e-06   3.6459054e-06   1.0051869e-09   3.1294910e-03  -2.5121190e-02  -1.2570449e-02   3.7043889e-04  -1.9588750e-04   1.8446506e-04   9.7937139e-06   6.3107419e-04   1.5801619e-04   1.3722497e-07   3.8371913e-08   3.4027357e-08
   1.0000000e+00   1.1979834e-01  -7.1865455e-01  -5.6321261e-02   8.3785280e-04  -2.1137051e-03   5.7386090e-04   1.4351642e-02   5.1646436e-01   3.1720844e-03   7.0199731e-07   4.4677492e-06   3.2931633e-07   4.6500013e-02  -7.9550500e-03   2.6472338e-02  -5.1444480e-04  -2.0427970e-04   6.0556558e-04   2.1622512e-03   6.3282821e-05   7.0078468e-04   2.6465345e-07   4.1730196e-08   3.6670968e-07
   1.0000000e+00   1.0708240e-01  -6.9716521e-01  -7.2825875e-02   1.3034225e-03  -2.2006835e-03   7.0774172e-04   1.1466640e-02   4.8603933e-01   5.3036081e-03   1.6989102e-06   4.8430079e-06   5.0089834e-07  -1.2715940e-02   2.1489340e-02  -1.6504614e-02   4.6556970e-04  -8.6978400e-05   1.3388082e-04   1.6169513e-04   4.6179173e-04   2.7240228e-04   2.1675515e-07   7.5652421e-09   1.7924074e-08
   1.0000000e+00   1.3292089e-01  -7.2451397e-01  -4.6291378e-02   8.6600041e-04  -2.2178637e-03   9.8456492e-04   1.7667963e-02   5.2492049e-01   2.1428917e-03   7.4995671e-07   4.9189194e-06   9.6936808e-07   2.5838490e-02  -2.7348760e-02   2.6534497e-02  -4.3742209e-04  -1.7180200e-05   2.7682320e-04   6.6762757e-04   7.4795467e-04   7.0407953e-04   1.9133808e-07   2.9515927e-10   7.6631084e-08
   1.0000000e+00   1.0270780e-01  -7.2866187e-01  -8.1447100e-02   1.3454293e-03  -1.9740580e-03   5.9551808e-04   1.0548892e-02   5.3094812e-01   6.6336301e-03   1.8101800e-06   3.8969050e-06   3.5464178e-07  -3.0213090e-02  -4.1479000e-03  -3.5155722e-02   4.7942889e-04   2.4380570e-04  -3.8904684e-04   9.1283081e-04   1.7205074e-05   1.2359248e-03   2.2985206e-07   5.9441219e-08   1.5135744e-07
   1.0000000e+00   1.2490521e-01  -7.6196906e-01  -6.1939055e-02   1.2026749e-03  -2.5089848e-03   9.0977874e-04   1.5601311e-02   5.8059685e-01   3.8364465e-03   1.4464269e-06   6.2950047e-06   8.2769736e-07   2.2197410e-02  -3.3307190e-02   1.9508045e-02  -1.4275440e-04  -5.3492680e-04   3.1426066e-04   4.9272501e-04   1.1093689e-03   3.8056382e-04   2.0378819e-08   2.8614668e-07   9.8759762e-08
   1.0000000e+00   1.1892817e-01  -7.3935061e-01  -9.5402065e-02   1.1973976e-03  -2.3459554e-03   7.4712376e-04   1.4143910e-02   5.4663932e-01   9.1015540e-03   1.4337610e-06   5.5035067e-06   5.5819391e-07  -5.9770400e-03   2.2618450e-02  -3.3463010e-02  -5.2773000e-06   1.6302940e-04  -1.6265498e-04   3.5725007e-05   5.1159428e-04   1.1197730e-03   2.7849895e-11   2.6578585e-08   2.6456643e-08
   1.0000000e+00   1.1265712e-01  -7.5870612e-01  -7.8820896e-02   8.9331562e-04  -2.6329169e-03   6.7139955e-04   1.2691627e-02   5.7563498e-01   6.2127336e-03   7.9801280e-07   6.9322514e-06   4.5077736e-07  -6.2710500e-03  -1.9355510e-02   1.6581169e-02  -3.0408198e-04  -2.8696150e-04  -7.5724210e-05   3.9326068e-05   3.7463577e-04   2.7493517e-04   9.2465851e-08   8.2346902e-08   5.7341560e-09
   1.0000000e+00   1.2019883e-01  -7.4613336e-01  -7.3442155e-02   6.2633303e-04  -2.1764627e-03   5.9862040e-04   1.4447759e-02   5.5671499e-01   5.3937501e-03   3.9229306e-07   4.7369899e-06   3.5834638e-07   7.5417100e-03   1.2572760e-02   5.3787410e-03  -2.6698259e-04   4.5645420e-04  -7.2779150e-05   5.6877390e-05   1.5807429e-04   2.8930855e-05   7.1279703e-08   2.0835044e-07   5.2968047e-09
   1.0000000e+00   1.1202005e-01  -7.5597786e-01  -7.9697171e-02   1.0143227e-03  -2.5125354e-03   6.5475912e-04   1.2548492e-02   5.7150252e-01   6.3516391e-03   1.0288505e-06   6.3128341e-06   4.2870951e-07  -8.1787800e-03  -9.8445000e-03  -6.2550160e-03   3.8798967e-04  -3.3607270e-04   5.6138720e-05   6.6892442e-05   9.6914180e-05   3.9125225e-05   1.5053598e-07   1.1294486e-07   3.1515559e-09
   1.0000000e+00   1.3153887e-01  -7.5708210e-01  -6.0630091e-02   2.0928121e-04  -2.7460807e-03   9.1342815e-04   1.7302474e-02   5.7317331e-01   3.6760079e-03   4.3798625e-08   7.5409592e-06   8.3435099e-07   1.9518820e-02  -1.1042400e-03   1.9067080e-02  -8.0504149e-04  -2.3354530e-04   2.5866903e-04   3.8098433e-04   1.2193460e-06   3.6355354e-04   6.4809180e-07   5.4543407e-08   6.6909667e-08
   1.0000000e+00   1.0479069e-01  -7.7106265e-01  -8.6956397e-02   1.1573554e-03  -2.1054040e-03   6.1636033e-04   1.0981089e-02   5.9453761e-01   7.5614150e-03   1.3394715e-06   4.4327260e-06   3.7990006e-07  -2.6748180e-02  -1.3980550e-02  -2.6326306e-02   9.4807419e-04   6.4067670e-04  -2.9706782e-04   7.1546513e-04   1.9545578e-04   6.9307439e-04   8.9884467e-07   4.1046663e-07   8.8249290e-08
   1.0000000e+00   1.1194308e-01  -7.7437192e-01  -7.2214044e-02   1.0255709e-03  -2.6834117e-03   7.3900299e-04   1.2531253e-02   5.9965187e-01   5.2148682e-03   1.0517957e-06   7.2006984e-06   5.4612542e-07   7.1523900e-03  -3.3092700e-03   1.4742353e-02  -1.3178450e-04  -5.7800770e-04   1.2264266e-04   5.1156683e-05   1.0951268e-05   2.1733697e-04   1.7367154e-08   3.3409290e-07   1.5041222e-08
   1.0000000e+00   1.1568212e-01  -7.8296090e-01  -5.8944950e-02   4.4691615e-04  -2.4633636e-03   5.2842018e-04   1.3382353e-02   6.1302777e-01   3.4745071e-03   1.9973405e-07   6.0681602e-06   2.7922789e-07   3.7390400e-03  -8.5889800e-03   1.3269094e-02  -5.7865475e-04   2.2004810e-04  -2.1058281e-04   1.3980420e-05   7.3770577e-05   1.7606886e-04   3.3484132e-07   4.8421166e-08   4.4345120e-08
   1.0000000e+00   1.2709867e-01  -7.7883804e-01  -9.0143030e-02   9.9911475e-04  -2.6503344e-03   6.7604736e-04   1.6154072e-02   6.0658869e-01   8.1257659e-03   9.9823028e-07   7.0242724e-06   4.5704003e-07   1.1416550e-02   4.1228600e-03  -3.1198080e-02   5.5219860e-04  -1.8697080e-04   1.4762718e-04   1.3033761e-04   1.6997975e-05   9.7332020e-04   3.0492329e-07   3.4958080e-08   2.1793784e-08
   1.0000000e+00   1.3685946e-01  -8.1475535e-01  -4.5564621e-02   8.9173356e-04  -2.6958115e-03   8.6500532e-04   1.8730512e-02   6.6382628e-01   2.0761347e-03   7.9518874e-07   7.2673996e-06   7.4823420e-07   9.7607900e-03  -3.5917310e-02   4.4578409e-02  -1.0738119e-04  -4.5477100e-05   1.8895796e-04   9.5273021e-05   1.2900532e-03   1.9872345e-03   1.1530720e-08   2.0681666e-09   3.5705111e-08
   1.0000000e+00   1.2034011e-01  -8.0815763e-01  -4.4484646e-02   7.3909224e-04  -2.6131351e-03   7.4920800e-04   1.4481742e-02   6.5311875e-01   1.9788837e-03   5.4625734e-07   6.8284751e-06   5.6131263e-07  -1.6519350e-02   6.5977200e-03   1.0799750e-03  -1.5264132e-04   8.2676400e-05  -1.1579732e-04   2.7288892e-04   4.3529909e-05   1.1663460e-06   2.3299373e-08   6.8353871e-09   1.3409019e-08
   1.0000000e+00   1.0297933e-01  -8.0779474e-01  -5.9570258e-02   7.6510922e-04  -2.7398615e-03   5.9420859e-04   1.0604742e-02   6.5253234e-01   3.5486156e-03   5.8539212e-07   7.5068410e-06   3.5308385e-07  -1.7360780e-02   3.6289000e-04  -1.5085612e-02   2.6016980e-05  -1.2672640e-04  -1.5499941e-04   3.0139668e-04   1.3168915e-07   2.2757569e-04   6.7688325e-10   1.6059580e-08   2.4024817e-08
   1.0000000e+00   9.9842776e-02  -7.8824468e-01  -7.4839053e-02   7.6524202e-04  -2.4860847e-03   5.0986068e-04   9.9685799e-03   6.2132968e-01   5.6008839e-03   5.8559535e-07   6.1806171e-06   2.5995791e-07  -3.1365540e-03   1.9550060e-02  -1.5268795e-02   1.3280000e-07   2.5377680e-04  -8.4347910e-05   9.8379710e-06   3.8220485e-04   2.3313610e-04   1.7635840e-14   6.4402664e-08   7.1145699e-09
   1.0000000e+00   9.4251205e-02  -8.0042580e-01  -6.8893118e-02   1.4093297e-03  -2.4555785e-03   4.6091796e-04   8.8832896e-03   6.4068146e-01   4.7462617e-03   1.9862102e-06   6.0298658e-06   2.1244537e-07  -5.5915710e-03  -1.2181120e-02   5.9459350e-03   6.4408768e-04   3.0506200e-05  -4.8942720e-05   3.1265666e-05   1.4837968e-04   3.5354143e-05   4.1484894e-07   9.3062824e-10   2.3953898e-09
   1.0000000e+00   1.0721815e-01  -8.0348731e-01  -5.3118946e-02   4.9523449e-04  -2.3960244e-03   5.8383143e-04   1.1495732e-02   6.4559186e-01   2.8216224e-03   2.4525720e-07   5.7409329e-06   3.4085914e-07   1.2966945e-02  -3.0615100e-03   1.5774172e-02  -9.1409521e-04   5.9554100e-05   1.2291347e-04   1.6814166e-04   9.3728435e-06   2.4882450e-04   8.3557005e-07   3.5466908e-09   1.5107721e-08
   1.0000000e+00   1.0100252e-01  -7.9529300e-01  -5.2902055e-02   7.9880614e-04  -2.3533308e-03   5.8325367e-04   1.0201509e-02   6.3249096e-01   2.7986274e-03   6.3809125e-07   5.5381659e-06   3.4018484e-07  -6.2156300e-03   8.1943100e-03   2.1689100e-04   3.0357165e-04   4.2693600e-05  -5.7776000e-07   3.8634056e-05   6.7146716e-05   4.7041706e-08   9.2155747e-08   1.8227435e-09   3.3380662e-13
   1.0000000e+00   8.5424776e-02  -8.5505943e-01  -5.1806913e-02   3.9420997e-04  -2.4543446e-03   5.3928017e-04   7.2973924e-03   7.3112663e-01   2.6839562e-03   1.5540150e-07   6.0238074e-06   2.9082310e-07  -1.5577744e-02  -5.9766430e-02   1.0951420e-03  -4.0459617e-04  -1.0101380e-04  -4.3973500e-05   2.4266611e-04   3.5720262e-03   1.1993360e-06   1.6369806e-07   1.0203788e-08   1.9336687e-09
   1.0000000e+00   9.3834509e-02  -8.2679524e-01  -7.2637794e-02   1.1057562e-03  -2.0959701e-03   6.0337883e-04   8.8049151e-03   6.8359037e-01   5.2762491e-03   1.2226968e-06   4.3930907e-06   3.6406601e-07   8.4097330e-03   2.8264190e-02  -2.0830881e-02   7.1154623e-04   3.5837450e-04   6.4098660e-05   7.0723609e-05   7.9886444e-04   4.3392560e-04   5.0629804e-07   1.2843228e-07   4.1086382e-09
   1.0000000e+00   9.5470986e-02  -8.6251010e-01  -2.7725657e-02   7.3645442e-05  -2.3699889e-03   5.1577132e-04   9.1147092e-03   7.4392367e-01   7.6871206e-04   5.4236511e-09   5.6168474e-06   2.6602005e-07   1.6364770e-03  -3.5714860e-02   4.4912137e-02  -1.0321108e-03  -2.7401880e-04  -8.7607510e-05   2.6780570e-06   1.2755512e-03   2.0171000e-03   1.0652526e-06   7.5086303e-08   7.6750758e-09
   1.0000000e+00   1.1236604e-01  -8.3596314e-01  -4.2849003e-02   6.1936333e-04  -2.0711459e-03   7.5036109e-04   1.2626127e-02   6.9883437e-01   1.8360371e-03   3.8361093e-07   4.2896453e-06   5.6304177e-07   1.6895054e-02   2.6546960e-02  -1.5123346e-02   5.4571789e-04   2.9884300e-04   2.3458977e-04   2.8544285e-04   7.0474109e-04   2.2871559e-04   2.9780801e-07   8.9307139e-08   5.5032360e-08
   1.0000000e+00   1.0668468e-01  -8.5654773e-01  -1.3390268e-02   6.8754468e-04  -2.3877114e-03   7.1942929e-04   1.1381621e-02   7.3367401e-01   1.7929928e-04   4.7271769e-07   5.7011657e-06   5.1757850e-07  -5.6813600e-03  -2.0584590e-02   2.9458735e-02   6.8181350e-05  -3.1656550e-04  -3.0931800e-05   3.2277851e-05   4.2372535e-04   8.6781707e-04   4.6486965e-09   1.0021372e-07   9.5677625e-10
   1.0000000e+00   9.8641632e-02  -8.4702267e-01   9.1265701e-03   2.2600426e-04  -2.3125007e-03   6.1151785e-04   9.7301716e-03   7.1744740e-01   8.3294282e-05   5.1077926e-08   5.3476595e-06   3.7395408e-07  -8.0430480e-03   9.5250600e-03   2.2516838e-02  -4.6154042e-04   7.5210700e-05  -1.0791144e-04   6.4690621e-05   9.0726768e-05   5.0700800e-04   2.1301956e-07   5.6566494e-09   1.1644879e-08
   1.0000000e+00   8.6225672e-02  -8.5813324e-01   2.0600047e-03   9.8452979e-04  -2.3209554e-03   4.4733439e-04   7.4348665e-03   7.3639266e-01   4.2436194e-06   9.6929891e-07   5.3868340e-06   2.0010806e-07  -1.2415960e-02  -1.1110570e-02  -7.0665654e-03   7.5852553e-04  -8.4547000e-06  -1.6418346e-04   1.5415606e-04   1.2344477e-04   4.9936347e-05   5.7536098e-07   7.1481952e-11   2.6956209e-08
   1.0000000e+00   8.1256343e-02  -8.5670876e-01  -3.0679342e-03   1.5778459e-04  -2.5824491e-03   1.9336964e-04   6.6025933e-03   7.3394990e-01   9.4122203e-06   2.4895977e-08   6.6690434e-06   3.7391818e-08  -4.9693290e-03   1.4244800e-03  -5.1279389e-03  -8.2674520e-04  -2.6149370e-04  -2.5396475e-04   2.4694231e-05   2.0291433e-06   2.6295757e-05   6.8350763e-07   6.8378955e-08   6.4498094e-08
   1.0000000e+00   7.9110541e-02  -8.6371065e-01  -3.5339431e-02   8.6151476e-04  -2.2845609e-03   2.3882138e-04   6.2584777e-03   7.4599609e-01   1.2488754e-03   7.4220768e-07   5.2192185e-06   5.7035652e-08  -2.1458020e-03  -7.0018900e-03  -3.2271497e-02   7.0373017e-04   2.9788820e-04   4.5451740e-05   4.6044662e-06   4.9026464e-05   1.0414495e-03   4.9523615e-07   8.8737380e-08   2.0658607e-09
   1.0000000e+00   8.0533136e-02  -8.9664055e-01  -2.4194869e-02  -3.9439461e-05  -2.6787624e-03   1.6161977e-04   6.4855860e-03   8.0396428e-01   5.8539169e-04   1.5554711e-09   7.1757680e-06   2.6120950e-08   1.4225950e-03  -3.2929900e-02   1.1144562e-02  -9.0095422e-04  -3.9420150e-04  -7.7201610e-05   2.0237765e-06   1.0843783e-03   1.2420126e-04   8.1171851e-07   1.5539482e-07   5.9600886e-09
   1.0000000e+00   7.4139490e-02  -8.8822151e-01  -3.0713871e-02   5.5260592e-04  -2.3213380e-03  -8.7571814e-05   5.4966640e-03   7.8893745e-01   9.4334187e-04   3.0537330e-07   5.3886101e-06   7.6688226e-09  -6.3936460e-03   8.4190400e-03  -6.5190020e-03   5.9204538e-04   3.5742440e-04  -2.4919158e-04   4.0878709e-05   7.0880235e-05   4.2497387e-05   3.5051773e-07   1.2775220e-07   6.2096446e-08
   1.0000000e+00   7.4114356e-02  -9.2098660e-01  -3.0473166e-02   7.8994428e-04  -2.8944135e-03  -1.0113923e-04   5.4929378e-03   8.4821632e-01   9.2861385e-04   6.2401197e-07   8.3776295e-06   1.0229144e-08  -2.5134000e-05  -3.2765090e-02   2.4070500e-04   2.3733836e-04  -5.7307550e-04  -1.3567416e-05   6.3171796e-10   1.0735511e-03   5.7938897e-08   5.6329497e-08   3.2841553e-07   1.8407478e-10
   1.0000000e+00   8.7869803e-02  -9.2266563e-01  -6.8041654e-03   1.3021173e-04  -2.9556149e-03  -9.8868951e-05   7.7211023e-03   8.5131186e-01   4.6296667e-05   1.6955095e-08   8.7356594e-06   9.7750695e-09   1.3755447e-02  -1.6790300e-03   2.3669001e-02  -6.5973255e-04  -6.1201400e-05   2.2702790e-06   1.8921232e-04   2.8191417e-06   5.6022159e-04   4.3524704e-07   3.7456114e-09   5.1541667e-12
   1.0000000e+00   8.1553085e-02  -9.1416998e-01  -4.3163052e-02   1.0368716e-03  -2.7261761e-03   6.7850120e-06   6.6509057e-03   8.3570675e-01   1.8630491e-03   1.0751027e-06   7.4320361e-06   4.6036388e-11  -6.3167180e-03   8.4956500e-03  -3.6358887e-02   9.0665987e-04   2.2943880e-04   1.0565396e-04   3.9900926e-05   7.2176069e-05   1.3219686e-03   8.2203212e-07   5.2642163e-08   1.1162760e-08
   1.0000000e+00   9.7110683e-02  -9.5233996e-01  -7.4581138e-03   5.9809330e-04  -3.2667933e-03   2.1666881e-04   9.4304848e-03   9.0695140e-01   5.5623461e-05   3.5771560e-07   1.0671938e-05   4.6945373e-08   1.5557598e-02  -3.8169980e-02   3.5704938e-02  -4.3877830e-04  -5.4061720e-04   2.0988380e-04   2.4203886e-04   1.4569474e-03   1.2748426e-03   1.9252640e-07   2.9226696e-07   4.4051209e-08
   1.0000000e+00   1.0585347e-01  -9.4805187e-01   1.3413831e-03   5.8156167e-04  -3.0599998e-03   3.3388079e-04   1.1204957e-02   8.9880235e-01   1.7993086e-06   3.3821398e-07   9.3635988e-06   1.1147638e-07   8.7427870e-03   4.2880900e-03   8.7994969e-03  -1.6531630e-05   2.0679350e-04   1.1721198e-04   7.6436325e-05   1.8387716e-05   7.7431146e-05   2.7329479e-10   4.2763552e-08   1.3738648e-08
   1.0000000e+00   1.0348407e-01  -9.4187933e-01  -2.2908358e-02   7.6732869e-04  -3.2684890e-03   3.0157810e-04   1.0708953e-02   8.8713667e-01   5.2479287e-04   5.8879332e-07   1.0683020e-05   9.0949350e-08  -2.3694000e-03   6.1725400e-03  -2.4249741e-02   1.8576702e-04  -2.0848920e-04  -3.2302690e-05   5.6140564e-06   3.8100250e-05   5.8804994e-04   3.4509386e-08   4.3467747e-08   1.0434638e-09
   1.0000000e+00   1.2476973e-01  -9.5462930e-01   1.1179841e-02   2.7797451e-04  -3.3436974e-03   4.8754344e-04   1.5567486e-02   9.1131710e-01   1.2498884e-04   7.7269828e-08   1.1180312e-05   2.3769861e-07   2.1285660e-02  -1.2749970e-02   3.4088199e-02  -4.8935418e-04  -7.5208400e-05   1.8596534e-04   4.5307932e-04   1.6256174e-04   1.1620053e-03   2.3946751e-07   5.6563034e-09   3.4583108e-08
   1.0000000e+00   1.2771419e-01  -9.4181764e-01   1.4173816e-02   1.0787423e-03  -3.3857216e-03   4.3099479e-04   1.6310914e-02   8.8702047e-01   2.0089706e-04   1.1636849e-06   1.1463111e-05   1.8575651e-07   2.9444600e-03   1.2811660e-02   2.9939750e-03   8.0076779e-04  -4.2024200e-05  -5.6548650e-05   8.6698447e-06   1.6413863e-04   8.9638863e-06   6.4122905e-07   1.7660334e-09   3.1977498e-09
   1.0000000e+00   1.5710424e-01  -9.6152666e-01   6.5981236e-02   3.0827906e-04  -3.4335062e-03   7.9656297e-04   2.4681742e-02   9.2453352e-01   4.3535235e-03   9.5035979e-08   1.1788965e-05   6.3451257e-07   2.9390050e-02  -1.9709020e-02   5.1807420e-02  -7.7046324e-04  -4.7784600e-05   3.6556818e-04   8.6377504e-04   3.8844547e-04   2.6840088e-03   5.9361360e-07   2.2833680e-09   1.3364009e-07
   1.0000000e+00   1.2557268e-01  -9.6372630e-01   4.1859698e-02   8.6292702e-04  -3.0575834e-03   5.0443863e-04   1.5768498e-02   9.2876838e-01   1.7522343e-03   7.4464304e-07   9.3488162e-06   2.5445833e-07  -3.1531560e-02  -2.1996400e-03  -2.4121538e-02   5.5464796e-04   3.7592280e-04  -2.9212434e-04   9.9423928e-04   4.8384161e-06   5.8184860e-04   3.0763436e-07   1.4131795e-07   8.5336630e-08
   1.0000000e+00   1.3236040e-01  -9.8554048e-01   2.2229261e-02   3.1271330e-04  -3.4432447e-03   4.6539680e-04   1.7519275e-02   9.7129004e-01   4.9414004e-04   9.7789608e-08   1.1855934e-05   2.1659418e-07   6.7877200e-03  -2.1814180e-02  -1.9630437e-02  -5.5021372e-04  -3.8566130e-04  -3.9041830e-05   4.6073143e-05   4.7585845e-04   3.8535406e-04   3.0273514e-07   1.4873464e-07   1.5242645e-09
   1.0000000e+00   1.2938728e-01  -9.8345091e-01   1.8534408e-02  -3.4199134e-05  -3.0713996e-03   4.4552389e-04   1.6741068e-02   9.6717569e-01   3.4352428e-04   1.1695808e-09   9.4334955e-06   1.9849154e-07  -2.9731200e-03   2.0895700e-03  -3.6948530e-03  -3.4691243e-04   3.7184510e-04  -1.9872910e-05   8.8394425e-06   4.3663028e-06   1.3651939e-05   1.2034824e-07   1.3826878e-07   3.9493255e-10
   1.0000000e+00   1.4341413e-01  -1.0120574e+00  -4.6176162e-02   5.1923661e-04  -3.6530548e-03   5.2618185e-04   2.0567613e-02   1.0242602e+00   2.1322379e-03   2.6960666e-07   1.3344809e-05   2.7686734e-07   1.4026850e-02  -2.8606490e-02  -6.4710570e-02   5.5343574e-04  -5.8165520e-04   8.0657960e-05   1.9675252e-04   8.1833127e-04   4.1874579e-03   3.0629112e-07   3.3832277e-07   6.5057065e-09
   1.0000000e+00   1.4620186e-01  -1.0118021e+00   1.7707754e-02  -2.3166847e-04  -3.3794485e-03   2.1746236e-04   2.1374984e-02   1.0237435e+00   3.1356455e-04   5.3670280e-08   1.1420672e-05   4.7289878e-08   2.7877300e-03   2.5530000e-04   6.3883916e-02  -7.5090508e-04   2.7360630e-04  -3.0871949e-04   7.7714386e-06   6.5178090e-08   4.0811547e-03   5.6385844e-07   7.4860407e-08   9.5307724e-08
   1.0000000e+00   1.3883540e-01  -1.0112252e+00  -1.2131165e-02   9.9486480e-04  -3.4552748e-03   2.1150817e-04   1.9275268e-02   1.0225764e+00   1.4716516e-04   9.8975597e-07   1.1938924e-05   4.4735706e-08  -7.3664600e-03   5.7690000e-04  -2.9838919e-02   1.2265333e-03  -7.5826300e-05  -5.9541900e-06   5.4264733e-05   3.3281361e-07   8.9036109e-04   1.5043839e-06   5.7496278e-09   3.5452379e-11
   1.0000000e+00   1.2828646e-01  -1.0154914e+00  -1.0615227e-02   6.3832954e-04  -3.8299776e-03   1.7143312e-04   1.6457416e-02   1.0312228e+00   1.1268304e-04   4.0746460e-07   1.4668728e-05   2.9389315e-08  -1.0548940e-02  -4.2662000e-03   1.5159380e-03  -3.5653526e-04  -3.7470280e-04  -4.0075050e-05   1.1128014e-04   1.8200462e-05   2.2980680e-06   1.2711739e-07   1.4040219e-07   1.6060096e-09
   1.0000000e+00   1.2153888e-01  -1.0139280e+00   4.1184683e-03   7.8405586e-04  -3.4668037e-03   9.9963601e-05   1.4771699e-02   1.0280500e+00   1.6961781e-05   6.1474359e-07   1.2018728e-05   9.9927215e-09  -6.7475800e-03   1.5634000e-03   1.4733695e-02   1.4572632e-04   3.6317390e-04  -7.1469519e-05   4.5529836e-05   2.4442196e-06   2.1708178e-04   2.1236160e-08   1.3189528e-07   5.1078921e-09
   1.0000000e+00   1.2733383e-01  -1.0358813e+00  -8.5011919e-03   6.1935616e-04  -3.6470388e-03   3.3756070e-04   1.6213904e-02   1.0730501e+00   7.2270264e-05   3.8360205e-07   1.3300892e-05   1.1394723e-07   5.7949500e-03  -2.1953300e-02  -1.2619660e-02  -1.6469970e-04  -1.8023510e-04   2.3759710e-04   3.3581446e-05   4.8194738e-04   1.5925582e-04   2.7125991e-08   3.2484691e-08   5.6452381e-08
   1.0000000e+00   1.2771061e-01  -1.0287883e+00  -2.0924627e-02  -1.9957223e-05  -3.6658849e-03  -9.3671751e-05   1.6310000e-02   1.0584054e+00   4.3784002e-04   3.9829075e-10   1.3438712e-05   8.7743969e-09   3.7678000e-04   7.0930000e-03  -1.2423435e-02  -6.3931338e-04  -1.8846100e-05  -4.3123245e-04   1.4196317e-07   5.0310649e-05   1.5434174e-04   4.0872160e-07   3.5517549e-10   1.8596143e-07
   1.0000000e+00   9.2759046e-02  -1.0412564e+00  -4.6067068e-02   1.4822371e-03  -3.3388606e-03  -5.4029775e-04   8.6042406e-03   1.0842149e+00   2.1221748e-03   2.1970268e-06   1.1147990e-05   2.9192166e-07  -3.4951564e-02  -1.2468100e-02  -2.5142441e-02   1.5021943e-03   3.2702430e-04  -4.4662600e-04   1.2216118e-03   1.5545352e-04   6.3214234e-04   2.2565878e-06   1.0694489e-07   1.9947478e-07
   1.0000000e+00   1.2652400e-01  -1.0578249e+00   2.2923657e-02   1.0314272e-04  -3.7965503e-03  -1.0768968e-04   1.6008323e-02   1.1189935e+00   5.2549405e-04   1.0638421e-08   1.4413794e-05   1.1597067e-08   3.3764954e-02  -1.6568500e-02   6.8990725e-02  -1.3790944e-03  -4.5768970e-04   4.3260807e-04   1.1400721e-03   2.7451519e-04   4.7597201e-03   1.9019013e-06   2.0947986e-07   1.8714974e-07
   1.0000000e+00   1.2064341e-01  -1.0328533e+00   5.9902601e-04   6.5550546e-04  -3.7770672e-03   5.9191048e-05   1.4554832e-02   1.0667859e+00   3.5883216e-07   4.2968741e-07   1.4266237e-05   3.5035802e-09  -5.8805900e-03   2.4971600e-02  -2.2324631e-02   5.5236274e-04   1.9483100e-05   1.6688073e-04   3.4581339e-05   6.2358081e-04   4.9838915e-04   3.0510460e-07   3.7959119e-10   2.7849177e-08
   1.0000000e+00   1.5169815e-01  -1.0658876e+00   8.0762496e-02   1.2754382e-03  -3.7004022e-03   3.4960063e-04   2.3012329e-02   1.1361164e+00   6.5225808e-03   1.6267426e-06   1.3692976e-05   1.2222060e-07   3.1054740e-02  -3.3034300e-02   8.0163470e-02   6.1993274e-04   7.6665000e-05   2.9040958e-04   9.6439688e-04   1.0912650e-03   6.4261819e-03   3.8431660e-07   5.8775222e-09   8.4337725e-08
   1.0000000e+00   1.4447183e-01  -1.0560271e+00   7.7069516e-02   1.3750173e-03  -3.9833939e-03   3.0899777e-04   2.0872110e-02   1.1151932e+00   5.9397103e-03   1.8906726e-06   1.5867427e-05   9.5479622e-08  -7.2263200e-03   9.8605000e-03  -3.6929800e-03   9.9579100e-05  -2.8299170e-04  -4.0602860e-05   5.2219701e-05   9.7229460e-05   1.3638101e-05   9.9159972e-09   8.0084302e-08   1.6485922e-09
   1.0000000e+00   1.3404484e-01  -1.0761473e+00   5.3815848e-02   1.0409584e-03  -4.2674819e-03   1.1303115e-04   1.7968019e-02   1.1580930e+00   2.8961455e-03   1.0835944e-06   1.8211402e-05   1.2776041e-08  -1.0426990e-02  -2.0120200e-02  -2.3253668e-02  -3.3405890e-04  -2.8408800e-04  -1.9596662e-04   1.0872212e-04   4.0482245e-04   5.4073308e-04   1.1159535e-07   8.0705992e-08   3.8402916e-08
   1.0000000e+00   9.3420743e-02  -1.0693828e+00   3.7708491e-02   1.1936862e-03  -4.0130004e-03  -7.2127661e-04   8.7274352e-03   1.1435796e+00   1.4219303e-03   1.4248867e-06   1.6104172e-05   5.2023995e-07  -4.0624097e-02   6.7645000e-03  -1.6107357e-02   1.5272780e-04   2.5448150e-04  -8.3430776e-04   1.6503173e-03   4.5758460e-05   2.5944695e-04   2.3325781e-08   6.4760834e-08   6.9606944e-07
   1.0000000e+00   8.9697447e-02  -1.0815020e+00   2.2041747e-02   1.5014136e-03  -4.0080582e-03  -5.5787946e-04   8.0456320e-03   1.1696466e+00   4.8583861e-04   2.2542428e-06   1.6064531e-05   3.1122949e-07  -3.7232960e-03  -1.2119200e-02  -1.5666744e-02   3.0772740e-04   4.9422000e-06   1.6339715e-04   1.3862933e-05   1.4687501e-04   2.4544687e-04   9.4696153e-08   2.4425341e-11   2.6698629e-08
   1.0000000e+00   1.0201016e-01  -1.0846675e+00   7.2732221e-02   8.7065224e-04  -4.0421889e-03  -2.7036047e-04   1.0406073e-02   1.1765036e+00   5.2899760e-03   7.5803532e-07   1.6339291e-05   7.3094784e-08   1.2312713e-02  -3.1655000e-03   5.0690474e-02  -6.3076136e-04  -3.4130700e-05   2.8751899e-04   1.5160290e-04   1.0020390e-05   2.5695242e-03   3.9785989e-07   1.1649047e-09   8.2667170e-08
   1.0000000e+00   1.0003545e-01  -1.0629228e+00   4.0514919e-02   1.5722865e-03  -3.8424532e-03  -3.6524915e-04   1.0007091e-02   1.1298049e+00   1.6414587e-03   2.4720848e-06   1.4764447e-05   1.3340694e-07  -1.9747100e-03   2.1744700e-02  -3.2217302e-02   7.0163426e-04   1.9973570e-04  -9.4888680e-05   3.8994796e-06   4.7283198e-04   1.0379545e-03   4.9229063e-07   3.9894350e-08   9.0038616e-09
   1.0000000e+00   7.1245740e-02  -1.1012755e+00   1.1562485e-02   1.4173679e-03  -3.9012755e-03  -8.6140043e-04   5.0759555e-03   1.2128077e+00   1.3369106e-04   2.0089318e-06   1.5219951e-05   7.4201070e-07  -2.8789710e-02  -3.8352700e-02  -2.8952434e-02  -1.5491860e-04  -5.8822300e-05  -4.9615128e-04   8.2884740e-04   1.4709296e-03   8.3824343e-04   2.3999773e-08   3.4600630e-09   2.4616609e-07
   1.0000000e+00   8.1364879e-02  -1.0791845e+00   7.2361045e-03   1.6797821e-03  -4.2637515e-03  -5.8313844e-04   6.6202435e-03   1.1646392e+00   5.2361208e-05   2.8216679e-06   1.8179577e-05   3.4005044e-07   1.0119139e-02   2.2091000e-02  -4.3263805e-03   2.6241420e-04  -3.6247600e-04   2.7826199e-04   1.0239697e-04   4.8801228e-04   1.8717568e-05   6.8861212e-08   1.3138885e-07   7.7429735e-08
   1.0000000e+00   7.9124554e-02  -1.1148092e+00   4.6911891e-02   6.9659340e-04  -4.3369111e-03  -9.1676571e-04   6.2606950e-03   1.2427996e+00   2.2007255e-03   4.8524236e-07   1.8808798e-05   8.4045937e-07  -2.2403250e-03  -3.5624700e-02   3.9675786e-02  -9.8318870e-04  -7.3159600e-05  -3.3362727e-04   5.0190561e-06   1.2691193e-03   1.5741680e-03   9.6666002e-07   5.3523271e-09   1.1130716e-07
   1.0000000e+00   6.1101735e-02  -1.0994976e+00   2.9421404e-02   1.4795211e-03  -3.8887055e-03  -1.0834549e-03   3.7334220e-03   1.2088950e+00   8.6561901e-04   2.1889827e-06   1.5122030e-05   1.1738745e-06  -1.8022819e-02   1.5311600e-02  -1.7490487e-02   7.8292770e-04   4.4820560e-04  -1.6668919e-04   3.2482200e-04   2.3444509e-04   3.0591714e-04   6.1297578e-07   2.0088826e-07   2.7785286e-08
   1.0000000e+00   6.8018179e-02  -1.1276168e+00   6.1907844e-02   1.2995111e-03  -4.2083155e-03  -9.2147912e-04   4.6264727e-03   1.2715196e+00   3.8325811e-03   1.6887291e-06   1.7709919e-05   8.4912377e-07   6.9164440e-03  -2.8119200e-02   3.2486440e-02  -1.8001000e-04  -3.1961000e-04   1.6197578e-04   4.7837198e-05   7.9068941e-04   1.0553688e-03   3.2403600e-08   1.0215055e-07   2.6236153e-08
   1.0000000e+00   6.5599263e-02  -1.1185318e+00   5.7452401e-02   1.1510089e-03  -3.9700870e-03  -1.0166583e-03   4.3032633e-03   1.2511134e+00   3.3007784e-03   1.3248215e-06   1.5761591e-05   1.0335941e-06  -2.4189160e-03   9.0850000e-03  -4.4554430e-03  -1.4850220e-04   2.3822850e-04  -9.5179180e-05   5.8511546e-06   8.2537225e-05   1.9850972e-05   2.2052903e-08   5.6752818e-08   9.0590763e-09
   1.0000000e+00   8.4386300e-02  -1.1335609e+00   6.1166721e-02   1.0254681e-03  -4.4539287e-03  -8.7781270e-04   7.1210476e-03   1.2849603e+00   3.7413678e-03   1.0515848e-06   1.9837481e-05   7.7055514e-07   1.8787037e-02  -1.5029100e-02   3.7143200e-03  -1.2554080e-04  -4.8384170e-04   1.3884560e-04   3.5295276e-04   2.2587385e-04   1.3796173e-05   1.5760492e-08   2.3410279e-07   1.9278101e-08
   1.0000000e+00   8.9306636e-02  -1.1415803e+00   7.1198098e-02   9.1965773e-04  -4.1008677e-03  -6.0055462e-04   7.9756752e-03   1.3032056e+00   5.0691692e-03   8.4577034e-07   1.6817116e-05   3.6066585e-07   4.9203360e-03  -8.0194000e-03   1.0031377e-02  -1.0581037e-04   3.5306100e-04   2.7725808e-04   2.4209706e-05   6.4310776e-05   1.0062852e-04   1.1195834e-08   1.2465207e-07   7.6872043e-08
   1.0000000e+00   7.8034154e-02  -1.1582812e+00   6.3662192e-02   1.4869857e-03  -4.1181468e-03  -9.7316166e-04   6.0893292e-03   1.3416153e+00   4.0528747e-03   2.2111265e-06   1.6959133e-05   9.4704362e-07  -1.1272482e-02  -1.6700900e-02  -7.5359060e-03   5.6732797e-04  -1.7279100e-05  -3.7260704e-04   1.2706885e-04   2.7892006e-04   5.6789879e-05   3.2186103e-07   2.9856730e-10   1.3883601e-07
   1.0000000e+00   8.6351149e-02  -1.1559622e+00   1.1891085e-01   5.2422395e-04  -4.3243926e-03  -8.5078243e-04   7.4565209e-03   1.3362486e+00   1.4139790e-02   2.7481075e-07   1.8700371e-05   7.2383074e-07   8.3169950e-03   2.3190000e-03   5.5248658e-02  -9.6276175e-04  -2.0624580e-04   1.2237923e-04   6.9172406e-05   5.3777610e-06   3.0524142e-03   9.2691019e-07   4.2537330e-08   1.4976676e-08
   1.0000000e+00   8.0992813e-02  -1.1409581e+00   8.6225923e-02   1.4079512e-03  -4.1277701e-03  -7.4096645e-04   6.5598358e-03   1.3017854e+00   7.4349098e-03   1.9823266e-06   1.7038486e-05   5.4903128e-07  -5.3583360e-03   1.5004100e-02  -3.2684927e-02   8.8372725e-04   1.9662250e-04   1.0981598e-04   2.8711765e-05   2.2512302e-04   1.0683045e-03   7.8097385e-07   3.8660408e-08   1.2059549e-08
   1.0000000e+00   7.8166888e-02  -1.1649890e+00   1.2869579e-01   8.2739726e-04  -4.2008533e-03  -6.9773640e-04   6.1100624e-03   1.3571994e+00   1.6562606e-02   6.8458623e-07   1.7647168e-05   4.8683608e-07  -2.8259250e-03  -2.4030900e-02   4.2469867e-02  -5.8055394e-04  -7.3083200e-05   4.3230050e-05   7.9858521e-06   5.7748415e-04   1.8036896e-03   3.3704288e-07   5.3411541e-09   1.8688372e-09
   1.0000000e+00   6.8333961e-02  -1.1452685e+00   1.0234509e-01   1.7421993e-03  -4.0556085e-03  -7.5341606e-04   4.6695302e-03   1.3116399e+00   1.0474517e-02   3.0352584e-06   1.6447960e-05   5.6763576e-07  -9.8329270e-03   1.9720500e-02  -2.6350700e-02   9.1480204e-04   1.4524480e-04  -5.5679660e-05   9.6686453e-05   3.8889812e-04   6.9435939e-04   8.3686277e-07   2.1096052e-08   3.1002245e-09
   1.0000000e+00   7.1430889e-02  -1.1889705e+00   1.2821302e-01   1.7984091e-04  -4.4715092e-03  -8.9927701e-04   5.1023719e-03   1.4136508e+00   1.6438578e-02   3.2342753e-08   1.9994395e-05   8.0869914e-07   3.0969280e-03  -4.3702000e-02   2.5867930e-02  -1.5623584e-03  -4.1590070e-04  -1.4586095e-04   9.5909630e-06   1.9098648e-03   6.6914980e-04   2.4409637e-06   1.7297339e-07   2.1275417e-08
   1.0000000e+00   4.8949356e-02  -1.1566648e+00   9.0817760e-02   9.4634996e-04  -4.2867551e-03  -1.2553392e-03   2.3960395e-03   1.3378735e+00   8.2478655e-03   8.9557825e-07   1.8376269e-05   1.5758765e-06  -2.2481533e-02   3.2305700e-02  -3.7395260e-02   7.6650905e-04   1.8475410e-04  -3.5606219e-04   5.0541933e-04   1.0436583e-03   1.3984055e-03   5.8753612e-07   3.4134077e-08   1.2678028e-07
   1.0000000e+00   4.8547570e-02  -1.2018176e+00   1.5880199e-01   3.2171655e-04  -4.2991074e-03  -1.4932596e-03   2.3568666e-03   1.4443655e+00   2.5218072e-02   1.0350154e-07   1.8482324e-05   2.2298242e-06  -4.0178600e-04  -4.5152800e-02   6.7984230e-02  -6.2463341e-04  -1.2352300e-05  -2.3792040e-04   1.6143199e-07   2.0387753e-03   4.6218555e-03   3.9016690e-07   1.5257932e-10   5.6606117e-08
   1.0000000e+00   6.2014270e-02  -1.2059263e+00   1.4384031e-01   1.1075504e-03  -4.0418149e-03  -1.1413882e-03   3.8457697e-03   1.4542582e+00   2.0690035e-02   1.2266679e-06   1.6336268e-05   1.3027670e-06   1.3466700e-02  -4.1087000e-03  -1.4961680e-02   7.8583385e-04   2.5729250e-04   3.5187140e-04   1.8135201e-04   1.6881416e-05   2.2385187e-04   6.1753484e-07   6.6199431e-08   1.2381348e-07
   1.0000000e+00   5.5552670e-02  -1.2140716e+00   1.9387306e-01   6.0865381e-04  -4.4609504e-03  -1.1307252e-03   3.0860991e-03   1.4739698e+00   3.7586763e-02   3.7045946e-07   1.9900078e-05   1.2785395e-06  -6.4616000e-03  -8.1453000e-03   5.0032750e-02  -4.9889659e-04  -4.1913550e-04   1.0663000e-05   4.1752275e-05   6.6345912e-05   2.5032761e-03   2.4889781e-07   1.7567457e-07   1.1369957e-10
   1.0000000e+00   7.2243221e-02  -1.1965136e+00   1.8549222e-01   9.9007912e-04  -3.9045604e-03  -8.2318405e-04   5.2190830e-03   1.4316448e+00   3.4407364e-02   9.8025666e-07   1.5245592e-05   6.7763198e-07   1.6690551e-02   1.7558000e-02  -8.3808400e-03   3.8142531e-04   5.5639000e-04   3.0754115e-04   2.7857449e-04   3.0828336e-04   7.0238479e-05   1.4548527e-07   3.0956983e-07   9.4581559e-08
   1.0000000e+00   9.2946379e-02  -1.2180634e+00   1.4313910e-01   9.6829397e-04  -4.7075451e-03  -3.2474786e-04   8.6390294e-03   1.4836784e+00   2.0488802e-02   9.3759321e-07   2.2160981e-05   1.0546117e-07   2.0703158e-02  -2.1549800e-02  -4.2353120e-02  -2.1785150e-05  -8.0298470e-04   4.9843619e-04   4.2862075e-04   4.6439388e-04   1.7937868e-03   4.7459276e-10   6.4478443e-07   2.4843864e-07
   1.0000000e+00   9.2939454e-02  -1.2342482e+00   1.5093041e-01   2.2925329e-04  -4.6528827e-03  -6.0997109e-04   8.6377421e-03   1.5233686e+00   2.2779989e-02   5.2557071e-08   2.1649317e-05   3.7206473e-07  -6.9250000e-06  -1.6184800e-02   7.7913100e-03  -7.3904068e-04   5.4662400e-05  -2.8522323e-04   4.7955625e-11   2.6194775e-04   6.0704512e-05   5.4618113e-07   2.9879780e-09   8.1352291e-08
   1.0000000e+00   8.0755110e-02  -1.2353506e+00   1.5330155e-01   1.2422966e-03  -4.5828153e-03  -5.5195681e-04   6.5213878e-03   1.5260911e+00   2.3501365e-02   1.5433008e-06   2.1002196e-05   3.0465632e-07  -1.2184344e-02  -1.1024000e-03   2.3711400e-03   1.0130433e-03   7.0067400e-05   5.8014280e-05   1.4845824e-04   1.2152858e-06   5.6223049e-06   1.0262567e-06   4.9094405e-09   3.3656567e-09
   1.0000000e+00   8.9172807e-02  -1.2479068e+00   1.6486990e-01   1.3807269e-04  -4.5159775e-03  -5.4530217e-04   7.9517895e-03   1.5572714e+00   2.7182084e-02   1.9064068e-08   2.0394053e-05   2.9735446e-07   8.4176970e-03  -1.2556200e-02   1.1568350e-02  -1.1042239e-03   6.6837800e-05   6.6546400e-06   7.0857623e-05   1.5765816e-04   1.3382672e-04   1.2193104e-06   4.4672915e-09   4.4284234e-11
   1.0000000e+00   8.2555043e-02  -1.2207254e+00   8.5476703e-02   9.9368461e-04  -4.5575934e-03  -7.0486664e-04   6.8153351e-03   1.4901705e+00   7.3062668e-03   9.8740910e-07   2.0771658e-05   4.9683698e-07  -6.6177640e-03   2.7181400e-02  -7.9393197e-02   8.5561192e-04  -4.1615900e-05  -1.5956447e-04   4.3794800e-05   7.3882851e-04   6.3032797e-03   7.3207176e-07   1.7318831e-09   2.5460820e-08
   1.0000000e+00   7.6058438e-02  -1.2927850e+00   1.1122829e-01   4.6887838e-04  -4.5200465e-03  -8.1182955e-04   5.7848860e-03   1.6712931e+00   1.2371732e-02   2.1984694e-07   2.0430820e-05   6.5906722e-07  -6.4966050e-03  -7.2059600e-02   2.5751587e-02  -5.2480623e-04   3.7546900e-05  -1.0696291e-04   4.2205877e-05   5.1925860e-03   6.6314423e-04   2.7542158e-07   1.4097697e-09   1.1441064e-08
   1.0000000e+00   9.5445775e-02  -1.2582743e+00   1.3652824e-01   7.4134735e-04  -4.3081099e-03  -5.9273766e-04   9.1098960e-03   1.5832542e+00   1.8639960e-02   5.4959589e-07   1.8559811e-05   3.5133793e-07   1.9387337e-02   3.4510700e-02   2.5299950e-02   2.7246897e-04   2.1193660e-04   2.1909189e-04   3.7586884e-04   1.1909884e-03   6.4008747e-04   7.4239340e-08   4.4917122e-08   4.8001256e-08
   1.0000000e+00   1.0425899e-01  -1.2703064e+00   1.2890293e-01   3.2601199e-04  -4.5657569e-03  -4.2884760e-04   1.0869937e-02   1.6136783e+00   1.6615965e-02   1.0628382e-07   2.0846136e-05   1.8391026e-07   8.8132150e-03  -1.2032100e-02  -7.6253100e-03  -4.1533536e-04  -2.5764700e-04   1.6389006e-04   7.7672759e-05   1.4477143e-04   5.8145353e-05   1.7250346e-07   6.6381977e-08   2.6859952e-08
   1.0000000e+00   9.3439086e-02  -1.2639608e+00   1.3496236e-01   3.3369428e-04  -3.9650837e-03  -5.4995980e-04   8.7308628e-03   1.5975969e+00   1.8214839e-02   1.1135187e-07   1.5721889e-05   3.0245578e-07  -1.0819904e-02   6.3456000e-03   6.0594300e-03   7.6822900e-06   6.0067320e-04  -1.2111220e-04   1.1707032e-04   4.0266639e-05   3.6716692e-05   5.9017580e-11   3.6080829e-07   1.4668165e-08
   1.0000000e+00   9.3782521e-02  -1.2835974e+00   1.0029234e-01   1.1673630e-03  -4.0449985e-03  -4.2399921e-04   8.7951612e-03   1.6476223e+00   1.0058553e-02   1.3627364e-06   1.6362013e-05   1.7977533e-07   3.4343500e-04  -1.9636600e-02  -3.4670020e-02   8.3366872e-04  -7.9914800e-05   1.2596059e-04   1.1794760e-07   3.8559606e-04   1.2020103e-03   6.9500353e-07   6.3863753e-09   1.5866070e-08
   1.0000000e+00   9.8636173e-02  -1.2904344e+00   1.5648607e-01  -4.3960113e-04  -4.4673089e-03  -5.5284757e-04   9.7290946e-03   1.6652209e+00   2.4487890e-02   1.9324915e-07   1.9956849e-05   3.0564044e-07   4.8536520e-03  -6.8370000e-03   5.6193730e-02  -1.6069641e-03  -4.2231040e-04  -1.2884836e-04   2.3557938e-05   4.6744569e-05   3.1577353e-03   2.5823337e-06   1.7834607e-07   1.6601900e-08
   1.0000000e+00   7.4079173e-02  -1.2588626e+00   1.1769637e-01   1.2556226e-03  -3.9666240e-03  -8.0657896e-04   5.4877239e-03   1.5847350e+00   1.3852436e-02   1.5765881e-06   1.5734106e-05   6.5056962e-07  -2.4557000e-02   3.1571800e-02  -3.8789700e-02   1.6952237e-03   5.0068490e-04  -2.5373139e-04   6.0304625e-04   9.9677856e-04   1.5046408e-03   2.8737835e-06   2.5068537e-07   6.4379618e-08
   1.0000000e+00   7.4019659e-02  -1.2805945e+00   1.2313866e-01   4.1735070e-04  -4.3563886e-03  -1.0406907e-03   5.4789099e-03   1.6399223e+00   1.5163130e-02   1.7418161e-07   1.8978122e-05   1.0830371e-06  -5.9514000e-05  -2.1731900e-02   5.4422900e-03  -8.3827190e-04  -3.8976460e-04  -2.3411174e-04   3.5419162e-09   4.7227548e-04   2.9618520e-05   7.0269978e-07   1.5191644e-07   5.4808307e-08
   1.0000000e+00   6.8645666e-02  -1.2479786e+00   9.9834752e-02   1.0922470e-03  -3.9333901e-03  -9.1230016e-04   4.7122275e-03   1.5574506e+00   9.9669777e-03   1.1930035e-06   1.5471558e-05   8.3229158e-07  -5.3739930e-03   3.2615900e-02  -2.3303908e-02   6.7489630e-04   4.2299850e-04   1.2839054e-04   2.8879801e-05   1.0637969e-03   5.4307213e-04   4.5548502e-07   1.7892773e-07   1.6484131e-08
   1.0000000e+00   7.4586524e-02  -1.2895017e+00   1.5020098e-01   5.1713739e-04  -4.2694945e-03  -7.5771043e-04   5.5631496e-03   1.6628146e+00   2.2560334e-02   2.6743108e-07   1.8228583e-05   5.7412510e-07   5.9408580e-03  -4.1523100e-02   5.0366228e-02  -5.7510961e-04  -3.3610440e-04   1.5458973e-04   3.5293794e-05   1.7241678e-03   2.5367569e-03   3.3075106e-07   1.1296617e-07   2.3897985e-08
   1.0000000e+00   6.0280234e-02  -1.2781002e+00   1.0505613e-01   1.3782574e-03  -3.6451093e-03  -9.5347895e-04   3.6337066e-03   1.6335401e+00   1.1036790e-02   1.8995935e-06   1.3286822e-05   9.0912211e-07  -1.4306290e-02   1.1401500e-02  -4.5144850e-02   8.6112001e-04   6.2438520e-04  -1.9576852e-04   2.0466993e-04   1.2999420e-04   2.0380575e-03   7.4152767e-07   3.8985688e-07   3.8325313e-08
   1.0000000e+00   6.0177395e-02  -1.3146144e+00   1.2851701e-01   5.9216583e-04  -4.4731413e-03  -1.1143147e-03   3.6213189e-03   1.7282110e+00   1.6516622e-02   3.5066037e-07   2.0008993e-05   1.2416973e-06  -1.0283900e-04  -3.6514200e-02   2.3460880e-02  -7.8609157e-04  -8.2803200e-04  -1.6083575e-04   1.0575860e-08   1.3332868e-03   5.5041289e-04   6.1793996e-07   6.8563699e-07   2.5868138e-08
   1.0000000e+00   7.5053880e-02  -1.2880130e+00   1.6896568e-01   5.7678229e-04  -4.1990642e-03  -1.0609531e-03   5.6330849e-03   1.6589775e+00   2.8549401e-02   3.3267781e-07   1.7632140e-05   1.1256215e-06   1.4876485e-02   2.6601400e-02   4.0448670e-02  -1.5383540e-05   2.7407710e-04   5.3361600e-05   2.2130981e-04   7.0763448e-04   1.6360949e-03   2.3665330e-10   7.5118257e-08   2.8474604e-09
   1.0000000e+00   6.5244311e-02  -1.3288052e+00   1.7260225e-01   7.1241635e-04  -4.3905195e-03  -1.2580949e-03   4.2568201e-03   1.7657233e+00   2.9791537e-02   5.0753706e-07   1.9276661e-05   1.5828028e-06  -9.8095690e-03  -4.0792200e-02   3.6365700e-03   1.3563406e-04  -1.9145530e-04  -1.9714180e-04   9.6227644e-05   1.6640036e-03   1.3224641e-05   1.8396598e-08   3.6655132e-08   3.8864889e-08
   1.0000000e+00   6.2700762e-02  -1.3218628e+00   1.1908279e-01  -1.6184514e-04  -4.0624011e-03  -1.4228201e-03   3.9313856e-03   1.7473213e+00   1.4180711e-02   2.6193849e-08   1.6503103e-05   2.0244170e-06  -2.5435490e-03   6.9424000e-03  -5.3519460e-02  -8.7426149e-04   3.2811840e-04  -1.6472520e-04   6.4696415e-06   4.8196918e-05   2.8643326e-03   7.6433315e-07   1.0766168e-07   2.7134392e-08
   1.0000000e+00   6.9631578e-02  -1.3455131e+00   9.1443134e-02   1.2274384e-03  -4.2665723e-03  -1.1506677e-03   4.8485567e-03   1.8104055e+00   8.3618468e-03   1.5066050e-06   1.8203639e-05   1.3240362e-06   6.9308160e-03  -2.3650300e-02  -2.7639656e-02   1.3892835e-03  -2.0417120e-04   2.7215240e-04   4.8036210e-05   5.5933669e-04   7.6395058e-04   1.9301088e-06   4.1685879e-08   7.4066929e-08
   1.0000000e+00   9.1859818e-02  -1.3534536e+00   1.5829925e-01   6.3449672e-04  -4.2633979e-03  -1.0387088e-03   8.4382262e-03   1.8318366e+00   2.5058653e-02   4.0258609e-07   1.8176562e-05   1.0789160e-06   2.2228240e-02  -7.9405000e-03   6.6856116e-02  -5.9294168e-04   3.1744000e-06   1.1195890e-04   4.9409465e-04   6.3051540e-05   4.4697402e-03   3.5157984e-07   1.0076815e-11   1.2534795e-08
   1.0000000e+00   8.5763851e-02  -1.3403223e+00   1.4383661e-01   1.0805101e-03  -4.1146383e-03  -9.7947065e-04   7.3554381e-03   1.7964639e+00   2.0688970e-02   1.1675021e-06   1.6930248e-05   9.5936275e-07  -6.0959670e-03   1.3131300e-02  -1.4462640e-02   4.4601338e-04   1.4875960e-04   5.9238150e-05   3.7160814e-05   1.7243104e-04   2.0916796e-04   1.9892794e-07   2.2129419e-08   3.5091584e-09
   1.0000000e+00   9.4505806e-02  -1.3614332e+00   1.5340591e-01   6.9834930e-04  -4.5871138e-03  -1.0035016e-03   8.9313474e-03   1.8535004e+00   2.3533373e-02   4.8769174e-07   2.1041613e-05   1.0070155e-06   8.7419550e-03  -2.1110900e-02   9.5693000e-03  -3.8216080e-04  -4.7247550e-04  -2.4030950e-05   7.6421777e-05   4.4567010e-04   9.1571502e-05   1.4604688e-07   2.2323310e-07   5.7748656e-10
   1.0000000e+00   1.0349620e-01  -1.3432939e+00   1.8027413e-01   8.8032116e-04  -4.2511701e-03  -5.4405871e-04   1.0711463e-02   1.8044385e+00   3.2498762e-02   7.7496534e-07   1.8072447e-05   2.9599988e-07   8.9903940e-03   1.8139300e-02   2.6868220e-02   1.8197186e-04   3.3594370e-04   4.5944289e-04   8.0827184e-05   3.2903420e-04   7.2190125e-04   3.3113758e-08   1.1285817e-07   2.1108777e-07
   1.0000000e+00   1.1877755e-01  -1.3632576e+00   1.7676985e-01   2.2419240e-04  -4.9118770e-03  -2.7488385e-04   1.4108106e-02   1.8584713e+00   3.1247580e-02   5.0262232e-08   2.4126536e-05   7.5561131e-08   1.5281350e-02  -1.9963700e-02  -3.5042800e-03  -6.5612876e-04  -6.6070690e-04   2.6917486e-04   2.3351966e-04   3.9854932e-04   1.2279978e-05   4.3050495e-07   4.3653361e-07   7.2455105e-08
