   1.0000000e+00   0.0000000e+00   0.0000000e+00   7.1054274e-15   0.0000000e+00   0.0000000e+00   0.0000000e+00   0.0000000e+00   0.0000000e+00   5.0487099e-29   0.0000000e+00   0.0000000e+00   0.0000000e+00   0.0000000e+00   0.0000000e+00   0.0000000e+00   0.0000000e+00   0.0000000e+00   0.0000000e+00   0.0000000e+00   0.0000000e+00   0.0000000e+00   0.0000000e+00   0.0000000e+00   0.0000000e+00
   1.0000000e+00  -2.2515326e-02   3.0937889e-02   1.9318120e-02   2.3716392e-05   3.8011161e-04  -8.5695164e-04   5.0693990e-04   9.5715298e-04   3.7318976e-04   5.6246725e-10   1.4448484e-07   7.3436611e-07  -2.2515326e-02   3.0937889e-02   1.9318120e-02   2.3716392e-05   3.8011161e-04  -8.5695164e-04   5.0693990e-04   9.5715298e-04   3.7318976e-04   5.6246725e-10   1.4448484e-07   7.3436611e-07
   1.0000000e+00  -4.9495222e-02  -5.7285368e-03  -4.7762067e-03  -3.1715259e-04  -2.3816074e-04  -1.1543693e-03   2.4497770e-03   3.2816134e-05   2.2812150e-05   1.0058577e-07   5.6720538e-08   1.3325685e-06  -2.6979896e-02  -3.6666426e-02  -2.4094327e-02  -3.4086898e-04  -6.1827235e-04  -2.9741766e-04   7.2791479e-04   1.3444268e-03   5.8053658e-04   1.1619166e-07   3.8226070e-07   8.8457264e-08
   1.0000000e+00  -3.6325821e-02  -4.7043823e-02   1.5909280e-02  -9.7862204e-04  -1.0275840e-03  -1.0416804e-03   1.3195653e-03   2.2131213e-03   2.5310519e-04   9.5770110e-07   1.0559289e-06   1.0850981e-06   1.3169401e-02  -4.1315286e-02   2.0685487e-02  -6.6146945e-04  -7.8942326e-04   1.1268890e-04   1.7343312e-04   1.7069529e-03   4.2788936e-04   4.3754183e-07   6.2318908e-07   1.2698788e-08
   1.0000000e+00  -6.2160100e-02  -2.0999597e-02  -7.8997748e-03  -4.8611681e-04  -8.6823196e-04  -1.5609726e-03   3.8638780e-03   4.4098307e-04   6.2406442e-05   2.3630955e-07   7.5382674e-07   2.4366355e-06  -2.5834279e-02   2.6044226e-02  -2.3809055e-02   4.9250523e-04   1.5935204e-04  -5.1929220e-04   6.6740997e-04   6.7830171e-04   5.6687109e-04   2.4256140e-07   2.5393073e-08   2.6966439e-07
   1.0000000e+00  -6.7529815e-02  -2.5753706e-02  -4.3941286e-02   7.8639733e-04  -1.0067163e-03  -9.4432274e-04   4.5602759e-03   6.6325337e-04   1.9308366e-03   6.1842076e-07   1.0134777e-06   8.9174544e-07  -5.3697150e-03  -4.7541090e-03  -3.6041511e-02   1.2725141e-03  -1.3848434e-04   6.1664986e-04   2.8833839e-05   2.2601552e-05   1.2989905e-03   1.6192922e-06   1.9177912e-08   3.8025705e-07
   1.0000000e+00  -1.3336609e-01  -1.8817885e-02  -8.9265815e-02   3.8661997e-05  -1.8662447e-03  -1.3307204e-03   1.7786514e-02   3.5411280e-04   7.9683857e-03   1.4947500e-09   3.4828693e-06   1.7708168e-06  -6.5836275e-02   6.9358210e-03  -4.5324529e-02  -7.4773533e-04  -8.5952840e-04  -3.8639766e-04   4.3344151e-03   4.8105613e-05   2.0543129e-03   5.5910813e-07   7.3878907e-07   1.4930315e-07
   1.0000000e+00  -1.8505837e-01  -1.5609843e-02  -8.0363181e-02   3.4482085e-04  -1.2255925e-03  -2.5647264e-03   3.4246600e-02   2.4366720e-04   6.4582409e-03   1.1890142e-07   1.5020770e-06   6.5778215e-06  -5.1692280e-02   3.2080420e-03   8.9026340e-03   3.0615885e-04   6.4065220e-04  -1.2340060e-03   2.6720918e-03   1.0291533e-05   7.9256892e-05   9.3733243e-08   4.1043524e-07   1.5227708e-06
   1.0000000e+00  -1.8688839e-01   6.7505447e-03  -1.4936247e-01   8.5040811e-04  -1.2658072e-03  -2.4741017e-03   3.4927270e-02   4.5569854e-05   2.2309147e-02   7.2319395e-07   1.6022679e-06   6.1211792e-06  -1.8300200e-03   2.2360388e-02  -6.8999289e-02   5.0558726e-04  -4.0214700e-05   9.0624700e-05   3.3489732e-06   4.9998694e-04   4.7609019e-03   2.5561848e-07   1.6172221e-09   8.2128363e-09
   1.0000000e+00  -1.7289071e-01  -1.4714984e-02  -1.2835005e-01   2.7748175e-04  -1.6703327e-03  -2.0309053e-03   2.9891198e-02   2.1653075e-04   1.6473735e-02   7.6996122e-08   2.7900113e-06   4.1245763e-06   1.3997680e-02  -2.1465529e-02   2.1012420e-02  -5.7292636e-04  -4.0452550e-04   4.4319640e-04   1.9593505e-04   4.6076892e-04   4.4152179e-04   3.2824461e-07   1.6364088e-07   1.9642305e-07
   1.0000000e+00  -1.4138262e-01  -1.1877731e-02  -1.0224240e-01   2.5504232e-04  -1.5323945e-03  -1.5681952e-03   1.9989045e-02   1.4108049e-04   1.0453508e-02   6.5046585e-08   2.3482329e-06   2.4592362e-06   3.1508090e-02   2.8372530e-03   2.6107650e-02  -2.2439430e-05   1.3793820e-04   4.6271010e-04   9.9275974e-04   8.0500046e-06   6.8160939e-04   5.0352802e-10   1.9026947e-08   2.1410064e-07
   1.0000000e+00  -1.5538206e-01   5.1881859e-02  -1.7897183e-01  -6.0619723e-04  -1.4451847e-03  -1.1572022e-03   2.4143585e-02   2.6917273e-03   3.2030916e-02   3.6747508e-07   2.0885588e-06   1.3391169e-06  -1.3999440e-02   6.3759590e-02  -7.6729430e-02  -8.6123955e-04   8.7209800e-05   4.1099300e-04   1.9598432e-04   4.0652853e-03   5.8874054e-03   7.4173356e-07   7.6055492e-09   1.6891525e-07
   1.0000000e+00  -1.1731268e-01   2.6761743e-02  -1.7590253e-01  -1.5770654e-04  -1.5264431e-03  -5.5365133e-04   1.3762265e-02   7.1619089e-04   3.0941700e-02   2.4871353e-08   2.3300285e-06   3.0652980e-07   3.8069380e-02  -2.5120116e-02   3.0693000e-03   4.4849069e-04  -8.1258400e-05   6.0355087e-04   1.4492777e-03   6.3102023e-04   9.4206025e-06   2.0114390e-07   6.6029276e-09   3.6427365e-07
   1.0000000e+00  -1.3887059e-01  -2.6829440e-02  -1.8082699e-01  -5.2548558e-04  -1.4738837e-03  -1.6292859e-03   1.9285041e-02   7.1981885e-04   3.2698400e-02   2.7613509e-07   2.1723332e-06   2.6545725e-06  -2.1557910e-02  -5.3591183e-02  -4.9244600e-03  -3.6777904e-04   5.2559400e-05  -1.0756346e-03   4.6474348e-04   2.8720149e-03   2.4250306e-05   1.3526142e-07   2.7624905e-09   1.1569897e-06
   1.0000000e+00  -1.4980451e-01   2.9890590e-02  -1.8349551e-01   1.0359110e-05  -1.7033085e-03  -1.4893086e-03   2.2441391e-02   8.9344737e-04   3.3670602e-02   1.0731116e-10   2.9012598e-06   2.2180401e-06  -1.0933920e-02   5.6720030e-02  -2.6685200e-03   5.3584469e-04  -2.2942480e-04   1.3997730e-04   1.1955061e-04   3.2171618e-03   7.1209990e-06   2.8712953e-07   5.2635739e-08   1.9593645e-08
   1.0000000e+00  -1.6384327e-01   2.3395229e-02  -1.9704023e-01  -1.7595999e-04  -1.9024860e-03  -1.5017101e-03   2.6844617e-02   5.4733674e-04   3.8824852e-02   3.0961918e-08   3.6194530e-06   2.2551332e-06  -1.4038760e-02  -6.4953610e-03  -1.3544720e-02  -1.8631910e-04  -1.9917750e-04  -1.2401500e-05   1.9708678e-04   4.2189715e-05   1.8345944e-04   3.4714807e-08   3.9671677e-08   1.5379720e-10
   1.0000000e+00  -1.4829295e-01  -6.4315143e-03  -1.7510894e-01  -8.5329340e-04  -1.9222400e-03  -1.0637910e-03   2.1990799e-02   4.1364376e-05   3.0663141e-02   7.2810963e-07   3.6950066e-06   1.1316513e-06   1.5550320e-02  -2.9826743e-02   2.1931290e-02  -6.7733341e-04  -1.9754000e-05   4.3791910e-04   2.4181245e-04   8.8963462e-04   4.8098148e-04   4.5878055e-07   3.9022052e-10   1.9177314e-07
   1.0000000e+00  -1.7686536e-01   1.2975187e-02  -2.1082961e-01  -1.6504792e-04  -1.7224313e-03  -1.3995859e-03   3.1281356e-02   1.6835548e-04   4.4449124e-02   2.7240816e-08   2.9667696e-06   1.9588407e-06  -2.8572410e-02   1.9406701e-02  -3.5720670e-02   6.8824548e-04   1.9980870e-04  -3.3579490e-04   8.1638261e-04   3.7662006e-04   1.2759663e-03   4.7368184e-07   3.9923517e-08   1.1275821e-07
   1.0000000e+00  -1.4641511e-01  -9.8217120e-03  -1.7549455e-01  -1.1557732e-03  -1.7681850e-03  -1.2780642e-03   2.1437384e-02   9.6466027e-05   3.0798337e-02   1.3358117e-06   3.1264782e-06   1.6334481e-06   3.0450250e-02  -2.2796899e-02   3.5335060e-02  -9.9072528e-04  -4.5753700e-05   1.2152170e-04   9.2721773e-04   5.1969860e-04   1.2485665e-03   9.8153658e-07   2.0934011e-09   1.4767524e-08
   1.0000000e+00  -1.5718504e-01   2.2818460e-02  -2.1868656e-01  -3.1989604e-05  -1.9599642e-03  -1.1928198e-03   2.4707137e-02   5.2068212e-04   4.7823812e-02   1.0233348e-09   3.8414597e-06   1.4228191e-06  -1.0769930e-02   3.2640172e-02  -4.3192010e-02   1.1237836e-03  -1.9177920e-04   8.5244400e-05   1.1599139e-04   1.0653808e-03   1.8655497e-03   1.2628896e-06   3.6779262e-08   7.2666077e-09
   1.0000000e+00  -1.4539000e-01   1.7651180e-02  -2.0129907e-01  -4.9408647e-04  -2.1037715e-03  -8.7577419e-04   2.1138252e-02   3.1156416e-04   4.0521316e-02   2.4412144e-07   4.4258545e-06   7.6698043e-07   1.1795040e-02  -5.1672800e-03   1.7387490e-02  -4.6209687e-04  -1.4380730e-04   3.1704561e-04   1.3912297e-04   2.6700783e-05   3.0232481e-04   2.1353351e-07   2.0680540e-08   1.0051792e-07
   1.0000000e+00  -1.7387478e-01   3.8359973e-02  -2.1577712e-01  -8.1317584e-04  -1.7445737e-03  -1.7267561e-03   3.0232439e-02   1.4714875e-03   4.6559766e-02   6.6125495e-07   3.0435374e-06   2.9816866e-06  -2.8484780e-02   2.0708793e-02  -1.4478050e-02  -3.1908937e-04   3.5919780e-04  -8.5098191e-04   8.1138269e-04   4.2885411e-04   2.0961393e-04   1.0181803e-07   1.2902306e-07   7.2417021e-07
   1.0000000e+00  -1.6568640e-01   2.6157751e-02  -2.1349073e-01  -8.4966075e-05  -2.2023613e-03  -1.5233235e-03   2.7451983e-02   6.8422794e-04   4.5578292e-02   7.2192339e-09   4.8503953e-06   2.3205145e-06   8.1883800e-03  -1.2202222e-02   2.2863900e-03   7.2820976e-04  -4.5778760e-04   2.0343260e-04   6.7049567e-05   1.4889422e-04   5.2275792e-06   5.3028946e-07   2.0956949e-07   4.1384823e-08
   1.0000000e+00  -1.3973608e-01   3.1277339e-03  -1.0996630e-01  -1.2976470e-03  -2.1612542e-03  -1.8160059e-03   1.9526172e-02   9.7827193e-06   1.2092587e-02   1.6838877e-06   4.6710197e-06   3.2978774e-06   2.5950320e-02  -2.3030017e-02   1.0352443e-01  -1.2126809e-03   4.1107100e-05  -2.9268240e-04   6.7341911e-04   5.3038169e-04   1.0717308e-02   1.4705950e-06   1.6897937e-09   8.5662987e-08
   1.0000000e+00  -1.1055790e-01   5.1945114e-03  -1.4080090e-01   9.5942285e-05  -2.4665991e-03  -1.3634403e-03   1.2223049e-02   2.6982949e-05   1.9824893e-02   9.2049221e-09   6.0841111e-06   1.8589695e-06   2.9178180e-02   2.0667775e-03  -3.0834600e-02   1.3935893e-03  -3.0534490e-04   4.5256560e-04   8.5136619e-04   4.2715692e-06   9.5077256e-04   1.9420911e-06   9.3235508e-08   2.0481562e-07
   1.0000000e+00  -1.1136332e-01   2.1463600e-02  -1.3927455e-01  -9.4691741e-04  -2.4465104e-03  -1.6726246e-03   1.2401789e-02   4.6068612e-04   1.9397400e-02   8.9665258e-07   5.9854131e-06   2.7976731e-06  -8.0542000e-04   1.6269089e-02   1.5263500e-03  -1.0428597e-03   2.0088700e-05  -3.0918430e-04   6.4870138e-07   2.6468324e-04   2.3297443e-06   1.0875563e-06   4.0355587e-10   9.5594931e-08
   1.0000000e+00  -1.5292479e-01   2.7000034e-02  -2.2597459e-01   4.2696927e-04  -2.2788101e-03  -1.3599349e-03   2.3385991e-02   7.2900184e-04   5.1064515e-02   1.8230276e-07   5.1929755e-06   1.8494229e-06  -4.1561470e-02   5.5364340e-03  -8.6700040e-02   1.3738867e-03   1.6770030e-04   3.1268970e-04   1.7273558e-03   3.0652101e-05   7.5168969e-03   1.8875646e-06   2.8123391e-08   9.7774848e-08
   1.0000000e+00  -1.3354222e-01   3.0685386e-02  -2.5103183e-01   3.9459259e-04  -2.6541343e-03  -1.3047206e-03   1.7833525e-02   9.4159291e-04   6.3016980e-02   1.5570331e-07   7.0444289e-06   1.7022958e-06   1.9382570e-02   3.6853520e-03  -2.5057240e-02  -3.2376680e-05  -3.7532420e-04   5.5214300e-05   3.7568402e-04   1.3581819e-05   6.2786528e-04   1.0482494e-09   1.4086826e-07   3.0486189e-09
   1.0000000e+00  -1.3865012e-01   1.5221237e-02  -2.0138681e-01  -5.4729940e-04  -2.5312708e-03  -1.1459929e-03   1.9223856e-02   2.3168606e-04   4.0556647e-02   2.9953663e-07   6.4073319e-06   1.3132997e-06  -5.1079000e-03  -1.5464149e-02   4.9645020e-02  -9.4189199e-04   1.2286350e-04   1.5872770e-04   2.6090642e-05   2.3913990e-04   2.4646280e-03   8.8716052e-07   1.5095440e-08   2.5194483e-08
   1.0000000e+00  -1.2994272e-01   2.9395675e-03  -2.3981954e-01   7.8867011e-05  -2.9692783e-03  -9.8048478e-04   1.6885110e-02   8.6410571e-06   5.7513412e-02   6.2200054e-09   8.8166136e-06   9.6135040e-07   8.7074000e-03  -1.2281670e-02  -3.8432730e-02   6.2616641e-04  -4.3800750e-04   1.6550812e-04   7.5818815e-05   1.5083941e-04   1.4770747e-03   3.9208437e-07   1.9185057e-07   2.7392938e-08
   1.0000000e+00  -1.4569732e-01   1.2419446e-02  -2.2191031e-01  -2.7020688e-04  -2.4109223e-03  -1.3360471e-03   2.1227709e-02   1.5424264e-04   4.9244186e-02   7.3011758e-08   5.8125463e-06   1.7850219e-06  -1.5754600e-02   9.4798785e-03   1.7909230e-02  -3.4907389e-04   5.5835600e-04  -3.5556232e-04   2.4820742e-04   8.9868096e-05   3.2074052e-04   1.2185258e-07   3.1176142e-07   1.2642456e-07
   1.0000000e+00  -1.3825475e-01   2.3957217e-03  -2.4753940e-01   2.5248371e-04  -2.7604845e-03  -1.1958897e-03   1.9114376e-02   5.7394825e-06   6.1275755e-02   6.3748024e-08   7.6202747e-06   1.4301522e-06   7.4425700e-03  -1.0023724e-02  -2.5629090e-02   5.2269059e-04  -3.4956220e-04   1.4015740e-04   5.5391848e-05   1.0047505e-04   6.5685025e-04   2.7320545e-07   1.2219373e-07   1.9644097e-08
   1.0000000e+00  -1.3580014e-01   2.2300086e-02  -2.6385762e-01  -6.0152525e-04  -2.6132791e-03  -1.1104397e-03   1.8441678e-02   4.9729384e-04   6.9620844e-02   3.6183263e-07   6.8292277e-06   1.2330763e-06   2.4546100e-03   1.9904364e-02  -1.6318220e-02  -8.5400896e-04   1.4720540e-04   8.5450000e-05   6.0251103e-06   3.9618372e-04   2.6628430e-04   7.2933130e-07   2.1669430e-08   7.3017025e-09
   1.0000000e+00  -1.4074791e-01   1.3795549e-02  -2.5671935e-01  -2.9000706e-04  -2.6204138e-03  -1.1158627e-03   1.9809974e-02   1.9031717e-04   6.5904825e-02   8.4104095e-08   6.8665685e-06   1.2451496e-06  -4.9477700e-03  -8.5045370e-03   7.1382700e-03   3.1151819e-04  -7.1347000e-06  -5.4230000e-06   2.4480428e-05   7.2327150e-05   5.0954899e-05   9.7043583e-08   5.0903944e-11   2.9408929e-11
   1.0000000e+00  -1.5289523e-01   2.6753212e-02  -3.0809267e-01   2.2137568e-04  -2.6745568e-03  -1.0150146e-03   2.3376951e-02   7.1573435e-04   9.4921093e-02   4.9007192e-08   7.1532541e-06   1.0302546e-06  -1.2147320e-02   1.2957663e-02  -5.1373320e-02   5.1138274e-04  -5.4143000e-05   1.0084810e-04   1.4755738e-04   1.6790103e-04   2.6392180e-03   2.6151231e-07   2.9314644e-09   1.0170339e-08
   1.0000000e+00  -1.3958256e-01  -4.3973755e-03  -2.5956233e-01  -1.0265103e-03  -2.5900227e-03  -9.9773691e-04   1.9483291e-02   1.9336911e-05   6.7372603e-02   1.0537234e-06   6.7082176e-06   9.9547894e-07   1.3312670e-02  -3.1150588e-02   4.8530340e-02  -1.2478860e-03   8.4534100e-05   1.7277690e-05   1.7722718e-04   9.7035910e-04   2.3551939e-03   1.5572194e-06   7.1460141e-09   2.9851857e-10
   1.0000000e+00  -1.5356325e-01   3.1867772e-02  -3.0691421e-01   1.7125743e-04  -2.6090448e-03  -8.6245524e-04   2.3581672e-02   1.0155549e-03   9.4196332e-02   2.9329107e-08   6.8071148e-06   7.4382904e-07  -1.3980690e-02   3.6265148e-02  -4.7351880e-02   1.1977677e-03  -1.9022100e-05   1.3528167e-04   1.9545969e-04   1.3151609e-03   2.2422005e-03   1.4346475e-06   3.6184029e-10   1.8301130e-08
   1.0000000e+00  -1.5386029e-01   2.6769891e-02  -2.9966847e-01  -1.1094714e-04  -2.6373461e-03  -9.8605293e-04   2.3672989e-02   7.1662706e-04   8.9801192e-02   1.2309268e-08   6.9555945e-06   9.7230038e-07  -2.9704000e-04  -5.0978810e-03   7.2457400e-03  -2.8220457e-04  -2.8301300e-05  -1.2359769e-04   8.8232762e-08   2.5988391e-05   5.2500748e-05   7.9639419e-08   8.0096358e-10   1.5276389e-08
   1.0000000e+00  -1.5966522e-01   1.2841828e-02  -2.8858039e-01  -6.0446139e-05  -2.4378360e-03  -1.2179729e-03   2.5492982e-02   1.6491255e-04   8.3278641e-02   3.6537357e-09   5.9430444e-06   1.4834580e-06  -5.8049300e-03  -1.3928063e-02   1.1088080e-02   5.0501001e-05   1.9951010e-04  -2.3191997e-04   3.3697212e-05   1.9399094e-04   1.2294552e-04   2.5503511e-09   3.9804280e-08   5.3786872e-08
   1.0000000e+00  -1.6636780e-01   1.7510768e-02  -3.0394173e-01   5.1799642e-04  -2.5188880e-03  -1.1895265e-03   2.7678245e-02   3.0662700e-04   9.2380575e-02   2.6832029e-07   6.3447968e-06   1.4149733e-06  -6.7025800e-03   4.6689400e-03  -1.5361340e-02   5.7844256e-04  -8.1052000e-05   2.8446400e-05   4.4924579e-05   2.1799001e-05   2.3597077e-04   3.3459579e-07   6.5694267e-09   8.0919767e-10
   1.0000000e+00  -1.6269397e-01  -9.7020042e-03  -2.7411865e-01  -6.0961740e-04  -2.6242741e-03  -1.1902026e-03   2.6469328e-02   9.4128885e-05   7.5141034e-02   3.7163337e-07   6.8868146e-06   1.4165822e-06   3.6738300e-03  -2.7212772e-02   2.9823080e-02  -1.1276138e-03  -1.0538610e-04  -6.7610000e-07   1.3497027e-05   7.4053497e-04   8.8941610e-04   1.2715129e-06   1.1106230e-08   4.5711121e-13
   1.0000000e+00  -1.8115583e-01  -2.4790267e-02  -3.0097129e-01   6.7083955e-04  -2.5160697e-03  -1.7133245e-03   3.2817435e-02   6.1455734e-04   9.0583717e-02   4.5002570e-07   6.3306067e-06   2.9354808e-06  -1.8461860e-02  -1.5088263e-02  -2.6852640e-02   1.2804570e-03   1.0820440e-04  -5.2312190e-04   3.4084027e-04   2.2765567e-04   7.2106427e-04   1.6395700e-06   1.1708192e-08   2.7365652e-07
   1.0000000e+00  -1.8779942e-01  -2.2188944e-02  -2.8044542e-01   9.6793303e-05  -2.6473146e-03  -2.0068190e-03   3.5268622e-02   4.9234924e-04   7.8649634e-02   9.3689435e-09   7.0082746e-06   4.0273225e-06  -6.6435900e-03   2.6013230e-03   2.0525870e-02  -5.7404625e-04  -1.3124490e-04  -2.9349450e-04   4.4137288e-05   6.7668814e-06   4.2131134e-04   3.2952909e-07   1.7225224e-08   8.6139022e-08
   1.0000000e+00  -1.7781667e-01  -4.2033104e-02  -2.2796056e-01  -1.3924172e-03  -2.6934662e-03  -2.0714222e-03   3.1618768e-02   1.7667818e-03   5.1966017e-02   1.9388257e-06   7.2547602e-06   4.2907899e-06   9.9827500e-03  -1.9844160e-02   5.2484860e-02  -1.4892105e-03  -4.6151600e-05  -6.4603200e-05   9.9655298e-05   3.9379069e-04   2.7546605e-03   2.2177479e-06   2.1299702e-09   4.1735735e-09
   1.0000000e+00  -1.8953405e-01  -2.8928243e-02  -2.7883475e-01   2.3404198e-05  -2.5324424e-03  -1.8883013e-03   3.5923156e-02   8.3684324e-04   7.7748818e-02   5.4775648e-10   6.4132645e-06   3.5656818e-06  -1.1717380e-02   1.3104861e-02  -5.0874190e-02   1.4158214e-03   1.6102380e-04   1.8312090e-04   1.3729699e-04   1.7173738e-04   2.5881832e-03   2.0045502e-06   2.5928664e-08   3.3533264e-08
   1.0000000e+00  -1.7794810e-01  -6.8893915e-02  -2.8441584e-01   1.4181580e-04  -2.5338432e-03  -1.6449251e-03   3.1665526e-02   4.7463715e-03   8.0892370e-02   2.0111721e-08   6.4203614e-06   2.7057786e-06   1.1585950e-02  -3.9965672e-02  -5.5810900e-03   1.1841160e-04  -1.4008000e-06   2.4337620e-04   1.3423424e-04   1.5972549e-03   3.1148566e-05   1.4021307e-08   1.9622406e-12   5.9231975e-08
   1.0000000e+00  -1.7212259e-01  -5.2884559e-02  -2.5545847e-01  -5.8466954e-04  -2.4064240e-03  -1.5503465e-03   2.9626186e-02   2.7967766e-03   6.5259030e-02   3.4183847e-07   5.7908765e-06   2.4035743e-06   5.8255100e-03   1.6009356e-02   2.8957370e-02  -7.2648534e-04   1.2741920e-04   9.4578600e-05   3.3936567e-05   2.5629948e-04   8.3852928e-04   5.2778095e-07   1.6235653e-08   8.9451116e-09
   1.0000000e+00  -1.6767819e-01  -6.5496370e-02  -2.6811411e-01   4.3542038e-04  -2.7707816e-03  -1.4530756e-03   2.8115975e-02   4.2897745e-03   7.1885176e-02   1.8959091e-07   7.6772307e-06   2.1114287e-06   4.4444000e-03  -1.2611811e-02  -1.2655640e-02   1.0200899e-03  -3.6435760e-04   9.7270900e-05   1.9752691e-05   1.5905778e-04   1.6016522e-04   1.0405834e-06   1.3275646e-07   9.4616280e-09
   1.0000000e+00  -1.7047808e-01  -3.9328170e-02  -2.9281396e-01   3.4432802e-04  -2.5634168e-03  -1.4126217e-03   2.9062776e-02   1.5467050e-03   8.5740015e-02   1.1856179e-07   6.5711057e-06   1.9955001e-06  -2.7998900e-03   2.6168200e-02  -2.4699850e-02  -9.1092360e-05   2.0736480e-04   4.0453900e-05   7.8393840e-06   6.8477469e-04   6.1008259e-04   8.2978181e-09   4.3000160e-08   1.6365180e-09
   1.0000000e+00  -1.6482457e-01  -2.0737738e-02  -2.3332864e-01  -2.6813574e-04  -2.7862546e-03  -1.5742048e-03   2.7167139e-02   4.3005378e-04   5.4442254e-02   7.1896775e-08   7.7632147e-06   2.4781208e-06   5.6535100e-03   1.8590432e-02   5.9485320e-02  -6.1246376e-04  -2.2283780e-04  -1.6158310e-04   3.1962175e-05   3.4560416e-04   3.5385033e-03   3.7511186e-07   4.9656685e-08   2.6109098e-08
   1.0000000e+00  -1.6541162e-01  -2.3784430e-02  -2.6262426e-01   9.0538120e-05  -2.7569316e-03  -1.3870592e-03   2.7361004e-02   5.6569911e-04   6.8971502e-02   8.1971512e-09   7.6006718e-06   1.9239332e-06  -5.8705000e-04  -3.0466920e-03  -2.9295620e-02   3.5867386e-04   2.9323000e-05   1.8714560e-04   3.4462770e-07   9.2823321e-06   8.5823335e-04   1.2864694e-07   8.5983833e-10   3.5023476e-08
   1.0000000e+00  -1.6878745e-01  -5.8434859e-02  -2.4060592e-01  -4.0164715e-04  -2.7353097e-03  -1.7560350e-03   2.8489203e-02   3.4146327e-03   5.7891209e-02   1.6132043e-07   7.4819192e-06   3.0836589e-06  -3.3758300e-03  -3.4650429e-02   2.2018340e-02  -4.9218527e-04   2.1621900e-05  -3.6897580e-04   1.1396228e-05   1.2006522e-03   4.8480730e-04   2.4224634e-07   4.6750656e-10   1.3614314e-07
   1.0000000e+00  -1.7857768e-01  -4.1832069e-02  -3.0020239e-01   6.8219136e-04  -2.8372727e-03  -1.6248747e-03   3.1889988e-02   1.7499220e-03   9.0121475e-02   4.6538505e-07   8.0501164e-06   2.6402178e-06  -9.7902300e-03   1.6602790e-02  -5.9596470e-02   1.0838385e-03  -1.0196300e-04   1.3116030e-04   9.5848603e-05   2.7565264e-04   3.5517392e-03   1.1747059e-06   1.0396453e-08   1.7203024e-08
   1.0000000e+00  -1.7707609e-01  -7.1968554e-02  -2.7604032e-01  -1.4531029e-04  -2.7830855e-03  -1.7827104e-03   3.1355942e-02   5.1794728e-03   7.6198258e-02   2.1115080e-08   7.7455649e-06   3.1780564e-06   1.5015900e-03  -3.0136485e-02   2.4162070e-02  -8.2750165e-04   5.4187200e-05  -1.5783570e-04   2.2547725e-06   9.0820773e-04   5.8380563e-04   6.8475898e-07   2.9362526e-09   2.4912108e-08
   1.0000000e+00  -1.9077390e-01  -5.1342922e-02  -2.9904753e-01   4.9551961e-04  -2.7051138e-03  -1.8182555e-03   3.6394681e-02   2.6360956e-03   8.9429425e-02   2.4553968e-07   7.3176407e-06   3.3060531e-06  -1.3697810e-02   2.0625632e-02  -2.3007210e-02   6.4082990e-04   7.7971700e-05  -3.5545100e-05   1.8763000e-04   4.2541670e-04   5.2933171e-04   4.1066296e-07   6.0795860e-09   1.2634541e-09
   1.0000000e+00  -1.8697924e-01  -8.1854563e-02  -2.8139849e-01  -1.9051931e-04  -2.8458402e-03  -1.8834674e-03   3.4961236e-02   6.7001695e-03   7.9185110e-02   3.6297607e-08   8.0988064e-06   3.5474494e-06   3.7946600e-03  -3.0511641e-02   1.7649040e-02  -6.8603892e-04  -1.4072640e-04  -6.5211900e-05   1.4399445e-05   9.3096024e-04   3.1148861e-04   4.7064940e-07   1.9803920e-08   4.2525919e-09
   1.0000000e+00  -1.9522531e-01  -6.1899416e-02  -3.1277716e-01   4.4741654e-04  -2.6173435e-03  -1.9679887e-03   3.8112922e-02   3.8315377e-03   9.7829552e-02   2.0018156e-07   6.8504870e-06   3.8729795e-06  -8.2460700e-03   1.9955147e-02  -3.1378670e-02   6.3793585e-04   2.2849670e-04  -8.4521300e-05   6.7997670e-05   3.9820789e-04   9.8462093e-04   4.0696215e-07   5.2210742e-08   7.1438502e-09
   1.0000000e+00  -2.0190196e-01  -7.0581690e-02  -3.2124364e-01   6.3122201e-04  -2.7357154e-03  -2.1822954e-03   4.0764401e-02   4.9817750e-03   1.0319748e-01   3.9844123e-07   7.4841387e-06   4.7624132e-06  -6.6766500e-03  -8.6822740e-03  -8.4664800e-03   1.8380547e-04  -1.1837190e-04  -2.1430670e-04   4.4577655e-05   7.5381882e-05   7.1681284e-05   3.3784451e-08   1.4011907e-08   4.5927362e-08
   1.0000000e+00  -1.9594021e-01  -5.9841561e-02  -2.9124029e-01  -7.9701599e-04  -2.7380073e-03  -2.2812535e-03   3.8392566e-02   3.5810124e-03   8.4820907e-02   6.3523449e-07   7.4966840e-06   5.2041175e-06   5.9617500e-03   1.0740129e-02   3.0003350e-02  -1.4282380e-03  -2.2919000e-06  -9.8958100e-05   3.5542463e-05   1.1535037e-04   9.0020101e-04   2.0398638e-06   5.2528056e-12   9.7927056e-09
   1.0000000e+00  -2.0154900e-01  -5.9853194e-02  -3.1564787e-01   6.4824929e-04  -2.7735285e-03  -2.2656914e-03   4.0621999e-02   3.5824048e-03   9.9633578e-02   4.2022714e-07   7.6924603e-06   5.1333575e-06  -5.6087900e-03  -1.1633000e-05  -2.4407580e-02   1.4452653e-03  -3.5521200e-05   1.5562100e-05   3.1458525e-05   1.3532669e-10   5.9572996e-04   2.0887917e-06   1.2617556e-09   2.4217896e-10
   1.0000000e+00  -2.0828327e-01  -7.0813911e-02  -3.3353788e-01   1.8741417e-04  -2.6976611e-03  -2.2821550e-03   4.3381921e-02   5.0146100e-03   1.1124752e-01   3.5124071e-08   7.2773754e-06   5.2082314e-06  -6.7342700e-03  -1.0960717e-02  -1.7890010e-02  -4.6083512e-04   7.5867400e-05  -1.6463600e-05   4.5350392e-05   1.2013732e-04   3.2005246e-04   2.1236901e-07   5.7558624e-09   2.7105012e-10
   1.0000000e+00  -1.9914261e-01  -6.0580141e-02  -3.1989769e-01   1.7884563e-04  -2.5577031e-03  -2.0808454e-03   3.9657779e-02   3.6699535e-03   1.0233453e-01   3.1985759e-08   6.5418451e-06   4.3299176e-06   9.1406600e-03   1.0233770e-02   1.3640190e-02  -8.5685400e-06   1.3995800e-04   2.0130960e-04   8.3551665e-05   1.0473005e-04   1.8605478e-04   7.3419878e-11   1.9588242e-08   4.0525555e-08
   1.0000000e+00  -1.9947508e-01  -7.8143630e-02  -3.4039667e-01   3.4429310e-04  -2.7302544e-03  -1.9382753e-03   3.9790308e-02   6.1064269e-03   1.1586989e-01   1.1853774e-07   7.4542891e-06   3.7569111e-06  -3.3247000e-04  -1.7563489e-02  -2.0498980e-02   1.6544747e-04  -1.7255130e-04   1.4257010e-04   1.1053630e-07   3.0847615e-04   4.2020818e-04   2.7372865e-08   2.9773951e-08   2.0326233e-08
   1.0000000e+00  -1.9075336e-01  -8.2478034e-02  -3.2230688e-01  -5.1493577e-04  -2.6771136e-03  -1.7391594e-03   3.6386844e-02   6.8026261e-03   1.0388172e-01   2.6515885e-07   7.1669372e-06   3.0246754e-06   8.7217200e-03  -4.3344040e-03   1.8089790e-02  -8.5922887e-04   5.3140800e-05   1.9911590e-04   7.6068400e-05   1.8787058e-05   3.2724050e-04   7.3827425e-07   2.8239446e-09   3.9647142e-08
   1.0000000e+00  -1.9746082e-01  -5.7683603e-02  -3.4971926e-01   7.9949134e-04  -2.7069681e-03  -1.6620837e-03   3.8990775e-02   3.3273981e-03   1.2230356e-01   6.3918640e-07   7.3276763e-06   2.7625222e-06  -6.7074600e-03   2.4794431e-02  -2.7412380e-02   1.3144271e-03  -2.9854500e-05   7.7075700e-05   4.4990020e-05   6.1476381e-04   7.5143858e-04   1.7277186e-06   8.9129117e-10   5.9406635e-09
   1.0000000e+00  -1.8965935e-01  -7.2457131e-02  -3.0194674e-01  -1.4878797e-04  -2.8964873e-03  -1.6355978e-03   3.5970669e-02   5.2500358e-03   9.1171834e-02   2.2137860e-08   8.3896387e-06   2.6751802e-06   7.8014700e-03  -1.4773528e-02   4.7772520e-02  -9.4827931e-04  -1.8951920e-04   2.6485900e-05   6.0862934e-05   2.1825713e-04   2.2822137e-03   8.9923365e-07   3.5917527e-08   7.0150290e-10
   1.0000000e+00  -1.8992649e-01  -8.3789068e-02  -2.9513194e-01  -1.4102093e-04  -2.7184522e-03  -1.7988290e-03   3.6072072e-02   7.0206079e-03   8.7102862e-02   1.9886903e-08   7.3899824e-06   3.2357858e-06  -2.6714000e-04  -1.1331937e-02   6.8148000e-03   7.7670400e-06   1.7803510e-04  -1.6323120e-04   7.1363780e-08   1.2841280e-04   4.6441499e-05   6.0326910e-11   3.1696497e-08   2.6644425e-08
   1.0000000e+00  -1.9263573e-01  -8.0171887e-02  -3.4051818e-01   7.3428525e-04  -2.7047032e-03  -1.5014892e-03   3.7108524e-02   6.4275315e-03   1.1595263e-01   5.3917483e-07   7.3154194e-06   2.2544698e-06  -2.7092400e-03   3.6171810e-03  -4.5386240e-02   8.7530618e-04   1.3749000e-05   2.9733980e-04   7.3399814e-06   1.3083998e-05   2.0599108e-03   7.6616091e-07   1.8903500e-10   8.8410957e-08
   1.0000000e+00  -1.8676184e-01  -8.0436108e-02  -2.8435137e-01  -7.5707595e-04  -2.6782072e-03  -1.6796963e-03   3.4879985e-02   6.4699675e-03   8.0855702e-02   5.7316399e-07   7.1727938e-06   2.8213797e-06   5.8738900e-03  -2.6422100e-04   5.6166810e-02  -1.4913612e-03   2.6496000e-05  -1.7820710e-04   3.4502584e-05   6.9812737e-08   3.1547105e-03   2.2241582e-06   7.0203802e-10   3.1757770e-08
   1.0000000e+00  -1.9947950e-01  -7.1628480e-02  -3.1228330e-01   4.5311084e-04  -2.7094520e-03  -1.8724448e-03   3.9792071e-02   5.1306391e-03   9.7520859e-02   2.0530943e-07   7.3411301e-06   3.5060495e-06  -1.2717660e-02   8.8076280e-03  -2.7931930e-02   1.2101868e-03  -3.1244800e-05  -1.9274850e-04   1.6173888e-04   7.7574311e-05   7.8019271e-04   1.4645521e-06   9.7623753e-10   3.7151984e-08
   1.0000000e+00  -1.9684123e-01  -9.3910168e-02  -3.2472267e-01  -2.2156960e-05  -2.7864227e-03  -1.7539375e-03   3.8746470e-02   8.8191197e-03   1.0544481e-01   4.9093088e-10   7.7641515e-06   3.0762968e-06   2.6382700e-03  -2.2281688e-02  -1.2439370e-02  -4.7526780e-04  -7.6970700e-05   1.1850730e-04   6.9604686e-06   4.9647362e-04   1.5473793e-04   2.2587948e-07   5.9244887e-09   1.4043980e-08
   1.0000000e+00  -1.9844881e-01  -1.1232488e-01  -3.0289264e-01   3.4701446e-05  -2.7411565e-03  -1.5826153e-03   3.9381930e-02   1.2616879e-02   9.1743951e-02   1.2041904e-09   7.5139390e-06   2.5046712e-06  -1.6075800e-03  -1.8414712e-02   2.1830030e-02   5.6858406e-05   4.5266200e-05   1.7132220e-04   2.5843135e-06   3.3910162e-04   4.7655021e-04   3.2328783e-09   2.0490289e-09   2.9351296e-08
   1.0000000e+00  -2.1455665e-01  -1.1443160e-01  -3.4445865e-01   1.7173781e-04  -2.4631239e-03  -1.6381183e-03   4.6034556e-02   1.3094591e-02   1.1865176e-01   2.9493875e-08   6.0669793e-06   2.6834316e-06  -1.6107840e-02  -2.1067200e-03  -4.1566010e-02   1.3703636e-04   2.7803260e-04  -5.5503000e-05   2.5946251e-04   4.4382692e-06   1.7277332e-03   1.8778965e-08   7.7302127e-08   3.0805830e-09
   1.0000000e+00  -1.0534649e-01  -1.5056224e-01  -2.5894626e-01  -2.3356911e-03   1.4061380e-03   6.5466664e-04   1.1097883e-02   2.2668988e-02   6.7053166e-02   5.4554529e-06   1.9772241e-06   4.2858841e-07   1.0921016e-01  -3.6130640e-02   8.5512390e-02  -2.5074289e-03   3.8692619e-03   2.2927849e-03   1.1926859e-02   1.3054231e-03   7.3123688e-03   6.2871997e-06   1.4971188e-05   5.2568628e-06
   1.0000000e+00  -6.4454275e-02  -1.1158921e-01  -3.2014225e-01  -9.0947269e-04   8.6200491e-05   5.0526862e-04   4.1543536e-03   1.2452152e-02   1.0249106e-01   8.2714057e-07   7.4305246e-09   2.5529638e-07   4.0892215e-02   3.8973030e-02  -6.1195990e-02   1.4262184e-03  -1.3199375e-03  -1.4939802e-04   1.6721732e-03   1.5188971e-03   3.7449492e-03   2.0340990e-06   1.7422350e-06   2.2319768e-08
   1.0000000e+00  -9.0614208e-02  -1.0663095e-01  -3.5914164e-01   2.4915500e-04   7.6109439e-05   2.8584166e-05   8.2109347e-03   1.1370159e-02   1.2898272e-01   6.2078214e-08   5.7926467e-09   8.1705455e-10  -2.6159933e-02   4.9582600e-03  -3.8999390e-02   1.1586277e-03  -1.0091052e-05  -4.7668445e-04   6.8434209e-04   2.4584342e-05   1.5209524e-03   1.3424181e-06   1.0182933e-10   2.2722807e-07
   1.0000000e+00  -5.9374525e-02  -1.1415806e-01  -3.1077805e-01  -1.1567106e-03  -4.4246642e-04   3.4772415e-04   3.5253342e-03   1.3032063e-02   9.6582996e-02   1.3379794e-06   1.9577653e-07   1.2091208e-07   3.1239683e-02  -7.5271100e-03   4.8363590e-02  -1.4058656e-03  -5.1857586e-04   3.1913998e-04   9.7591779e-04   5.6657385e-05   2.3390368e-03   1.9764581e-06   2.6892092e-07   1.0185033e-07
   1.0000000e+00  -5.8054337e-02  -1.1257453e-01  -3.0185603e-01   1.9091792e-04  -5.5086700e-04   5.4307357e-04   3.3703060e-03   1.2673025e-02   9.1117063e-02   3.6449652e-08   3.0345445e-07   2.9492890e-07   1.3201880e-03   1.5835300e-03   8.9220200e-03   1.3476285e-03  -1.0840058e-04   1.9534942e-04   1.7428964e-06   2.5075673e-06   7.9602441e-05   1.8161026e-06   1.1750686e-08   3.8161396e-08
   1.0000000e+00  -6.3405520e-02  -1.4516452e-01  -2.7803698e-01  -3.8761046e-04  -1.9099647e-04   1.0023986e-04   4.0202600e-03   2.1072738e-02   7.7304562e-02   1.5024187e-07   3.6479652e-08   1.0048030e-08  -5.3511830e-03  -3.2589990e-02   2.3819050e-02  -5.7852838e-04   3.5987053e-04  -4.4283371e-04   2.8635159e-05   1.0621074e-03   5.6734714e-04   3.3469509e-07   1.2950680e-07   1.9610169e-07
   1.0000000e+00  -6.3082399e-02  -1.3467574e-01  -2.5453091e-01  -1.0778528e-04  -9.0813559e-05  -3.8896457e-06   3.9793891e-03   1.8137555e-02   6.4785984e-02   1.1617667e-08   8.2471025e-09   1.5129344e-11   3.2312100e-04   1.0488780e-02   2.3506070e-02   2.7982518e-04   1.0018291e-04  -1.0412951e-04   1.0440718e-07   1.1001451e-04   5.5253533e-04   7.8302131e-08   1.0036616e-08   1.0842954e-08
   1.0000000e+00  -5.4263004e-02  -1.7127058e-01  -2.5647453e-01   5.7661424e-04   2.4935203e-04  -5.9152978e-05   2.9444736e-03   2.9333612e-02   6.5779185e-02   3.3248398e-07   6.2176435e-08   3.4990748e-09   8.8193950e-03  -3.6594840e-02  -1.9436200e-03   6.8439952e-04   3.4016559e-04  -5.5263332e-05   7.7781728e-05   1.3391823e-03   3.7776587e-06   4.6840270e-07   1.1571263e-07   3.0540359e-09
   1.0000000e+00  -3.9866864e-02  -1.7051338e-01  -2.3206990e-01  -2.2906721e-04   5.9487141e-05  -9.0407955e-05   1.5893668e-03   2.9074813e-02   5.3856438e-02   5.2471787e-08   3.5387199e-09   8.1735983e-09   1.4396140e-02   7.5720000e-04   2.4404630e-02  -8.0568145e-04  -1.8986489e-04  -3.1254977e-05   2.0724885e-04   5.7335184e-07   5.9558597e-04   6.4912260e-07   3.6048676e-08   9.7687359e-10
   1.0000000e+00  -6.9173642e-02  -1.1006036e-01  -2.7960275e-01  -5.9883809e-04  -1.9450566e-04  -2.4783680e-04   4.7849927e-03   1.2113283e-02   7.8177698e-02   3.5860706e-07   3.7832452e-08   6.1423079e-08  -2.9306778e-02   6.0453020e-02  -4.7532850e-02  -3.6977088e-04  -2.5399280e-04  -1.5742884e-04   8.5888724e-04   3.6545676e-03   2.2593718e-03   1.3673050e-07   6.4512343e-08   2.4783841e-08
   1.0000000e+00  -7.6352646e-02  -1.5226381e-01  -2.9804611e-01   4.9330620e-04  -1.1615160e-03  -5.2381614e-04   5.8297266e-03   2.3184268e-02   8.8831484e-02   2.4335101e-07   1.3491194e-06   2.7438335e-07  -7.1790040e-03  -4.2203450e-02  -1.8443360e-02   1.0921443e-03  -9.6701034e-04  -2.7597934e-04   5.1538098e-05   1.7811312e-03   3.4015753e-04   1.1927792e-06   9.3510900e-07   7.6164596e-08
   1.0000000e+00  -5.7517088e-02  -1.9735480e-01  -2.2325977e-01   8.2600352e-05  -7.0364855e-04  -3.5692920e-04   3.3082154e-03   3.8948917e-02   4.9844925e-02   6.8228182e-09   4.9512128e-07   1.2739845e-07   1.8835558e-02  -4.5090990e-02   7.4786340e-02  -4.1070585e-04   4.5786745e-04   1.6688694e-04   3.5477825e-04   2.0331974e-03   5.5929967e-03   1.6867929e-07   2.0964260e-07   2.7851251e-08
   1.0000000e+00  -8.2113896e-02  -1.6535650e-01  -2.0924495e-01  -6.4968621e-04  -1.0149049e-03  -8.7363887e-04   6.7426919e-03   2.7342772e-02   4.3783449e-02   4.2209217e-07   1.0300320e-06   7.6324488e-07  -2.4596808e-02   3.1998300e-02   1.4014820e-02  -7.3228656e-04  -3.1125635e-04  -5.1670967e-04   6.0500296e-04   1.0238912e-03   1.9641518e-04   5.3624361e-07   9.6880515e-08   2.6698888e-07
   1.0000000e+00  -1.0068583e-01  -1.7590617e-01  -2.3834201e-01   6.5076239e-04  -8.3950055e-04  -1.1435026e-03   1.0137636e-02   3.0942981e-02   5.6806914e-02   4.2349169e-07   7.0476117e-07   1.3075982e-06  -1.8571934e-02  -1.0549670e-02  -2.9097060e-02   1.3004486e-03   1.7540435e-04  -2.6986373e-04   3.4491673e-04   1.1129554e-04   8.4663890e-04   1.6911666e-06   3.0766686e-08   7.2826433e-08
   1.0000000e+00  -7.3574835e-02  -1.5436715e-01  -2.4217500e-01  -6.5777102e-04  -1.0329344e-03  -5.2729104e-04   5.4132563e-03   2.3829217e-02   5.8648731e-02   4.3266271e-07   1.0669535e-06   2.7803584e-07   2.7110995e-02   2.1539020e-02  -3.8329900e-03  -1.3085334e-03  -1.9343385e-04   6.1621156e-04   7.3500605e-04   4.6392938e-04   1.4691812e-05   1.7122597e-06   3.7416654e-08   3.7971669e-07
   1.0000000e+00  -8.3269343e-02  -1.5479245e-01  -2.2483308e-01   1.3806355e-04  -8.2358450e-04  -7.4736367e-04   6.9337835e-03   2.3960703e-02   5.0549914e-02   1.9061544e-08   6.7829143e-07   5.5855246e-07  -9.6945080e-03  -4.2530000e-04   1.7341920e-02   7.9583457e-04   2.0934990e-04  -2.2007263e-04   9.3983485e-05   1.8088009e-07   3.0074219e-04   6.3335266e-07   4.3827381e-08   4.8431962e-08
   1.0000000e+00  -6.6912643e-02  -1.9155212e-01  -2.1123460e-01  -5.2311465e-04  -9.9801559e-04  -5.5405986e-04   4.4773018e-03   3.6692215e-02   4.4620056e-02   2.7364894e-07   9.9603512e-07   3.0698233e-07   1.6356700e-02  -3.6759670e-02   1.3598480e-02  -6.6117820e-04  -1.7443109e-04   1.9330381e-04   2.6754163e-04   1.3512733e-03   1.8491866e-04   4.3715661e-07   3.0426205e-08   3.7366363e-08
   1.0000000e+00  -6.6194011e-02  -1.4967334e-01  -2.0724925e-01  -4.7248986e-04  -9.3915541e-04  -3.6647598e-04   4.3816471e-03   2.2402109e-02   4.2952252e-02   2.2324667e-07   8.8201288e-07   1.3430464e-07   7.1863200e-04   4.1878780e-02   3.9853500e-03   5.0624790e-05   5.8860180e-05   1.8758388e-04   5.1643195e-07   1.7538322e-03   1.5883015e-05   2.5628694e-09   3.4645208e-09   3.5187712e-08
   1.0000000e+00  -7.9066062e-02  -1.5663834e-01  -2.3996133e-01   4.0399389e-04  -8.3123615e-04  -3.8724875e-04   6.2514422e-03   2.4535570e-02   5.7581440e-02   1.6321106e-07   6.9095354e-07   1.4996159e-07  -1.2872051e-02  -6.9650000e-03  -3.2712080e-02   8.7648375e-04   1.0791926e-04  -2.0772770e-05   1.6568970e-04   4.8511225e-05   1.0700802e-03   7.6822376e-07   1.1646567e-08   4.3150797e-10
   1.0000000e+00  -5.1768475e-02  -1.6021334e-01  -2.1338100e-01  -1.1036065e-03  -1.0111114e-03  -1.0448762e-06   2.6799750e-03   2.5668314e-02   4.5531451e-02   1.2179473e-06   1.0223463e-06   1.0917663e-12   2.7297587e-02  -3.5750000e-03   2.6580330e-02  -1.5076004e-03  -1.7987525e-04   3.8620387e-04   7.4515826e-04   1.2780625e-05   7.0651394e-04   2.2728589e-06   3.2355106e-08   1.4915343e-07
   1.0000000e+00  -6.9311063e-02  -1.5428114e-01  -2.2174553e-01   3.4242384e-05  -7.6845495e-04  -6.0217934e-05   4.8040235e-03   2.3802670e-02   4.9171080e-02   1.1725409e-09   5.9052301e-07   3.6261996e-09  -1.7542588e-02   5.9322000e-03  -8.3645300e-03   1.1378489e-03   2.4265645e-04  -5.9173058e-05   3.0774239e-04   3.5190997e-05   6.9965362e-05   1.2947001e-06   5.8882153e-08   3.5014508e-09
   1.0000000e+00  -5.8365026e-02  -1.8547170e-01  -2.0972813e-01  -7.6444269e-04  -8.9311943e-04   2.5316942e-05   3.4064763e-03   3.4399752e-02   4.3985889e-02   5.8437263e-07   7.9766232e-07   6.4094755e-10   1.0946037e-02  -3.1190560e-02   1.2017400e-02  -7.9868507e-04  -1.2466448e-04   8.5534876e-05   1.1981573e-04   9.7285103e-04   1.4441790e-04   6.3789785e-07   1.5541233e-08   7.3162150e-09
   1.0000000e+00  -6.9324246e-02  -1.5110809e-01  -2.2068084e-01  -4.8970328e-04  -8.7316154e-04  -1.0523280e-04   4.8058511e-03   2.2833655e-02   4.8700033e-02   2.3980930e-07   7.6241107e-07   1.1073942e-08  -1.0959220e-02   3.4363610e-02  -1.0952710e-02   2.7473941e-04   1.9957890e-05  -1.3054974e-04   1.2010450e-04   1.1808577e-03   1.1996186e-04   7.5481743e-08   3.9831737e-10   1.7043235e-08
   1.0000000e+00  -6.7634678e-02  -1.5912451e-01  -2.6354646e-01   5.0402280e-04  -6.7244797e-04   1.9666703e-04   4.5744497e-03   2.5320610e-02   6.9456737e-02   2.5403898e-07   4.5218627e-07   3.8677921e-08   1.6895680e-03  -8.0164200e-03  -4.2865620e-02   9.9372608e-04   2.0071357e-04   3.0189983e-04   2.8546400e-06   6.4262990e-05   1.8374614e-03   9.8749152e-07   4.0285937e-08   9.1143507e-08
   1.0000000e+00  -6.1192910e-02  -1.5104187e-01  -2.4598782e-01  -8.5807046e-04  -8.5395484e-04   2.6803126e-04   3.7445722e-03   2.2813646e-02   6.0510008e-02   7.3628491e-07   7.2923887e-07   7.1840756e-08   6.4417680e-03   8.0826400e-03   1.7558640e-02  -1.3620933e-03  -1.8150687e-04   7.1364230e-05   4.1496375e-05   6.5329069e-05   3.0830584e-04   1.8552980e-06   3.2944744e-08   5.0928533e-09
   1.0000000e+00  -6.2139871e-02  -1.2640211e-01  -2.6330587e-01  -2.7005226e-04  -7.8525043e-04   4.3624574e-04   3.8613636e-03   1.5977493e-02   6.9329981e-02   7.2928223e-08   6.1661824e-07   1.9031035e-07  -9.4696100e-04   2.4639760e-02  -1.7318050e-02   5.8801820e-04   6.8704410e-05   1.6821448e-04   8.9673514e-07   6.0711777e-04   2.9991486e-04   3.4576540e-07   4.7202960e-09   2.8296111e-08
   1.0000000e+00  -4.1555869e-02  -1.4488046e-01  -2.5269323e-01  -4.7336785e-04  -1.0756603e-03   8.0442788e-04   1.7268902e-03   2.0990348e-02   6.3853868e-02   2.2407712e-07   1.1570451e-06   6.4710421e-07   2.0584002e-02  -1.8478350e-02   1.0612640e-02  -2.0331559e-04  -2.9040987e-04   3.6818214e-04   4.2370114e-04   3.4144942e-04   1.1262813e-04   4.1337229e-08   8.4337893e-08   1.3555809e-07
   1.0000000e+00  -2.9548881e-02  -1.6886978e-01  -2.2385175e-01  -1.4240146e-03  -1.2711101e-03   7.9576028e-04   8.7313637e-04   2.8517003e-02   5.0109606e-02   2.0278176e-06   1.6157209e-06   6.3323442e-07   1.2006988e-02  -2.3989320e-02   2.8841480e-02  -9.5064675e-04  -1.9544980e-04  -8.6676000e-06   1.4416776e-04   5.7548747e-04   8.3183097e-04   9.0372924e-07   3.8200624e-08   7.5127290e-11
   1.0000000e+00  -2.2440715e-02  -1.3442619e-01  -2.4301852e-01  -7.2466337e-04  -1.1888411e-03   8.2189890e-04   5.0358569e-04   1.8070401e-02   5.9058001e-02   5.2513700e-07   1.4133432e-06   6.7551780e-07   7.1081660e-03   3.4443590e-02  -1.9166770e-02   6.9935123e-04   8.2269000e-05   2.6138620e-05   5.0526024e-05   1.1863609e-03   3.6736507e-04   4.8909214e-07   6.7681884e-09   6.8322746e-10
   1.0000000e+00  -3.1379036e-02  -1.7408392e-01  -2.3309143e-01  -7.8224095e-04  -1.2573810e-03   5.3674349e-04   9.8464390e-04   3.0305211e-02   5.4331615e-02   6.1190090e-07   1.5810070e-06   2.8809357e-07  -8.9383210e-03  -3.9657730e-02   9.9270900e-03  -5.7577580e-05  -6.8539900e-05  -2.8515541e-04   7.9893582e-05   1.5727355e-03   9.8547116e-05   3.3151777e-09   4.6977179e-09   8.1313608e-08
   1.0000000e+00  -3.4069693e-02  -1.9816708e-01  -2.2475378e-01  -1.5482320e-03  -1.1744169e-03   2.9359250e-04   1.1607440e-03   3.9270192e-02   5.0514262e-02   2.3970223e-06   1.3792551e-06   8.6196556e-08  -2.6906570e-03  -2.4083160e-02   8.3376500e-03  -7.6599105e-04   8.2964100e-05  -2.4315099e-04   7.2396351e-06   5.7999860e-04   6.9516408e-05   5.8674229e-07   6.8830419e-09   5.9122404e-08
   1.0000000e+00  -3.7100240e-02  -1.8731600e-01  -2.2197370e-01  -7.4606678e-04  -1.0015367e-03   3.9612168e-04   1.3764278e-03   3.5087284e-02   4.9272323e-02   5.5661564e-07   1.0030758e-06   1.5691239e-07  -3.0305470e-03   1.0851080e-02   2.7800800e-03   8.0216522e-04   1.7288020e-04   1.0252918e-04   9.1842151e-06   1.1774594e-04   7.7288448e-06   6.4346904e-07   2.9887564e-08   1.0512233e-08
   1.0000000e+00  -3.3406660e-02  -2.2676645e-01  -1.9510943e-01  -1.4657460e-03  -1.1614699e-03   2.7186852e-04   1.1160049e-03   5.1423023e-02   3.8067690e-02   2.1484113e-06   1.3490123e-06   7.3912492e-08   3.6935800e-03  -3.9450450e-02   2.6864270e-02  -7.1967922e-04  -1.5993320e-04  -1.2425316e-04   1.3642533e-05   1.5563380e-03   7.2168900e-04   5.1793818e-07   2.5578628e-08   1.5438848e-08
   1.0000000e+00  -3.2833659e-02  -2.2561242e-01  -1.9556169e-01  -1.4258721e-03  -1.2459508e-03   1.8091013e-04   1.0780492e-03   5.0900964e-02   3.8244375e-02   2.0331112e-06   1.5523934e-06   3.2728475e-08   5.7300100e-04   1.1540300e-03  -4.5226000e-04   3.9873900e-05  -8.4480900e-05  -9.0958390e-05   3.2833015e-07   1.3317852e-06   2.0453911e-07   1.5899279e-09   7.1370225e-09   8.2734287e-09
   1.0000000e+00  -4.2514927e-02  -2.4298862e-01  -1.9279988e-01  -7.6455885e-04  -1.3009401e-03   1.3402639e-04   1.8075190e-03   5.9043469e-02   3.7171794e-02   5.8455024e-07   1.6924451e-06   1.7963073e-08  -9.6812680e-03  -1.7376200e-02   2.7618100e-03   6.6131325e-04  -5.4989300e-05  -4.6883740e-05   9.3726950e-05   3.0193233e-04   7.6275945e-06   4.3733521e-07   3.0238231e-09   2.1980851e-09
   1.0000000e+00  -4.5259033e-02  -2.7987832e-01  -1.6879564e-01  -1.9813588e-03  -1.3195633e-03  -2.6746153e-04   2.0483801e-03   7.8331874e-02   2.8491968e-02   3.9257827e-06   1.7412473e-06   7.1535670e-08  -2.7441060e-03  -3.6889700e-02   2.4004240e-02  -1.2168000e-03  -1.8623200e-05  -4.0148792e-04   7.5301177e-06   1.3608500e-03   5.7620354e-04   1.4806021e-06   3.4682358e-10   1.6119255e-07
   1.0000000e+00  -8.5688749e-02  -3.3018443e-01  -1.5415935e-01  -1.3243918e-03  -8.5725940e-04  -1.2229777e-03   7.3425617e-03   1.0902176e-01   2.3765105e-02   1.7540136e-06   7.3489368e-07   1.4956745e-06  -4.0429716e-02  -5.0306110e-02   1.4636290e-02   6.5696700e-04   4.6230390e-04  -9.5551617e-04   1.6345619e-03   2.5307047e-03   2.1422098e-04   4.3160564e-07   2.1372490e-07   9.1301115e-07
   1.0000000e+00  -4.8118598e-02  -2.4919084e-01  -1.9900943e-01  -1.6969506e-03  -1.4165703e-03  -2.7525788e-04   2.3153995e-03   6.2096075e-02   3.9604753e-02   2.8796413e-06   2.0066714e-06   7.5766901e-08   3.7570151e-02   8.0993590e-02  -4.4850080e-02  -3.7255880e-04  -5.5931090e-04   9.4771982e-04   1.4115162e-03   6.5599616e-03   2.0115297e-03   1.3880006e-07   3.1282868e-07   8.9817286e-07
   1.0000000e+00  -4.9304871e-02  -2.5781805e-01  -1.9693659e-01  -1.1545597e-03  -1.2747895e-03  -3.0535855e-04   2.4309703e-03   6.6470147e-02   3.8784020e-02   1.3330081e-06   1.6250883e-06   9.3243844e-08  -1.1862730e-03  -8.6272100e-03   2.0728400e-03   5.4239090e-04   1.4178080e-04  -3.0100670e-05   1.4072436e-06   7.4428752e-05   4.2966657e-06   2.9418789e-07   2.0101795e-08   9.0605033e-10
   1.0000000e+00  -3.7782604e-02  -2.6192503e-01  -2.1009078e-01  -1.2751308e-03  -1.5137648e-03  -5.5257906e-05   1.4275252e-03   6.8604721e-02   4.4138136e-02   1.6259586e-06   2.2914839e-06   3.0534362e-09   1.1522267e-02  -4.1069800e-03  -1.3154190e-02  -1.2057110e-04  -2.3897530e-04   2.5010064e-04   1.3276264e-04   1.6867285e-05   1.7303271e-04   1.4537390e-08   5.7109194e-08   6.2550332e-08
   1.0000000e+00  -5.0613437e-02  -2.2580184e-01  -1.8904684e-01  -1.4590962e-03  -1.3907809e-03  -2.7354404e-04   2.5617200e-03   5.0986471e-02   3.5738708e-02   2.1289617e-06   1.9342715e-06   7.4826342e-08  -1.2830833e-02   3.6123190e-02   2.1043940e-02  -1.8396540e-04   1.2298390e-04  -2.1828613e-04   1.6463028e-04   1.3048849e-03   4.4284741e-04   3.3843268e-08   1.5125040e-08   4.7648836e-08
   1.0000000e+00  -3.8670797e-02  -2.4861425e-01  -2.2208044e-01  -6.7078672e-04  -1.4240696e-03   1.5662782e-04   1.4954305e-03   6.1809045e-02   4.9319722e-02   4.4995482e-07   2.0279742e-06   2.4532274e-08   1.1942640e-02  -2.2812410e-02  -3.3033600e-02   7.8830948e-04  -3.3288700e-05   4.3017186e-04   1.4262665e-04   5.2040605e-04   1.0912187e-03   6.2143184e-07   1.1081375e-09   1.8504783e-07
   1.0000000e+00  -3.2051827e-02  -2.0331517e-01  -2.2029680e-01  -1.6374382e-03  -1.6855259e-03   4.8020667e-04   1.0273196e-03   4.1337058e-02   4.8530680e-02   2.6812039e-06   2.8409976e-06   2.3059845e-07   6.6189700e-03   4.5299080e-02   1.7836400e-03  -9.6665148e-04  -2.6145630e-04   3.2357885e-04   4.3810764e-05   2.0520066e-03   3.1813716e-06   9.3441508e-07   6.8359397e-08   1.0470327e-07
   1.0000000e+00  -4.2115937e-02  -2.1726983e-01  -2.4926317e-01  -8.2448298e-05  -1.4442011e-03   4.9598404e-04   1.7737521e-03   4.7206179e-02   6.2132128e-02   6.7977218e-09   2.0857168e-06   2.4600017e-07  -1.0064110e-02  -1.3954660e-02  -2.8966370e-02   1.5549899e-03   2.4132480e-04   1.5777370e-05   1.0128631e-04   1.9473254e-04   8.3905059e-04   2.4179936e-06   5.8237659e-08   2.4892540e-10
   1.0000000e+00  -2.2721401e-02  -2.2631832e-01  -2.3478280e-01  -1.4340546e-03  -1.7459977e-03   7.3883356e-04   5.1626206e-04   5.1219982e-02   5.5122963e-02   2.0565126e-06   3.0485080e-06   5.4587503e-07   1.9394536e-02  -9.0484900e-03   1.4480370e-02  -1.3516063e-03  -3.0179660e-04   2.4284952e-04   3.7614803e-04   8.1875171e-05   2.0968112e-04   1.8268396e-06   9.1081188e-08   5.8975889e-08
   1.0000000e+00  -3.0825384e-02  -2.2369909e-01  -2.2627409e-01  -6.4294033e-04  -1.6155503e-03   6.1113372e-04   9.5020430e-04   5.0041283e-02   5.1199964e-02   4.1337227e-07   2.6100028e-06   3.7348442e-07  -8.1039830e-03   2.6192300e-03   8.5087100e-03   7.9111427e-04   1.3044740e-04  -1.2769984e-04   6.5674540e-05   6.8603658e-06   7.2398146e-05   6.2586179e-07   1.7016524e-08   1.6307249e-08
   1.0000000e+00  -2.6794972e-02  -2.4236599e-01  -2.4093882e-01  -6.2109089e-04  -1.6694594e-03   6.9511183e-04   7.1797052e-04   5.8741273e-02   5.8051515e-02   3.8575389e-07   2.7870947e-06   4.8318046e-07   4.0304120e-03  -1.8666900e-02  -1.4664730e-02   2.1849440e-05  -5.3909100e-05   8.3978110e-05   1.6244221e-05   3.4845316e-04   2.1505431e-04   4.7739803e-10   2.9061911e-09   7.0523230e-09
   1.0000000e+00  -1.1205261e-02  -2.3944713e-01  -1.8063974e-01  -2.2725204e-03  -1.9647796e-03   8.0129854e-04   1.2555787e-04   5.7334928e-02   3.2630716e-02   5.1643490e-06   3.8603589e-06   6.4207935e-07   1.5589711e-02   2.9188600e-03   6.0299080e-02  -1.6514295e-03  -2.9532020e-04   1.0618671e-04   2.4303909e-04   8.5197437e-06   3.6359790e-03   2.7272194e-06   8.7214021e-08   1.1275617e-08
   1.0000000e+00  -2.3502854e-02  -2.3719286e-01  -2.1832977e-01  -9.9708635e-04  -1.7797526e-03   6.5692808e-04   5.5238415e-04   5.6260453e-02   4.7667888e-02   9.9418119e-07   3.1675193e-06   4.3155450e-07  -1.2297593e-02   2.2542700e-03  -3.7690030e-02   1.2754340e-03   1.8502700e-04  -1.4437046e-04   1.5123079e-04   5.0817332e-06   1.4205384e-03   1.6267320e-06   3.4234991e-08   2.0842830e-08
   1.0000000e+00  -2.9760333e-02  -2.4628666e-01  -2.1187613e-01  -1.1797618e-03  -1.8812200e-03   5.3345541e-04   8.8567742e-04   6.0657119e-02   4.4891494e-02   1.3918379e-06   3.5389887e-06   2.8457467e-07  -6.2574790e-03  -9.0938000e-03   6.4536400e-03  -1.8267545e-04  -1.0146740e-04  -1.2347267e-04   3.9156043e-05   8.2697198e-05   4.1649469e-05   3.3370320e-08   1.0295633e-08   1.5245500e-08
   1.0000000e+00  -2.1850186e-02  -2.5597693e-01  -1.9601773e-01  -1.7881709e-03  -1.9418365e-03   5.6915777e-04   4.7743063e-04   6.5524189e-02   3.8422950e-02   3.1975552e-06   3.7707290e-06   3.2394057e-07   7.9101470e-03  -9.6902700e-03   1.5858400e-02  -6.0840910e-04  -6.0616500e-05   3.5702360e-05   6.2570426e-05   9.3901333e-05   2.5148885e-04   3.7016163e-07   3.6743601e-09   1.2746585e-09
   1.0000000e+00  -2.9398353e-02  -2.3151639e-01  -2.0883155e-01  -9.5378176e-04  -1.6562253e-03   6.1998220e-04   8.6426316e-04   5.3599839e-02   4.3610616e-02   9.0969965e-07   2.7430822e-06   3.8437793e-07  -7.5481670e-03   2.4460540e-02  -1.2813820e-02   8.3438914e-04   2.8561120e-04   5.0824430e-05   5.6974825e-05   5.9831802e-04   1.6419398e-04   6.9620524e-07   8.1573758e-08   2.5831227e-09
   1.0000000e+00  -1.2960722e-02  -2.3577027e-01  -2.0409492e-01  -1.1846065e-03  -1.9553521e-03   1.0206673e-03   1.6798031e-04   5.5587620e-02   4.1654736e-02   1.4032926e-06   3.8234018e-06   1.0417617e-06   1.6437631e-02  -4.2538800e-03   4.7366300e-03  -2.3082474e-04  -2.9912680e-04   4.0068510e-04   2.7019571e-04   1.8095495e-05   2.2435664e-05   5.3280061e-08   8.9476842e-08   1.6054855e-07
   1.0000000e+00  -2.1671569e-02  -2.2438350e-01  -2.2288595e-01  -1.5062525e-03  -2.2830007e-03   1.0115487e-03   4.6965690e-04   5.0347955e-02   4.9678147e-02   2.2687966e-06   5.2120922e-06   1.0232308e-06  -8.7108470e-03   1.1386770e-02  -1.8791030e-02  -3.2164600e-04  -3.2764860e-04  -9.1186000e-06   7.5878855e-05   1.2965853e-04   3.5310281e-04   1.0345615e-07   1.0735361e-07   8.3148866e-11
   1.0000000e+00  -5.4790901e-02  -2.0914523e-01  -2.4903506e-01  -1.1435608e-03  -1.9418871e-03   4.5251856e-04   3.0020428e-03   4.3741727e-02   6.2018461e-02   1.3077313e-06   3.7709255e-06   2.0477305e-07  -3.3119332e-02   1.5238270e-02  -2.6149110e-02   3.6269170e-04   3.4111360e-04  -5.5903014e-04   1.0968902e-03   2.3220487e-04   6.8377595e-04   1.3154527e-07   1.1635849e-07   3.1251470e-07
   1.0000000e+00  -5.9840559e-02  -2.3734584e-01  -2.2512774e-01  -1.5832255e-03  -2.0959315e-03   5.4957426e-06   3.5808925e-03   5.6333048e-02   5.0682499e-02   2.5066030e-06   4.3929289e-06   3.0203187e-11  -5.0496580e-03  -2.8200610e-02   2.3907320e-02  -4.3966470e-04  -1.5404440e-04  -4.4702282e-04   2.5499046e-05   7.9527440e-04   5.7155995e-04   1.9330505e-07   2.3729677e-08   1.9982940e-07
   1.0000000e+00  -3.1669410e-02  -2.4066855e-01  -2.4565057e-01  -1.9095821e-03  -2.1306676e-03   7.9924685e-04   1.0029515e-03   5.7921351e-02   6.0344203e-02   3.6465038e-06   4.5397444e-06   6.3879553e-07   2.8171149e-02  -3.3227100e-03  -2.0522830e-02  -3.2635660e-04  -3.4736100e-05   7.9375111e-04   7.9361364e-04   1.1040402e-05   4.2118655e-04   1.0650863e-07   1.2065966e-09   6.3004082e-07
   1.0000000e+00  -4.1926738e-02  -2.2711249e-01  -2.6812815e-01  -1.2953162e-03  -1.9386233e-03   6.3308198e-04   1.7578514e-03   5.1580083e-02   7.1892705e-02   1.6778441e-06   3.7582603e-06   4.0079279e-07  -1.0257328e-02   1.3556060e-02  -2.2477580e-02   6.1426590e-04   1.9204430e-04  -1.6616487e-04   1.0521278e-04   1.8376676e-04   5.0524160e-04   3.7732260e-07   3.6881013e-08   2.7610764e-08
   1.0000000e+00  -4.1731752e-02  -2.5825568e-01  -2.2373630e-01  -1.8886946e-03  -2.3227308e-03   7.1750904e-04   1.7415391e-03   6.6695996e-02   5.0057932e-02   3.5671673e-06   5.3950784e-06   5.1481922e-07   1.9498600e-04  -3.1143190e-02   4.4391850e-02  -5.9337840e-04  -3.8410750e-04   8.4427060e-05   3.8019540e-08   9.6989828e-04   1.9706363e-03   3.5209793e-07   1.4753857e-07   7.1279285e-09
   1.0000000e+00  -5.8258026e-02  -2.8151840e-01  -2.1492510e-01  -2.2489768e-03  -2.2031544e-03   1.5237166e-04   3.3939976e-03   7.9252610e-02   4.6192799e-02   5.0578966e-06   4.8538893e-06   2.3217123e-08  -1.6526274e-02  -2.3262720e-02   8.8112000e-03  -3.6028220e-04   1.1957640e-04  -5.6513738e-04   2.7311773e-04   5.4115414e-04   7.7637245e-05   1.2980326e-07   1.4298515e-08   3.1938026e-07
   1.0000000e+00  -6.4262165e-02  -2.3866779e-01  -2.5168125e-01  -1.4374830e-03  -1.7507213e-03   8.4274330e-05   4.1296259e-03   5.6962314e-02   6.3343452e-02   2.0663574e-06   3.0650251e-06   7.1021627e-09  -6.0041390e-03   4.2850610e-02  -3.6756150e-02   8.1149380e-04   4.5243310e-04  -6.8097330e-05   3.6049685e-05   1.8361748e-03   1.3510146e-03   6.5852219e-07   2.0469571e-07   4.6372464e-09
   1.0000000e+00  -6.4541164e-02  -2.0725228e-01  -3.0935659e-01  -8.7986845e-04  -1.9701866e-03   7.7446033e-04   4.1655619e-03   4.2953508e-02   9.5701500e-02   7.7416849e-07   3.8816352e-06   5.9978880e-07  -2.7899900e-04   3.1415510e-02  -5.7675340e-02   5.5761455e-04  -2.1946530e-04   6.9018600e-04   7.7840442e-08   9.8693427e-04   3.3264448e-03   3.1093399e-07   4.8165018e-08   4.7635671e-07
   1.0000000e+00  -7.3789223e-02  -2.6570043e-01  -2.7936894e-01  -1.3666154e-03  -2.0381260e-03   1.7157899e-04   5.4448494e-03   7.0596719e-02   7.8047005e-02   1.8676377e-06   4.1539576e-06   2.9439350e-08  -9.2480590e-03  -5.8448150e-02   2.9987650e-02  -4.8674695e-04  -6.7939400e-05  -6.0288134e-04   8.5526595e-05   3.4161862e-03   8.9925915e-04   2.3692259e-07   4.6157621e-09   3.6346591e-07
   1.0000000e+00  -4.2663596e-02  -2.6610924e-01  -2.3368638e-01  -2.1431981e-03  -1.9820919e-03   6.5342385e-04   1.8201824e-03   7.0814128e-02   5.4609324e-02   4.5932981e-06   3.9286883e-06   4.2696273e-07   3.1125627e-02  -4.0881000e-04   4.5682560e-02  -7.7658270e-04   5.6034100e-05   4.8184486e-04   9.6880466e-04   1.6712562e-07   2.0868963e-03   6.0308069e-07   3.1398204e-09   2.3217447e-07
   1.0000000e+00  -6.1956068e-02  -2.6686539e-01  -2.5641001e-01  -1.1493490e-03  -1.7487575e-03   2.5178974e-04   3.8385544e-03   7.1217136e-02   6.5746093e-02   1.3210031e-06   3.0581528e-06   6.3398073e-08  -1.9292472e-02  -7.5615000e-04  -2.2723630e-02   9.9384910e-04   2.3333440e-04  -4.0163411e-04   3.7219948e-04   5.7176282e-07   5.1636336e-04   9.8773603e-07   5.4444942e-08   1.6130996e-07
   1.0000000e+00  -2.5839908e-02  -2.8062043e-01  -2.6312816e-01  -7.8083348e-04  -2.1211211e-03   1.0275017e-03   6.6770085e-04   7.8747826e-02   6.9236429e-02   6.0970092e-07   4.4991547e-06   1.0557597e-06   3.6116160e-02  -1.3755040e-02  -6.7181500e-03   3.6851552e-04  -3.7236360e-04   7.7571196e-04   1.3043770e-03   1.8920113e-04   4.5133539e-05   1.3580369e-07   1.3865465e-07   6.0172904e-07
   1.0000000e+00  -3.0622930e-02  -2.7567883e-01  -2.4531592e-01  -1.8211276e-03  -2.3952776e-03   8.4145040e-04   9.3776384e-04   7.5998817e-02   6.0179901e-02   3.3165057e-06   5.7373548e-06   7.0803878e-07  -4.7830220e-03   4.9416000e-03   1.7812240e-02  -1.0402941e-03  -2.7415650e-04  -1.8605130e-04   2.2877299e-05   2.4419411e-05   3.1727589e-04   1.0822119e-06   7.5161786e-08   3.4615086e-08
   1.0000000e+00  -4.7015900e-02  -2.7999706e-01  -2.2012663e-01  -1.8553459e-03  -2.0947353e-03   4.9484437e-04   2.2104949e-03   7.8398354e-02   4.8455733e-02   3.4423084e-06   4.3879160e-06   2.4487095e-07  -1.6392970e-02  -4.3182300e-03   2.5189290e-02  -3.4218300e-05   3.0054230e-04  -3.4660603e-04   2.6872947e-04   1.8647110e-05   6.3450033e-04   1.1708921e-09   9.0325674e-08   1.2013574e-07
   1.0000000e+00  -5.3019284e-02  -3.0563294e-01  -2.3183414e-01  -1.2719550e-03  -2.1411535e-03   1.8593534e-04   2.8110445e-03   9.3411494e-02   5.3747068e-02   1.6178695e-06   4.5845383e-06   3.4571951e-08  -6.0033840e-03  -2.5635880e-02  -1.1707510e-02   5.8339090e-04  -4.6418200e-05  -3.0890903e-04   3.6040619e-05   6.5719834e-04   1.3706579e-04   3.4034494e-07   2.1546493e-09   9.5424789e-08
   1.0000000e+00  -4.6469245e-02  -3.2736151e-01  -2.0969146e-01  -1.9155280e-03  -2.2160885e-03   2.4011311e-04   2.1593907e-03   1.0716556e-01   4.3970508e-02   3.6692475e-06   4.9110482e-06   5.7654306e-08   6.5500390e-03  -2.1728570e-02   2.2142680e-02  -6.4357300e-04  -7.4935000e-05   5.4177770e-05   4.2903011e-05   4.7213075e-04   4.9029828e-04   4.1418621e-07   5.6152542e-09   2.9352308e-09
   1.0000000e+00  -4.5219833e-02  -3.1730449e-01  -2.1818472e-01  -1.9303805e-03  -2.0383135e-03   1.8821623e-04   2.0448333e-03   1.0068214e-01   4.7604572e-02   3.7263689e-06   4.1547219e-06   3.5425349e-08   1.2494120e-03   1.0057020e-02  -8.4932600e-03  -1.4852500e-05   1.7777500e-04  -5.1896880e-05   1.5610303e-06   1.0114365e-04   7.2135465e-05   2.2059676e-10   3.1603951e-08   2.6932862e-09
   1.0000000e+00  -5.4714706e-02  -3.1398807e-01  -2.3980951e-01  -1.2424116e-03  -2.0055608e-03   2.2233317e-04   2.9936991e-03   9.8588508e-02   5.7508601e-02   1.5435866e-06   4.0222741e-06   4.9432038e-08  -9.4948730e-03   3.3164200e-03  -2.1624790e-02   6.8796890e-04   3.2752700e-05   3.4116940e-05   9.0152613e-05   1.0998642e-05   4.6763154e-04   4.7330121e-07   1.0727394e-09   1.1639656e-09
   1.0000000e+00  -3.7601341e-02  -3.0737360e-01  -2.3551624e-01  -1.6780007e-03  -2.1605882e-03   6.9087097e-04   1.4138608e-03   9.4478530e-02   5.5467899e-02   2.8156863e-06   4.6681414e-06   4.7730270e-07   1.7113365e-02   6.6144700e-03   4.2932700e-03  -4.3558910e-04  -1.5502740e-04   4.6853780e-04   2.9286726e-04   4.3751213e-05   1.8432167e-05   1.8973786e-07   2.4033495e-08   2.1952767e-07
   1.0000000e+00  -4.7330486e-02  -3.0006908e-01  -2.2191505e-01  -1.1473942e-03  -2.1174709e-03   3.1588560e-04   2.2401749e-03   9.0041453e-02   4.9246289e-02   1.3165135e-06   4.4836830e-06   9.9783712e-08  -9.7291450e-03   7.3045200e-03   1.3601190e-02   5.3060650e-04   4.3117300e-05  -3.7498537e-04   9.4656262e-05   5.3356012e-05   1.8499237e-04   2.8154326e-07   1.8591016e-09   1.4061403e-07
   1.0000000e+00  -5.5730216e-02  -3.3254408e-01  -2.0665082e-01  -1.5759229e-03  -2.2184158e-03  -3.3223836e-05   3.1058570e-03   1.1058557e-01   4.2704561e-02   2.4835330e-06   4.9213687e-06   1.1038233e-09  -8.3997300e-03  -3.2475000e-02   1.5264230e-02  -4.2852870e-04  -1.0094490e-04  -3.4910944e-04   7.0555464e-05   1.0546256e-03   2.3299672e-04   1.8363685e-07   1.0189873e-08   1.2187740e-07
   1.0000000e+00  -3.9298937e-02  -3.4083911e-01  -1.8535880e-01  -2.6514689e-03  -2.1904832e-03   3.1304780e-04   1.5444064e-03   1.1617130e-01   3.4357885e-02   7.0302873e-06   4.7982166e-06   9.7998925e-08   1.6431279e-02  -8.2950300e-03   2.1292020e-02  -1.0755460e-03   2.7932600e-05   3.4627164e-04   2.6998693e-04   6.8807523e-05   4.5335012e-04   1.1567992e-06   7.8023014e-10   1.1990405e-07
   1.0000000e+00  -3.2395968e-02  -3.4716787e-01  -1.5393411e-01  -2.7274564e-03  -2.2038655e-03   3.1368551e-04   1.0494987e-03   1.2052553e-01   2.3695710e-02   7.4390184e-06   4.8570231e-06   9.8398599e-08   6.9029690e-03  -6.3287600e-03   3.1424690e-02  -7.5987500e-05  -1.3382300e-05   6.3771000e-07   4.7650981e-05   4.0053203e-05   9.8751114e-04   5.7741002e-09   1.7908595e-10   4.0667404e-13
   1.0000000e+00  -4.3024427e-02  -3.4157910e-01  -1.7985354e-01  -2.3124697e-03  -1.9747295e-03   1.1025838e-04   1.8511013e-03   1.1667628e-01   3.2347296e-02   5.3475161e-06   3.8995566e-06   1.2156910e-08  -1.0628459e-02   5.5887700e-03  -2.5919430e-02   4.1498670e-04   2.2913600e-04  -2.0342713e-04   1.1296414e-04   3.1234350e-05   6.7181685e-04   1.7221396e-07   5.2503306e-08   4.1382597e-08
   1.0000000e+00  -3.1962406e-02  -3.6422223e-01  -1.6825325e-01  -2.8323568e-03  -1.9386610e-03   1.4756003e-04   1.0215954e-03   1.3265783e-01   2.8309156e-02   8.0222450e-06   3.7584065e-06   2.1773962e-08   1.1062021e-02  -2.2643130e-02   1.1600290e-02  -5.1988710e-04   3.6068500e-05   3.7301650e-05   1.2236831e-04   5.1271134e-04   1.3456673e-04   2.7028260e-07   1.3009367e-09   1.3914131e-09
   1.0000000e+00  -4.4648407e-02  -3.6152600e-01  -2.1679176e-01  -1.7666342e-03  -1.9511952e-03   1.5184341e-04   1.9934802e-03   1.3070105e-01   4.6998667e-02   3.1209964e-06   3.8071627e-06   2.3056421e-08  -1.2686001e-02   2.6962300e-03  -4.8538510e-02   1.0657226e-03  -1.2534200e-05   4.2833800e-06   1.6093462e-04   7.2696562e-06   2.3559870e-03   1.1357647e-06   1.5710617e-10   1.8347344e-11
   1.0000000e+00  -2.6811079e-02  -3.7360496e-01  -2.1559789e-01  -2.3365672e-03  -2.2389430e-03   6.2684736e-04   7.1883396e-04   1.3958067e-01   4.6482450e-02   5.4595463e-06   5.0128658e-06   3.9293761e-07   1.7837328e-02  -1.2078960e-02   1.1938700e-03  -5.6993300e-04  -2.8774780e-04   4.7500395e-04   3.1817027e-04   1.4590127e-04   1.4253256e-06   3.2482362e-07   8.2798796e-08   2.2562875e-07
   1.0000000e+00  -5.5117824e-02  -3.4354292e-01  -2.3411220e-01  -1.1702294e-03  -1.8634248e-03   1.4527930e-04   3.0379745e-03   1.1802174e-01   5.4808522e-02   1.3694368e-06   3.4723520e-06   2.1106075e-08  -2.8306745e-02   3.0062040e-02  -1.8514310e-02   1.1663378e-03   3.7551820e-04  -4.8156806e-04   8.0127181e-04   9.0372625e-04   3.4277967e-04   1.3603439e-06   1.4101392e-07   2.3190780e-07
   1.0000000e+00  -5.4178897e-02  -3.7523754e-01  -2.2600220e-01  -1.7319482e-03  -2.1327409e-03  -6.9171098e-05   2.9353529e-03   1.4080321e-01   5.1076994e-02   2.9996446e-06   4.5485837e-06   4.7846408e-09   9.3892700e-04  -3.1694620e-02   8.1100000e-03  -5.6171880e-04  -2.6931610e-04  -2.1445040e-04   8.8158391e-07   1.0045489e-03   6.5772100e-05   3.1552801e-07   7.2531162e-08   4.5988973e-08
   1.0000000e+00  -4.7970707e-02  -3.1790353e-01  -2.2415642e-01  -9.3433706e-04  -2.0524400e-03   4.0456360e-04   2.3011887e-03   1.0106265e-01   5.0246101e-02   8.7298574e-07   4.2125100e-06   1.6367171e-07   6.2081900e-03   5.7334010e-02   1.8457800e-03   7.9761114e-04   8.0300900e-05   4.7373470e-04   3.8541623e-05   3.2871887e-03   3.4069038e-06   6.3618353e-07   6.4482345e-09   2.2442456e-07
   1.0000000e+00  -4.0347917e-02  -3.2383546e-01  -2.4768653e-01  -6.1094200e-04  -2.1915910e-03   5.8638985e-04   1.6279544e-03   1.0486941e-01   6.1348617e-02   3.7325013e-07   4.8030711e-06   3.4385306e-07   7.6227900e-03  -5.9319300e-03  -2.3530110e-02   3.2339506e-04  -1.3915100e-04   1.8182625e-04   5.8106927e-05   3.5187794e-05   5.5366608e-04   1.0458436e-07   1.9363001e-08   3.3060785e-08
   1.0000000e+00  -3.5608646e-02  -3.2947822e-01  -2.1890766e-01  -1.8806142e-03  -2.2849175e-03   3.7001636e-04   1.2679757e-03   1.0855590e-01   4.7920564e-02   3.5367098e-06   5.2208480e-06   1.3691211e-07   4.7392710e-03  -5.6427600e-03   2.8778870e-02  -1.2696722e-03  -9.3326500e-05  -2.1637349e-04   2.2460690e-05   3.1840740e-05   8.2822336e-04   1.6120675e-06   8.7098356e-09   4.6817487e-08
   1.0000000e+00  -4.2393300e-02  -3.2361602e-01  -2.2402505e-01  -1.2287422e-03  -2.2506838e-03   5.7594604e-04   1.7971919e-03   1.0472733e-01   5.0187223e-02   1.5098074e-06   5.0655776e-06   3.3171384e-07  -6.7846540e-03   5.8622000e-03  -5.1173900e-03   6.5187200e-04   3.4233700e-05   2.0592968e-04   4.6031530e-05   3.4365389e-05   2.6187680e-05   4.2493710e-07   1.1719462e-09   4.2407033e-08
   1.0000000e+00  -3.2449575e-02  -3.5341577e-01  -2.1779503e-01  -1.7443191e-03  -2.3423324e-03   6.6712350e-04   1.0529749e-03   1.2490271e-01   4.7434675e-02   3.0426491e-06   5.4865211e-06   4.4505376e-07   9.9437250e-03  -2.9799750e-02   6.2300200e-03  -5.1557690e-04  -9.1648600e-05   9.1177460e-05   9.8877667e-05   8.8802510e-04   3.8813149e-05   2.6581954e-07   8.3994659e-09   8.3133292e-09
   1.0000000e+00  -2.4458037e-02  -3.7886762e-01  -1.8693796e-01  -2.6650245e-03  -2.2197002e-03   7.2342754e-04   5.9819557e-04   1.4354067e-01   3.4945801e-02   7.1023556e-06   4.9270690e-06   5.2334741e-07   7.9915380e-03  -2.5451850e-02   3.0857070e-02  -9.2070540e-04   1.2263220e-04   5.6304040e-05   6.3864680e-05   6.4779667e-04   9.5215877e-04   8.4769843e-07   1.5038656e-08   3.1701449e-09
   1.0000000e+00  -2.9985804e-02  -3.4925466e-01  -2.0447691e-01  -2.3114168e-03  -2.0764347e-03   5.2527253e-04   8.9914844e-04   1.2197882e-01   4.1810807e-02   5.3426476e-06   4.3115811e-06   2.7591123e-07  -5.5277670e-03   2.9612960e-02  -1.7538950e-02   3.5360770e-04   1.4326550e-04  -1.9815501e-04   3.0556208e-05   8.7692740e-04   3.0761477e-04   1.2503841e-07   2.0525003e-08   3.9265408e-08
   1.0000000e+00  -2.4070960e-02  -3.8211608e-01  -2.1347033e-01  -1.9715200e-03  -2.2251498e-03   5.4642715e-04   5.7941112e-04   1.4601270e-01   4.5569582e-02   3.8868911e-06   4.9512916e-06   2.9858263e-07   5.9148440e-03  -3.2861420e-02  -8.9934200e-03   3.3989680e-04  -1.4871510e-04   2.1154620e-05   3.4985380e-05   1.0798729e-03   8.0881603e-05   1.1552983e-07   2.2116181e-08   4.4751795e-10
   1.0000000e+00  -2.1228287e-02  -3.5256055e-01  -2.1231080e-01  -2.7437264e-03  -2.1289241e-03   6.3764386e-04   4.5064017e-04   1.2429894e-01   4.5075876e-02   7.5280346e-06   4.5323178e-06   4.0658969e-07   2.8426730e-03   2.9555530e-02   1.1595300e-03  -7.7220640e-04   9.6225700e-05   9.1216710e-05   8.0807898e-06   8.7352935e-04   1.3445098e-06   5.9630272e-07   9.2593853e-09   8.3204882e-09
   1.0000000e+00  -2.6131399e-02  -3.6210959e-01  -2.1907180e-01  -1.8906119e-03  -2.0095825e-03   5.2530743e-04   6.8285001e-04   1.3112336e-01   4.7992454e-02   3.5744134e-06   4.0384218e-06   2.7594790e-07  -4.9031120e-03  -9.5490400e-03  -6.7610000e-03   8.5311450e-04   1.1934160e-04  -1.1233643e-04   2.4040507e-05   9.1184165e-05   4.5711121e-05   7.2780435e-07   1.4242417e-08   1.2619474e-08
   1.0000000e+00  -2.4736386e-02  -3.9584578e-01  -2.2654733e-01  -1.7948544e-03  -2.0591619e-03   4.6997746e-04   6.1188879e-04   1.5669388e-01   5.1323693e-02   3.2215023e-06   4.2401477e-06   2.2087881e-07   1.3950130e-03  -3.3736190e-02  -7.4755300e-03   9.5757500e-05  -4.9579400e-05  -5.5329970e-05   1.9460613e-06   1.1381305e-03   5.5883549e-05   9.1694988e-09   2.4581169e-09   3.0614056e-09
   1.0000000e+00  -4.0908341e-02  -3.6201192e-01  -2.1391702e-01  -2.4504018e-03  -1.9477468e-03  -3.2177177e-05   1.6734924e-03   1.3105263e-01   4.5760491e-02   6.0044690e-06   3.7937176e-06   1.0353707e-09  -1.6171955e-02   3.3833860e-02   1.2630310e-02  -6.5554740e-04   1.1141510e-04  -5.0215464e-04   2.6153213e-04   1.1447301e-03   1.5952473e-04   4.2974239e-07   1.2413325e-08   2.5215928e-07
   1.0000000e+00  -3.7884549e-02  -3.5445816e-01  -2.5815450e-01  -1.0875595e-03  -2.1843775e-03   4.0751185e-04   1.4352391e-03   1.2564059e-01   6.6643746e-02   1.1827857e-06   4.7715051e-06   1.6606591e-07   3.0237920e-03   7.5537600e-03  -4.4237480e-02   1.3628423e-03  -2.3663070e-04   4.3968903e-04   9.1433181e-06   5.7059290e-05   1.9569546e-03   1.8573391e-06   5.5994088e-08   1.9332644e-07
   1.0000000e+00  -2.7133060e-02  -3.9462633e-01  -2.2199994e-01  -1.9828778e-03  -2.3078892e-03   2.9883034e-04   7.3620294e-04   1.5572994e-01   4.9283973e-02   3.9318044e-06   5.3263526e-06   8.9299572e-08   1.0751489e-02  -4.0168170e-02   3.6154560e-02  -8.9531830e-04  -1.2351170e-04  -1.0868151e-04   1.1559452e-04   1.6134819e-03   1.3071522e-03   8.0159486e-07   1.5255140e-08   1.1811671e-08
   1.0000000e+00  -2.6580894e-02  -3.7683682e-01  -1.7963789e-01  -3.0083460e-03  -2.1776871e-03   5.2840616e-04   7.0654393e-04   1.4200599e-01   3.2269772e-02   9.0501457e-06   4.7423211e-06   2.7921307e-07   5.5216600e-04   1.7789510e-02   4.2362050e-02  -1.0254682e-03   1.3020210e-04   2.2957582e-04   3.0488729e-07   3.1646667e-04   1.7945433e-03   1.0515850e-06   1.6952587e-08   5.2705057e-08
   1.0000000e+00  -5.0210991e-02  -3.8824309e-01  -2.4425680e-01  -1.9933209e-03  -2.0557389e-03   1.8397799e-04   2.5211436e-03   1.5073270e-01   5.9661384e-02   3.9733282e-06   4.2260624e-06   3.3847901e-08  -2.3630097e-02  -1.1406270e-02  -6.4618910e-02   1.0150251e-03   1.2194820e-04  -3.4442817e-04   5.5838148e-04   1.3010300e-04   4.1756035e-03   1.0302760e-06   1.4871363e-08   1.1863076e-07
   1.0000000e+00  -2.4734634e-02  -4.2597827e-01  -1.9458701e-01  -2.9448142e-03  -2.1857096e-03   5.3174798e-04   6.1180212e-04   1.8145749e-01   3.7864104e-02   8.6719307e-06   4.7773265e-06   2.8275591e-07   2.5476357e-02  -3.7735180e-02   4.9669790e-02  -9.5149330e-04  -1.2997070e-04   3.4776999e-04   6.4904477e-04   1.4239438e-03   2.4670880e-03   9.0533950e-07   1.6892383e-08   1.2094397e-07
   1.0000000e+00  -3.2276919e-02  -4.0397535e-01  -2.1757050e-01  -1.8021048e-03  -1.8613768e-03   2.2755860e-04   1.0417995e-03   1.6319608e-01   4.7336922e-02   3.2475817e-06   3.4647236e-06   5.1782916e-08  -7.5422850e-03   2.2002920e-02  -2.2983490e-02   1.1427094e-03   3.2433280e-04  -3.0418938e-04   5.6886063e-05   4.8412849e-04   5.2824081e-04   1.3057848e-06   1.0519177e-07   9.2531179e-08
   1.0000000e+00  -3.2041338e-02  -4.1931409e-01  -2.6366100e-01  -1.4091226e-03  -1.9437564e-03   3.4197875e-04   1.0266473e-03   1.7582431e-01   6.9517123e-02   1.9856265e-06   3.7781889e-06   1.1694947e-07   2.3558100e-04  -1.5338740e-02  -4.6090500e-02   3.9298220e-04  -8.2379600e-05   1.1442015e-04   5.5498408e-08   2.3527694e-04   2.1243342e-03   1.5443501e-07   6.7863985e-09   1.3091971e-08
   1.0000000e+00  -2.5604733e-02  -4.0499494e-01  -2.5275431e-01  -1.6470667e-03  -2.0168818e-03   1.9197609e-04   6.5560235e-04   1.6402090e-01   6.3884741e-02   2.7128287e-06   4.0678122e-06   3.6854819e-08   6.4366050e-03   1.4319150e-02   1.0906690e-02  -2.3794410e-04  -7.3125400e-05  -1.5000266e-04   4.1429884e-05   2.0503806e-04   1.1895589e-04   5.6617395e-08   5.3473241e-09   2.2500798e-08
   1.0000000e+00  -3.5429195e-02  -4.1055400e-01  -2.8993852e-01  -6.6581967e-04  -1.9830407e-03   2.7088421e-04   1.2552279e-03   1.6855459e-01   8.4064345e-02   4.4331583e-07   3.9324504e-06   7.3378255e-08  -9.8244620e-03  -5.5590600e-03  -3.7184210e-02   9.8124703e-04   3.3841100e-05   7.8908120e-05   9.6520054e-05   3.0903148e-05   1.3826655e-03   9.6284573e-07   1.1452200e-09   6.2264914e-09
   1.0000000e+00  -1.1063042e-03  -3.8180369e-01  -2.3988214e-01  -2.0493256e-03  -2.4857075e-03   1.0526926e-03   1.2239090e-06   1.4577406e-01   5.7543441e-02   4.1997354e-06   6.1787418e-06   1.1081617e-06   3.4322891e-02   2.8750310e-02   5.0056380e-02  -1.3835059e-03  -5.0266680e-04   7.8180839e-04   1.1780608e-03   8.2658033e-04   2.5056412e-03   1.9140887e-06   2.5267391e-07   6.1122436e-07
   1.0000000e+00  -2.8362470e-02  -4.0059974e-01  -2.1514989e-01  -1.6139478e-03  -2.2294682e-03   3.7395100e-04   8.0442970e-04   1.6048015e-01   4.6289475e-02   2.6048275e-06   4.9705285e-06   1.3983935e-07  -2.7256166e-02  -1.8796050e-02   2.4732250e-02   4.3537780e-04   2.5623930e-04  -6.7874160e-04   7.4289857e-04   3.5329150e-04   6.1168419e-04   1.8955383e-07   6.5658579e-08   4.6069016e-07
   1.0000000e+00  -4.3037270e-02  -4.1475576e-01  -1.9760226e-01  -2.0839252e-03  -2.1184917e-03  -1.3961972e-04   1.8522066e-03   1.7202234e-01   3.9046653e-02   4.3427442e-06   4.4880071e-06   1.9493666e-08  -1.4674800e-02  -1.4156020e-02   1.7547630e-02  -4.6997740e-04   1.1097650e-04  -5.1357072e-04   2.1534976e-04   2.0039290e-04   3.0791932e-04   2.2087876e-07   1.2315784e-08   2.6375488e-07
   1.0000000e+00  -1.7588345e-02  -4.4754719e-01  -1.7929068e-01  -2.9349996e-03  -2.2260823e-03   4.0420148e-04   3.0934988e-04   2.0029849e-01   3.2145148e-02   8.6142227e-06   4.9554424e-06   1.6337884e-07   2.5448925e-02  -3.2791430e-02   1.8311580e-02  -8.5107440e-04  -1.0759060e-04   5.4382120e-04   6.4764778e-04   1.0752779e-03   3.3531396e-04   7.2432763e-07   1.1575737e-08   2.9574150e-07
   1.0000000e+00  -1.1922417e-02  -4.2800771e-01  -1.8617193e-01  -2.5003556e-03  -2.1486288e-03   7.2537874e-04   1.4214403e-04   1.8319060e-01   3.4659988e-02   6.2517781e-06   4.6166057e-06   5.2617432e-07   5.6659280e-03   1.9539480e-02  -6.8812500e-03   4.3464400e-04   7.7453500e-05   3.2117726e-04   3.2102740e-05   3.8179128e-04   4.7351602e-05   1.8891541e-07   5.9990447e-09   1.0315483e-07
   1.0000000e+00  -3.1923642e-02  -4.0917231e-01  -2.3649290e-01  -1.6711256e-03  -1.9646172e-03   3.4682886e-04   1.0191189e-03   1.6742198e-01   5.5928892e-02   2.7926608e-06   3.8597207e-06   1.2029026e-07  -2.0001225e-02   1.8835400e-02  -5.0320970e-02   8.2923000e-04   1.8401160e-04  -3.7854988e-04   4.0004900e-04   3.5477229e-04   2.5322000e-03   6.8762239e-07   3.3860269e-08   1.4330001e-07
   1.0000000e+00  -1.6917162e-02  -4.2184942e-01  -2.4839459e-01  -2.0329868e-03  -1.9872628e-03   7.2632578e-04   2.8619037e-04   1.7795693e-01   6.1699872e-02   4.1330353e-06   3.9492134e-06   5.2754914e-07   1.5006480e-02  -1.2677110e-02  -1.1901690e-02  -3.6186120e-04  -2.2645600e-05   3.7949692e-04   2.2519444e-04   1.6070912e-04   1.4165022e-04   1.3094353e-07   5.1282320e-10   1.4401791e-07
   1.0000000e+00  -1.6719872e-02  -3.9940819e-01  -2.3527532e-01  -1.8709542e-03  -2.0379963e-03   7.2328534e-04   2.7955412e-04   1.5952690e-01   5.5354476e-02   3.5004696e-06   4.1534289e-06   5.2314168e-07   1.9729000e-04   2.2441230e-02   1.3119270e-02   1.6203260e-04  -5.0733500e-05  -3.0404400e-06   3.8923344e-08   5.0360880e-04   1.7211525e-04   2.6254563e-08   2.5738880e-09   9.2442754e-12
   1.0000000e+00  -2.9450894e-02  -4.3825225e-01  -2.3492247e-01  -1.7035797e-03  -2.0204199e-03   1.6427405e-04   8.6735516e-04   1.9206503e-01   5.5188567e-02   2.9021838e-06   4.0820966e-06   2.6985964e-08  -1.2731022e-02  -3.8844060e-02   3.5285000e-04   1.6737450e-04   1.7576400e-05  -5.5901129e-04   1.6207892e-04   1.5088610e-03   1.2450312e-07   2.8014223e-08   3.0892984e-10   3.1249362e-07
   1.0000000e+00  -9.9681779e-03  -4.6272819e-01  -2.1999909e-01  -2.7128083e-03  -2.0472750e-03   4.2456926e-04   9.9364571e-05   2.1411738e-01   4.8399600e-02   7.3593289e-06   4.1913349e-06   1.8025906e-07   1.9482716e-02  -2.4475940e-02   1.4923380e-02  -1.0092286e-03  -2.6855100e-05   2.6029521e-04   3.7957623e-04   5.9907164e-04   2.2270727e-04   1.0185424e-06   7.2119640e-10   6.7753596e-08
   1.0000000e+00  -3.0573006e-02  -4.4467992e-01  -2.4567823e-01  -1.6905313e-03  -1.8351813e-03   3.4002617e-04   9.3470870e-04   1.9774023e-01   6.0357793e-02   2.8578961e-06   3.3678904e-06   1.1561780e-07  -2.0604828e-02   1.8048270e-02  -2.5679140e-02   1.0222770e-03   2.1209370e-04  -8.4543090e-05   4.2455894e-04   3.2574005e-04   6.5941823e-04   1.0450503e-06   4.4983738e-08   7.1475341e-09
   1.0000000e+00  -1.6627896e-02  -4.8984577e-01  -2.3412481e-01  -2.3701948e-03  -1.8984476e-03   4.5387889e-04   2.7648693e-04   2.3994888e-01   5.4814427e-02   5.6178234e-06   3.6041033e-06   2.0600605e-07   1.3945110e-02  -4.5165850e-02   1.1553420e-02  -6.7966350e-04  -6.3266300e-05   1.1385272e-04   1.9446609e-04   2.0399540e-03   1.3348151e-04   4.6194247e-07   4.0026247e-09   1.2962442e-08
   1.0000000e+00  -3.2227331e-02  -4.4730665e-01  -2.5446712e-01  -1.4319019e-03  -1.6827228e-03   3.1293831e-04   1.0386009e-03   2.0008324e-01   6.4753515e-02   2.0503431e-06   2.8315560e-06   9.7930386e-08  -1.5599435e-02   4.2539120e-02  -2.0342310e-02   9.3829290e-04   2.1572480e-04  -1.4094058e-04   2.4334237e-04   1.8095767e-03   4.1380958e-04   8.8039357e-07   4.6537189e-08   1.9864247e-08
   1.0000000e+00  -3.2870637e-02  -4.8856310e-01  -2.4936170e-01  -1.8177259e-03  -1.7104634e-03   1.3110170e-04   1.0804788e-03   2.3869390e-01   6.2181257e-02   3.3041274e-06   2.9256850e-06   1.7187656e-08  -6.4330600e-04  -4.1256450e-02   5.1054200e-03  -3.8582400e-04  -2.7740600e-05  -1.8183661e-04   4.1384261e-07   1.7020947e-03   2.6065313e-05   1.4886016e-07   7.6954089e-10   3.3064553e-08
   1.0000000e+00  -3.6648098e-02  -4.3567574e-01  -2.6358326e-01  -1.0363316e-03  -1.7389870e-03   1.4617831e-04   1.3430831e-03   1.8981335e-01   6.9476135e-02   1.0739832e-06   3.0240758e-06   2.1368098e-08  -3.7774610e-03   5.2887360e-02  -1.4221560e-02   7.8139430e-04  -2.8523600e-05   1.5076610e-05   1.4269212e-05   2.7970728e-03   2.0225277e-04   6.1057705e-07   8.1359576e-10   2.2730417e-10
   1.0000000e+00  -1.9523669e-02  -4.8019830e-01  -2.8128057e-01  -6.7119938e-04  -1.8416948e-03   6.9207176e-04   3.8117365e-04   2.3059041e-01   7.9118759e-02   4.5050861e-07   3.3918397e-06   4.7896332e-07   1.7124429e-02  -4.4522560e-02  -1.7697310e-02   3.6513222e-04  -1.0270780e-04   5.4589345e-04   2.9324607e-04   1.9822583e-03   3.1319478e-04   1.3332154e-07   1.0548892e-08   2.9799966e-07
   1.0000000e+00  -1.1228970e-02  -4.7025089e-01  -2.4461897e-01  -1.9317981e-03  -2.0401811e-03   7.4387396e-04   1.2608977e-04   2.2113590e-01   5.9838440e-02   3.7318439e-06   4.1623389e-06   5.5334847e-07   8.2946990e-03   9.9474100e-03   3.6661600e-02  -1.2605987e-03  -1.9848630e-04   5.1802200e-05   6.8802032e-05   9.8950966e-05   1.3440729e-03   1.5891091e-06   3.9396811e-08   2.6834679e-09
   1.0000000e+00  -2.1523268e-02  -4.8045971e-01  -2.5233405e-01  -1.0535307e-03  -1.9670762e-03   4.6076062e-04   4.6325107e-04   2.3084153e-01   6.3672473e-02   1.1099269e-06   3.8693888e-06   2.1230035e-07  -1.0294298e-02  -1.0208820e-02  -7.7150800e-03   8.7826740e-04   7.3104900e-05  -2.8311334e-04   1.0597257e-04   1.0422001e-04   5.9522459e-05   7.7135363e-07   5.3443264e-09   8.0153163e-08
   1.0000000e+00  -1.1393408e-02  -4.7508863e-01  -2.5109994e-01  -1.8899669e-03  -2.1414985e-03   6.5309465e-04   1.2980975e-04   2.2570921e-01   6.3051180e-02   3.5719749e-06   4.5860158e-06   4.2653262e-07   1.0129860e-02   5.3710800e-03   1.2341100e-03  -8.3643620e-04  -1.7442230e-04   1.9233403e-04   1.0261406e-04   2.8848500e-05   1.5230275e-06   6.9962552e-07   3.0423139e-08   3.6992379e-08
   1.0000000e+00  -1.5903721e-02  -4.7065575e-01  -2.4558750e-01  -1.7881089e-03  -2.0156201e-03   5.6043481e-04   2.5292834e-04   2.2151684e-01   6.0313220e-02   3.1973334e-06   4.0627244e-06   3.1408718e-07  -4.5103130e-03   4.4328800e-03   5.5124400e-03   1.0185800e-04   1.2587840e-04  -9.2659840e-05   2.0342923e-05   1.9650425e-05   3.0386995e-05   1.0375052e-08   1.5845372e-08   8.5858459e-09
   1.0000000e+00  -2.3797882e-02  -4.9413568e-01  -2.5299598e-01  -1.6552187e-03  -1.9194981e-03   2.1319773e-04   5.6633919e-04   2.4417007e-01   6.4006966e-02   2.7397489e-06   3.6844730e-06   4.5453272e-08  -7.8941610e-03  -2.3479930e-02  -7.4084800e-03   1.3289020e-04   9.6122000e-05  -3.4723708e-04   6.2317778e-05   5.5130711e-04   5.4885576e-05   1.7659805e-08   9.2394389e-09   1.2057359e-07
   1.0000000e+00  -9.8664965e-03  -5.0465123e-01  -3.0309023e-01  -1.0214225e-03  -2.4905869e-03   5.1642179e-04   9.7347753e-05   2.5467286e-01   9.1863688e-02   1.0433039e-06   6.2030231e-06   2.6669147e-07   1.3931385e-02  -1.0515550e-02  -5.0094250e-02   6.3379620e-04  -5.7108880e-04   3.0322406e-04   1.9408350e-04   1.1057679e-04   2.5094339e-03   4.0169762e-07   3.2614242e-07   9.1944831e-08
   1.0000000e+00  -1.2141991e-02  -4.9261772e-01  -3.2208980e-01  -9.1015803e-04  -2.2716142e-03   5.7584287e-04   1.4742795e-04   2.4267222e-01   1.0374184e-01   8.2838764e-07   5.1602311e-06   3.3159501e-07  -2.2754945e-03   1.2033510e-02  -1.8999570e-02   1.1126447e-04   2.1897270e-04   5.9421080e-05   5.1778752e-06   1.4480536e-04   3.6098366e-04   1.2379782e-08   4.7949043e-08   3.5308647e-09
   1.0000000e+00  -1.5165207e-02  -4.9912884e-01  -3.3309982e-01  -3.4583033e-04  -2.4605120e-03   5.7234916e-04   2.2998350e-04   2.4912960e-01   1.1095549e-01   1.1959862e-07   6.0541193e-06   3.2758356e-07  -3.0232160e-03  -6.5111200e-03  -1.1010020e-02   5.6432770e-04  -1.8889780e-04  -3.4937100e-06   9.1398350e-06   4.2394684e-05   1.2122054e-04   3.1846575e-07   3.5682379e-08   1.2206010e-11
   1.0000000e+00   2.4062553e-04  -5.1152832e-01  -3.2975770e-01  -1.6331207e-03  -2.3425385e-03   9.1720825e-04   5.7900646e-08   2.6166122e-01   1.0874014e-01   2.6670832e-06   5.4874866e-06   8.4127097e-07   1.5405833e-02  -1.2399480e-02   3.3421200e-03  -1.2872904e-03   1.1797350e-04   3.4485909e-04   2.3733968e-04   1.5374710e-04   1.1169766e-05   1.6571165e-06   1.3917747e-08   1.1892779e-07
   1.0000000e+00  -1.4424599e-02  -4.9027266e-01  -3.5763727e-01  -1.0528393e-03  -2.3748441e-03   6.3190054e-04   2.0806906e-04   2.4036728e-01   1.2790442e-01   1.1084706e-06   5.6398845e-06   3.9929829e-07  -1.4665225e-02   2.1255660e-02  -2.7879570e-02   5.8028140e-04  -3.2305600e-05  -2.8530771e-04   2.1506881e-04   4.5180308e-04   7.7727042e-04   3.3672650e-07   1.0436518e-09   8.1400489e-08
   1.0000000e+00  -2.2788457e-03  -4.9775953e-01  -3.0941580e-01  -1.5960845e-03  -2.4577746e-03   7.5158828e-04   5.1931377e-06   2.4776455e-01   9.5738137e-02   2.5474857e-06   6.0406560e-06   5.6488494e-07   1.2145753e-02  -7.4868700e-03   4.8221470e-02  -5.4324520e-04  -8.2930500e-05   1.1968774e-04   1.4751932e-04   5.6053222e-05   2.3253102e-03   2.9511535e-07   6.8774678e-09   1.4325155e-08
   1.0000000e+00  -1.0268417e-02  -4.7579034e-01  -3.3023014e-01  -1.1446896e-03  -2.2976288e-03   7.2730997e-04   1.0544039e-04   2.2637645e-01   1.0905195e-01   1.3103143e-06   5.2790981e-06   5.2897979e-07  -7.9895713e-03   2.1969190e-02  -2.0814340e-02   4.5139490e-04   1.6014580e-04  -2.4278310e-05   6.3833250e-05   4.8264531e-04   4.3323675e-04   2.0375736e-07   2.5646677e-08   5.8943634e-10
   1.0000000e+00  -9.1866291e-03  -5.0330144e-01  -3.1780892e-01  -8.7021503e-04  -2.3928099e-03   7.4375866e-04   8.4394154e-05   2.5331234e-01   1.0100251e-01   7.5727420e-07   5.7255392e-06   5.5317694e-07   1.0817879e-03  -2.7511100e-02   1.2421220e-02   2.7447457e-04  -9.5181100e-05   1.6448690e-05   1.1702651e-06   7.5686062e-04   1.5428671e-04   7.5336290e-08   9.0594418e-09   2.7055940e-10
   1.0000000e+00  -2.8160643e-04  -5.1635177e-01  -3.0365244e-01  -2.0373864e-03  -2.4956748e-03   7.6950678e-04   7.9302181e-08   2.6661915e-01   9.2204804e-02   4.1509433e-06   6.2283927e-06   5.9214068e-07   8.9050227e-03  -1.3050330e-02   1.4156480e-02  -1.1671714e-03  -1.0286490e-04   2.5748120e-05   7.9299429e-05   1.7031111e-04   2.0040593e-04   1.3622890e-06   1.0581188e-08   6.6296568e-10
   1.0000000e+00  -1.2370885e-02  -4.7230185e-01  -2.9383907e-01  -1.4941155e-03  -2.3235837e-03   6.2043663e-04   1.5303880e-04   2.2306904e-01   8.6341399e-02   2.2323811e-06   5.3990412e-06   3.8494161e-07  -1.2089279e-02   4.4049920e-02   9.8133700e-03   5.4327090e-04   1.7209110e-04  -1.4907015e-04   1.4615066e-04   1.9403955e-03   9.6302231e-05   2.9514327e-07   2.9615347e-08   2.2221910e-08
   1.0000000e+00  -9.7637870e-04  -5.2547758e-01  -3.0382133e-01  -1.6288454e-03  -2.6825135e-03   8.1614899e-04   9.5331537e-07   2.7612669e-01   9.2307401e-02   2.6531373e-06   7.1958787e-06   6.6609917e-07   1.1394506e-02  -5.3175730e-02  -9.9822600e-03  -1.3472990e-04  -3.5892980e-04   1.9571236e-04   1.2983477e-04   2.8276583e-03   9.9645515e-05   1.8152146e-08   1.2883060e-07   3.8303328e-08
   1.0000000e+00   1.1195221e-04  -4.8823192e-01  -2.9824499e-01  -1.8735311e-03  -2.3808381e-03   8.9038777e-04   1.2533297e-08   2.3837041e-01   8.8950074e-02   3.5101188e-06   5.6683901e-06   7.9279038e-07   1.0883309e-03   3.7245660e-02   5.5763400e-03  -2.4468570e-04   3.0167540e-04   7.4238780e-05   1.1844642e-06   1.3872392e-03   3.1095568e-05   5.9871092e-08   9.1008047e-08   5.5113965e-09
