   1.0000000e+00   0.0000000e+00   0.0000000e+00   0.0000000e+00   0.0000000e+00   0.0000000e+00   0.0000000e+00   0.0000000e+00   0.0000000e+00   0.0000000e+00   0.0000000e+00   0.0000000e+00   0.0000000e+00   0.0000000e+00   0.0000000e+00   0.0000000e+00   0.0000000e+00   0.0000000e+00   0.0000000e+00   0.0000000e+00   0.0000000e+00   0.0000000e+00   0.0000000e+00   0.0000000e+00   0.0000000e+00
   1.0000000e+00  -7.4774720e-03  -1.8114419e-02   9.0310881e-03   4.3556819e-05  -2.8551007e-04  -5.3774192e-06   5.5912588e-05   3.2813218e-04   8.1560552e-05   1.8971965e-09   8.1516000e-08   2.8916637e-11  -7.4774720e-03  -1.8114419e-02   9.0310881e-03   4.3556819e-05  -2.8551007e-04  -5.3774192e-06   5.5912588e-05   3.2813218e-04   8.1560552e-05   1.8971965e-09   8.1516000e-08   2.8916637e-11
   1.0000000e+00   1.3497448e-02  -1.7610940e-02  -5.2540965e-03   8.6846995e-04  -5.5047530e-04   2.1005540e-04   1.8218110e-04   3.1014521e-04   2.7605530e-05   7.5424005e-07   3.0302306e-07   4.4123271e-08   2.0974920e-02   5.0347900e-04  -1.4285185e-02   8.2491313e-04  -2.6496523e-04   2.1543282e-04   4.3994727e-04   2.5349110e-07   2.0406650e-04   6.8048167e-07   7.0206573e-08   4.6411300e-08
   1.0000000e+00   9.5881116e-03  -3.5108338e-02   2.0008956e-02  -3.6736972e-05  -1.5791626e-04   2.6184049e-04   9.1931884e-05   1.2325954e-03   4.0035832e-04   1.3496051e-09   2.4937545e-08   6.8560442e-08  -3.9093364e-03  -1.7497398e-02   2.5263053e-02  -9.0520692e-04   3.9255904e-04   5.1785090e-05   1.5282911e-05   3.0615894e-04   6.3822182e-04   8.1939957e-07   1.5410260e-07   2.6816955e-09
   1.0000000e+00  -1.0297749e-03  -2.7705800e-02   7.4424643e-03   6.7792746e-04  -3.3192572e-04   4.3309601e-04   1.0604363e-06   7.6761135e-04   5.5390275e-05   4.5958564e-07   1.1017468e-07   1.8757215e-07  -1.0617886e-02   7.4025380e-03  -1.2566492e-02   7.1466443e-04  -1.7400946e-04   1.7125552e-04   1.1273951e-04   5.4797569e-05   1.5791671e-04   5.1074525e-07   3.0279292e-08   2.9328453e-08
   1.0000000e+00   9.4995456e-04  -2.7147930e-02   1.6385835e-02   5.2924714e-04  -7.1605146e-04   3.3333315e-04   9.0241367e-07   7.3701010e-04   2.6849559e-04   2.8010254e-07   5.1272969e-07   1.1111099e-07   1.9797295e-03   5.5787000e-04   8.9433707e-03  -1.4868032e-04  -3.8412574e-04  -9.9762860e-05   3.9193287e-06   3.1121894e-07   7.9983879e-05   2.2105838e-08   1.4755258e-07   9.9526282e-09
   1.0000000e+00  -1.4975714e-02  -2.5014726e-02   5.9412289e-03   2.7750211e-04  -7.6806911e-04   1.5263437e-04   2.2427201e-04   6.2573652e-04   3.5298201e-05   7.7007421e-08   5.8993016e-07   2.3297251e-08  -1.5925669e-02   2.1332040e-03  -1.0444606e-02  -2.5174503e-04  -5.2017650e-05  -1.8069878e-04   2.5362692e-04   4.5505593e-06   1.0908980e-04   6.3375560e-08   2.7058359e-09   3.2652049e-08
   1.0000000e+00  -9.8661697e-03  -4.2589579e-02   1.5631073e-02   1.3931792e-05  -4.3916840e-04   2.9130790e-04   9.7341305e-05   1.8138722e-03   2.4433044e-04   1.9409483e-10   1.9286888e-07   8.4860293e-08   5.1095443e-03  -1.7574853e-02   9.6898441e-03  -2.6357032e-04   3.2890071e-04   1.3867353e-04   2.6107443e-05   3.0887546e-04   9.3893079e-05   6.9469313e-08   1.0817568e-07   1.9230348e-08
   1.0000000e+00  -1.5575872e-02  -6.3756390e-02   7.2512436e-03   6.8081121e-05  -3.4037876e-04   1.7030250e-04   2.4260779e-04   4.0648773e-03   5.2580534e-05   4.6350390e-09   1.1585770e-07   2.9002942e-08  -5.7097023e-03  -2.1166811e-02  -8.3798294e-03   5.4149329e-05   9.8789640e-05  -1.2100540e-04   3.2600700e-05   4.4803389e-04   7.0221541e-05   2.9321498e-09   9.7593930e-09   1.4642307e-08
   1.0000000e+00  -5.4049898e-03  -4.3277659e-02   5.1610330e-03   5.8736466e-04  -5.9445135e-04   2.4479582e-04   2.9213915e-05   1.8729558e-03   2.6636262e-05   3.4499724e-07   3.5337241e-07   5.9924993e-08   1.0170882e-02   2.0478731e-02  -2.0902106e-03   5.1928354e-04  -2.5407259e-04   7.4493320e-05   1.0344684e-04   4.1937842e-04   4.3689804e-06   2.6965539e-07   6.4552881e-08   5.5492547e-09
   1.0000000e+00  -4.4872770e-03  -5.0347224e-02   5.1435504e-03   6.8191213e-04  -2.8597630e-04   3.2934556e-04   2.0135655e-05   2.5348430e-03   2.6456111e-05   4.6500415e-07   8.1782444e-08   1.0846850e-07   9.1771280e-04  -7.0695650e-03  -1.7482600e-05   9.4547470e-05   3.0847505e-04   8.4549740e-05   8.4219678e-07   4.9978749e-05   3.0564130e-10   8.9392241e-09   9.5156856e-08   7.1486585e-09
   1.0000000e+00  -9.2867544e-03  -5.4801424e-02   1.3112603e-02   4.3788177e-04  -3.1747898e-04   4.3057728e-04   8.6243807e-05   3.0031961e-03   1.7194036e-04   1.9174044e-07   1.0079290e-07   1.8539679e-07  -4.7994774e-03  -4.4542000e-03   7.9690526e-03  -2.4403036e-04  -3.1502680e-05   1.0123172e-04   2.3034983e-05   1.9839898e-05   6.3505799e-05   5.9550817e-08   9.9241885e-10   1.0247861e-08
   1.0000000e+00  -8.1495248e-03  -5.4830090e-02  -3.4193203e-03   6.7125594e-04   7.7989501e-05  -3.6706946e-06   6.6414754e-05   3.0063388e-03   1.1691751e-05   4.5058454e-07   6.0823623e-09   1.3473999e-11   1.1372296e-03  -2.8666000e-05  -1.6531923e-02   2.3337417e-04   3.9546848e-04  -4.3424797e-04   1.2932912e-06   8.2173956e-10   2.7330449e-04   5.4463503e-08   1.5639532e-07   1.8857130e-07
   1.0000000e+00  -2.2974585e-02  -4.2555779e-02   8.6371335e-02  -7.1820409e-04   3.4330135e-05  -1.9270307e-04   5.2783156e-04   1.8109943e-03   7.4600075e-03   5.1581711e-07   1.1785582e-09   3.7134473e-08  -1.4825060e-02   1.2274311e-02   8.9790655e-02  -1.3894600e-03  -4.3659366e-05  -1.8903238e-04   2.1978241e-04   1.5065871e-04   8.0623618e-03   1.9305992e-06   1.9061402e-09   3.5733239e-08
   1.0000000e+00  -1.1217558e-02  -7.2250032e-02   1.8712085e-02   5.2716902e-04  -3.9558542e-04  -3.3713359e-05   1.2583361e-04   5.2200671e-03   3.5014213e-04   2.7790718e-07   1.5648782e-07   1.1365906e-09   1.1757027e-02  -2.9694253e-02  -6.7659250e-02   1.2453731e-03  -4.2991556e-04   1.5898971e-04   1.3822768e-04   8.8174866e-04   4.5777741e-03   1.5509542e-06   1.8482738e-07   2.5277728e-08
   1.0000000e+00  -1.3963226e-02  -6.6056874e-02   3.0772779e-03   4.2823712e-04  -8.6967533e-05  -1.6413489e-04   1.9497168e-04   4.3635106e-03   9.4696393e-06   1.8338703e-07   7.5633518e-09   2.6940262e-08  -2.7456680e-03   6.1931580e-03  -1.5634807e-02  -9.8931900e-05   3.0861789e-04  -1.3042153e-04   7.5386928e-06   3.8355206e-05   2.4444719e-04   9.7875208e-09   9.5245000e-08   1.7009776e-08
   1.0000000e+00  -1.6828398e-02  -8.3559253e-02   9.4706141e-03   1.1116146e-04   1.9060098e-04   7.7026786e-05   2.8319498e-04   6.9821488e-03   8.9692531e-05   1.2356870e-08   3.6328734e-08   5.9331258e-09  -2.8651720e-03  -1.7502379e-02   6.3933362e-03  -3.1707566e-04   2.7756851e-04   2.4116168e-04   8.2092106e-06   3.0633327e-04   4.0874748e-05   1.0053697e-07   7.7044279e-08   5.8158954e-08
   1.0000000e+00  -1.2426364e-02  -7.2755471e-02   6.1966213e-03   8.9822540e-04   7.6200295e-05  -5.4294472e-06   1.5441452e-04   5.2933586e-03   3.8398116e-05   8.0680887e-07   5.8064850e-09   2.9478897e-11   4.4020340e-03   1.0803782e-02  -3.2739928e-03   7.8706394e-04  -1.1440069e-04  -8.2456233e-05   1.9377903e-05   1.1672171e-04   1.0719029e-05   6.1946965e-07   1.3087517e-08   6.7990304e-09
   1.0000000e+00  -9.2733520e-03  -8.6524152e-02   1.9224633e-02   3.6683652e-04   1.5915837e-06   1.0414877e-04   8.5995057e-05   7.4864289e-03   3.6958651e-04   1.3456903e-07   2.5331387e-12   1.0846966e-08   3.1530120e-03  -1.3768681e-02   1.3028012e-02  -5.3138888e-04  -7.4608711e-05   1.0957822e-04   9.9414847e-06   1.8957658e-04   1.6972909e-04   2.8237414e-07   5.5664598e-09   1.2007386e-08
   1.0000000e+00  -5.0932612e-03  -9.0346957e-02   2.6994839e-02   8.5411058e-04  -1.8311063e-04   2.0107941e-04   2.5941310e-05   8.1625726e-03   7.2872133e-04   7.2950488e-07   3.3529503e-08   4.0432929e-08   4.1800908e-03  -3.8228050e-03   7.7702060e-03   4.8727406e-04  -1.8470221e-04   9.6930640e-05   1.7473159e-05   1.4613838e-05   6.0376101e-05   2.3743601e-07   3.4114908e-08   9.3955490e-09
   1.0000000e+00  -3.3681857e-03  -1.0454344e-01   6.9208352e-03   9.5459829e-04   2.3893909e-06   3.0772332e-04   1.1344675e-05   1.0929331e-02   4.7897960e-05   9.1125790e-07   5.7091889e-12   9.4693642e-08   1.7250755e-03  -1.4196483e-02  -2.0074004e-02   1.0048771e-04   1.8550002e-04   1.0664391e-04   2.9758855e-06   2.0154013e-04   4.0296563e-04   1.0097780e-08   3.4410258e-08   1.1372924e-08
   1.0000000e+00   2.6975454e-03  -9.5864973e-02  -3.1346328e-03   6.4517856e-04  -1.0718550e-04   3.4361896e-04   7.2767512e-06   9.1900930e-03   9.8259228e-06   4.1625537e-07   1.1488731e-08   1.1807399e-07   6.0657311e-03   8.6784670e-03  -1.0055468e-02  -3.0941973e-04  -1.0957489e-04   3.5895640e-05   3.6793094e-05   7.5315789e-05   1.0111244e-04   9.5740569e-08   1.2006657e-08   1.2884970e-09
   1.0000000e+00   1.4328505e-02  -9.1672451e-02  -1.7044275e-02   1.3032639e-03  -4.7538822e-05   4.9499354e-04   2.0530606e-04   8.4038383e-03   2.9050731e-04   1.6984968e-06   2.2599396e-09   2.4501860e-07   1.1630960e-02   4.1925220e-03  -1.3909642e-02   6.5808534e-04   5.9646678e-05   1.5137458e-04   1.3527922e-04   1.7577241e-05   1.9347815e-04   4.3307631e-07   3.5577262e-09   2.2914263e-08
   1.0000000e+00   1.1173417e-02  -1.0752898e-01  -1.0324535e-02   1.1432188e-03   2.1717391e-04   4.1416277e-04   1.2484525e-04   1.1562482e-02   1.0659602e-04   1.3069492e-06   4.7164507e-08   1.7153080e-07  -3.1550880e-03  -1.5856529e-02   6.7197400e-03  -1.6004510e-04   2.6471273e-04  -8.0830770e-05   9.9545803e-06   2.5142951e-04   4.5154906e-05   2.5614434e-08   7.0072830e-08   6.5336134e-09
   1.0000000e+00   2.1568097e-02  -1.0935350e-01  -3.0781202e-03   9.6296866e-04   4.3715221e-05   6.0353388e-04   4.6518281e-04   1.1958188e-02   9.4748240e-06   9.2730864e-07   1.9110205e-09   3.6425314e-07   1.0394680e-02  -1.8245200e-03   7.2464148e-03  -1.8025014e-04  -1.7345869e-04   1.8937111e-04   1.0804937e-04   3.3288732e-06   5.2510527e-05   3.2490113e-08   3.0087917e-08   3.5861417e-08
   1.0000000e+00   2.1450338e-02  -1.1284599e-01   3.4923260e-03   1.2685152e-03   2.3312377e-04   5.4630407e-04   4.6011700e-04   1.2734217e-02   1.2196341e-05   1.6091308e-06   5.4346692e-08   2.9844814e-07  -1.1775900e-04  -3.4924900e-03   6.5704462e-03   3.0554654e-04   1.8940855e-04  -5.7229810e-05   1.3867182e-08   1.2197486e-05   4.3170763e-05   9.3358688e-08   3.5875598e-08   3.2752512e-09
   1.0000000e+00   4.8250755e-02  -1.3038484e-01   3.2980775e-03   1.1215035e-03   6.3135057e-04   1.1494371e-03   2.3281354e-03   1.7000207e-02   1.0877315e-05   1.2577701e-06   3.9860354e-07   1.3212056e-06   2.6800417e-02  -1.7538850e-02  -1.9424850e-04  -1.4701170e-04   3.9822680e-04   6.0313303e-04   7.1826235e-04   3.0761126e-04   3.7732480e-08   2.1612440e-08   1.5858458e-07   3.6376945e-07
   1.0000000e+00   3.9512041e-02  -1.2727092e-01  -1.1067523e-02   1.5338396e-03   2.0729702e-04   1.1034142e-03   1.5612014e-03   1.6197887e-02   1.2249007e-04   2.3526639e-06   4.2972055e-08   1.2175229e-06  -8.7387140e-03   3.1139200e-03  -1.4365600e-02   4.1233610e-04  -4.2405355e-04  -4.6022900e-05   7.6365122e-05   9.6964978e-06   2.0637048e-04   1.7002106e-07   1.7982141e-07   2.1181073e-09
   1.0000000e+00   4.0899765e-02  -1.3658406e-01  -1.8554742e-02   1.7175796e-03   3.0204975e-04   9.3567183e-04   1.6727908e-03   1.8655205e-02   3.4427845e-04   2.9500797e-06   9.1234051e-08   8.7548177e-07   1.3877240e-03  -9.3131400e-03  -7.4872190e-03   1.8374000e-04   9.4752730e-05  -1.6774237e-04   1.9257779e-06   8.6734577e-05   5.6058448e-05   3.3760388e-08   8.9780798e-09   2.8137503e-08
   1.0000000e+00   1.8196893e-02  -1.4784292e-01   2.3754978e-02   9.7246856e-04   2.3657477e-04   5.4073717e-04   3.3112691e-04   2.1857529e-02   5.6429898e-04   9.4569510e-07   5.5967622e-08   2.9239669e-07  -2.2702872e-02  -1.1258860e-02   4.2309720e-02  -7.4511104e-04  -6.5474980e-05  -3.9493466e-04   5.1542040e-04   1.2676193e-04   1.7901124e-03   5.5519046e-07   4.2869730e-09   1.5597339e-07
   1.0000000e+00   2.4388631e-02  -1.7013154e-01  -5.3419664e-02   2.2226898e-03   7.2969822e-04   9.1167784e-04   5.9480532e-04   2.8944741e-02   2.8536605e-03   4.9403499e-06   5.3245949e-07   8.3115648e-07   6.1917380e-03  -2.2288620e-02  -7.7174642e-02   1.2502212e-03   4.9312345e-04   3.7094067e-04   3.8337619e-05   4.9678258e-04   5.9559254e-03   1.5630531e-06   2.4317074e-07   1.3759698e-07
   1.0000000e+00  -1.1699779e-02  -2.2920472e-01   1.6212982e-03   6.4005986e-04   1.3979728e-03  -6.1133283e-04   1.3688483e-04   5.2534804e-02   2.6286079e-06   4.0967662e-07   1.9543279e-06   3.7372783e-07  -3.6088410e-02  -5.9073180e-02   5.5040962e-02  -1.5826299e-03   6.6827458e-04  -1.5230107e-03   1.3023733e-03   3.4896406e-03   3.0295075e-03   2.5047175e-06   4.4659091e-07   2.3195615e-06
   1.0000000e+00  -5.1472283e-02  -1.5340776e-01   1.1125973e-01  -4.3166804e-04   2.3727552e-03  -1.3725509e-03   2.6493959e-03   2.3533941e-02   1.2378728e-02   1.8633730e-07   5.6299672e-06   1.8838960e-06  -3.9772504e-02   7.5796960e-02   1.0963843e-01  -1.0717279e-03   9.7478240e-04  -7.6121807e-04   1.5818521e-03   5.7451791e-03   1.2020586e-02   1.1486007e-06   9.5020073e-07   5.7945295e-07
   1.0000000e+00   3.9822317e-02  -2.6563960e-01   9.6697021e-02  -9.2476293e-05   1.3621346e-03   6.6894514e-04   1.5858169e-03   7.0564397e-02   9.3503139e-03   8.5518648e-09   1.8554107e-06   4.4748760e-07   9.1294600e-02  -1.1223184e-01  -1.4562709e-02   3.3919175e-04  -1.0106206e-03   2.0414960e-03   8.3347040e-03   1.2595986e-02   2.1207249e-04   1.1505104e-07   1.0213540e-06   4.1677061e-06
   1.0000000e+00   2.2175447e-02  -3.2572050e-01   2.4187481e-01  -1.2201017e-03   2.0747302e-04   1.7897079e-03   4.9175045e-04   1.0609384e-01   5.8503424e-02   1.4886482e-06   4.3045054e-08   3.2030544e-06  -1.7646870e-02  -6.0080900e-02   1.4517779e-01  -1.1276254e-03  -1.1546616e-03   1.1207628e-03   3.1141202e-04   3.6097145e-03   2.1076590e-02   1.2715391e-06   1.3332434e-06   1.2561092e-06
   1.0000000e+00   2.7986697e-02  -3.0024378e-01   1.1562343e-02  -2.1345674e-03  -1.2595721e-03   2.5685996e-05   7.8325521e-04   9.0146327e-02   1.3368778e-04   4.5563780e-06   1.5865219e-06   6.5977039e-10   5.8112500e-03   2.5476720e-02  -2.3031247e-01  -9.1446570e-04  -1.4670451e-03  -1.7640219e-03   3.3770627e-05   6.4906326e-04   5.3043832e-02   8.3624752e-07   2.1522214e-06   3.1117733e-06
   1.0000000e+00   1.0806768e-01  -3.8289608e-01  -3.9349156e-02   1.3983144e-04   2.4882003e-04   1.0058876e-03   1.1678623e-02   1.4660941e-01   1.5483561e-03   1.9552832e-08   6.1911407e-08   1.0118099e-06   8.0080983e-02  -8.2652300e-02  -5.0911499e-02   2.2743988e-03   1.5083921e-03   9.8020160e-04   6.4129638e-03   6.8314027e-03   2.5919807e-03   5.1728901e-06   2.2752468e-06   9.6079518e-07
   1.0000000e+00  -2.4369634e-02  -2.7727592e-01   1.9460477e-01   7.5508931e-04   3.8803916e-04   7.9404639e-04   5.9387906e-04   7.6881936e-02   3.7871017e-02   5.7015987e-07   1.5057439e-07   6.3050967e-07  -1.3243731e-01   1.0562016e-01   2.3395393e-01   6.1525787e-04   1.3921913e-04  -2.1184121e-04   1.7539642e-02   1.1155618e-02   5.4734439e-02   3.7854225e-07   1.9381966e-08   4.4876698e-08
   1.0000000e+00   2.7868568e-03  -2.4158526e-01  -1.9782872e-02   2.5262571e-03  -3.2113122e-04   1.1034495e-03   7.7665708e-06   5.8363438e-02   3.9136202e-04   6.3819749e-06   1.0312526e-07   1.2176008e-06   2.7156491e-02   3.5690660e-02  -2.1438764e-01   1.7711678e-03  -7.0917038e-04   3.0940311e-04   7.3747499e-04   1.2738232e-03   4.5962061e-02   3.1370353e-06   5.0292263e-07   9.5730284e-08
   1.0000000e+00   5.2604083e-03  -2.3128549e-01  -2.5610980e-02   1.6767456e-03   3.6090962e-04   1.1983860e-03   2.7671895e-05   5.3492978e-02   6.5592230e-04   2.8114758e-06   1.3025575e-07   1.4361290e-06   2.4735515e-03   1.0299770e-02  -5.8281080e-03  -8.4951150e-04   6.8204084e-04   9.4936500e-05   6.1184570e-06   1.0608526e-04   3.3966843e-05   7.2166979e-07   4.6517971e-07   9.0129390e-09
   1.0000000e+00   4.2051617e-02  -2.3476890e-01   2.8675558e-03   1.5998502e-03  -4.8679959e-04   1.5985544e-03   1.7683385e-03   5.5116436e-02   8.2228763e-06   2.5595207e-06   2.3697384e-07   2.5553762e-06   3.6791209e-02  -3.4834100e-03   2.8478536e-02  -7.6895400e-05  -8.4770921e-04   4.0016840e-04   1.3535930e-03   1.2134145e-05   8.1102700e-04   5.9129025e-09   7.1861090e-07   1.6013475e-07
   1.0000000e+00   4.5767870e-02  -2.4098758e-01   3.3756815e-03   1.4977200e-03  -2.1281206e-04   1.4865192e-03   2.0946979e-03   5.8075014e-02   1.1395226e-05   2.2431652e-06   4.5288973e-08   2.2097393e-06   3.7162530e-03  -6.2186800e-03   5.0812570e-04  -1.0213020e-04   2.7398753e-04  -1.1203520e-04   1.3810536e-05   3.8671981e-05   2.5819173e-07   1.0430578e-08   7.5069167e-08   1.2551886e-08
   1.0000000e+00   5.1441403e-02  -2.4835845e-01  -3.5141100e-02   1.5090430e-03  -1.1384659e-04   1.5380747e-03   2.6462179e-03   6.1681920e-02   1.2348969e-03   2.2772108e-06   1.2961046e-08   2.3656738e-06   5.6735330e-03  -7.3708700e-03  -3.8516781e-02   1.1323000e-05   9.8965470e-05   5.1555500e-05   3.2188977e-05   5.4329725e-05   1.4835425e-03   1.2821033e-10   9.7941643e-09   2.6579696e-09
   1.0000000e+00  -9.0115737e-04  -2.7472817e-01   2.8745315e-02   1.5133675e-03   8.2432852e-05   7.9092561e-04   8.1208461e-07   7.5475567e-02   8.2629313e-04   2.2902812e-06   6.7951751e-09   6.2556332e-07  -5.2342560e-02  -2.6369720e-02   6.3886415e-02   4.3245000e-06   1.9627944e-04  -7.4714909e-04   2.7397436e-03   6.9536213e-04   4.0814740e-03   1.8701300e-11   3.8525619e-08   5.5823176e-07
   1.0000000e+00  -3.4900601e-03  -2.8460164e-01   2.7876000e-02   1.0775931e-03   2.8806381e-04   5.0630485e-04   1.2180520e-05   8.0998093e-02   7.7707138e-04   1.1612069e-06   8.2980759e-08   2.5634460e-07  -2.5889027e-03  -9.8734700e-03  -8.6931500e-04  -4.3577440e-04   2.0563096e-04  -2.8462076e-04   6.7024173e-06   9.7485410e-05   7.5570857e-07   1.8989933e-07   4.2284091e-08   8.1008977e-08
   1.0000000e+00   1.0617077e-02  -2.6284230e-01  -1.0852077e-01   2.3369950e-03   3.5505845e-04   1.9645219e-04   1.1272232e-04   6.9086075e-02   1.1776758e-02   5.4615456e-06   1.2606650e-07   3.8593463e-08   1.4107137e-02   2.1759340e-02  -1.3639677e-01   1.2594019e-03   6.6994640e-05  -3.0985266e-04   1.9901132e-04   4.7346888e-04   1.8604079e-02   1.5860931e-06   4.4882818e-09   9.6008671e-08
   1.0000000e+00   4.0172449e-02  -2.5680045e-01  -1.1354551e-01   2.5495162e-03  -2.8199375e-04   7.0045625e-04   1.6138257e-03   6.5946471e-02   1.2892583e-02   6.5000329e-06   7.9520475e-08   4.9063896e-07   2.9555372e-02   6.0418500e-03  -5.0247400e-03   2.1252120e-04  -6.3705220e-04   5.0400406e-04   8.7352001e-04   3.6503951e-05   2.5248012e-05   4.5165260e-08   4.0583551e-07   2.5402009e-07
   1.0000000e+00   3.2022333e-02  -2.5065914e-01  -1.0064228e-01   2.7026674e-03   9.2147774e-05   7.6735557e-04   1.0254298e-03   6.2830004e-02   1.0128869e-02   7.3044111e-06   8.4912123e-09   5.8883457e-07  -8.1501160e-03   6.1413100e-03   1.2903230e-02   1.5315120e-04   3.7414152e-04   6.6899320e-05   6.6424391e-05   3.7715689e-05   1.6649334e-04   2.3455290e-08   1.3998188e-07   4.4755190e-09
   1.0000000e+00   2.9001547e-02  -2.9261620e-01  -1.0533934e-01   1.7069639e-03   1.0951338e-04   7.2643562e-04   8.4108973e-04   8.5624241e-02   1.1096377e-02   2.9137258e-06   1.1993180e-08   5.2770871e-07  -3.0207860e-03  -4.1957060e-02  -4.6970600e-03  -9.9570350e-04   1.7365606e-05  -4.0919950e-05   9.1251481e-06   1.7603949e-03   2.2062373e-05   9.9142546e-07   3.0156427e-10   1.6744423e-09
   1.0000000e+00   1.1662853e-02  -3.1767388e-01   1.9263776e-02   2.0158883e-03   5.6313675e-05   5.4365129e-04   1.3602214e-04   1.0091669e-01   3.7109307e-04   4.0638056e-06   3.1712300e-09   2.9555673e-07  -1.7338694e-02  -2.5057680e-02   1.2460312e-01   3.0892440e-04  -5.3199705e-05  -1.8278433e-04   3.0063031e-04   6.2788733e-04   1.5525937e-02   9.5434285e-08   2.8302086e-09   3.3410111e-08
   1.0000000e+00  -2.3853473e-02  -3.4656114e-01  -1.0737528e-01   2.1834884e-03   1.8951666e-04   5.0989815e-04   5.6898817e-04   1.2010462e-01   1.1529451e-02   4.7676216e-06   3.5916564e-08   2.5999612e-07  -3.5516326e-02  -2.8887260e-02  -1.2663906e-01   1.6760010e-04   1.3320298e-04  -3.3753140e-05   1.2614094e-03   8.3447379e-04   1.6037451e-02   2.8089794e-08   1.7743035e-08   1.1392745e-09
   1.0000000e+00  -1.3266691e-01  -4.9429033e-01   2.9663125e-01   8.1550519e-04  -1.8809820e-03  -3.7481205e-03   1.7600509e-02   2.4432293e-01   8.7990098e-02   6.6504871e-07   3.5380933e-06   1.4048407e-05  -1.0881344e-01  -1.4772919e-01   4.0400653e-01  -1.3679832e-03  -2.0704987e-03  -4.2580186e-03   1.1840364e-02   2.1823914e-02   1.6322128e-01   1.8713781e-06   4.2869647e-06   1.8130723e-05
   1.0000000e+00  -7.4201726e-02  -6.4393941e-01   1.1773662e+00  -5.7741483e-03  -3.4538859e-03  -3.8051034e-03   5.5058961e-03   4.1465796e-01   1.3861912e+00   3.3340789e-05   1.1929328e-05   1.4478812e-05   5.8465184e-02  -1.4964908e-01   8.8073495e-01  -6.5896535e-03  -1.5729039e-03  -5.6982900e-05   3.4181777e-03   2.2394847e-02   7.7569405e-01   4.3423533e-05   2.4740267e-06   3.2470509e-09
   1.0000000e+00   1.0043672e-01  -5.2725341e-01   1.1687150e+00  -5.0834969e-03  -3.9726713e-03  -3.5233644e-03   1.0087535e-02   2.7799616e-01   1.3658948e+00   2.5841941e-05   1.5782117e-05   1.2414097e-05   1.7463845e-01   1.1668600e-01  -8.6512000e-03   6.9065140e-04  -5.1878540e-04   2.8173900e-04   3.0498587e-02   1.3615623e-02   7.4843261e-05   4.7699936e-07   2.6913829e-07   7.9376864e-08
   1.0000000e+00   8.8476057e-02  -5.5980707e-01   9.7037546e-01  -2.0376798e-03  -9.1943136e-04  -1.9065466e-03   7.8280127e-03   3.1338396e-01   9.4162853e-01   4.1521390e-06   8.4535403e-07   3.6349199e-06  -1.1960663e-02  -3.2553660e-02  -1.9833954e-01   3.0458171e-03   3.0532399e-03   1.6168178e-03   1.4305746e-04   1.0597408e-03   3.9338573e-02   9.2770018e-06   9.3222741e-06   2.6140998e-06
   1.0000000e+00   6.8757268e-02  -4.9022264e-01   5.8388852e-01   5.9991777e-04  -8.7385185e-04   9.6387856e-04   4.7275619e-03   2.4031824e-01   3.4092580e-01   3.5990133e-07   7.6361706e-07   9.2906188e-07  -1.9718789e-02   6.9584430e-02  -3.8648694e-01   2.6375976e-03   4.5579510e-05   2.8704252e-03   3.8883064e-04   4.8419929e-03   1.4937215e-01   6.9569209e-06   2.0774917e-09   8.2393406e-06
   1.0000000e+00   6.1352464e-02  -4.2767580e-01   5.1465766e-01   3.6439625e-04  -1.5920258e-03   7.3246204e-04   3.7641248e-03   1.8290659e-01   2.6487251e-01   1.3278463e-07   2.5345461e-06   5.3650064e-07  -7.4048040e-03   6.2546840e-02  -6.9230860e-02  -2.3552152e-04  -7.1817395e-04  -2.3141652e-04   5.4831122e-05   3.9121072e-03   4.7929120e-03   5.5470386e-08   5.1577382e-07   5.3553606e-08
   1.0000000e+00   5.9875419e-02  -4.4770767e-01   5.7103345e-01  -4.8264741e-04  -4.1384809e-04   1.2720864e-03   3.5850658e-03   2.0044216e-01   3.2607920e-01   2.3294852e-07   1.7127024e-07   1.6182038e-06  -1.4770450e-03  -2.0031870e-02   5.6375790e-02  -8.4704366e-04   1.1781777e-03   5.3962436e-04   2.1816619e-06   4.0127582e-04   3.1782297e-03   7.1748296e-07   1.3881027e-06   2.9119445e-07
   1.0000000e+00   6.8433333e-02  -3.7659798e-01   5.2589567e-01  -2.0672553e-03  -6.8422320e-04   1.4268049e-03   4.6831211e-03   1.4182604e-01   2.7656626e-01   4.2735445e-06   4.6816139e-07   2.0357722e-06   8.5579140e-03   7.1109690e-02  -4.5137780e-02  -1.5846079e-03  -2.7037511e-04   1.5471850e-04   7.3237892e-05   5.0565880e-03   2.0374192e-03   2.5109822e-06   7.3102700e-08   2.3937814e-08
   1.0000000e+00   4.2400928e-02  -3.8732071e-01   4.9840930e-01  -2.0089219e-03  -7.0308012e-04   1.4050057e-03   1.7978387e-03   1.5001733e-01   2.4841183e-01   4.0357672e-06   4.9432166e-07   1.9740410e-06  -2.6032405e-02  -1.0722730e-02  -2.7486370e-02   5.8333400e-05  -1.8856920e-05  -2.1799200e-05   6.7768611e-04   1.1497694e-04   7.5550054e-04   3.4027856e-09   3.5558343e-10   4.7520512e-10
   1.0000000e+00   9.1798738e-03  -4.7244485e-01   5.3111547e-01  -1.0992183e-03   2.0261128e-04   7.8683741e-04   8.4270083e-05   2.2320414e-01   2.8208364e-01   1.2082809e-06   4.1051331e-08   6.1911311e-07  -3.3221054e-02  -8.5124140e-02   3.2706170e-02   9.0970360e-04   9.0569140e-04  -6.1816829e-04   1.1036384e-03   7.2461192e-03   1.0696936e-03   8.2756064e-07   8.2027691e-07   3.8213203e-07
   1.0000000e+00   4.0016778e-02  -5.4298730e-01   3.1920953e-01   4.7957072e-04   1.3284347e-03   8.2896693e-04   1.6013425e-03   2.9483521e-01   1.0189472e-01   2.2998808e-07   1.7647388e-06   6.8718617e-07   3.0836904e-02  -7.0542450e-02  -2.1190594e-01   1.5787890e-03   1.1258234e-03   4.2129520e-05   9.5091466e-04   4.9762373e-03   4.4904127e-02   2.4925748e-06   1.2674784e-06   1.7748965e-09
   1.0000000e+00   9.2000016e-02  -5.1871163e-01   4.9197830e-01  -1.5206749e-03   2.0398407e-04   9.7088778e-04   8.4640029e-03   2.6906176e-01   2.4204265e-01   2.3124522e-06   4.1609501e-08   9.4262308e-07   5.1983238e-02   2.4275670e-02   1.7276877e-01  -2.0002456e-03  -1.1244506e-03   1.4192085e-04   2.7022570e-03   5.8930815e-04   2.9849048e-02   4.0009825e-06   1.2643892e-06   2.0141528e-08
   1.0000000e+00   9.1101315e-02  -5.0272615e-01   4.8336238e-01  -2.5367620e-03   5.8702604e-04   1.1985113e-03   8.2994496e-03   2.5273358e-01   2.3363919e-01   6.4351614e-06   3.4459957e-07   1.4364293e-06  -8.9870100e-04   1.5985480e-02  -8.6159200e-03  -1.0160871e-03   3.8304197e-04   2.2762352e-04   8.0766349e-07   2.5553557e-04   7.4234077e-05   1.0324330e-06   1.4672115e-07   5.1812467e-08
   1.0000000e+00   8.1314598e-02  -5.2030457e-01   5.1761638e-01  -1.5721924e-03   1.4564466e-04   8.2570240e-04   6.6120638e-03   2.7071685e-01   2.6792672e-01   2.4717889e-06   2.1212367e-08   6.8178445e-07  -9.7867170e-03  -1.7578420e-02   3.4254000e-02   9.6456960e-04  -4.4138138e-04  -3.7280890e-04   9.5779830e-05   3.0900085e-04   1.1733365e-03   9.3039451e-07   1.9481752e-07   1.3898648e-07
   1.0000000e+00   5.7110791e-02  -5.1839154e-01   4.3813527e-01  -5.1573403e-04   2.9268364e-05   5.5159541e-04   3.2616424e-03   2.6872979e-01   1.9196251e-01   2.6598159e-07   8.5663713e-10   3.0425750e-07  -2.4203807e-02   1.9130300e-03  -7.9481110e-02   1.0564584e-03  -1.1637630e-04  -2.7410699e-04   5.8582427e-04   3.6596838e-06   6.3172468e-03   1.1161043e-06   1.3543442e-08   7.5134642e-08
   1.0000000e+00   6.0934633e-02  -4.6719948e-01   4.1450340e-01   3.6519392e-05  -9.7113984e-05   8.6340495e-04   3.7130295e-03   2.1827535e-01   1.7181307e-01   1.3336660e-09   9.4311259e-09   7.4546811e-07   3.8238420e-03   5.1192060e-02  -2.3631870e-02   5.5225342e-04  -1.2638235e-04   3.1180954e-04   1.4621768e-05   2.6206270e-03   5.5846528e-04   3.0498384e-07   1.5972498e-08   9.7225189e-08
   1.0000000e+00   5.8833541e-02  -4.4726559e-01   4.8676098e-01  -7.0279683e-05   2.4737950e-04   1.3766168e-03   3.4613855e-03   2.0004651e-01   2.3693625e-01   4.9392338e-09   6.1196617e-08   1.8950738e-06  -2.1010920e-03   1.9933890e-02   7.2257580e-02  -1.0679908e-04   3.4449348e-04   5.1321185e-04   4.4145876e-06   3.9735997e-04   5.2211579e-03   1.1406042e-08   1.1867576e-07   2.6338640e-07
   1.0000000e+00   4.8469282e-02  -4.7300427e-01   4.5531840e-01   5.9239678e-05   8.7018582e-04   1.3344615e-03   2.3492713e-03   2.2373304e-01   2.0731485e-01   3.5093394e-09   7.5722336e-07   1.7807875e-06  -1.0364259e-02  -2.5738680e-02  -3.1442580e-02   1.2951936e-04   6.2280632e-04  -4.2155300e-05   1.0741786e-04   6.6247965e-04   9.8863584e-04   1.6775265e-08   3.8788771e-07   1.7770693e-09
   1.0000000e+00   6.9854918e-02  -4.5689953e-01   4.9943157e-01   2.5615103e-04   8.7188908e-04   1.6232393e-03   4.8797096e-03   2.0875718e-01   2.4943189e-01   6.5613350e-08   7.6019057e-07   2.6349058e-06   2.1385636e-02   1.6104740e-02   4.4113170e-02   1.9691135e-04   1.7032600e-06   2.8877780e-04   4.5734543e-04   2.5936265e-04   1.9459718e-03   3.8774081e-08   2.9010946e-12   8.3392618e-08
   1.0000000e+00   6.6504445e-02  -4.7124459e-01   4.4996586e-01   4.0203363e-04   8.4930559e-04   1.9467665e-03   4.4228412e-03   2.2207146e-01   2.0246928e-01   1.6163104e-07   7.2131999e-07   3.7898998e-06  -3.3504730e-03  -1.4345060e-02  -4.9465710e-02   1.4588260e-04  -2.2583490e-05   3.2352720e-04   1.1225669e-05   2.0578075e-04   2.4468565e-03   2.1281733e-08   5.1001402e-10   1.0466985e-07
   1.0000000e+00   5.6014927e-02  -4.7489420e-01   5.0557361e-01   3.9827725e-04   6.9993491e-04   2.0023461e-03   3.1376720e-03   2.2552450e-01   2.5560468e-01   1.5862477e-07   4.8990888e-07   4.0093899e-06  -1.0489518e-02  -3.6496100e-03   5.5607750e-02  -3.7563800e-06  -1.4937068e-04   5.5579600e-05   1.1002999e-04   1.3319653e-05   3.0922219e-03   1.4110391e-11   2.2311600e-08   3.0890919e-09
   1.0000000e+00   3.3708968e-02  -4.8573445e-01   3.5157954e-01   9.4869806e-04   1.1600525e-03   1.6592875e-03   1.1362945e-03   2.3593796e-01   1.2360817e-01   9.0002801e-07   1.3457218e-06   2.7532350e-06  -2.2305959e-02  -1.0840250e-02  -1.5399407e-01   5.5042081e-04   4.6011759e-04  -3.4305860e-04   4.9755581e-04   1.1751102e-04   2.3714174e-02   3.0296307e-07   2.1170820e-07   1.1768920e-07
   1.0000000e+00   4.9059606e-02  -4.5032893e-01   3.7307545e-01  -5.4633854e-04   7.5492912e-04   2.0818249e-03   2.4068449e-03   2.0279615e-01   1.3918529e-01   2.9848580e-07   5.6991798e-07   4.3339949e-06   1.5350638e-02   3.5405520e-02   2.1495910e-02  -1.4950366e-03  -4.0512338e-04   4.2253740e-04   2.3564209e-04   1.2535508e-03   4.6207415e-04   2.2351344e-06   1.6412495e-07   1.7853785e-07
   1.0000000e+00   4.6797434e-02  -5.2824913e-01   5.3673537e-01  -9.8331799e-04   1.4050723e-03   2.2236667e-03   2.1899998e-03   2.7904714e-01   2.8808486e-01   9.6691427e-07   1.9742282e-06   4.9446936e-06  -2.2621720e-03  -7.7920200e-02   1.6365992e-01  -4.3697945e-04   6.5014318e-04   1.4184180e-04   5.1174222e-06   6.0715576e-03   2.6784569e-02   1.9095104e-07   4.2268615e-07   2.0119096e-08
   1.0000000e+00   6.9986032e-02  -4.8656227e-01   5.1008831e-01  -8.2802635e-04   1.3360935e-03   2.8306655e-03   4.8980447e-03   2.3674284e-01   2.6019008e-01   6.8562764e-07   1.7851458e-06   8.0126672e-06   2.3188598e-02   4.1686860e-02  -2.6647060e-02   1.5529164e-04  -6.8978800e-05   6.0699880e-04   5.3771108e-04   1.7377943e-03   7.1006581e-04   2.4115493e-08   4.7580748e-09   3.6844754e-07
   1.0000000e+00   3.2312547e-02  -5.0639265e-01   5.2099037e-01  -5.4776236e-04   1.1711369e-03   1.9198835e-03   1.0441007e-03   2.5643352e-01   2.7143097e-01   3.0004360e-07   1.3715616e-06   3.6859527e-06  -3.7673485e-02  -1.9830380e-02   1.0902060e-02   2.8026399e-04  -1.6495660e-04  -9.1078200e-04   1.4192915e-03   3.9324397e-04   1.1885491e-04   7.8547904e-08   2.7210680e-08   8.2952385e-07
   1.0000000e+00   3.1444963e-02  -4.9878841e-01   5.1712070e-01   4.3616637e-04   1.1433524e-03   2.1180042e-03   9.8878570e-04   2.4878988e-01   2.6741382e-01   1.9024110e-07   1.3072547e-06   4.4859418e-06  -8.6758400e-04   7.6042400e-03  -3.8696700e-03   9.8392873e-04  -2.7784500e-05   1.9812070e-04   7.5270200e-07   5.7824466e-05   1.4974346e-05   9.6811575e-07   7.7197844e-10   3.9251812e-08
   1.0000000e+00   4.6666505e-02  -4.9955895e-01   5.6426725e-01   2.4155033e-04   1.2091082e-03   2.2434868e-03   2.1777627e-03   2.4955914e-01   3.1839753e-01   5.8346562e-08   1.4619426e-06   5.0332330e-06   1.5221542e-02  -7.7054000e-04   4.7146550e-02  -1.9461604e-04   6.5755800e-05   1.2548260e-04   2.3169534e-04   5.9373189e-07   2.2227972e-03   3.7875403e-08   4.3238252e-09   1.5745883e-08
   1.0000000e+00   3.3472925e-02  -5.2097663e-01   6.0164842e-01   3.3609040e-05   1.7190704e-03   2.1881364e-03   1.1204367e-03   2.7141665e-01   3.6198082e-01   1.1295676e-09   2.9552030e-06   4.7879409e-06  -1.3193580e-02  -2.1417680e-02   3.7381170e-02  -2.0794129e-04   5.0996220e-04  -5.5350400e-05   1.7407055e-04   4.5871702e-04   1.3973519e-03   4.3239580e-08   2.6006145e-07   3.0636668e-09
   1.0000000e+00   3.1609765e-02  -5.1845513e-01   5.5910614e-01   3.1108284e-05   1.6494212e-03   2.1540313e-03   9.9917724e-04   2.6879572e-01   3.1259968e-01   9.6772533e-10   2.7205903e-06   4.6398508e-06  -1.8631600e-03   2.5215000e-03  -4.2542280e-02  -2.5007560e-06  -6.9649200e-05  -3.4105100e-05   3.4713652e-06   6.3579623e-06   1.8098456e-03   6.2537806e-12   4.8510111e-09   1.1631578e-09
   1.0000000e+00   2.2944572e-02  -4.8292299e-01   5.6349054e-01   6.0246729e-04   1.7457868e-03   2.0980258e-03   5.2645338e-04   2.3321461e-01   3.1752159e-01   3.6296684e-07   3.0477716e-06   4.4017123e-06  -8.6651930e-03   3.5532140e-02   4.3844000e-03   5.7135901e-04   9.6365600e-05  -5.6005500e-05   7.5085570e-05   1.2625330e-03   1.9222963e-05   3.2645111e-07   9.2863289e-09   3.1366160e-09
   1.0000000e+00   3.0387317e-02  -4.9250562e-01   5.6021133e-01   9.3336274e-04   1.8819014e-03   2.1104968e-03   9.2338903e-04   2.4256179e-01   3.1383673e-01   8.7116600e-07   3.5415529e-06   4.4541967e-06   7.4427450e-03  -9.5826300e-03  -3.2792100e-03   3.3089545e-04   1.3611460e-04   1.2471000e-05   5.5394453e-05   9.1826798e-05   1.0753218e-05   1.0949180e-07   1.8527184e-08   1.5552584e-10
   1.0000000e+00   2.1712273e-02  -5.0819743e-01   6.2466591e-01   1.0837572e-03   1.0726682e-03   2.5209925e-03   4.7142280e-04   2.5826463e-01   3.9020750e-01   1.1745297e-06   1.1506171e-06   6.3554032e-06  -8.6750440e-03  -1.5691810e-02   6.4454580e-02   1.5039446e-04  -8.0923320e-04   4.1049570e-04   7.5256388e-05   2.4623290e-04   4.1543929e-03   2.2618494e-08   6.5485837e-07   1.6850672e-07
   1.0000000e+00   2.8947115e-02  -5.6562881e-01   5.7402700e-01   5.5188274e-04   2.7923965e-03   1.6792995e-03   8.3793547e-04   3.1993595e-01   3.2950700e-01   3.0457456e-07   7.7974782e-06   2.8200468e-06   7.2348420e-03  -5.7431380e-02  -5.0638910e-02  -5.3187446e-04   1.7197283e-03  -8.4169300e-04   5.2342939e-05   3.2983634e-03   2.5642992e-03   2.8289044e-07   2.9574654e-06   7.0844711e-07
   1.0000000e+00   1.0290671e-01  -5.4253317e-01   4.5450414e-01  -4.4343586e-04   3.9637190e-04   2.2758691e-03   1.0589791e-02   2.9434224e-01   2.0657401e-01   1.9663536e-07   1.5711068e-07   5.1795802e-06   7.3959595e-02   2.3095640e-02  -1.1952286e-01  -9.9531860e-04  -2.3960246e-03   5.9656960e-04   5.4700217e-03   5.3340859e-04   1.4285714e-02   9.9065912e-07   5.7409339e-06   3.5589529e-07
   1.0000000e+00   9.3647109e-02  -6.6940759e-01   6.6576067e-01   3.5313000e-04   3.2199230e-04   9.1357291e-04   8.7697810e-03   4.4810652e-01   4.4323727e-01   1.2470080e-07   1.0367904e-07   8.3461546e-07  -9.2596010e-03  -1.2687442e-01   2.1125653e-01   7.9656586e-04  -7.4379600e-05  -1.3622962e-03   8.5740211e-05   1.6097118e-02   4.4629321e-02   6.3451717e-07   5.5323249e-09   1.8558509e-06
   1.0000000e+00  -9.1053511e-02  -9.6991152e-01   1.2297267e+00  -2.2773746e-03   7.0716725e-04  -6.5663255e-04   8.2907419e-03   9.4072836e-01   1.5122278e+00   5.1864351e-06   5.0008552e-07   4.3116631e-07  -1.8470062e-01  -3.0050393e-01   5.6396603e-01  -2.6305046e-03   3.8517495e-04  -1.5702055e-03   3.4114319e-02   9.0302612e-02   3.1805768e-01   6.9195545e-06   1.4835974e-07   2.4655452e-06
   1.0000000e+00   7.6186003e-02  -9.9386584e-01   1.5245357e+00  -4.7454870e-03  -1.2881475e-03   1.2639258e-03   5.8043071e-03   9.8776931e-01   2.3242091e+00   2.2519647e-05   1.6593240e-06   1.5975084e-06   1.6723951e-01  -2.3954320e-02   2.9480900e-01  -2.4681124e-03  -1.9953148e-03   1.9205584e-03   2.7969055e-02   5.7380945e-04   8.6912346e-02   6.0915788e-06   3.9812810e-06   3.6885444e-06
   1.0000000e+00   7.2293886e-02  -8.7670015e-01   1.1005394e+00  -2.7595705e-04  -1.9386789e-04   2.5104316e-03   5.2264060e-03   7.6860315e-01   1.2111870e+00   7.6152293e-08   3.7584759e-08   6.3022668e-06  -3.8921170e-03   1.1716569e-01  -4.2399630e-01   4.4695299e-03   1.0942796e-03   1.2465058e-03   1.5148575e-05   1.3727799e-02   1.7977286e-01   1.9976698e-05   1.1974479e-06   1.5537767e-06
   1.0000000e+00   1.5856072e-02  -7.9201122e-01   7.8129261e-01   1.4994172e-03   5.4268415e-04   1.9592941e-03   2.5141502e-04   6.2728177e-01   6.1041814e-01   2.2482519e-06   2.9450609e-07   3.8388334e-06  -5.6437814e-02   8.4688930e-02  -3.1924679e-01   1.7753743e-03   7.3655204e-04  -5.5113750e-04   3.1852268e-03   7.1722149e-03   1.0191851e-01   3.1519537e-06   5.4250891e-07   3.0375254e-07
   1.0000000e+00   3.0916730e-02  -7.6145393e-01   8.4091309e-01   3.9978627e-04   1.5017246e-03   2.1385315e-03   9.5584419e-04   5.7981209e-01   7.0713482e-01   1.5982906e-07   2.2551768e-06   4.5733170e-06   1.5060658e-02   3.0557290e-02   5.9620480e-02  -1.0996309e-03   9.5904045e-04   1.7923740e-04   2.2682342e-04   9.3374797e-04   3.5546016e-03   1.2091882e-06   9.1975858e-07   3.2126046e-08
   1.0000000e+00  -1.0197814e-02  -7.5977371e-01   7.8256336e-01  -1.2785392e-04   1.0560413e-03   1.7696810e-03   1.0399541e-04   5.7725609e-01   6.1240541e-01   1.6346625e-08   1.1152232e-06   3.1317708e-06  -4.1114544e-02   1.6802200e-03  -5.8349730e-02  -5.2764019e-04  -4.4568330e-04  -3.6885050e-04   1.6904057e-03   2.8231392e-06   3.4046910e-03   2.7840417e-07   1.9863360e-07   1.3605069e-07
   1.0000000e+00   6.7944874e-04  -7.4760541e-01   7.9591462e-01   3.1006072e-04   6.7447203e-04   1.8103778e-03   4.6165059e-07   5.5891385e-01   6.3348008e-01   9.6137650e-08   4.5491252e-07   3.2774678e-06   1.0877263e-02   1.2168300e-02   1.3351260e-02   4.3791464e-04  -3.8156927e-04   4.0696800e-05   1.1831484e-04   1.4806752e-04   1.7825614e-04   1.9176923e-07   1.4559511e-07   1.6562295e-09
   1.0000000e+00  -2.2265235e-03  -7.1591456e-01   7.0866036e-01   1.4475684e-04   7.5565542e-04   1.7599928e-03   4.9574069e-06   5.1253366e-01   5.0219951e-01   2.0954543e-08   5.7101511e-07   3.0975747e-06  -2.9059722e-03   3.1690850e-02  -8.7254260e-02  -1.6530388e-04   8.1183390e-05  -5.0385000e-05   8.4446747e-06   1.0043100e-03   7.6133059e-03   2.7325373e-08   6.5907428e-09   2.5386482e-09
   1.0000000e+00   2.1057762e-02  -7.1415197e-01   7.1520482e-01   1.6011819e-04   9.9957169e-04   1.8608601e-03   4.4342934e-04   5.1001304e-01   5.1151793e-01   2.5637835e-08   9.9914356e-07   3.4628003e-06   2.3284286e-02   1.7625900e-03   6.5444600e-03   1.5361350e-05   2.4391627e-04   1.0086730e-04   5.4215795e-04   3.1067235e-06   4.2829957e-05   2.3597107e-10   5.9495147e-08   1.0174212e-08
   1.0000000e+00   2.4924182e-02  -6.7301587e-01   6.9608355e-01  -6.7365089e-05   7.2929987e-04   2.1137311e-03   6.2121485e-04   4.5295036e-01   4.8453231e-01   4.5380552e-09   5.3187830e-07   4.4678592e-06   3.8664200e-03   4.1136100e-02  -1.9121270e-02  -2.2748328e-04  -2.7027182e-04   2.5287100e-04   1.4949204e-05   1.6921787e-03   3.6562297e-04   5.1748642e-08   7.3046857e-08   6.3943743e-08
   1.0000000e+00  -2.6998440e-02  -7.7503899e-01   6.6039439e-01   1.1756117e-03   2.6726159e-03   1.2025546e-03   7.2891576e-04   6.0068544e-01   4.3612075e-01   1.3820629e-06   7.1428757e-06   1.4461376e-06  -5.1922622e-02  -1.0202312e-01  -3.5689160e-02   1.2429768e-03   1.9433160e-03  -9.1117650e-04   2.6959587e-03   1.0408717e-02   1.2737161e-03   1.5449913e-06   3.7764772e-06   8.3024261e-07
   1.0000000e+00   5.7103561e-03  -8.4639971e-01   2.7930509e-01   2.5016856e-03   2.3667847e-03   1.4946105e-03   3.2608167e-05   7.1639247e-01   7.8011333e-02   6.2584308e-06   5.6016698e-06   2.2338605e-06   3.2708796e-02  -7.1360720e-02  -3.8108930e-01   1.3260739e-03  -3.0583120e-04   2.9205590e-04   1.0698653e-03   5.0923524e-03   1.4522905e-01   1.7584720e-06   9.3532723e-08   8.5296649e-08
   1.0000000e+00   4.7115987e-02  -8.6601859e-01   6.0562106e-01  -8.7726440e-05   1.7432929e-03   1.3084421e-03   2.2199162e-03   7.4998820e-01   3.6677687e-01   7.6959283e-09   3.0390701e-06   1.7120207e-06   4.1405631e-02  -1.9618880e-02   3.2631597e-01  -2.5894120e-03  -6.2349180e-04  -1.8616840e-04   1.7144263e-03   3.8490045e-04   1.0648211e-01   6.7050547e-06   3.8874202e-07   3.4658673e-08
   1.0000000e+00   3.1725941e-03  -8.2038146e-01   6.2614363e-01  -8.3777128e-04   2.3959374e-03   1.3955613e-03   1.0065353e-05   6.7302574e-01   3.9205585e-01   7.0186072e-07   5.7405160e-06   1.9475913e-06  -4.3943393e-02   4.5637130e-02   2.0522570e-02  -7.5004484e-04   6.5264450e-04   8.7119200e-05   1.9310218e-03   2.0827476e-03   4.2117588e-04   5.6256726e-07   4.2594484e-07   7.5897550e-09
   1.0000000e+00  -6.2907570e-03  -7.5304280e-01   4.5786028e-01   3.8940503e-04   1.9969923e-03   1.0036228e-03   3.9573624e-05   5.6707346e-01   2.0963604e-01   1.5163628e-07   3.9879782e-06   1.0072587e-06  -9.4633511e-03   6.7338660e-02  -1.6828335e-01   1.2271763e-03  -3.9894510e-04  -3.9193850e-04   8.9555014e-05   4.5344951e-03   2.8319286e-02   1.5059617e-06   1.5915719e-07   1.5361579e-07
   1.0000000e+00  -3.5536277e-02  -7.8528303e-01   3.8330669e-01   1.6993559e-03   1.6846672e-03   6.3997015e-04   1.2628270e-03   6.1666944e-01   1.4692402e-01   2.8878105e-06   2.8381036e-06   4.0956179e-07  -2.9245520e-02  -3.2240230e-02  -7.4553590e-02   1.3099509e-03  -3.1232510e-04  -3.6365265e-04   8.5530044e-04   1.0394324e-03   5.5582378e-03   1.7159713e-06   9.7546968e-08   1.3224325e-07
   1.0000000e+00   4.2245473e-02  -7.8372961e-01   3.9667709e-01   1.6286107e-03  -2.1429346e-04   2.3581615e-03   1.7846800e-03   6.1423210e-01   1.5735271e-01   2.6523728e-06   4.5921687e-08   5.5609257e-06   7.7781750e-02   1.5534200e-03   1.3370400e-02  -7.0745200e-05  -1.8989607e-03   1.7181913e-03   6.0500006e-03   2.4131137e-06   1.7876760e-04   5.0048833e-09   3.6060516e-06   2.9521815e-06
   1.0000000e+00   3.9064027e-02  -7.5016655e-01   5.6537875e-01   2.3087532e-03   7.6787400e-04   2.7477013e-03   1.5259982e-03   5.6274985e-01   3.1965313e-01   5.3303413e-06   5.8963048e-07   7.5498624e-06  -3.1814460e-03   3.3563060e-02   1.6870166e-01   6.8014250e-04   9.8216746e-04   3.8953980e-04   1.0121599e-05   1.1264790e-03   2.8460250e-02   4.6259382e-07   9.6465292e-07   1.5174126e-07
   1.0000000e+00   4.6202425e-02  -7.2332032e-01   5.6775800e-01   1.3557611e-03   1.5459907e-03   2.9858802e-03   2.1346641e-03   5.2319229e-01   3.2234915e-01   1.8380882e-06   2.3900872e-06   8.9154806e-06   7.1383980e-03   2.6846230e-02   2.3792500e-03  -9.5299210e-04   7.7811670e-04   2.3817890e-04   5.0956726e-05   7.2072007e-04   5.6608306e-06   9.0819394e-07   6.0546560e-07   5.6729188e-08
   1.0000000e+00  -1.6694723e-02  -7.3205086e-01   5.8301054e-01   1.2572044e-03   1.7831066e-03   2.7572526e-03   2.7871378e-04   5.3589846e-01   3.3990129e-01   1.5805629e-06   3.1794691e-06   7.6024419e-06  -6.2897148e-02  -8.7305400e-03   1.5252540e-02  -9.8556700e-05   2.3711590e-04  -2.2862760e-04   3.9560512e-03   7.6222329e-05   2.3263998e-04   9.7134231e-09   5.6223950e-08   5.2270579e-08
   1.0000000e+00   3.2886725e-02  -7.2870173e-01   5.3905579e-01   1.4451521e-03   1.3743616e-03   3.1720644e-03   1.0815367e-03   5.3100621e-01   2.9058114e-01   2.0884646e-06   1.8888698e-06   1.0061993e-05   4.9581448e-02   3.3491300e-03  -4.3954750e-02   1.8794770e-04  -4.0874500e-04   4.1481180e-04   2.4583200e-03   1.1216672e-05   1.9320200e-03   3.5324338e-08   1.6707248e-07   1.7206883e-07
   1.0000000e+00  -9.6059673e-04  -7.4779963e-01   6.0632396e-01   9.3343777e-04   1.4820204e-03   2.4867745e-03   9.2274608e-07   5.5920429e-01   3.6762874e-01   8.7130607e-07   2.1963845e-06   6.1840474e-06  -3.3847322e-02  -1.9097900e-02   6.7268170e-02  -5.1171433e-04   1.0765880e-04  -6.8528990e-04   1.1456412e-03   3.6472978e-04   4.5250067e-03   2.6185156e-07   1.1590417e-08   4.6962225e-07
   1.0000000e+00   1.9405825e-02  -7.7222852e-01   6.0424194e-01   1.0860808e-03   7.0281486e-04   2.9556813e-03   3.7658604e-04   5.9633689e-01   3.6510832e-01   1.1795715e-06   4.9394873e-07   8.7360519e-06   2.0366422e-02  -2.4428890e-02  -2.0820200e-03   1.5264303e-04  -7.7920554e-04   4.6890680e-04   4.1479113e-04   5.9677067e-04   4.3348073e-06   2.3299895e-08   6.0716127e-07   2.1987359e-07
   1.0000000e+00  -3.7905667e-02  -7.3844848e-01   5.7779759e-01   1.9515518e-03   4.4549517e-04   1.8412589e-03   1.4368396e-03   5.4530616e-01   3.3385006e-01   3.8085544e-06   1.9846595e-07   3.3902343e-06  -5.7311492e-02   3.3780040e-02  -2.6444350e-02   8.6547100e-04  -2.5731969e-04  -1.1144224e-03   3.2846071e-03   1.1410911e-03   6.9930365e-04   7.4904005e-07   6.6213423e-08   1.2419373e-06
   1.0000000e+00  -5.8991994e-02  -7.4825425e-01   5.2902061e-01   1.4105095e-03   2.5890086e-04   1.7661116e-03   3.4800554e-03   5.5988442e-01   2.7986281e-01   1.9895370e-06   6.7029655e-08   3.1191502e-06  -2.1086327e-02  -9.8057700e-03  -4.8776980e-02  -5.4104230e-04  -1.8659431e-04  -7.5147300e-05   4.4463319e-04   9.6153125e-05   2.3791938e-03   2.9272677e-07   3.4817437e-08   5.6471167e-09
   1.0000000e+00  -5.7694121e-02  -7.8249566e-01   6.1055568e-01   5.9947830e-04   1.1271828e-03   1.8229169e-03   3.3286116e-03   6.1229946e-01   3.7277824e-01   3.5937423e-07   1.2705411e-06   3.3230260e-06   1.2978730e-03  -3.4241410e-02   8.1535070e-02  -8.1103120e-04   8.6828194e-04   5.6805300e-05   1.6844743e-06   1.1724742e-03   6.6479676e-03   6.5777161e-07   7.5391353e-07   3.2268421e-09
   1.0000000e+00  -5.3727933e-02  -8.0401838e-01   6.3166360e-01   1.4045902e-04   9.5747907e-04   2.0824056e-03   2.8866908e-03   6.4644556e-01   3.9899890e-01   1.9728736e-08   9.1676617e-07   4.3364131e-06   3.9661880e-03  -2.1522720e-02   2.1107920e-02  -4.5901928e-04  -1.6970373e-04   2.5948870e-04   1.5730647e-05   4.6322748e-04   4.4554429e-04   2.1069870e-07   2.8799356e-08   6.7334385e-08
   1.0000000e+00  -5.6920384e-02  -7.6135874e-01   5.5688897e-01   8.5414784e-04   5.2123679e-04   2.0056947e-03   3.2399301e-03   5.7966713e-01   3.1012532e-01   7.2956853e-07   2.7168779e-07   4.0228112e-06  -3.1924510e-03   4.2659640e-02  -7.4774630e-02   7.1368882e-04  -4.3624228e-04  -7.6710900e-05   1.0191743e-05   1.8198449e-03   5.5912453e-03   5.0935173e-07   1.9030733e-07   5.8845622e-09
   1.0000000e+00  -8.0432374e-02  -7.3176797e-01   4.9839218e-01   8.7188279e-04  -1.2039232e-05   1.9253124e-03   6.4693668e-03   5.3548436e-01   2.4839477e-01   7.6017960e-07   1.4494311e-10   3.7068278e-06  -2.3511990e-02   2.9590770e-02  -5.8496790e-02   1.7734950e-05  -5.3327602e-04  -8.0382300e-05   5.5281367e-04   8.7561367e-04   3.4218744e-03   3.1452845e-10   2.8438332e-07   6.4613142e-09
   1.0000000e+00  -1.0939209e-01  -7.4704918e-01   5.1864446e-01   1.4428504e-03   2.6944087e-04   1.2773224e-03   1.1966629e-02   5.5808248e-01   2.6899208e-01   2.0818173e-06   7.2598382e-08   1.6315525e-06  -2.8959716e-02  -1.5281210e-02   2.0252280e-02   5.7096761e-04   2.8148010e-04  -6.4799000e-04   8.3866515e-04   2.3351538e-04   4.1015485e-04   3.2600401e-07   7.9231048e-08   4.1989104e-07
   1.0000000e+00  -9.9349772e-02  -7.5372218e-01   4.9357486e-01   8.0922558e-04   5.2116903e-04   1.6241038e-03   9.8703772e-03   5.6809712e-01   2.4361614e-01   6.5484604e-07   2.7161716e-07   2.6377132e-06   1.0042318e-02  -6.6730000e-03  -2.5069600e-02  -6.3362482e-04   2.5172816e-04   3.4678140e-04   1.0084815e-04   4.4528929e-05   6.2848484e-04   4.0148041e-07   6.3367067e-08   1.2025734e-07
   1.0000000e+00  -1.0044746e-01  -7.6804671e-01   5.0271414e-01   5.7106441e-04   7.0745828e-04   1.6052361e-03   1.0089692e-02   5.8989575e-01   2.5272151e-01   3.2611456e-07   5.0049722e-07   2.5767829e-06  -1.0976880e-03  -1.4324530e-02   9.1392800e-03  -2.3816117e-04   1.8628925e-04  -1.8867700e-05   1.2049189e-06   2.0519216e-04   8.3526439e-05   5.6720743e-08   3.4703685e-08   3.5599010e-10
   1.0000000e+00  -9.1350235e-02  -7.8341906e-01   4.8145946e-01   1.3494394e-03   6.4365040e-04   1.9821056e-03   8.3448654e-03   6.1374542e-01   2.3180321e-01   1.8209867e-06   4.1428584e-07   3.9287426e-06   9.0972250e-03  -1.5372350e-02  -2.1254680e-02   7.7837499e-04  -6.3807880e-05   3.7686950e-04   8.2759503e-05   2.3630914e-04   4.5176142e-04   6.0586763e-07   4.0714456e-09   1.4203062e-07
   1.0000000e+00  -1.2431355e-01  -7.8041023e-01   4.6727186e-01   1.6040960e-03   7.6176890e-04   1.3516937e-03   1.5453859e-02   6.0904013e-01   2.1834299e-01   2.5731240e-06   5.8029186e-07   1.8270759e-06  -3.2963315e-02   3.0088300e-03  -1.4187600e-02   2.5465660e-04   1.1811850e-04  -6.3041190e-04   1.0865801e-03   9.0530580e-06   2.0128799e-04   6.4849984e-08   1.3951980e-08   3.9741916e-07
   1.0000000e+00  -1.1245562e-01  -7.5023150e-01   4.4790876e-01   1.3872456e-03   4.6290952e-04   1.5814082e-03   1.2646266e-02   5.6284730e-01   2.0062226e-01   1.9244504e-06   2.1428522e-07   2.5008519e-06   1.1857930e-02   3.0178730e-02  -1.9363100e-02  -2.1685040e-04  -2.9885938e-04   2.2971450e-04   1.4061050e-04   9.1075574e-04   3.7492964e-04   4.7024096e-08   8.9316929e-08   5.2768752e-08
   1.0000000e+00  -1.3571267e-01  -8.1235643e-01   4.4839860e-01   1.6518065e-03   8.3578768e-04   8.4544517e-04   1.8417929e-02   6.5992297e-01   2.0106130e-01   2.7284647e-06   6.9854105e-07   7.1477754e-07  -2.3257050e-02  -6.2124930e-02   4.8984000e-04   2.6456090e-04   3.7287816e-04  -7.3596303e-04   5.4089037e-04   3.8595069e-03   2.3994323e-07   6.9992470e-08   1.3903812e-07   5.4164158e-07
   1.0000000e+00  -1.6319986e-01  -8.3626884e-01   4.3227935e-01   1.1243055e-03   2.8037193e-03  -9.4545231e-05   2.6634194e-02   6.9934557e-01   1.8686544e-01   1.2640629e-06   7.8608419e-06   8.9388007e-09  -2.7487190e-02  -2.3912410e-02  -1.6119250e-02  -5.2750100e-04   1.9679316e-03  -9.3999040e-04   7.5554561e-04   5.7180335e-04   2.5983022e-04   2.7825731e-07   3.8727549e-06   8.8358195e-07
   1.0000000e+00  -1.3061319e-01  -7.8057660e-01   4.2263085e-01   1.3259248e-03   1.4718308e-03  -2.4102879e-04   1.7059805e-02   6.0929983e-01   1.7861684e-01   1.7580766e-06   2.1662859e-06   5.8094878e-08   3.2586670e-02   5.5692240e-02  -9.6485000e-03   2.0161930e-04  -1.3318885e-03  -1.4648356e-04   1.0618911e-03   3.1016256e-03   9.3093552e-05   4.0650342e-08   1.7739270e-06   2.1457433e-08
   1.0000000e+00  -1.0691272e-01  -8.7005666e-01   3.6705164e-01   1.3358375e-03   2.8161465e-03   1.7098718e-03   1.1430330e-02   7.5699859e-01   1.3472691e-01   1.7844618e-06   7.9306811e-06   2.9236616e-06   2.3700470e-02  -8.9480060e-02  -5.5579210e-02   9.9127000e-06   1.3443157e-03   1.9509006e-03   5.6171228e-04   8.0066811e-03   3.0890486e-03   9.8261621e-11   1.8071847e-06   3.8060131e-06
   1.0000000e+00  -1.3954470e-01  -9.0622577e-01  -4.5505155e-02   2.3953055e-03   8.7096906e-04   2.8636707e-03   1.9472723e-02   8.2124515e-01   2.0707191e-03   5.7374884e-06   7.5858710e-07   8.2006099e-06  -3.2631980e-02  -3.6169110e-02  -4.1255680e-01   1.0594680e-03  -1.9451774e-03   1.1537989e-03   1.0648461e-03   1.3082045e-03   1.7020311e-01   1.1224724e-06   3.7837153e-06   1.3312519e-06
   1.0000000e+00  -9.4298330e-02  -9.4051726e-01   5.6851456e-01  -2.8540368e-03  -6.3106163e-04   1.4805844e-03   8.8921750e-03   8.8457272e-01   3.2320880e-01   8.1455261e-06   3.9823878e-07   2.1921302e-06   4.5246370e-02  -3.4291490e-02   6.1401971e-01  -5.2493423e-03  -1.5020307e-03  -1.3830863e-03   2.0472340e-03   1.1759063e-03   3.7702021e-01   2.7555595e-05   2.2560962e-06   1.9129277e-06
   1.0000000e+00  -3.0355776e-03  -8.7095560e-01   3.7770651e-01  -2.1364350e-03  -1.3614563e-03   3.3703606e-03   9.2147314e-06   7.5856366e-01   1.4266221e-01   4.5643545e-06   1.8535633e-06   1.1359331e-05   9.1262752e-02   6.9561660e-02  -1.9080805e-01   7.1760180e-04  -7.3039467e-04   1.8897762e-03   8.3288900e-03   4.8388245e-03   3.6407712e-02   5.1495234e-07   5.3347637e-07   3.5712541e-06
   1.0000000e+00  -1.9243655e-01  -9.2504973e-01   2.8620356e-01   3.1678550e-03  -4.9756097e-04  -4.9245782e-04   3.7031826e-02   8.5571700e-01   8.1912478e-02   1.0035305e-05   2.4756692e-07   2.4251470e-07  -1.8940097e-01  -5.4094130e-02  -9.1502950e-02   5.3042900e-03   8.6389533e-04  -3.8628184e-03   3.5872728e-02   2.9261749e-03   8.3727899e-03   2.8135492e-05   7.4631514e-07   1.4921366e-05
   1.0000000e+00  -1.8558247e-01  -9.3449207e-01   8.4724333e-02   4.2487320e-03   8.1764222e-05   5.3020454e-05   3.4440853e-02   8.7327543e-01   7.1782126e-03   1.8051724e-05   6.6853880e-09   2.8111685e-09   6.8540800e-03  -9.4423400e-03  -2.0147923e-01   1.0808770e-03   5.7932519e-04   5.4547827e-04   4.6978413e-05   8.9157785e-05   4.0593879e-02   1.1682951e-06   3.3561768e-07   2.9754655e-07
   1.0000000e+00  -1.7208596e-01  -8.8600492e-01  -1.3786654e-01   4.8221842e-03  -7.1317952e-04  -2.0214781e-04   2.9613578e-02   7.8500472e-01   1.9007183e-02   2.3253460e-05   5.0862503e-07   4.0863737e-08   1.3496510e-02   4.8487150e-02  -2.2259087e-01   5.7345220e-04  -7.9494374e-04  -2.5516826e-04   1.8215578e-04   2.3510037e-03   4.9546697e-02   3.2884743e-07   6.3193555e-07   6.5110843e-08
   1.0000000e+00  -1.8695566e-01  -8.6289547e-01   8.5107254e-02   2.2581931e-03  -8.0090718e-04  -8.1923756e-05   3.4952419e-02   7.4458859e-01   7.2432447e-03   5.0994361e-06   6.4145231e-07   6.7115018e-09  -1.4869700e-02   2.3109450e-02   2.2297379e-01  -2.5639911e-03  -8.7727660e-05   1.2022405e-04   2.2110798e-04   5.3404668e-04   4.9717313e-02   6.5740504e-06   7.6961423e-09   1.4453823e-08
   1.0000000e+00  -2.3424629e-01  -8.6087290e-01   2.0371536e-01   1.2955593e-03  -5.1107429e-04  -2.0783697e-03   5.4871324e-02   7.4110215e-01   4.1499948e-02   1.6784739e-06   2.6119693e-07   4.3196206e-06  -4.7290630e-02   2.0225700e-03   1.1860811e-01  -9.6263380e-04   2.8983289e-04  -1.9964459e-03   2.2364037e-03   4.0907894e-06   1.4067883e-02   9.2666383e-07   8.4003104e-08   3.9857964e-06
   1.0000000e+00  -1.9533179e-01  -9.0774228e-01   3.0596711e-01   1.3478274e-03  -1.1013774e-03  -6.0066801e-04   3.8154508e-02   8.2399605e-01   9.3615872e-02   1.8166387e-06   1.2130322e-06   3.6080206e-07   3.8914500e-02  -4.6869380e-02   1.0225175e-01   5.2268100e-05  -5.9030311e-04   1.4777017e-03   1.5143383e-03   2.1967388e-03   1.0455420e-02   2.7319543e-09   3.4845776e-07   2.1836023e-06
   1.0000000e+00  -2.0170411e-01  -8.9044910e-01   2.8637899e-01   1.7886382e-03  -5.7302893e-04  -5.3171029e-04   4.0684548e-02   7.9289960e-01   8.2012926e-02   3.1992266e-06   3.2836215e-07   2.8271583e-07  -6.3723200e-03   1.7293180e-02  -1.9588120e-02   4.4081080e-04   5.2834847e-04   6.8957720e-05   4.0606462e-05   2.9905407e-04   3.8369445e-04   1.9431416e-07   2.7915211e-07   4.7551671e-09
   1.0000000e+00  -2.0337230e-01  -9.2538633e-01   3.1258012e-01   1.2897433e-03  -6.2967501e-04  -5.6744318e-04   4.1360292e-02   8.5633986e-01   9.7706331e-02   1.6634378e-06   3.9649062e-07   3.2199176e-07  -1.6681900e-03  -3.4937230e-02   2.6201130e-02  -4.9889490e-04  -5.6646080e-05  -3.5732890e-05   2.7828579e-06   1.2206100e-03   6.8649921e-04   2.4889612e-07   3.2087784e-09   1.2768394e-09
   1.0000000e+00  -1.9505386e-01  -9.0958644e-01   2.8317273e-01   1.8981766e-03  -6.2779260e-04  -4.3877950e-04   3.8046008e-02   8.2734749e-01   8.0186795e-02   3.6030744e-06   3.9412355e-07   1.9252745e-07   8.3184400e-03   1.5799890e-02  -2.9407390e-02   6.0843330e-04   1.8824100e-06   1.2866368e-04   6.9196444e-05   2.4963652e-04   8.6479459e-04   3.7019108e-07   3.5434674e-12   1.6554343e-08
   1.0000000e+00  -1.7240274e-01  -8.9898296e-01   3.1733752e-01   7.4399219e-04  -9.7269277e-04   9.2813446e-05   2.9722705e-02   8.0817036e-01   1.0070310e-01   5.5352438e-07   9.4613122e-07   8.6143358e-09   2.2651120e-02   1.0603480e-02   3.4164790e-02  -1.1541844e-03  -3.4490017e-04   5.3159295e-04   5.1307324e-04   1.1243379e-04   1.1672329e-03   1.3321417e-06   1.1895613e-07   2.8259106e-07
   1.0000000e+00  -1.8266521e-01  -9.1503224e-01   2.6876416e-01   1.8583161e-03  -8.6212244e-04  -2.7625899e-04   3.3366579e-02   8.3728400e-01   7.2234174e-02   3.4533387e-06   7.4325510e-07   7.6319030e-08  -1.0262470e-02  -1.6049280e-02  -4.8573360e-02   1.1143239e-03   1.1057033e-04  -3.6907244e-04   1.0531829e-04   2.5757939e-04   2.3593713e-03   1.2417178e-06   1.2225798e-08   1.3621446e-07
   1.0000000e+00  -1.6986979e-01  -9.2170638e-01   2.6605846e-01   1.4275174e-03  -1.2056205e-03  -5.8425491e-05   2.8855746e-02   8.4954265e-01   7.0787104e-02   2.0378059e-06   1.4535208e-06   3.4135380e-09   1.2795420e-02  -6.6741400e-03  -2.7057000e-03  -4.3079870e-04  -3.4349806e-04   2.1783350e-04   1.6372277e-04   4.4544145e-05   7.3208125e-06   1.8558752e-07   1.1799092e-07   4.7451433e-08
   1.0000000e+00  -1.7581668e-01  -9.1988071e-01   2.3269494e-01   2.0128782e-03  -1.0480633e-03  -1.7691037e-05   3.0911505e-02   8.4618052e-01   5.4146935e-02   4.0516786e-06   1.0984367e-06   3.1297279e-10  -5.9468900e-03   1.8256700e-03  -3.3363520e-02   5.8536080e-04   1.5755720e-04   4.0734454e-05   3.5365501e-05   3.3330709e-06   1.1131245e-03   3.4264727e-07   2.4824271e-08   1.6592957e-09
   1.0000000e+00  -1.6814493e-01  -9.0333217e-01   2.1854764e-01   1.8302780e-03  -1.1502021e-03   1.0029112e-05   2.8272717e-02   8.1600901e-01   4.7763071e-02   3.3499176e-06   1.3229649e-06   1.0058309e-10   7.6717500e-03   1.6548540e-02  -1.4147300e-02  -1.8260020e-04  -1.0213880e-04   2.7720149e-05   5.8855748e-05   2.7385418e-04   2.0014610e-04   3.3342833e-08   1.0432334e-08   7.6840666e-10
   1.0000000e+00  -1.6423836e-01  -9.2825781e-01   1.9999460e-01   1.7289685e-03  -1.0819170e-03   3.4755483e-05   2.6974239e-02   8.6166256e-01   3.9997840e-02   2.9893321e-06   1.1705444e-06   1.2079436e-09   3.9065700e-03  -2.4925640e-02  -1.8553040e-02  -1.0130950e-04   6.8285100e-05   2.4726371e-05   1.5261289e-05   6.2128753e-04   3.4421529e-04   1.0263615e-08   4.6628549e-09   6.1139342e-10
   1.0000000e+00  -1.6195387e-01  -9.1942618e-01   1.8296051e-01   2.0784047e-03  -1.0789022e-03   3.5755356e-04   2.6229056e-02   8.4534450e-01   3.3474548e-02   4.3197661e-06   1.1640300e-06   1.2784455e-07   2.2844900e-03   8.8316300e-03  -1.7034090e-02   3.4943620e-04   3.0148000e-06   3.2279808e-04   5.2188946e-06   7.7997688e-05   2.9016022e-04   1.2210566e-07   9.0890190e-12   1.0419860e-07
   1.0000000e+00  -1.5654642e-01  -9.1811038e-01   1.7244573e-01   1.9557355e-03  -1.3837960e-03   4.8123350e-04   2.4506782e-02   8.4292667e-01   2.9737530e-02   3.8249013e-06   1.9148914e-06   2.3158568e-07   5.4074500e-03   1.3158000e-03  -1.0514780e-02  -1.2266920e-04  -3.0489380e-04   1.2367994e-04   2.9240516e-05   1.7313296e-06   1.1056060e-04   1.5047733e-08   9.2960229e-08   1.5296728e-08
   1.0000000e+00  -1.5792435e-01  -9.4042769e-01   2.1380934e-01   1.5514404e-03  -1.2726162e-03   4.8527883e-04   2.4940100e-02   8.8440424e-01   4.5714434e-02   2.4069673e-06   1.6195520e-06   2.3549554e-07  -1.3779300e-03  -2.2317310e-02   4.1363610e-02  -4.0429510e-04   1.1117980e-04   4.0453300e-06   1.8986911e-06   4.9806233e-04   1.7109482e-03   1.6345453e-07   1.2360948e-08   1.6364695e-11
   1.0000000e+00  -1.6807225e-01  -9.5197104e-01   1.1814218e-01   2.2918483e-03  -1.1937222e-03   4.1778288e-04   2.8248281e-02   9.0624886e-01   1.3957575e-02   5.2525686e-06   1.4249727e-06   1.7454253e-07  -1.0147900e-02  -1.1543350e-02  -9.5667160e-02   7.4040790e-04   7.8894000e-05  -6.7495950e-05   1.0297987e-04   1.3324893e-04   9.1522055e-03   5.4820386e-07   6.2242632e-09   4.5557033e-09
   1.0000000e+00  -1.8073532e-01  -9.1092943e-01  -1.3555232e-02   2.8831819e-03  -1.0027403e-03  -6.2523243e-06   3.2665256e-02   8.2979243e-01   1.8374431e-04   8.3127379e-06   1.0054881e-06   3.9091559e-11  -1.2663070e-02   4.1041610e-02  -1.3169741e-01   5.9133360e-04   1.9098190e-04  -4.2403520e-04   1.6035334e-04   1.6844138e-03   1.7344208e-02   3.4967543e-07   3.6474086e-08   1.7980585e-07
   1.0000000e+00  -1.9591000e-01  -9.6264188e-01   1.2666089e-01   2.4528740e-03  -6.1422090e-04  -1.5951001e-04   3.8380728e-02   9.2667939e-01   1.6042981e-02   6.0165909e-06   3.7726731e-07   2.5443443e-08  -1.5174680e-02  -5.1712450e-02   1.4021612e-01  -4.3030790e-04   3.8851940e-04  -1.5325769e-04   2.3027091e-04   2.6741775e-03   1.9660561e-02   1.8516489e-07   1.5094732e-07   2.3487918e-08
   1.0000000e+00  -2.1094517e-01  -9.6837207e-01   2.0485914e-01   1.1463863e-03  -3.9578135e-04  -6.0328046e-04   4.4497865e-02   9.3774447e-01   4.1967267e-02   1.3142015e-06   1.5664288e-07   3.6394731e-07  -1.5035170e-02  -5.7301900e-03   7.8198250e-02  -1.3064877e-03   2.1843955e-04  -4.4377045e-04   2.2605634e-04   3.2835077e-05   6.1149663e-03   1.7069101e-06   4.7715837e-08   1.9693221e-07
   1.0000000e+00  -1.8458142e-01  -9.5080546e-01   2.4343704e-01  -1.3641219e-04  -4.4911953e-04  -1.5917638e-04   3.4070301e-02   9.0403102e-01   5.9261592e-02   1.8608286e-08   2.0170835e-07   2.5337120e-08   2.6363750e-02   1.7566610e-02   3.8577900e-02  -1.2827985e-03  -5.3338180e-05   4.4410408e-04   6.9504731e-04   3.0858579e-04   1.4882544e-03   1.6455720e-06   2.8449614e-09   1.9722843e-07
   1.0000000e+00  -1.8196241e-01  -9.6515454e-01   2.5638294e-01   1.5421991e-03  -7.6837050e-04   7.4119707e-06   3.3110319e-02   9.3152329e-01   6.5732212e-02   2.3783781e-06   5.9039323e-07   5.4937310e-11   2.6190100e-03  -1.4349080e-02   1.2945900e-02   1.6786113e-03  -3.1925097e-04   1.6658835e-04   6.8592134e-06   2.0589610e-04   1.6759633e-04   2.8177359e-06   1.0192118e-07   2.7751679e-08
   1.0000000e+00  -1.9425243e-01  -9.7957910e-01   1.9942982e-01   1.5443527e-03  -7.8440158e-04  -1.1628602e-04   3.7734007e-02   9.5957521e-01   3.9772253e-02   2.3850253e-06   6.1528584e-07   1.3522438e-08  -1.2290020e-02  -1.4424560e-02  -5.6953120e-02   2.1536000e-06  -1.6031080e-05  -1.2369799e-04   1.5104459e-04   2.0806793e-04   3.2436579e-03   4.6379930e-12   2.5699553e-10   1.5301193e-08
   1.0000000e+00  -1.6825168e-01  -9.7734678e-01   2.0529110e-01   2.5618764e-03  -1.1849753e-03   6.7234996e-04   2.8308628e-02   9.5520673e-01   4.2144436e-02   6.5632107e-06   1.4041665e-06   4.5205447e-07   2.6000750e-02   2.2323200e-03   5.8612800e-03   1.0175237e-03  -4.0057372e-04   7.8863598e-04   6.7603900e-04   4.9832526e-06   3.4354603e-05   1.0353545e-06   1.6045931e-07   6.2194671e-07
   1.0000000e+00  -1.9026905e-01  -9.6789225e-01   3.1433875e-02   3.2109091e-03  -7.1234446e-04   2.4592491e-05   3.6202311e-02   9.3681541e-01   9.8808850e-04   1.0309937e-05   5.0743463e-07   6.0479061e-10  -2.2017370e-02   9.4545300e-03  -1.7385723e-01   6.4903270e-04   4.7263084e-04  -6.4775747e-04   4.8476458e-04   8.9388138e-05   3.0226335e-02   4.2124345e-07   2.2337991e-07   4.1958974e-07
   1.0000000e+00  -1.5889596e-01  -9.4988813e-01   1.0643472e-01   2.9564833e-03  -1.5299298e-03   8.1518176e-04   2.5247926e-02   9.0228746e-01   1.1328350e-02   8.7407935e-06   2.3406852e-06   6.6452130e-07   3.1373090e-02   1.8004120e-02   7.5000845e-02  -2.5442580e-04  -8.1758534e-04   7.9058927e-04   9.8427078e-04   3.2414834e-04   5.6251268e-03   6.4732488e-08   6.6844579e-07   6.2503139e-07
   1.0000000e+00  -2.2469842e-01  -1.0521155e+00   1.6474230e-01   2.5106642e-03   1.9711202e-04  -2.2113780e-04   5.0489380e-02   1.1069470e+00   2.7140025e-02   6.3034347e-06   3.8853148e-08   4.8901927e-08  -6.5802460e-02  -1.0222737e-01   5.8307580e-02  -4.4581910e-04   1.7270418e-03  -1.0363196e-03   4.3299637e-03   1.0450435e-02   3.3997739e-03   1.9875467e-07   2.9826734e-06   1.0739582e-06
   1.0000000e+00  -9.0112634e-02  -1.1966621e+00   5.5499330e-01   1.5334158e-03   7.8621407e-05   1.6279316e-03   8.1202868e-03   1.4320002e+00   3.0801756e-01   2.3513640e-06   6.1813256e-09   2.6501613e-06   1.3458579e-01  -1.4454660e-01   3.9025100e-01  -9.7724840e-04  -1.1849061e-04   1.8490694e-03   1.8113334e-02   2.0893720e-02   1.5229584e-01   9.5501444e-07   1.4040025e-08   3.4190576e-06
   1.0000000e+00  -8.1584483e-02  -1.1802554e+00   6.2705573e-01   1.1959590e-03   2.5660626e-04   2.5578151e-04   6.6560279e-03   1.3930028e+00   3.9319889e-01   1.4303179e-06   6.5846773e-08   6.5424181e-08   8.5281510e-03   1.6406700e-02   7.2062430e-02  -3.3745680e-04   1.7798485e-04  -1.3721501e-03   7.2729359e-05   2.6917980e-04   5.1929938e-03   1.1387709e-07   3.1678608e-08   1.8827959e-06
   1.0000000e+00  -8.1750203e-02  -1.1314347e+00   3.4201770e-01   2.2909901e-03   6.0769395e-05  -3.7555935e-04   6.6830957e-03   1.2801445e+00   1.1697611e-01   5.2486356e-06   3.6929194e-09   1.4104483e-07  -1.6572000e-04   4.8820700e-02  -2.8503803e-01   1.0950311e-03  -1.9583686e-04  -6.3134086e-04   2.7463118e-08   2.3834607e-03   8.1246679e-02   1.1990931e-06   3.8352078e-08   3.9859128e-07
   1.0000000e+00  -8.2386410e-02  -1.1171410e+00   2.6039448e-01   3.5471361e-03  -4.8138115e-04  -1.8933644e-04   6.7875206e-03   1.2480040e+00   6.7805285e-02   1.2582175e-05   2.3172781e-07   3.5848288e-08  -6.3620700e-04   1.4293700e-02  -8.1623220e-02   1.2561460e-03  -5.4215055e-04   1.8622291e-04   4.0475935e-07   2.0430986e-04   6.6623500e-03   1.5779028e-06   2.9392721e-07   3.4678972e-08
   1.0000000e+00  -7.1011494e-02  -1.0812448e+00   3.1813569e-01   3.1854907e-03  -7.6636705e-04   4.6195339e-04   5.0426323e-03   1.1690903e+00   1.0121032e-01   1.0147351e-05   5.8731846e-07   2.1340093e-07   1.1374916e-02   3.5896200e-02   5.7741210e-02  -3.6164540e-04  -2.8498590e-04   6.5128983e-04   1.2938871e-04   1.2885372e-03   3.3340473e-03   1.3078740e-07   8.1216963e-08   4.2417844e-07
   1.0000000e+00  -6.0095330e-02  -1.0828659e+00   3.6620082e-01   3.0649511e-03  -6.9288670e-04   7.7706511e-04   3.6114487e-03   1.1725986e+00   1.3410304e-01   9.3939252e-06   4.8009198e-07   6.0383019e-07   1.0916164e-02  -1.6211000e-03   4.8065130e-02  -1.2053960e-04   7.3480350e-05   3.1511172e-04   1.1916264e-04   2.6279652e-06   2.3102567e-03   1.4529795e-08   5.3993618e-09   9.9295396e-08
   1.0000000e+00  -4.1855319e-02  -1.0744946e+00   2.3410475e-01   3.2004927e-03  -1.2991585e-03   1.3745519e-03   1.7518677e-03   1.1545386e+00   5.4805034e-02   1.0243154e-05   1.6878128e-06   1.8893929e-06   1.8240011e-02   8.3713000e-03  -1.3209607e-01   1.3554160e-04  -6.0627180e-04   5.9748679e-04   3.3269800e-04   7.0078664e-05   1.7449372e-02   1.8371525e-08   3.6756550e-07   3.5699046e-07
   1.0000000e+00  -3.4105413e-02  -1.0635981e+00   2.9371857e-01   3.1851130e-03  -1.5774272e-03   1.8355514e-03   1.1631792e-03   1.1312409e+00   8.6270598e-02   1.0144945e-05   2.4882766e-06   3.3692489e-06   7.7499060e-03   1.0896500e-02   5.9613820e-02  -1.5379700e-05  -2.7826870e-04   4.6099950e-04   6.0061043e-05   1.1873371e-04   3.5538075e-03   2.3653517e-10   7.7433469e-08   2.1252054e-07
   1.0000000e+00  -4.0782769e-02  -1.1385808e+00   3.9178179e-01   1.2001608e-03  -7.8828830e-04   1.6699752e-03   1.6632342e-03   1.2963662e+00   1.5349297e-01   1.4403859e-06   6.2139844e-07   2.7888172e-06  -6.6773560e-03  -7.4982700e-02   9.8063220e-02  -1.9849522e-03   7.8913890e-04  -1.6557620e-04   4.4587083e-05   5.6224053e-03   9.6163951e-03   3.9400352e-06   6.2274020e-07   2.7415478e-08
   1.0000000e+00  -2.3509337e-03  -1.1264934e+00   4.4224452e-01   2.3282299e-03  -1.2155510e-03   2.4940137e-03   5.5268893e-06   1.2689874e+00   1.9558022e-01   5.4206545e-06   1.4775642e-06   6.2201043e-06   3.8431835e-02   1.2087400e-02   5.0462730e-02   1.1280691e-03  -4.2726270e-04   8.2403850e-04   1.4770060e-03   1.4610524e-04   2.5464871e-03   1.2725399e-06   1.8255341e-07   6.7903945e-07
   1.0000000e+00  -1.9931353e-02  -1.1298785e+00   5.2245908e-01   1.6540566e-03  -1.0864183e-03   2.4475924e-03   3.9725883e-04   1.2766254e+00   2.7296349e-01   2.7359032e-06   1.1803047e-06   5.9907086e-06  -1.7580419e-02  -3.3851000e-03   8.0214560e-02  -6.7417330e-04   1.2913270e-04  -4.6421300e-05   3.0907114e-04   1.1458902e-05   6.4343756e-03   4.5450964e-07   1.6675254e-08   2.1549371e-09
   1.0000000e+00  -5.2774907e-03  -1.1217631e+00   5.2371932e-01   1.8412469e-03  -1.9524635e-03   2.5506788e-03   2.7851908e-05   1.2583525e+00   2.7428193e-01   3.3901901e-06   3.8121137e-06   6.5059623e-06   1.4653862e-02   8.1154000e-03   1.2602400e-03   1.8719030e-04  -8.6604520e-04   1.0308640e-04   2.1473568e-04   6.5859717e-05   1.5882049e-06   3.5040208e-08   7.5003429e-07   1.0626806e-08
   1.0000000e+00   2.7990905e-03  -1.1366682e+00   5.5958695e-01   1.7589099e-03  -1.6014054e-03   2.6085130e-03   7.8349076e-06   1.2920146e+00   3.1313755e-01   3.0937640e-06   2.5644993e-06   6.8043401e-06   8.0765812e-03  -1.4905100e-02   3.5867630e-02  -8.2337000e-05   3.5105810e-04   5.7834200e-05   6.5231164e-05   2.2216201e-04   1.2864869e-03   6.7793816e-09   1.2324179e-07   3.3447947e-09
   1.0000000e+00  -4.1450174e-03  -1.1509266e+00   5.5822973e-01   1.9068016e-03  -1.4328759e-03   2.4832151e-03   1.7181169e-05   1.3246320e+00   3.1162043e-01   3.6358923e-06   2.0531333e-06   6.1663572e-06  -6.9441079e-03  -1.4258400e-02  -1.3572200e-03   1.4789170e-04   1.6852950e-04  -1.2529790e-04   4.8220635e-05   2.0330197e-04   1.8420461e-06   2.1871955e-08   2.8402192e-08   1.5699564e-08
   1.0000000e+00  -3.7532439e-03  -1.1306678e+00   4.0591270e-01   2.6289653e-03  -1.5678764e-03   2.5587223e-03   1.4086840e-05   1.2784097e+00   1.6476512e-01   6.9114585e-06   2.4582364e-06   6.5470598e-06   3.9177350e-04   2.0258800e-02  -1.5231703e-01   7.2216370e-04  -1.3500050e-04   7.5507200e-05   1.5348648e-07   4.1041898e-04   2.3200478e-02   5.2152041e-07   1.8225135e-08   5.7013373e-09
   1.0000000e+00  -3.1866916e-03  -1.1188017e+00   3.4968569e-01   2.5938945e-03  -1.4245767e-03   2.6577789e-03   1.0155003e-05   1.2517172e+00   1.2228008e-01   6.7282887e-06   2.0294188e-06   7.0637887e-06   5.6655230e-04   1.1866100e-02  -5.6227010e-02  -3.5070800e-05   1.4329970e-04   9.9056600e-05   3.2098151e-07   1.4080433e-04   3.1614767e-03   1.2299610e-09   2.0534804e-08   9.8122100e-09
   1.0000000e+00   5.6563564e-03  -1.1279719e+00   3.6765463e-01   2.8523355e-03  -1.4867867e-03   2.8589170e-03   3.1994368e-05   1.2723206e+00   1.3516993e-01   8.1358178e-06   2.2105347e-06   8.1734064e-06   8.8430480e-03  -9.1702000e-03   1.7968940e-02   2.5844100e-04  -6.2210000e-05   2.0113810e-04   7.8199498e-05   8.4092568e-05   3.2288280e-04   6.6791750e-08   3.8700841e-09   4.0456535e-08
   1.0000000e+00   1.0608181e-02  -1.1338790e+00   3.7746822e-01   2.8887487e-03  -1.5080216e-03   2.8078532e-03   1.1253350e-04   1.2856816e+00   1.4248226e-01   8.3448691e-06   2.2741291e-06   7.8840396e-06   4.9518246e-03  -5.9071000e-03   9.8135900e-03   3.6413200e-05  -2.1234900e-05  -5.1063800e-05   2.4520567e-05   3.4893830e-05   9.6306549e-05   1.3259211e-09   4.5092098e-10   2.6075117e-09
   1.0000000e+00   1.0909405e-02  -1.1441927e+00   3.9490768e-01   2.7274601e-03  -1.4895616e-03   2.8167887e-03   1.1901512e-04   1.3091769e+00   1.5595208e-01   7.4390386e-06   2.2187938e-06   7.9342986e-06   3.0122400e-04  -1.0313700e-02   1.7439460e-02  -1.6128860e-04   1.8460000e-05   8.9355000e-06   9.0735898e-08   1.0637241e-04   3.0413477e-04   2.6014012e-08   3.4077160e-10   7.9843160e-11
   1.0000000e+00  -1.9751181e-02  -1.1797657e+00   4.1728498e-01   1.9664177e-03  -8.7415696e-04   2.3660265e-03   3.9010915e-04   1.3918471e+00   1.7412675e-01   3.8667986e-06   7.6415039e-07   5.5980814e-06  -3.0660586e-02  -3.5573000e-02   2.2377300e-02  -7.6104240e-04   6.1540464e-04  -4.5076220e-04   9.4007153e-04   1.2654383e-03   5.0074356e-04   5.7918553e-07   3.7872287e-07   2.0318656e-07
   1.0000000e+00   2.7084134e-03  -1.1693215e+00   3.9987120e-01   2.2990701e-03  -1.3234168e-03   2.7320686e-03   7.3355031e-06   1.3673128e+00   1.5989698e-01   5.2857233e-06   1.7514320e-06   7.4641988e-06   2.2459594e-02   1.0444200e-02  -1.7413780e-02   3.3265240e-04  -4.4925984e-04   3.6604210e-04   5.0443338e-04   1.0908131e-04   3.0323973e-04   1.1065762e-07   2.0183440e-07   1.3398682e-07
   1.0000000e+00   1.0800761e-02  -1.1715662e+00   4.1384329e-01   2.6746176e-03  -1.3061914e-03   2.7849266e-03   1.1665644e-04   1.3725674e+00   1.7126627e-01   7.1535793e-06   1.7061360e-06   7.7558162e-06   8.0923476e-03  -2.2447000e-03   1.3972090e-02   3.7554750e-04   1.7225400e-05   5.2858000e-05   6.5486090e-05   5.0386781e-06   1.9521930e-04   1.4103592e-07   2.9671441e-10   2.7939682e-09
   1.0000000e+00   1.2437476e-02  -1.1620114e+00   4.2886138e-01   2.1699942e-03  -1.0019324e-03   2.8409286e-03   1.5469081e-04   1.3502705e+00   1.8392208e-01   4.7088748e-06   1.0038685e-06   8.0708753e-06   1.6367150e-03   9.5548000e-03   1.5018090e-02  -5.0462340e-04   3.0425900e-04   5.6002000e-05   2.6788360e-06   9.1294203e-05   2.2554303e-04   2.5464478e-07   9.2573539e-08   3.1362240e-09
   1.0000000e+00   1.7709585e-02  -1.1876962e+00   4.5380857e-01   2.3908705e-03  -4.9365840e-04   2.6833711e-03   3.1362940e-04   1.4106223e+00   2.0594222e-01   5.7162617e-06   2.4369862e-07   7.2004805e-06   5.2721090e-03  -2.5684800e-02   2.4947190e-02   2.2087630e-04   5.0827400e-04  -1.5755750e-04   2.7795133e-05   6.5970895e-04   6.2236229e-04   4.8786340e-08   2.5834246e-07   2.4824366e-08
   1.0000000e+00   3.3838771e-02  -1.1708431e+00   4.1956572e-01   2.4020068e-03  -7.5261152e-04   3.2715245e-03   1.1450624e-03   1.3708736e+00   1.7603539e-01   5.7696367e-06   5.6642410e-07   1.0702873e-05   1.6129186e-02   1.6853100e-02  -3.4242850e-02   1.1136300e-05  -2.5895312e-04   5.8815340e-04   2.6015064e-04   2.8402698e-04   1.1725728e-03   1.2401718e-10   6.7056718e-08   3.4592442e-07
   1.0000000e+00   3.7613268e-02  -1.1820941e+00   4.4784246e-01   2.3004786e-03  -8.9596404e-04   3.1098627e-03   1.4147579e-03   1.3973465e+00   2.0056287e-01   5.2922018e-06   8.0275156e-07   9.6712460e-06   3.7744970e-03  -1.1251000e-02   2.8276740e-02  -1.0152820e-04  -1.4335252e-04  -1.6166180e-04   1.4246828e-05   1.2658500e-04   7.9957403e-04   1.0307975e-08   2.0549945e-08   2.6134538e-08
   1.0000000e+00   2.9433433e-02  -1.1996511e+00   3.8631268e-01   2.4303625e-03  -9.4770681e-04   2.9535689e-03   8.6632698e-04   1.4391628e+00   1.4923749e-01   5.9066619e-06   8.9814820e-07   8.7235692e-06  -8.1798350e-03  -1.7557000e-02  -6.1529780e-02   1.2988390e-04  -5.1742770e-05  -1.5629380e-04   6.6909701e-05   3.0824825e-04   3.7859138e-03   1.6869827e-08   2.6773142e-09   2.4427752e-08
   1.0000000e+00   2.4473811e-02  -1.2081970e+00   5.0306224e-01   1.3397220e-03  -1.5828410e-03   3.0779660e-03   5.9896742e-04   1.4597400e+00   2.5307162e-01   1.7948550e-06   2.5053856e-06   9.4738747e-06  -4.9596220e-03  -8.5459000e-03   1.1674956e-01  -1.0906405e-03  -6.3513419e-04   1.2439710e-04   2.4597850e-05   7.3032407e-05   1.3630460e-02   1.1894967e-06   4.0339544e-07   1.5474638e-08
   1.0000000e+00   3.8256793e-02  -1.2602413e+00   5.5048158e-01   1.1199831e-03  -1.4279634e-03   3.2549607e-03   1.4635822e-03   1.5882081e+00   3.0302997e-01   1.2543621e-06   2.0390795e-06   1.0594769e-05   1.3782982e-02  -5.2044300e-02   4.7419340e-02  -2.1973890e-04   1.5487760e-04   1.7699470e-04   1.8997059e-04   2.7086092e-03   2.2485938e-03   4.8285184e-08   2.3987071e-08   3.1327124e-08
   1.0000000e+00   5.4680367e-02  -1.2410498e+00   4.8239166e-01   2.7796183e-03  -1.3615187e-03   3.3505681e-03   2.9899425e-03   1.5402046e+00   2.3270171e-01   7.7262779e-06   1.8537332e-06   1.1226307e-05   1.6423574e-02   1.9191500e-02  -6.8089920e-02   1.6596352e-03   6.6444700e-05   9.5607400e-05   2.6973378e-04   3.6831367e-04   4.6362372e-03   2.7543890e-06   4.4148982e-09   9.1407749e-09
   1.0000000e+00   4.2479519e-02  -1.2909452e+00   5.5969925e-01   2.4202914e-03  -1.1441130e-03   3.2544536e-03   1.8045095e-03   1.6665395e+00   3.1326325e-01   5.8578105e-06   1.3089946e-06   1.0591468e-05  -1.2200848e-02  -4.9895400e-02   7.7307590e-02  -3.5932690e-04   2.1740570e-04  -9.6114500e-05   1.4886069e-04   2.4895509e-03   5.9764635e-03   1.2911582e-07   4.7265238e-08   9.2379971e-09
   1.0000000e+00   2.7341694e-02  -1.2774959e+00   5.1506448e-01   2.2797628e-03  -1.2518012e-03   2.7724479e-03   7.4756823e-04   1.6319958e+00   2.6529142e-01   5.1973184e-06   1.5670062e-06   7.6864674e-06  -1.5137825e-02   1.3449300e-02  -4.4634770e-02  -1.4052860e-04  -1.0768820e-04  -4.8200570e-04   2.2915375e-04   1.8088367e-04   1.9922627e-03   1.9748287e-08   1.1596748e-08   2.3232949e-07
   1.0000000e+00   3.2147442e-02  -1.2626670e+00   6.2182165e-01   8.3280913e-04  -1.5878658e-03   2.6702214e-03   1.0334580e-03   1.5943280e+00   3.8666216e-01   6.9357105e-07   2.5213178e-06   7.1300823e-06   4.8057480e-03   1.4828900e-02   1.0675717e-01  -1.4469537e-03  -3.3606460e-04  -1.0222650e-04   2.3095214e-05   2.1989628e-04   1.1397093e-02   2.0936749e-06   1.1293942e-07   1.0450257e-08
   1.0000000e+00   2.4511868e-02  -1.3196282e+00   7.4959734e-01   7.5060847e-04  -9.9226047e-04   2.9245407e-03   6.0083167e-04   1.7414186e+00   5.6189617e-01   5.6341308e-07   9.8458084e-07   8.5529383e-06  -7.6355740e-03  -5.6961200e-02   1.2777569e-01  -8.2200660e-05   5.9560533e-04   2.5431930e-04   5.8301990e-05   3.2445783e-03   1.6326627e-02   6.7569485e-09   3.5474571e-07   6.4678306e-08
   1.0000000e+00   3.9226569e-02  -1.3113487e+00   7.0795702e-01   1.6033638e-03  -1.3295551e-03   2.7741032e-03   1.5387237e-03   1.7196354e+00   5.0120314e-01   2.5707755e-06   1.7677168e-06   7.6956486e-06   1.4714701e-02   8.2795000e-03  -4.1640320e-02   8.5275533e-04  -3.3729463e-04  -1.5043750e-04   2.1652243e-04   6.8550120e-05   1.7339162e-03   7.2719165e-07   1.1376767e-07   2.2631441e-08
   1.0000000e+00   4.0553042e-02  -1.3295925e+00   7.2931793e-01   1.0021339e-03  -1.6687965e-03   3.0830813e-03   1.6445492e-03   1.7678162e+00   5.3190464e-01   1.0042724e-06   2.7848818e-06   9.5053903e-06   1.3264730e-03  -1.8243800e-02   2.1360910e-02  -6.0122990e-04  -3.3924140e-04   3.0897810e-04   1.7595306e-06   3.3283624e-04   4.5628848e-04   3.6147739e-07   1.1508473e-07   9.5467466e-08
   1.0000000e+00   3.0261031e-02  -1.3034240e+00   7.2232638e-01   1.9497744e-03  -1.4151450e-03   2.8304912e-03   9.1573000e-04   1.6989141e+00   5.2175540e-01   3.8016202e-06   2.0026354e-06   8.0116804e-06  -1.0292011e-02   2.6168500e-02  -6.9915500e-03   9.4764050e-04   2.5365150e-04  -2.5259010e-04   1.0592549e-04   6.8479039e-04   4.8881771e-05   8.9802252e-07   6.4339083e-08   6.3801759e-08
   1.0000000e+00   2.9425280e-02  -1.2985235e+00   7.1807874e-01   1.8290366e-03  -1.5325773e-03   2.9283537e-03   8.6584710e-04   1.6861633e+00   5.1563708e-01   3.3453749e-06   2.3487932e-06   8.5752554e-06  -8.3575100e-04   4.9005000e-03  -4.2476400e-03  -1.2073780e-04  -1.1743230e-04   9.7862500e-05   6.9847973e-07   2.4014900e-05   1.8042446e-05   1.4577616e-08   1.3790345e-08   9.5770689e-09
   1.0000000e+00   3.7299933e-02  -1.2746110e+00   7.8588341e-01   1.4818137e-03  -1.8811942e-03   3.5489081e-03   1.3912850e-03   1.6246332e+00   6.1761273e-01   2.1957718e-06   3.5388916e-06   1.2594749e-05   7.8746530e-03   2.3912500e-02   6.7804670e-02  -3.4722290e-04  -3.4861690e-04   6.2055440e-04   6.2010160e-05   5.7180766e-04   4.5974733e-03   1.2056374e-07   1.2153374e-07   3.8508776e-07
   1.0000000e+00  -7.0148116e-03  -1.2660173e+00   7.5261501e-01   2.3734136e-03  -1.7696253e-03   3.2993483e-03   4.9207582e-05   1.6027998e+00   5.6642935e-01   5.6330921e-06   3.1315737e-06   1.0885699e-05  -4.4314745e-02   8.5937000e-03  -3.3268400e-02   8.9159990e-04   1.1156890e-04  -2.4955980e-04   1.9637966e-03   7.3851680e-05   1.1067864e-03   7.9495038e-07   1.2447619e-08   6.2280094e-08
   1.0000000e+00  -3.4038607e-02  -1.3074145e+00   8.3846198e-01   2.0017392e-03  -1.3271802e-03   3.3505361e-03   1.1586268e-03   1.7093327e+00   7.0301849e-01   4.0069598e-06   1.7614073e-06   1.1226092e-05  -2.7023795e-02  -4.1397200e-02   8.5846970e-02  -3.7167440e-04   4.4244510e-04   5.1187800e-05   7.3028552e-04   1.7137282e-03   7.3697023e-03   1.3814186e-07   1.9575767e-07   2.6201909e-09
   1.0000000e+00  -4.1977807e-02  -1.3093987e+00   8.2014106e-01   2.7704646e-03  -1.1460033e-03   3.0844165e-03   1.7621363e-03   1.7145250e+00   6.7263136e-01   7.6754741e-06   1.3133236e-06   9.5136251e-06  -7.9392000e-03  -1.9842000e-03  -1.8320920e-02   7.6872540e-04   1.8117690e-04  -2.6611960e-04   6.3030897e-05   3.9370496e-06   3.3565611e-04   5.9093874e-07   3.2825069e-08   7.0819642e-08
   1.0000000e+00   1.5071248e-02  -1.3517017e+00   9.3712655e-01   1.6175170e-03  -2.7630035e-04   3.3650049e-03   2.2714252e-04   1.8270975e+00   8.7820617e-01   2.6163612e-06   7.6341883e-08   1.1323258e-05   5.7049055e-02  -4.2303000e-02   1.1698549e-01  -1.1529476e-03   8.6970295e-04   2.8058840e-04   3.2545947e-03   1.7895438e-03   1.3685605e-02   1.3292882e-06   7.5638322e-07   7.8729850e-08
   1.0000000e+00   8.2010052e-03  -1.3872988e+00   9.0857802e-01   1.6129729e-03  -2.4495998e-05   3.1346355e-03   6.7256486e-05   1.9245980e+00   8.2551402e-01   2.6016816e-06   6.0005392e-10   9.8259397e-06  -6.8702428e-03  -3.5597100e-02  -2.8548530e-02  -4.5441000e-06   2.5180435e-04  -2.3036940e-04   4.7200236e-05   1.2671535e-03   8.1501857e-04   2.0648845e-11   6.3405432e-08   5.3070060e-08
   1.0000000e+00   3.3535874e-02  -1.3697546e+00   8.4578926e-01   2.2660838e-03   8.0272294e-05   3.9270068e-03   1.1246548e-03   1.8762277e+00   7.1535947e-01   5.1351358e-06   6.4436412e-09   1.5421382e-05   2.5334869e-02   1.7544200e-02  -6.2788760e-02   6.5311090e-04   1.0476829e-04   7.9237130e-04   6.4185558e-04   3.0779895e-04   3.9424284e-03   4.2655385e-07   1.0976395e-08   6.2785228e-07
   1.0000000e+00   2.1021618e-02  -1.3828632e+00   8.7155815e-01   2.4116636e-03   5.6426886e-04   3.6774117e-03   4.4190842e-04   1.9123106e+00   7.5961361e-01   5.8161213e-06   3.1839935e-07   1.3523357e-05  -1.2514256e-02  -1.3108600e-02   2.5768890e-02   1.4557980e-04   4.8399657e-04  -2.4959510e-04   1.5660660e-04   1.7183539e-04   6.6403569e-04   2.1193478e-08   2.3425268e-07   6.2297714e-08
   1.0000000e+00   2.6065944e-02  -1.3740393e+00   7.9423779e-01   2.7838893e-03   2.7969149e-04   3.9517242e-03   6.7943344e-04   1.8879840e+00   6.3081367e-01   7.7500396e-06   7.8227330e-08   1.5616124e-05   5.0443260e-03   8.8239000e-03  -7.7320360e-02   3.7222570e-04  -2.8457737e-04   2.7431250e-04   2.5445225e-05   7.7861211e-05   5.9784381e-03   1.3855197e-07   8.0984280e-08   7.5247348e-08
   1.0000000e+00   3.0067674e-02  -1.3916404e+00   8.9722105e-01   2.2475378e-03  -1.1934843e-04   3.9159846e-03   9.0406502e-04   1.9366630e+00   8.0500561e-01   5.0514262e-06   1.4244048e-08   1.5334935e-05   4.0017300e-03  -1.7601100e-02   1.0298326e-01  -5.3635150e-04  -3.9903992e-04  -3.5739600e-05   1.6013843e-05   3.0979872e-04   1.0605552e-02   2.8767293e-07   1.5923286e-07   1.2773190e-09
   1.0000000e+00   2.6961978e-02  -1.3965391e+00   8.4888611e-01   3.0880690e-03   1.5554850e-04   3.9867959e-03   7.2694826e-04   1.9503215e+00   7.2060763e-01   9.5361701e-06   2.4195336e-08   1.5894542e-05  -3.1056960e-03  -4.8987000e-03  -4.8334940e-02   8.4053120e-04   2.7489693e-04   7.0811300e-05   9.6453476e-06   2.3997262e-05   2.3362664e-03   7.0649270e-07   7.5568322e-08   5.0142402e-09
   1.0000000e+00   3.6834623e-02  -1.3928964e+00   9.2173884e-01   2.0564626e-03   1.4308437e-04   4.0371164e-03   1.3567895e-03   1.9401604e+00   8.4960249e-01   4.2290384e-06   2.0473137e-08   1.6298309e-05   9.8726450e-03   3.6427000e-03   7.2852730e-02  -1.0316064e-03  -1.2464130e-05   5.0320500e-05   9.7469119e-05   1.3269263e-05   5.3075203e-03   1.0642118e-06   1.5535454e-10   2.5321527e-09
   1.0000000e+00   4.5333838e-02  -1.3986120e+00   8.4479585e-01   3.0078287e-03   4.0416891e-05   4.2086829e-03   2.0551569e-03   1.9561155e+00   7.1368003e-01   9.0470335e-06   1.6335251e-09   1.7713012e-05   8.4992150e-03  -5.7156000e-03  -7.6942990e-02   9.5136610e-04  -1.0266748e-04   1.7156650e-04   7.2236656e-05   3.2668083e-05   5.9202237e-03   9.0509746e-07   1.0540611e-08   2.9435064e-08
   1.0000000e+00   3.7983748e-02  -1.4242929e+00   8.8569990e-01   2.4708117e-03   3.0420883e-04   4.0106772e-03   1.4427651e-03   2.0286103e+00   7.8446431e-01   6.1049105e-06   9.2543012e-08   1.6085532e-05  -7.3500900e-03  -2.5680900e-02   4.0904050e-02  -5.3701700e-04   2.6379194e-04  -1.9800570e-04   5.4023823e-05   6.5950862e-04   1.6731413e-03   2.8838726e-07   6.9586187e-08   3.9206257e-08
