   1.0000000e+00   0.0000000e+00   0.0000000e+00   0.0000000e+00  -6.9388939e-18   3.4947035e-18   2.4249377e-35   0.0000000e+00   0.0000000e+00   0.0000000e+00   4.8148249e-35   1.2212953e-35   5.8803228e-70   0.0000000e+00   0.0000000e+00   0.0000000e+00   0.0000000e+00   0.0000000e+00   0.0000000e+00   0.0000000e+00   0.0000000e+00   0.0000000e+00   0.0000000e+00   0.0000000e+00   0.0000000e+00
   1.0000000e+00   5.3190814e-03   1.3617209e-01   1.1145344e-01   3.6298810e-04   1.2669369e-03  -7.0532166e-05   2.8292627e-05   1.8542838e-02   1.2421869e-02   1.3176036e-07   1.6051291e-06   4.9747864e-09   5.3190814e-03   1.3617209e-01   1.1145344e-01   3.6298810e-04   1.2669369e-03  -7.0532166e-05   2.8292627e-05   1.8542838e-02   1.2421869e-02   1.3176036e-07   1.6051291e-06   4.9747864e-09
   1.0000000e+00   3.9916025e-02   5.7430866e-02   7.0007679e-02   3.8373082e-04   1.3415726e-03   3.0117082e-04   1.5932891e-03   3.2983044e-03   4.9010751e-03   1.4724934e-07   1.7998170e-06   9.0703863e-08   3.4596944e-02  -7.8741224e-02  -4.1445761e-02   2.0742720e-05   7.4635700e-05   3.7170299e-04   1.1969485e-03   6.2001804e-03   1.7177511e-03   4.3026043e-10   5.5704877e-09   1.3816311e-07
   1.0000000e+00   7.3003541e-02   1.6701275e-01  -1.6799378e-03  -9.1416907e-04   2.5260178e-03   1.5184169e-03   5.3295170e-03   2.7893259e-02   2.8221910e-06   8.3570509e-07   6.3807659e-06   2.3055899e-06   3.3087516e-02   1.0958188e-01  -7.1687617e-02  -1.2978999e-03   1.1844452e-03   1.2172461e-03   1.0947837e-03   1.2008189e-02   5.1391144e-03   1.6845441e-06   1.4029104e-06   1.4816880e-06
   1.0000000e+00   5.8615472e-02   1.4629079e-01   3.5829719e-02  -1.8680204e-03   2.3744458e-03   1.2348468e-03   3.4357736e-03   2.1400995e-02   1.2837688e-03   3.4895002e-06   5.6379929e-06   1.5248466e-06  -1.4388069e-02  -2.0721960e-02   3.7509657e-02  -9.5385133e-04  -1.5157200e-04  -2.8357010e-04   2.0701653e-04   4.2939963e-04   1.4069744e-03   9.0983236e-07   2.2974071e-08   8.0412002e-08
   1.0000000e+00   6.7716859e-02   1.5815297e-01   4.8954297e-02  -1.7501796e-03   2.4940133e-03   1.3150225e-03   4.5855730e-03   2.5012362e-02   2.3965232e-03   3.0631286e-06   6.2201023e-06   1.7292842e-06   9.1013870e-03   1.1862180e-02   1.3124578e-02   1.1784080e-04   1.1956750e-04   8.0175700e-05   8.2835245e-05   1.4071131e-04   1.7225455e-04   1.3886454e-08   1.4296387e-08   6.4281429e-09
   1.0000000e+00   7.6486263e-02   1.3897799e-01   9.8491099e-02  -3.5141138e-03   2.7655102e-03   1.3149160e-03   5.8501484e-03   1.9314882e-02   9.7004966e-03   1.2348996e-05   7.6480467e-06   1.7290041e-06   8.7694040e-03  -1.9174980e-02   4.9536802e-02  -1.7639342e-03   2.7149690e-04  -1.0650000e-07   7.6902447e-05   3.6767986e-04   2.4538948e-03   3.1114639e-06   7.3710567e-08   1.1342250e-14
   1.0000000e+00   1.0333063e-01   1.4576768e-01  -2.7863111e-02  -2.1174842e-03   2.9574637e-03   2.1054808e-03   1.0677219e-02   2.1248217e-02   7.7635295e-04   4.4837393e-06   8.7465915e-06   4.4330494e-06   2.6844367e-02   6.7896900e-03  -1.2635421e-01   1.3966296e-03   1.9195350e-04   7.9056480e-04   7.2062004e-04   4.6099890e-05   1.5965386e-02   1.9505742e-06   3.6846146e-08   6.2499270e-07
   1.0000000e+00   1.0064782e-01   7.8081950e-02   7.0614807e-02  -4.1832435e-03   2.1858907e-03   1.8683673e-03   1.0129984e-02   6.0967909e-03   4.9864510e-03   1.7499526e-05   4.7781182e-06   3.4907964e-06  -2.6828100e-03  -6.7685730e-02   9.8477918e-02  -2.0657593e-03  -7.7157300e-04  -2.3711350e-04   7.1974695e-06   4.5813580e-03   9.6979003e-03   4.2673615e-06   5.9532489e-07   5.6222812e-08
   1.0000000e+00   1.0752571e-01   8.9612960e-02   5.2336788e-02  -3.2455964e-03   2.4959546e-03   1.6535826e-03   1.1561778e-02   8.0304826e-03   2.7391394e-03   1.0533896e-05   6.2297894e-06   2.7343354e-06   6.8778900e-03   1.1531010e-02  -1.8278019e-02   9.3764710e-04   3.1006390e-04  -2.1478470e-04   4.7305371e-05   1.3296419e-04   3.3408598e-04   8.7918208e-07   9.6139622e-08   4.6132467e-08
   1.0000000e+00   9.5684188e-02   5.9812704e-02  -1.4231841e-02  -4.1193065e-03   2.2727509e-03   1.7315932e-03   9.1554638e-03   3.5775596e-03   2.0254530e-04   1.6968686e-05   5.1653967e-06   2.9984150e-06  -1.1841522e-02  -2.9800256e-02  -6.6568629e-02  -8.7371010e-04  -2.2320370e-04   7.8010600e-05   1.4022164e-04   8.8805526e-04   4.4313824e-03   7.6336934e-07   4.9819892e-08   6.0856537e-09
   1.0000000e+00   1.0014610e-01   1.1094090e-01  -1.8410102e-01  -2.0506340e-03   1.8330183e-03   2.5096497e-03   1.0029241e-02   1.2307883e-02   3.3893186e-02   4.2050998e-06   3.3599561e-06   6.2983416e-06   4.4619120e-03   5.1128196e-02  -1.6986918e-01   2.0686725e-03  -4.3973260e-04   7.7805650e-04   1.9908659e-05   2.6140924e-03   2.8855538e-02   4.2794059e-06   1.9336476e-07   6.0537192e-07
   1.0000000e+00   1.0643171e-01   6.6679231e-02  -2.0043711e-01  -3.3000613e-03   1.5193310e-03   3.4228098e-03   1.1327709e-02   4.4461198e-03   4.0175035e-02   1.0890405e-05   2.3083667e-06   1.1715627e-05   6.2856100e-03  -4.4261669e-02  -1.6336090e-02  -1.2494273e-03  -3.1368730e-04   9.1316010e-04   3.9508893e-05   1.9590953e-03   2.6686784e-04   1.5610686e-06   9.8399722e-08   8.3386137e-07
   1.0000000e+00   8.4269884e-02   2.0727817e-01  -8.6196276e-02  -3.2938751e-03   9.7239785e-04   3.7883543e-03   7.1014133e-03   4.2964240e-02   7.4297980e-03   1.0849613e-05   9.4555758e-07   1.4351628e-05  -2.2161826e-02   1.4059894e-01   1.1424083e-01   6.1862000e-06  -5.4693315e-04   3.6554450e-04   4.9114653e-04   1.9768062e-02   1.3050968e-02   3.8269070e-11   2.9913587e-07   1.3362278e-07
   1.0000000e+00   5.7982790e-02   1.5131069e-01  -7.3948753e-02  -3.4993450e-03   1.2396305e-03   3.3815949e-03   3.3620039e-03   2.2894925e-02   5.4684181e-03   1.2245415e-05   1.5366838e-06   1.1435184e-05  -2.6287094e-02  -5.5967480e-02   1.2247523e-02  -2.0546990e-04   2.6723265e-04  -4.0675940e-04   6.9101131e-04   3.1323588e-03   1.5000182e-04   4.2217880e-08   7.1413289e-08   1.6545321e-07
   1.0000000e+00   7.7311102e-03   4.8094004e-02  -1.8987292e-02  -4.2823989e-03   4.4018507e-04   2.0332691e-03   5.9770065e-05   2.3130332e-03   3.6051726e-04   1.8338940e-05   1.9376290e-07   4.1341832e-06  -5.0251680e-02  -1.0321669e-01   5.4961461e-02  -7.8305390e-04  -7.9944543e-04  -1.3483258e-03   2.5252313e-03   1.0653684e-02   3.0207622e-03   6.1317341e-07   6.3911300e-07   1.8179825e-06
   1.0000000e+00   3.9882923e-03  -2.2931048e-02  -4.0124008e-01  -1.9107835e-03  -9.6257557e-04   1.9425616e-03   1.5906475e-05   5.2583296e-04   1.6099360e-01   3.6510936e-06   9.2655173e-07   3.7735456e-06  -3.7428179e-03  -7.1025052e-02  -3.8225279e-01   2.3716154e-03  -1.4027606e-03  -9.0707500e-05   1.4008686e-05   5.0445580e-03   1.4611719e-01   5.6245596e-06   1.9677374e-06   8.2278506e-09
   1.0000000e+00   1.0996167e-04   1.0719925e-01  -2.4828072e-01  -3.9660066e-03   1.0096406e-03   2.8417972e-03   1.2091569e-08   1.1491679e-02   6.1643316e-02   1.5729208e-05   1.0193741e-06   8.0758113e-06  -3.8783306e-03   1.3013030e-01   1.5295936e-01  -2.0552231e-03   1.9722162e-03   8.9923560e-04   1.5041448e-05   1.6933894e-02   2.3396566e-02   4.2239420e-06   3.8896366e-06   8.0862466e-07
   1.0000000e+00  -1.1580936e-02   5.2555484e-02  -1.9274247e-01  -4.7019131e-03   9.8387036e-04   2.3496383e-03   1.3411808e-04   2.7620789e-03   3.7149660e-02   2.2107987e-05   9.6800089e-07   5.5208001e-06  -1.1690898e-02  -5.4643766e-02   5.5538250e-02  -7.3590650e-04  -2.5770240e-05  -4.9215890e-04   1.3667709e-04   2.9859412e-03   3.0844972e-03   5.4155838e-07   6.6410527e-10   2.4222038e-07
   1.0000000e+00   1.8882823e-03   1.8472644e-01  -2.0407937e-01  -4.5807265e-03   1.7597380e-03   2.8804349e-03   3.5656100e-06   3.4123858e-02   4.1648389e-02   2.0983055e-05   3.0966778e-06   8.2969052e-06   1.3469218e-02   1.3217096e-01  -1.1336900e-02   1.2118660e-04   7.7586764e-04   5.3079660e-04   1.8141984e-04   1.7469162e-02   1.2852530e-04   1.4686192e-08   6.0197059e-07   2.8174503e-07
   1.0000000e+00   5.3920302e-02   1.7114244e-01  -1.7313423e-01  -5.3751439e-03   3.0868055e-03   3.8279915e-03   2.9073990e-03   2.9289735e-02   2.9975462e-02   2.8892172e-05   9.5283682e-06   1.4653519e-05   5.2032020e-02  -1.3584000e-02   3.0945140e-02  -7.9441740e-04   1.3270675e-03   9.4755660e-04   2.7073311e-03   1.8452506e-04   9.5760169e-04   6.3109901e-07   1.7611081e-06   8.9786351e-07
   1.0000000e+00   4.1108259e-02   1.7877224e-01  -1.6840610e-01  -5.2958205e-03   2.3538003e-03   3.5681305e-03   1.6898890e-03   3.1959514e-02   2.8360615e-02   2.8045715e-05   5.5403759e-06   1.2731555e-05  -1.2812043e-02   7.6298000e-03   4.7281300e-03   7.9323400e-05  -7.3300520e-04  -2.5986100e-04   1.6414845e-04   5.8213848e-05   2.2355213e-05   6.2922018e-09   5.3729662e-07   6.7527739e-08
   1.0000000e+00   4.3806140e-02   1.6379936e-01  -1.7194677e-01  -4.6364090e-03   2.1056998e-03   3.4762736e-03   1.9189779e-03   2.6830230e-02   2.9565692e-02   2.1496288e-05   4.4339716e-06   1.2084478e-05   2.6978810e-03  -1.4972880e-02  -3.5406700e-03   6.5941150e-04  -2.4810050e-04  -9.1856900e-05   7.2785619e-06   2.2418714e-04   1.2536344e-05   4.3482353e-07   6.1553858e-08   8.4376901e-09
   1.0000000e+00   3.3621980e-02   1.5424701e-01  -2.9007327e-01  -5.0103380e-03   1.7825550e-03   3.8455171e-03   1.1304375e-03   2.3792140e-02   8.4142502e-02   2.5103487e-05   3.1775023e-06   1.4788002e-05  -1.0184160e-02  -9.5523500e-03  -1.1812650e-01  -3.7392900e-04  -3.2314480e-04   3.6924350e-04   1.0371711e-04   9.1247391e-05   1.3953870e-02   1.3982290e-07   1.0442256e-07   1.3634076e-07
   1.0000000e+00   1.8427117e-02   1.4895038e-01  -2.1863981e-01  -5.7512088e-03   2.4608356e-03   3.6420902e-03   3.3955864e-04   2.2186216e-02   4.7803367e-02   3.3076403e-05   6.0557119e-06   1.3264821e-05  -1.5194863e-02  -5.2966300e-03   7.1433460e-02  -7.4087080e-04   6.7828060e-04  -2.0342690e-04   2.3088386e-04   2.8054289e-05   5.1027392e-03   5.4888954e-07   4.6006457e-07   4.1382504e-08
   1.0000000e+00   1.4736459e-02   1.1391948e-01  -1.3872940e-01  -6.1152361e-03   2.3540107e-03   3.3865076e-03   2.1716322e-04   1.2977648e-02   1.9245846e-02   3.7396113e-05   5.5413664e-06   1.1468434e-05  -3.6906580e-03  -3.5030900e-02   7.9910410e-02  -3.6402730e-04  -1.0682490e-04  -2.5558260e-04   1.3620956e-05   1.2271640e-03   6.3856736e-03   1.3251588e-07   1.1411559e-08   6.5322465e-08
   1.0000000e+00   4.5192989e-02   1.6789018e-01  -1.3290900e-01  -6.1018699e-03   2.6617849e-03   4.0633500e-03   2.0424063e-03   2.8187113e-02   1.7664802e-02   3.7232816e-05   7.0850989e-06   1.6510813e-05   3.0456530e-02   5.3970700e-02   5.8204000e-03   1.3366200e-05   3.0777420e-04   6.7684240e-04   9.2760022e-04   2.9128365e-03   3.3877056e-05   1.7865530e-10   9.4724958e-08   4.5811563e-07
   1.0000000e+00   3.8298895e-02   1.2008936e-01  -1.6204471e-01  -6.7824615e-03   3.9841912e-03   4.0125515e-03   1.4668054e-03   1.4421454e-02   2.6258488e-02   4.6001784e-05   1.5873780e-05   1.6100570e-05  -6.8940940e-03  -4.7800820e-02  -2.9135710e-02  -6.8059160e-04   1.3224063e-03  -5.0798500e-05   4.7528532e-05   2.2849184e-03   8.4888960e-04   4.6320493e-07   1.7487584e-06   2.5804876e-09
   1.0000000e+00   1.6744768e-02   1.7019814e-01  -9.0617280e-02  -7.3983677e-03   3.2299389e-03   3.6263944e-03   2.8038726e-04   2.8967407e-02   8.2114914e-03   5.4735845e-05   1.0432505e-05   1.3150736e-05  -2.1554127e-02   5.0108780e-02   7.1427430e-02  -6.1590620e-04  -7.5425230e-04  -3.8615710e-04   4.6458039e-04   2.5108898e-03   5.1018778e-03   3.7934045e-07   5.6889653e-07   1.4911731e-07
   1.0000000e+00   3.1667193e-02   1.5188716e-01  -2.3248116e-01  -5.3587138e-03   2.6129859e-03   3.9683622e-03   1.0028111e-03   2.3069709e-02   5.4047490e-02   2.8715814e-05   6.8276953e-06   1.5747899e-05   1.4922425e-02  -1.8310980e-02  -1.4186388e-01   2.0396539e-03  -6.1695300e-04   3.4196780e-04   2.2267877e-04   3.3529199e-04   2.0125360e-02   4.1601880e-06   3.8063100e-07   1.1694198e-07
   1.0000000e+00   2.3597257e-02   1.5443059e-01  -1.2346433e-01  -8.1488267e-03   3.2229658e-03   3.8144966e-03   5.5683054e-04   2.3848807e-02   1.5243441e-02   6.6403377e-05   1.0387509e-05   1.4550384e-05  -8.0699360e-03   2.5434300e-03   1.0901683e-01  -2.7901129e-03   6.0997990e-04  -1.5386560e-04   6.5123867e-05   6.4690362e-06   1.1884669e-02   7.7847300e-06   3.7207548e-07   2.3674623e-08
   1.0000000e+00   2.3264170e-02   1.0968192e-01  -4.1659490e-02  -7.4961043e-03   3.2558040e-03   3.5942124e-03   5.4122161e-04   1.2030124e-02   1.7355131e-03   5.6191580e-05   1.0600260e-05   1.2918363e-05  -3.3308700e-04  -4.4748670e-02   8.1804840e-02   6.5272240e-04   3.2838200e-05  -2.2028420e-04   1.1094695e-07   2.0024435e-03   6.6920318e-03   4.2604653e-07   1.0783474e-09   4.8525129e-08
   1.0000000e+00   5.1993015e-02   1.3088850e-01  -6.3128285e-02  -7.7430310e-03   3.3731364e-03   4.0141438e-03   2.7032736e-03   1.7131799e-02   3.9851804e-03   5.9954529e-05   1.1378049e-05   1.6113350e-05   2.8728845e-02   2.1206580e-02  -2.1468795e-02  -2.4692670e-04   1.1733240e-04   4.1993140e-04   8.2534654e-04   4.4971904e-04   4.6090916e-04   6.0972795e-08   1.3766892e-08   1.7634238e-07
   1.0000000e+00   5.4459520e-02   1.4943968e-01  -2.1937716e-01  -6.6157890e-03   2.7862122e-03   4.3789329e-03   2.9658393e-03   2.2332218e-02   4.8126338e-02   4.3768664e-05   7.7629784e-06   1.9175053e-05   2.4665050e-03   1.8551180e-02  -1.5624887e-01   1.1272420e-03  -5.8692420e-04   3.6478910e-04   6.0836469e-06   3.4414628e-04   2.4413711e-02   1.2706745e-06   3.4448002e-07   1.3307109e-07
   1.0000000e+00   2.4938634e-02   9.9032057e-02  -2.0697454e-01  -7.4514377e-03   2.6034859e-03   4.1286635e-03   6.2193547e-04   9.8073483e-03   4.2838460e-02   5.5523924e-05   6.7781388e-06   1.7045862e-05  -2.9520886e-02  -5.0407623e-02   1.2402620e-02  -8.3564870e-04  -1.8272630e-04  -2.5026940e-04   8.7148271e-04   2.5409285e-03   1.5382498e-04   6.9830875e-07   3.3388901e-08   6.2634773e-08
   1.0000000e+00  -8.5894137e-03   1.3446195e-01  -8.4105942e-02  -8.6701695e-03   2.9359111e-03   3.6260200e-03   7.3778028e-05   1.8080016e-02   7.0738095e-03   7.5171839e-05   8.6195740e-06   1.3148021e-05  -3.3528048e-02   3.5429893e-02   1.2286860e-01  -1.2187318e-03   3.3242520e-04  -5.0264350e-04   1.1241300e-03   1.2552773e-03   1.5096692e-02   1.4853072e-06   1.1050651e-07   2.5265049e-07
   1.0000000e+00  -3.2322373e-02   8.3614879e-02  -6.7064608e-02  -8.4332032e-03   2.4637562e-03   3.1555339e-03   1.0447358e-03   6.9914480e-03   4.4976616e-03   7.1118916e-05   6.0700946e-06   9.9573942e-06  -2.3732959e-02  -5.0847071e-02   1.7041334e-02   2.3696630e-04  -4.7215490e-04  -4.7048610e-04   5.6325336e-04   2.5854246e-03   2.9040706e-04   5.6153027e-08   2.2293025e-07   2.2135717e-07
   1.0000000e+00   2.0584725e-02   1.0834662e-01  -9.6123426e-02  -8.7496051e-03   3.2017348e-03   4.4019189e-03   4.2373090e-04   1.1738990e-02   9.2397130e-03   7.6555589e-05   1.0251106e-05   1.9376890e-05   5.2907098e-02   2.4731741e-02  -2.9058818e-02  -3.1640190e-04   7.3797860e-04   1.2463850e-03   2.7991610e-03   6.1165901e-04   8.4441490e-04   1.0011016e-07   5.4461241e-07   1.5534756e-06
   1.0000000e+00   2.7201510e-02   1.4459672e-01  -8.8341463e-02  -7.1030526e-03   2.9746001e-03   4.9027218e-03   7.3992215e-04   2.0908211e-02   7.8042141e-03   5.0453356e-05   8.8482458e-06   2.4036681e-05   6.6167850e-03   3.6250100e-02   7.7819630e-03   1.6465525e-03  -2.2713470e-04   5.0080290e-04   4.3781844e-05   1.3140698e-03   6.0558948e-05   2.7111351e-06   5.1590172e-08   2.5080354e-07
   1.0000000e+00   1.3029779e-02   1.2008988e-01  -1.3743278e-01  -9.2702733e-03   2.6612886e-03   4.5454396e-03   1.6977514e-04   1.4421579e-02   1.8887769e-02   8.5937967e-05   7.0824570e-06   2.0661021e-05  -1.4171731e-02  -2.4506840e-02  -4.9091317e-02  -2.1672207e-03  -3.1331150e-04  -3.5728220e-04   2.0083796e-04   6.0058521e-04   2.4099574e-03   4.6968456e-06   9.8164096e-08   1.2765057e-07
   1.0000000e+00  -1.4168565e-02   1.4355442e-01  -1.6680357e-01  -7.3393566e-03   1.9718858e-03   3.9944548e-03   2.0074823e-04   2.0607872e-02   2.7823431e-02   5.3866155e-05   3.8883336e-06   1.5955669e-05  -2.7198344e-02   2.3464540e-02  -2.9370790e-02   1.9309167e-03  -6.8940280e-04  -5.5098480e-04   7.3974992e-04   5.5058464e-04   8.6264331e-04   3.7284393e-06   4.7527622e-07   3.0358425e-07
   1.0000000e+00  -1.6871469e-02   8.6805470e-02  -1.2404827e-01  -7.2698749e-03   1.3661366e-03   4.3423533e-03   2.8464647e-04   7.5351896e-03   1.5387973e-02   5.2851081e-05   1.8663292e-06   1.8856032e-05  -2.7029040e-03  -5.6748950e-02   4.2755300e-02   6.9481700e-05  -6.0574920e-04   3.4789850e-04   7.3056900e-06   3.2204433e-03   1.8280157e-03   4.8277066e-09   3.6693209e-07   1.2103337e-07
   1.0000000e+00  -4.9635556e-02   1.1869077e-01  -1.2902782e-01  -6.6668954e-03   1.6319576e-03   3.7090090e-03   2.4636884e-03   1.4087499e-02   1.6648178e-02   4.4447494e-05   2.6632856e-06   1.3756748e-05  -3.2764087e-02   3.1885300e-02  -4.9795500e-03   6.0297950e-04   2.6582100e-04  -6.3334430e-04   1.0734854e-03   1.0166724e-03   2.4795918e-05   3.6358428e-07   7.0660804e-08   4.0112500e-07
   1.0000000e+00  -5.1059757e-02   8.0834440e-02  -8.1145862e-02  -8.0075765e-03   1.9977671e-03   3.0024554e-03   2.6070988e-03   6.5342067e-03   6.5846509e-03   6.4121281e-05   3.9910734e-06   9.0147384e-06  -1.4242010e-03  -3.7856330e-02   4.7881958e-02  -1.3406811e-03   3.6580950e-04  -7.0655360e-04   2.0283485e-06   1.4331017e-03   2.2926819e-03   1.7974258e-06   1.3381659e-07   4.9921799e-07
   1.0000000e+00  -3.5898282e-02   9.4326925e-02  -2.8366209e-02  -7.2487581e-03   2.1910067e-03   3.7748877e-03   1.2886867e-03   8.8975688e-03   8.0464181e-04   5.2544494e-05   4.8005104e-06   1.4249777e-05   1.5161475e-02   1.3492485e-02   5.2779653e-02   7.5881840e-04   1.9323960e-04   7.7243230e-04   2.2987032e-04   1.8204715e-04   2.7856918e-03   5.7580536e-07   3.7341543e-08   5.9665166e-07
   1.0000000e+00   1.1703879e-02   5.3321241e-02  -8.7057979e-02  -6.7383579e-03   2.5462986e-03   4.4378685e-03   1.3698078e-04   2.8431547e-03   7.5790917e-03   4.5405467e-05   6.4836366e-06   1.9694677e-05   4.7602161e-02  -4.1005684e-02  -5.8691770e-02   5.1040020e-04   3.5529190e-04   6.6298080e-04   2.2659657e-03   1.6814661e-03   3.4447239e-03   2.6050836e-07   1.2623233e-07   4.3954354e-07
   1.0000000e+00   1.5455843e-03   5.6491520e-02  -2.0953671e-01  -7.0716005e-03   8.2988297e-04   3.9766300e-03   2.3888308e-06   3.1912918e-03   4.3905633e-02   5.0007534e-05   6.8870574e-07   1.5813586e-05  -1.0158295e-02   3.1702790e-03  -1.2247873e-01  -3.3324260e-04  -1.7164156e-03  -4.6123850e-04   1.0319095e-04   1.0050669e-05   1.5001040e-02   1.1105063e-07   2.9460826e-06   2.1274095e-07
   1.0000000e+00  -3.5332415e-02   8.4859558e-02  -1.4423261e-01  -6.8984246e-03   1.2133173e-03   3.5503233e-03   1.2483795e-03   7.2011446e-03   2.0803046e-02   4.7588262e-05   1.4721389e-06   1.2604796e-05  -3.6877999e-02   2.8368038e-02   6.5304100e-02   1.7317590e-04   3.8343433e-04  -4.2630670e-04   1.3599868e-03   8.0474558e-04   4.2646255e-03   2.9989892e-08   1.4702189e-07   1.8173740e-07
   1.0000000e+00   8.0454219e-03   8.8166079e-02  -9.1241130e-02  -6.8424800e-03   1.1967918e-03   4.2611813e-03   6.4728814e-05   7.7732575e-03   8.3249438e-03   4.6819533e-05   1.4323106e-06   1.8157666e-05   4.3377837e-02   3.3065210e-03   5.2991480e-02   5.5944600e-05  -1.6525500e-05   7.1085800e-04   1.8816367e-03   1.0933081e-05   2.8080970e-03   3.1297983e-09   2.7309215e-10   5.0531910e-07
   1.0000000e+00  -2.0014287e-02   1.0333636e-01  -1.7833629e-01  -6.1702553e-03   1.2231835e-03   4.1844090e-03   4.0057168e-04   1.0678403e-02   3.1803832e-02   3.8072050e-05   1.4961779e-06   1.7509279e-05  -2.8059709e-02   1.5170281e-02  -8.7095160e-02   6.7222470e-04   2.6391700e-05  -7.6772300e-05   7.8734726e-04   2.3013743e-04   7.5855669e-03   4.5188605e-07   6.9652183e-10   5.8939860e-09
   1.0000000e+00   6.9138617e-02   1.7559822e-02  -3.7565333e-01  -4.1033264e-03  -3.2827774e-04   4.9456884e-03   4.7801484e-03   3.0834735e-04   1.4111542e-01   1.6837288e-05   1.0776627e-07   2.4459834e-05   8.9152904e-02  -8.5776538e-02  -1.9731704e-01   2.0669289e-03  -1.5514612e-03   7.6127940e-04   7.9482403e-03   7.3576145e-03   3.8934014e-02   4.2721951e-06   2.4070320e-06   5.7954632e-07
   1.0000000e+00  -9.6035270e-02  -5.3055792e-01  -4.0190676e-01   1.9036771e-03   1.9743458e-04   2.0514319e-03   9.2227731e-03   2.8149171e-01   1.6152904e-01   3.6239865e-06   3.8980413e-08   4.2083728e-06  -1.6517389e-01  -5.4811774e-01  -2.6253430e-02   6.0070035e-03   5.2571232e-04  -2.8942565e-03   2.7282413e-02   3.0043306e-01   6.8924259e-04   3.6084091e-05   2.7637344e-07   8.3767207e-06
   1.0000000e+00  -2.1986908e-01  -2.1146858e-01  -2.6905327e-01   6.4582314e-05  -2.9129936e-04  -3.7152242e-04   4.8342412e-02   4.4718960e-02   7.2389662e-02   4.1708753e-09   8.4855317e-08   1.3802891e-07  -1.2383381e-01   3.1908934e-01   1.3285349e-01  -1.8390948e-03  -4.8873394e-04  -2.4229543e-03   1.5334812e-02   1.0181801e-01   1.7650050e-02   3.3822696e-06   2.3886086e-07   5.8707076e-06
   1.0000000e+00  -1.4324479e-01  -2.7985636e-02  -2.3396709e-01  -2.0527619e-03   1.3737688e-03   9.6003384e-04   2.0519070e-02   7.8319582e-04   5.4740599e-02   4.2138314e-06   1.8872407e-06   9.2166497e-07   7.6624290e-02   1.8348294e-01   3.5086180e-02  -2.1173442e-03   1.6650682e-03   1.3315563e-03   5.8712818e-03   3.3665991e-02   1.2310400e-03   4.4831465e-06   2.7724520e-06   1.7730421e-06
   1.0000000e+00  -1.4290087e-01   3.8221086e-02  -2.0991932e-01  -2.6138774e-03   3.7841301e-03   1.5347919e-03   2.0420659e-02   1.4608514e-03   4.4066121e-02   6.8323551e-06   1.4319641e-05   2.3555862e-06   3.4392000e-04   6.6206722e-02   2.4047770e-02  -5.6111550e-04   2.4103613e-03   5.7475806e-04   1.1828097e-07   4.3833300e-03   5.7829524e-04   3.1485060e-07   5.8098416e-06   3.3034683e-07
   1.0000000e+00  -1.4018472e-01  -9.1365595e-02  -2.4288001e-01  -3.1388798e-03   3.9366821e-03   1.8218161e-03   1.9651756e-02   8.3476719e-03   5.8990699e-02   9.8525664e-06   1.5497466e-05   3.3190139e-06   2.7161500e-03  -1.2958668e-01  -3.2960690e-02  -5.2500240e-04   1.5255200e-04   2.8702420e-04   7.3774708e-06   1.6792708e-02   1.0864071e-03   2.7562752e-07   2.3272113e-08   8.2382891e-08
   1.0000000e+00  -1.3363563e-01   5.9144339e-03  -1.8867621e-01  -3.7404461e-03   3.8880466e-03   1.9793884e-03   1.7858482e-02   3.4980528e-05   3.5598712e-02   1.3990937e-05   1.5116906e-05   3.9179784e-06   6.5490900e-03   9.7280029e-02   5.4203800e-02  -6.0156630e-04  -4.8635500e-05   1.5757230e-04   4.2890580e-05   9.4634040e-03   2.9380519e-03   3.6188201e-07   2.3654119e-09   2.4829030e-08
   1.0000000e+00  -1.0146473e-01  -9.0331710e-02  -1.8682628e-01  -4.1075289e-03   3.8135953e-03   2.6209751e-03   1.0295091e-02   8.1598178e-03   3.4904059e-02   1.6871794e-05   1.4543509e-05   6.8695105e-06   3.2170900e-02  -9.6246144e-02   1.8499300e-03  -3.6708280e-04  -7.4451300e-05   6.4158670e-04   1.0349668e-03   9.2633202e-03   3.4222410e-06   1.3474978e-07   5.5429961e-09   4.1163349e-07
   1.0000000e+00  -1.0289063e-01  -2.3773663e-02  -1.8604153e-01  -4.6462758e-03   3.9060632e-03   2.9217058e-03   1.0586482e-02   5.6518705e-04   3.4611451e-02   2.1587879e-05   1.5257330e-05   8.5363648e-06  -1.4259000e-03   6.6558047e-02   7.8475000e-04  -5.3874690e-04   9.2467900e-05   3.0073070e-04   2.0331908e-06   4.4299736e-03   6.1583256e-07   2.9024822e-07   8.5503125e-09   9.0438954e-08
   1.0000000e+00  -9.1504332e-02  -1.8360977e-03  -1.6189598e-01  -5.0350760e-03   3.7357295e-03   3.2027556e-03   8.3730428e-03   3.3712548e-06   2.6210308e-02   2.5351990e-05   1.3955675e-05   1.0257643e-05   1.1386298e-02   2.1937565e-02   2.4145550e-02  -3.8880020e-04  -1.7033370e-04   2.8104980e-04   1.2964778e-04   4.8125677e-04   5.8300758e-04   1.5116560e-07   2.9013569e-08   7.8988990e-08
   1.0000000e+00  -9.5604398e-02  -6.2905018e-02  -2.1995737e-01  -4.7210357e-03   3.8007200e-03   3.0336416e-03   9.1402009e-03   3.9570413e-03   4.8381245e-02   2.2288178e-05   1.4445473e-05   9.2029814e-06  -4.1000660e-03  -6.1068920e-02  -5.8061390e-02   3.1404030e-04   6.4990500e-05  -1.6911400e-04   1.6810541e-05   3.7294130e-03   3.3711250e-03   9.8621310e-08   4.2237651e-09   2.8599545e-08
   1.0000000e+00  -9.8114183e-02   5.8627360e-02  -1.4683708e-01  -5.6764729e-03   4.0610787e-03   2.9892117e-03   9.6263929e-03   3.4371673e-03   2.1561128e-02   3.2222345e-05   1.6492360e-05   8.9353866e-06  -2.5097850e-03   1.2153238e-01   7.3120290e-02  -9.5543720e-04   2.6035870e-04  -4.4429900e-05   6.2990207e-06   1.4770119e-02   5.3465768e-03   9.1286024e-07   6.7786653e-08   1.9740160e-09
   1.0000000e+00  -8.6596076e-02  -2.4154159e-02  -1.4897161e-01  -5.9808481e-03   3.9176988e-03   3.2040729e-03   7.4988804e-03   5.8342340e-04   2.2192541e-02   3.5770544e-05   1.5348364e-05   1.0266083e-05   1.1518107e-02  -8.2781519e-02  -2.1345300e-03  -3.0437520e-04  -1.4337990e-04   2.1486120e-04   1.3266679e-04   6.8527799e-03   4.5562183e-06   9.2644262e-08   2.0557796e-08   4.6165335e-08
   1.0000000e+00  -7.5914897e-02  -3.0255303e-02  -1.6805766e-01  -5.8436847e-03   3.9034715e-03   3.1759712e-03   5.7630716e-03   9.1538336e-04   2.8243377e-02   3.4148651e-05   1.5237090e-05   1.0086793e-05   1.0681179e-02  -6.1011440e-03  -1.9086050e-02   1.3716340e-04  -1.4227300e-05  -2.8101700e-05   1.1408758e-04   3.7223958e-05   3.6427730e-04   1.8813798e-08   2.0241607e-10   7.8970554e-10
   1.0000000e+00  -8.9465241e-02   2.4098742e-03  -1.6325344e-01  -5.8678226e-03   3.9542988e-03   3.2074808e-03   8.0040293e-03   5.8074937e-06   2.6651686e-02   3.4431342e-05   1.5636479e-05   1.0287933e-05  -1.3550344e-02   3.2665177e-02   4.8042200e-03  -2.4137900e-05   5.0827300e-05   3.1509600e-05   1.8361182e-04   1.0670138e-03   2.3080530e-05   5.8263822e-10   2.5834144e-09   9.9285489e-10
   1.0000000e+00  -8.6043108e-02  -8.4953252e-02  -1.7613444e-01  -6.2484905e-03   3.8105039e-03   2.9918495e-03   7.4034164e-03   7.2170550e-03   3.1023341e-02   3.9043634e-05   1.4519940e-05   8.9511634e-06   3.4221330e-03  -8.7363126e-02  -1.2881000e-02  -3.8066790e-04  -1.4379490e-04  -2.1563130e-04   1.1710994e-05   7.6323158e-03   1.6592016e-04   1.4490805e-07   2.0676973e-08   4.6496858e-08
   1.0000000e+00  -9.7752015e-02  -2.6883861e-02  -1.4223892e-01  -7.1069238e-03   3.9650666e-03   2.9079184e-03   9.5554564e-03   7.2274198e-04   2.0231910e-02   5.0508366e-05   1.5721753e-05   8.4559894e-06  -1.1708907e-02   5.8069391e-02   3.3895520e-02  -8.5843330e-04   1.5456270e-04  -8.3931100e-05   1.3709850e-04   3.3720542e-03   1.1489063e-03   7.3690773e-07   2.3889628e-08   7.0444295e-09
   1.0000000e+00  -9.4206469e-02  -9.4159250e-02  -1.7977303e-01  -6.4117201e-03   3.9205179e-03   2.9177607e-03   8.8748588e-03   8.8659644e-03   3.2318342e-02   4.1110155e-05   1.5370461e-05   8.5133275e-06   3.5455460e-03  -6.7275389e-02  -3.7534110e-02   6.9520370e-04  -4.4548700e-05   9.8423000e-06   1.2570896e-05   4.5259780e-03   1.4088094e-03   4.8330818e-07   1.9845867e-09   9.6870869e-11
   1.0000000e+00  -1.1075198e-01  -4.8258203e-02  -1.7327288e-01  -7.7355336e-03   4.1349493e-03   2.6257247e-03   1.2266001e-02   2.3288542e-03   3.0023491e-02   5.9838480e-05   1.7097806e-05   6.8944302e-06  -1.6545511e-02   4.5901047e-02   6.5001500e-03  -1.3238135e-03   2.1443140e-04  -2.9203600e-04   2.7375393e-04   2.1069061e-03   4.2251950e-05   1.7524822e-06   4.5980825e-08   8.5285025e-08
   1.0000000e+00  -1.1251346e-01  -8.2915143e-02  -1.6145052e-01  -6.9299614e-03   3.9940786e-03   2.4896469e-03   1.2659279e-02   6.8749209e-03   2.6066270e-02   4.8024365e-05   1.5952664e-05   6.1983417e-06  -1.7614800e-03  -3.4656940e-02   1.1822360e-02   8.0557220e-04  -1.4087070e-04  -1.3607780e-04   3.1028118e-06   1.2011035e-03   1.3976820e-04   6.4894657e-07   1.9844554e-08   1.8517168e-08
   1.0000000e+00  -1.0378386e-01  -6.0871547e-02  -1.7175721e-01  -8.5423491e-03   4.0936399e-03   2.7448528e-03   1.0771090e-02   3.7053452e-03   2.9500539e-02   7.2971728e-05   1.6757888e-05   7.5342169e-06   8.7296000e-03   2.2043596e-02  -1.0306690e-02  -1.6123877e-03   9.9561300e-05   2.5520590e-04   7.6205916e-05   4.8592012e-04   1.0622786e-04   2.5997941e-06   9.9124525e-09   6.5130051e-08
   1.0000000e+00  -1.0835308e-01  -9.5268286e-02  -2.0426957e-01  -6.6194588e-03   4.2360374e-03   2.8893462e-03   1.1740390e-02   9.0760463e-03   4.1726057e-02   4.3817235e-05   1.7944013e-05   8.3483215e-06  -4.5692200e-03  -3.4396739e-02  -3.2512360e-02   1.9228903e-03   1.4239750e-04   1.4449340e-04   2.0877771e-05   1.1831357e-03   1.0570536e-03   3.6975071e-06   2.0277048e-08   2.0878343e-08
   1.0000000e+00  -1.0181015e-01  -9.8353954e-02  -2.1752358e-01  -7.6887898e-03   4.3422979e-03   3.2494279e-03   1.0365307e-02   9.6735003e-03   4.7316508e-02   5.9117489e-05   1.8855551e-05   1.0558782e-05   6.5429300e-03  -3.0856680e-03  -1.3254010e-02  -1.0693310e-03   1.0626050e-04   3.6008170e-04   4.2809933e-05   9.5213470e-06   1.7566878e-04   1.1434688e-06   1.1291294e-08   1.2965883e-07
   1.0000000e+00  -1.0853640e-01  -8.5491121e-02  -2.1675259e-01  -6.5580488e-03   4.4361886e-03   3.2399931e-03   1.1780150e-02   7.3087318e-03   4.6981685e-02   4.3008004e-05   1.9679769e-05   1.0497555e-05  -6.7262500e-03   1.2862833e-02   7.7099000e-04   1.1307410e-03   9.3890700e-05  -9.4348000e-06   4.5242439e-05   1.6545247e-04   5.9442558e-07   1.2785752e-06   8.8154635e-09   8.9015451e-11
   1.0000000e+00  -1.0131224e-01  -1.1233606e-01  -2.1261576e-01  -7.4743627e-03   4.4154021e-03   3.4962318e-03   1.0264170e-02   1.2619390e-02   4.5205461e-02   5.5866098e-05   1.9495776e-05   1.2223637e-05   7.2241600e-03  -2.6844939e-02   4.1368300e-03  -9.1631390e-04  -2.0786500e-05   2.5623870e-04   5.2188488e-05   7.2065075e-04   1.7113362e-05   8.3963116e-07   4.3207858e-10   6.5658271e-08
   1.0000000e+00  -1.1915843e-01  -8.3376903e-02  -2.1594018e-01  -6.5657878e-03   4.4402912e-03   3.1734924e-03   1.4198731e-02   6.9517080e-03   4.6630161e-02   4.3109569e-05   1.9716186e-05   1.0071054e-05  -1.7846190e-02   2.8959157e-02  -3.3244200e-03   9.0857490e-04   2.4889100e-05  -3.2273940e-04   3.1848650e-04   8.3863277e-04   1.1051768e-05   8.2550835e-07   6.1946730e-10   1.0416072e-07
   1.0000000e+00  -1.1798025e-01  -1.2550927e-01  -2.1243236e-01  -6.9820988e-03   4.3046978e-03   3.0776697e-03   1.3919339e-02   1.5752577e-02   4.5127508e-02   4.8749704e-05   1.8530423e-05   9.4720508e-06   1.1781800e-03  -4.2132367e-02   3.5078200e-03  -4.1631100e-04  -1.3559340e-04  -9.5822700e-05   1.3881081e-06   1.7751363e-03   1.2304801e-05   1.7331485e-07   1.8385570e-08   9.1819898e-09
   1.0000000e+00  -1.2859197e-01  -1.2498533e-01  -2.0730661e-01  -7.5360487e-03   4.2508460e-03   3.0396153e-03   1.6535895e-02   1.5621333e-02   4.2976031e-02   5.6792030e-05   1.8069692e-05   9.2392612e-06  -1.0611720e-02   5.2394000e-04   5.1257500e-03  -5.5394990e-04  -5.3851800e-05  -3.8054400e-05   1.1260860e-04   2.7451312e-07   2.6273313e-05   3.0686049e-07   2.9000164e-09   1.4481374e-09
   1.0000000e+00  -1.2900299e-01  -1.1453659e-01  -2.1082561e-01  -7.0074537e-03   4.4228438e-03   2.9713172e-03   1.6641771e-02   1.3118630e-02   4.4447438e-02   4.9104407e-05   1.9561547e-05   8.8287259e-06  -4.1102000e-04   1.0448740e-02  -3.5190000e-03   5.2859500e-04   1.7199780e-04  -6.8298100e-05   1.6893744e-07   1.0917617e-04   1.2383361e-05   2.7941267e-07   2.9583243e-08   4.6646305e-09
   1.0000000e+00  -1.2653342e-01  -1.4930439e-01  -1.9609413e-01  -7.9169764e-03   4.2444904e-03   3.1102271e-03   1.6010706e-02   2.2291801e-02   3.8452908e-02   6.2678515e-05   1.8015699e-05   9.6735126e-06   2.4695700e-03  -3.4767800e-02   1.4731480e-02  -9.0952270e-04  -1.7835340e-04   1.3890990e-04   6.0987760e-06   1.2087999e-03   2.1701650e-04   8.2723154e-07   3.1809935e-08   1.9295960e-08
   1.0000000e+00  -1.3479068e-01  -1.4116049e-01  -2.4710922e-01  -6.5423016e-03   4.2670931e-03   2.8467453e-03   1.8168527e-02   1.9926284e-02   6.1062967e-02   4.2801710e-05   1.8208084e-05   8.1039588e-06  -8.2572600e-03   8.1439000e-03  -5.1015090e-02   1.3746748e-03   2.2602700e-05  -2.6348180e-04   6.8182343e-05   6.6323107e-05   2.6025394e-03   1.8897308e-06   5.1088205e-10   6.9422659e-08
   1.0000000e+00  -1.3656121e-01  -1.8157684e-01  -2.3044636e-01  -7.6701150e-03   4.2285280e-03   2.8257020e-03   1.8648964e-02   3.2970149e-02   5.3105525e-02   5.8830664e-05   1.7880449e-05   7.9845918e-06  -1.7705300e-03  -4.0416350e-02   1.6662860e-02  -1.1278134e-03  -3.8565100e-05  -2.1043300e-05   3.1347765e-06   1.6334813e-03   2.7765090e-04   1.2719631e-06   1.4872669e-09   4.4282047e-10
   1.0000000e+00  -1.5653451e-01  -1.3716930e-01  -2.0893042e-01  -7.0755046e-03   3.9700895e-03   2.2730872e-03   2.4503053e-02   1.8815417e-02   4.3651920e-02   5.0062765e-05   1.5761611e-05   5.1669254e-06  -1.9973300e-02   4.4407540e-02   2.1515940e-02   5.9461040e-04  -2.5843850e-04  -5.5261480e-04   3.9893271e-04   1.9720296e-03   4.6293567e-04   3.5356153e-07   6.6790458e-08   3.0538312e-07
   1.0000000e+00  -1.5804409e-01  -1.8459630e-01  -2.6142561e-01  -7.0282086e-03   3.6976274e-03   2.3359871e-03   2.4977934e-02   3.4075794e-02   6.8343350e-02   4.9395716e-05   1.3672448e-05   5.4568357e-06  -1.5095800e-03  -4.7427000e-02  -5.2495190e-02   4.7296000e-05  -2.7246210e-04   6.2899900e-05   2.2788318e-06   2.2493203e-03   2.7557450e-03   2.2369116e-09   7.4235596e-08   3.9563974e-09
   1.0000000e+00  -1.4515056e-01  -1.6661091e-01  -2.4803966e-01  -8.5443398e-03   3.4853115e-03   2.3451562e-03   2.1068685e-02   2.7759195e-02   6.1523673e-02   7.3005743e-05   1.2147396e-05   5.4997576e-06   1.2893530e-02   1.7985390e-02   1.3385950e-02  -1.5161312e-03  -2.1231590e-04   9.1691000e-06   1.6624312e-04   3.2347425e-04   1.7918366e-04   2.2986538e-06   4.5078041e-08   8.4072395e-11
   1.0000000e+00  -1.7012770e-01  -1.3042180e-01  -2.3483931e-01  -7.3018985e-03   3.5325940e-03   1.9616936e-03   2.8943434e-02   1.7009846e-02   5.5149502e-02   5.3317722e-05   1.2479220e-05   3.8482418e-06  -2.4977140e-02   3.6189110e-02   1.3200350e-02   1.2424413e-03   4.7282500e-05  -3.8346260e-04   6.2385752e-04   1.3096517e-03   1.7424924e-04   1.5436604e-06   2.2356348e-09   1.4704357e-07
   1.0000000e+00  -1.6117061e-01  -1.8124262e-01  -2.4879433e-01  -8.7110704e-03   3.8249730e-03   2.2858488e-03   2.5975966e-02   3.2848887e-02   6.1898619e-02   7.5882748e-05   1.4630418e-05   5.2251047e-06   8.9570900e-03  -5.0820820e-02  -1.3955020e-02  -1.4091719e-03   2.9237900e-04   3.2415520e-04   8.0229461e-05   2.5827557e-03   1.9474258e-04   1.9857654e-06   8.5485480e-08   1.0507659e-07
   1.0000000e+00  -1.6319301e-01  -1.6724069e-01  -2.4507103e-01  -7.0558417e-03   3.7333119e-03   2.2891009e-03   2.6631959e-02   2.7969448e-02   6.0059810e-02   4.9784902e-05   1.3937618e-05   5.2399829e-06  -2.0224000e-03   1.4001930e-02   3.7233000e-03   1.6552287e-03  -9.1661100e-05   3.2521000e-06   4.0901018e-06   1.9605404e-04   1.3862963e-05   2.7397820e-06   8.4017573e-09   1.0576154e-11
   1.0000000e+00  -1.4914365e-01  -2.0368146e-01  -2.3391149e-01  -8.0178621e-03   3.6888055e-03   2.5331145e-03   2.2243828e-02   4.1486137e-02   5.4714585e-02   6.4286113e-05   1.3607286e-05   6.4166691e-06   1.4049360e-02  -3.6440770e-02   1.1159540e-02  -9.6202040e-04  -4.4506400e-05   2.4401360e-04   1.9738452e-04   1.3279297e-03   1.2453533e-04   9.2548325e-07   1.9808196e-09   5.9542637e-08
   1.0000000e+00  -1.5784852e-01  -1.4407758e-01  -2.0220996e-01  -7.3466016e-03   3.5214449e-03   2.3654277e-03   2.4916155e-02   2.0758349e-02   4.0888868e-02   5.3972555e-05   1.2400574e-05   5.5952482e-06  -8.7048700e-03   5.9603880e-02   3.1701530e-02   6.7126050e-04  -1.6736060e-04  -1.6768680e-04   7.5774762e-05   3.5526225e-03   1.0049870e-03   4.5059066e-07   2.8009570e-08   2.8118863e-08
   1.0000000e+00  -1.4194479e-01  -1.9474316e-01  -2.2144736e-01  -7.8074332e-03   3.5748429e-03   2.5840509e-03   2.0148323e-02   3.7924898e-02   4.9038933e-02   6.0956013e-05   1.2779502e-05   6.6773191e-06   1.5903730e-02  -5.0665580e-02  -1.9237400e-02  -4.6083160e-04   5.3398000e-05   2.1862320e-04   2.5292863e-04   2.5670010e-03   3.7007756e-04   2.1236576e-07   2.8513464e-09   4.7796104e-08
   1.0000000e+00  -1.4907647e-01  -1.4831102e-01  -2.0320579e-01  -7.2749159e-03   3.5517373e-03   2.5115605e-03   2.2223794e-02   2.1996159e-02   4.1292593e-02   5.2924401e-05   1.2614838e-05   6.3079361e-06  -7.1316800e-03   4.6432140e-02   1.8241570e-02   5.3251730e-04  -2.3105600e-05  -7.2490400e-05   5.0860860e-05   2.1559436e-03   3.3275488e-04   2.8357467e-07   5.3386875e-10   5.2548581e-09
   1.0000000e+00  -1.2306853e-01  -2.0515478e-01  -2.0725531e-01  -7.6488746e-03   3.6780764e-03   2.8071317e-03   1.5145863e-02   4.2088484e-02   4.2954764e-02   5.8505283e-05   1.3528246e-05   7.8799884e-06   2.6007940e-02  -5.6843760e-02  -4.0495200e-03  -3.7395870e-04   1.2633910e-04   2.9557120e-04   6.7641294e-04   3.2312131e-03   1.6398612e-05   1.3984511e-07   1.5961568e-08   8.7362334e-08
   1.0000000e+00  -1.3974433e-01  -1.7736000e-01  -2.0930463e-01  -7.6910115e-03   3.7368310e-03   2.6368287e-03   1.9528478e-02   3.1456570e-02   4.3808428e-02   5.9151658e-05   1.3963906e-05   6.9528656e-06  -1.6675800e-02   2.7794780e-02  -2.0493200e-03  -4.2136900e-05   5.8754600e-05  -1.7030300e-04   2.7808231e-04   7.7254980e-04   4.1997125e-06   1.7755183e-09   3.4521030e-09   2.9003112e-08
   1.0000000e+00  -1.3099504e-01  -2.2586525e-01  -2.1113907e-01  -7.2297054e-03   3.6150225e-03   2.5706976e-03   1.7159701e-02   5.1015111e-02   4.4579707e-02   5.2268640e-05   1.3068388e-05   6.6084862e-06   8.7492900e-03  -4.8505250e-02  -1.8344400e-03   4.6130610e-04  -1.2180850e-04  -6.6131100e-05   7.6550076e-05   2.3527593e-03   3.3651701e-06   2.1280332e-07   1.4837311e-08   4.3733224e-09
   1.0000000e+00  -1.3399367e-01  -1.8707946e-01  -2.1889330e-01  -8.0143435e-03   3.7126789e-03   2.6004160e-03   1.7954304e-02   3.4998724e-02   4.7914277e-02   6.4229702e-05   1.3783985e-05   6.7621634e-06  -2.9986300e-03   3.8785790e-02  -7.7542300e-03  -7.8463810e-04   9.7656400e-05   2.9718400e-05   8.9917819e-06   1.5043375e-03   6.0128083e-05   6.1565695e-07   9.5367725e-09   8.8318330e-10
   1.0000000e+00  -1.2721673e-01  -1.9251210e-01  -2.1458189e-01  -7.1094199e-03   3.6417265e-03   2.4488935e-03   1.6184096e-02   3.7060909e-02   4.6045388e-02   5.0543851e-05   1.3262172e-05   5.9970794e-06   6.7769400e-03  -5.4326400e-03   4.3114100e-03   9.0492360e-04  -7.0952400e-05  -1.5152250e-04   4.5926916e-05   2.9513577e-05   1.8588256e-05   8.1888672e-07   5.0342431e-09   2.2959068e-08
   1.0000000e+00  -1.1238370e-01  -2.1731578e-01  -2.0059042e-01  -8.6462271e-03   3.6993280e-03   2.8312100e-03   1.2630096e-02   4.7226148e-02   4.0236517e-02   7.4757243e-05   1.3685028e-05   8.0157501e-06   1.4833030e-02  -2.4803680e-02   1.3991470e-02  -1.5368072e-03   5.7601500e-05   3.8231650e-04   2.2001878e-04   6.1522254e-04   1.9576123e-04   2.3617764e-06   3.3179328e-09   1.4616591e-07
   1.0000000e+00  -1.2140266e-01  -2.1129518e-01  -1.9385654e-01  -7.3243383e-03   3.6753888e-03   2.6834268e-03   1.4738606e-02   4.4645653e-02   3.7580358e-02   5.3645932e-05   1.3508483e-05   7.2007794e-06  -9.0189600e-03   6.0206000e-03   6.7338800e-03   1.3218888e-03  -2.3939200e-05  -1.4778320e-04   8.1341639e-05   3.6247624e-05   4.5345140e-05   1.7473900e-06   5.7308530e-10   2.1839874e-08
   1.0000000e+00  -1.0927107e-01  -2.3536449e-01  -1.9558266e-01  -8.9366689e-03   3.7577977e-03   2.7790889e-03   1.1940167e-02   5.5396443e-02   3.8252577e-02   7.9864051e-05   1.4121044e-05   7.7233351e-06   1.2131590e-02  -2.4069310e-02  -1.7261200e-03  -1.6123306e-03   8.2408900e-05   9.5662100e-05   1.4717548e-04   5.7933168e-04   2.9794903e-06   2.5996100e-06   6.7912268e-09   9.1512374e-09
   1.0000000e+00  -1.1974987e-01  -2.1003831e-01  -1.8488950e-01  -7.6536059e-03   3.7100984e-03   2.6229761e-03   1.4340031e-02   4.4116092e-02   3.4184127e-02   5.8577683e-05   1.3764830e-05   6.8800036e-06  -1.0478800e-02   2.5326180e-02   1.0693160e-02   1.2830630e-03  -4.7699300e-05  -1.5611280e-04   1.0980525e-04   6.4141539e-04   1.1434367e-04   1.6462507e-06   2.2752232e-09   2.4371206e-08
   1.0000000e+00  -1.0161406e-01  -2.5569325e-01  -1.7642633e-01  -8.6282734e-03   3.5572223e-03   2.7097922e-03   1.0325417e-02   6.5379038e-02   3.1126250e-02   7.4447102e-05   1.2653830e-05   7.3429738e-06   1.8135810e-02  -4.5654940e-02   8.4631700e-03  -9.7466750e-04  -1.5287610e-04   8.6816100e-05   3.2890760e-04   2.0843735e-03   7.1625246e-05   9.4997674e-07   2.3371102e-08   7.5370352e-09
   1.0000000e+00  -1.1045368e-01  -2.2007608e-01  -1.6206485e-01  -7.7695502e-03   3.6608857e-03   2.7228447e-03   1.2200015e-02   4.8433481e-02   2.6265016e-02   6.0365910e-05   1.3402084e-05   7.4138833e-06  -8.8396200e-03   3.5617170e-02   1.4361480e-02   8.5872320e-04   1.0366340e-04   1.3052500e-05   7.8138882e-05   1.2685828e-03   2.0625211e-04   7.3740553e-07   1.0746100e-08   1.7036776e-10
   1.0000000e+00  -1.0175669e-01  -2.5680864e-01  -1.8281300e-01  -7.5474022e-03   3.6918180e-03   2.8833692e-03   1.0354424e-02   6.5950678e-02   3.3420593e-02   5.6963280e-05   1.3629520e-05   8.3138179e-06   8.6969900e-03  -3.6732560e-02  -2.0748150e-02   2.2214800e-04   3.0932300e-05   1.6052450e-04   7.5637635e-05   1.3492810e-03   4.3048573e-04   4.9349734e-08   9.5680718e-10   2.5768115e-08
   1.0000000e+00  -1.1584941e-01  -2.2832654e-01  -1.6406558e-01  -8.4547544e-03   3.6673698e-03   2.6225875e-03   1.3421086e-02   5.2133009e-02   2.6917515e-02   7.1482872e-05   1.3449601e-05   6.8779652e-06  -1.4092720e-02   2.8482100e-02   1.8747420e-02  -9.0735220e-04  -2.4448200e-05  -2.6078170e-04   1.9860476e-04   8.1123002e-04   3.5146576e-04   8.2328801e-07   5.9771448e-10   6.8007095e-08
   1.0000000e+00  -1.1776014e-01  -2.3520641e-01  -1.5749120e-01  -7.4698270e-03   3.4980408e-03   2.5006388e-03   1.3867451e-02   5.5322055e-02   2.4803478e-02   5.5798315e-05   1.2236289e-05   6.2531944e-06  -1.9107300e-03  -6.8798700e-03   6.5743800e-03   9.8492740e-04  -1.6932900e-04  -1.2194870e-04   3.6508891e-06   4.7332611e-05   4.3222472e-05   9.7008198e-07   2.8672310e-08   1.4871485e-08
   1.0000000e+00  -9.6455274e-02  -2.4588101e-01  -1.4234431e-01  -8.8355449e-03   3.2932082e-03   2.6491444e-03   9.3036199e-03   6.0457471e-02   2.0261903e-02   7.8066854e-05   1.0845220e-05   7.0179661e-06   2.1304866e-02  -1.0674600e-02   1.5146890e-02  -1.3657179e-03  -2.0483260e-04   1.4850560e-04   4.5389732e-04   1.1394709e-04   2.2942828e-04   1.8651854e-06   4.1956394e-08   2.2053913e-08
   1.0000000e+00  -1.0820489e-01  -2.4246914e-01  -1.6497883e-01  -7.3957324e-03   3.5206443e-03   2.5184109e-03   1.1708298e-02   5.8791284e-02   2.7218014e-02   5.4696858e-05   1.2394936e-05   6.3423935e-06  -1.1749616e-02   3.4118700e-03  -2.2634520e-02   1.4398125e-03   2.2743610e-04  -1.3073350e-04   1.3805348e-04   1.1640857e-05   5.1232150e-04   2.0730600e-06   5.1727180e-08   1.7091248e-08
   1.0000000e+00  -9.2139440e-02  -2.7159069e-01  -1.6234938e-01  -8.8717287e-03   3.5604967e-03   2.8692850e-03   8.4896764e-03   7.3761503e-02   2.6357321e-02   7.8707570e-05   1.2677137e-05   8.2327964e-06   1.6065450e-02  -2.9121550e-02   2.6294500e-03  -1.4759963e-03   3.9852400e-05   3.5087410e-04   2.5809868e-04   8.4806467e-04   6.9140073e-06   2.1785651e-06   1.5882138e-09   1.2311263e-07
   1.0000000e+00  -1.0583048e-01  -2.4960005e-01  -1.4971691e-01  -7.7308091e-03   3.2898517e-03   2.5123167e-03   1.1200090e-02   6.2300185e-02   2.2415153e-02   5.9765409e-05   1.0823124e-05   6.3117352e-06  -1.3691040e-02   2.1990640e-02   1.2632470e-02   1.1409196e-03  -2.7064500e-04  -3.5696830e-04   1.8744458e-04   4.8358825e-04   1.5957930e-04   1.3016975e-06   7.3248716e-08   1.2742637e-07
   1.0000000e+00  -9.2131721e-02  -2.7739431e-01  -1.7370949e-01  -8.1367310e-03   3.4158443e-03   2.9381267e-03   8.4882540e-03   7.6947603e-02   3.0174987e-02   6.6206391e-05   1.1667992e-05   8.6325885e-06   1.3698759e-02  -2.7794260e-02  -2.3992580e-02  -4.0592190e-04   1.2599260e-04   4.2581000e-04   1.8765600e-04   7.7252089e-04   5.7564390e-04   1.6477259e-07   1.5874135e-08   1.8131416e-07
   1.0000000e+00  -1.1210682e-01  -2.3516534e-01  -1.4768797e-01  -8.0989827e-03   3.5673704e-03   2.7300523e-03   1.2567939e-02   5.5302737e-02   2.1811736e-02   6.5593521e-05   1.2726132e-05   7.4531856e-06  -1.9975099e-02   4.2228970e-02   2.6021520e-02   3.7748300e-05   1.5152610e-04  -2.0807440e-04   3.9900458e-04   1.7832859e-03   6.7711950e-04   1.4249342e-09   2.2960159e-08   4.3294956e-08
   1.0000000e+00  -9.6796397e-02  -2.7899074e-01  -1.7379971e-01  -7.8257297e-03   3.4828210e-03   2.9286704e-03   9.3695425e-03   7.7835833e-02   3.0206339e-02   6.1242045e-05   1.2130042e-05   8.5771103e-06   1.5310423e-02  -4.3825400e-02  -2.6111740e-02   2.7325300e-04  -8.4549400e-05   1.9861810e-04   2.3440905e-04   1.9206657e-03   6.8182297e-04   7.4667202e-08   7.1486010e-09   3.9449150e-08
   1.0000000e+00  -9.6484701e-02  -2.5358937e-01  -1.4880050e-01  -8.6672106e-03   3.4081340e-03   2.9553898e-03   9.3092975e-03   6.4307569e-02   2.2141589e-02   7.5120540e-05   1.1615377e-05   8.7343289e-06   3.1169600e-04   2.5401370e-02   2.4999210e-02  -8.4148090e-04  -7.4687000e-05   2.6719400e-05   9.7154396e-08   6.4522960e-04   6.2496050e-04   7.0809011e-07   5.5781480e-09   7.1392634e-10
   1.0000000e+00  -1.0653493e-01  -2.7204820e-01  -1.3410680e-01  -7.8566773e-03   3.5709820e-03   2.8400819e-03   1.1349691e-02   7.4010223e-02   1.7984634e-02   6.1727378e-05   1.2751912e-05   8.0660652e-06  -1.0050229e-02  -1.8458830e-02   1.4693700e-02   8.1053330e-04   1.6284800e-04  -1.1530790e-04   1.0100710e-04   3.4072840e-04   2.1590482e-04   6.5696423e-07   2.6519471e-08   1.3295912e-08
   1.0000000e+00  -1.0056952e-01  -2.8596429e-01  -1.3329109e-01  -9.1042476e-03   3.5899892e-03   2.9709347e-03   1.0114228e-02   8.1775575e-02   1.7766515e-02   8.2887324e-05   1.2888022e-05   8.8264530e-06   5.9654100e-03  -1.3916090e-02   8.1571000e-04  -1.2475703e-03   1.9007200e-05   1.3085280e-04   3.5586116e-05   1.9365756e-04   6.6538280e-07   1.5564317e-06   3.6127365e-10   1.7122455e-08
   1.0000000e+00  -1.0479683e-01  -2.8782484e-01  -1.9878614e-01  -7.4115245e-03   3.6910082e-03   2.8703092e-03   1.0982376e-02   8.2843139e-02   3.9515929e-02   5.4930695e-05   1.3623542e-05   8.2386749e-06  -4.2273100e-03  -1.8605500e-03  -6.5495050e-02   1.6927231e-03   1.0101900e-04  -1.0062550e-04   1.7870150e-05   3.4616463e-06   4.2896016e-03   2.8653115e-06   1.0204838e-08   1.0125491e-08
   1.0000000e+00  -9.8323933e-02  -2.6049033e-01  -1.6524598e-01  -8.8351533e-03   3.3291054e-03   3.3742087e-03   9.6675958e-03   6.7855212e-02   2.7306234e-02   7.8059934e-05   1.1082943e-05   1.1385284e-05   6.4728970e-03   2.7334510e-02   3.3540160e-02  -1.4236288e-03  -3.6190280e-04   5.0389950e-04   4.1898396e-05   7.4717544e-04   1.1249423e-03   2.0267190e-06   1.3097364e-07   2.5391471e-07
   1.0000000e+00  -1.0928475e-01  -2.6069718e-01  -1.8271792e-01  -7.7279606e-03   3.0459750e-03   2.9770261e-03   1.1943157e-02   6.7963020e-02   3.3385838e-02   5.9721375e-05   9.2779637e-06   8.8626844e-06  -1.0960817e-02  -2.0685000e-04  -1.7471940e-02   1.1071927e-03  -2.8313040e-04  -3.9718260e-04   1.2013951e-04   4.2786922e-08   3.0526869e-04   1.2258757e-06   8.0162823e-08   1.5775402e-07
   1.0000000e+00  -1.1552212e-01  -2.7957529e-01  -1.4727951e-01  -9.7040408e-03   2.9332820e-03   2.8435799e-03   1.3345360e-02   7.8162343e-02   2.1691254e-02   9.4168408e-05   8.6041433e-06   8.0859466e-06  -6.2373700e-03  -1.8878110e-02   3.5438410e-02  -1.9760802e-03  -1.1269300e-04  -1.3344620e-04   3.8904785e-05   3.5638304e-04   1.2558809e-03   3.9048930e-06   1.2699712e-08   1.7807888e-08
   1.0000000e+00  -1.0946575e-01  -2.5128911e-01  -1.3432270e-01  -8.4721333e-03   2.4689267e-03   2.7539327e-03   1.1982750e-02   6.3146217e-02   1.8042588e-02   7.1777043e-05   6.0955990e-06   7.5841453e-06   6.0563700e-03   2.8286180e-02   1.2956810e-02   1.2319075e-03  -4.6435530e-04  -8.9647200e-05   3.6679618e-05   8.0010798e-04   1.6787893e-04   1.5175961e-06   2.1562584e-07   8.0366205e-09
   1.0000000e+00  -1.0947981e-01  -2.9828647e-01  -1.0554165e-01  -1.0144132e-02   2.5317680e-03   2.5647017e-03   1.1985829e-02   8.8974818e-02   1.1139040e-02   1.0290341e-04   6.4098492e-06   6.5776948e-06  -1.4060000e-05  -4.6997360e-02   2.8781050e-02  -1.6719987e-03   6.2841300e-05  -1.8923100e-04   1.9768360e-10   2.2087518e-03   8.2834884e-04   2.7955797e-06   3.9490290e-09   3.5808371e-08
   1.0000000e+00  -1.2927872e-01  -2.9211794e-01  -1.1896084e-02  -9.7477296e-03   2.3517462e-03   1.8611306e-03   1.6712987e-02   8.5332891e-02   1.4151681e-04   9.5018232e-05   5.5307102e-06   3.4638071e-06  -1.9798910e-02   6.1685300e-03   9.3645566e-02   3.9640240e-04  -1.8002180e-04  -7.0357110e-04   3.9199684e-04   3.8050762e-05   8.7694920e-03   1.5713486e-07   3.2407848e-08   4.9501229e-07
   1.0000000e+00  -9.3960940e-02  -3.1632333e-01  -1.8242098e-02  -9.2425789e-03   1.9504836e-03   2.2346414e-03   8.8286582e-03   1.0006045e-01   3.3277414e-04   8.5425265e-05   3.8043863e-06   4.9936222e-06   3.5317780e-02  -2.4205390e-02  -6.3460140e-03   5.0515070e-04  -4.0126260e-04   3.7351080e-04   1.2473456e-03   5.8590091e-04   4.0271894e-05   2.5517723e-07   1.6101167e-07   1.3951032e-07
   1.0000000e+00  -8.0254526e-02  -2.8325029e-01   1.1091113e-02  -9.6918055e-03   1.9864027e-03   2.4672785e-03   6.4407889e-03   8.0230727e-02   1.2301279e-04   9.3931094e-05   3.9457957e-06   6.0874632e-06   1.3706414e-02   3.3073040e-02   2.9333211e-02  -4.4922660e-04   3.5919100e-05   2.3263710e-04   1.8786578e-04   1.0938260e-03   8.6043727e-04   2.0180454e-07   1.2901817e-09   5.4120020e-08
   1.0000000e+00  -6.3389928e-02  -3.1906544e-01  -1.9320677e-03  -9.1207800e-03   1.9122225e-03   2.3744398e-03   4.0182830e-03   1.0180276e-01   3.7328856e-06   8.3188628e-05   3.6565949e-06   5.6379644e-06   1.6864598e-02  -3.5815150e-02  -1.3023181e-02   5.7102550e-04  -7.4180200e-05  -9.2838700e-05   2.8441467e-04   1.2827250e-03   1.6960324e-04   3.2607012e-07   5.5027021e-09   8.6190242e-09
   1.0000000e+00  -4.2888560e-02  -3.2182292e-01   7.1872043e-02  -1.0872885e-02   2.1448068e-03   2.7785514e-03   1.8394286e-03   1.0356999e-01   5.1655906e-03   1.1821963e-04   4.6001962e-06   7.7203479e-06   2.0501368e-02  -2.7574800e-03   7.3804111e-02  -1.7521050e-03   2.3258430e-04   4.0411160e-04   4.2030609e-04   7.6036960e-06   5.4470468e-03   3.0698719e-06   5.4095457e-08   1.6330619e-07
   1.0000000e+00  -5.0345912e-02  -3.0246484e-01   6.6731245e-02  -9.8727038e-03   2.0951297e-03   2.4720710e-03   2.5347109e-03   9.1484979e-02   4.4530591e-03   9.7470280e-05   4.3895685e-06   6.1111350e-06  -7.4573520e-03   1.9358080e-02  -5.1407980e-03   1.0001812e-03  -4.9677100e-05  -3.0648040e-04   5.5612099e-05   3.7473526e-04   2.6427804e-05   1.0003624e-06   2.4678143e-09   9.3930236e-08
   1.0000000e+00  -3.6872992e-02  -3.5401833e-01   8.8006898e-02  -1.1290207e-02   1.9405944e-03   2.6534739e-03   1.3596175e-03   1.2532898e-01   7.7452141e-03   1.2746877e-04   3.7659066e-06   7.0409237e-06   1.3472920e-02  -5.1553490e-02   2.1275653e-02  -1.4175032e-03  -1.5453530e-04   1.8140290e-04   1.8151957e-04   2.6577623e-03   4.5265341e-04   2.0093153e-06   2.3881159e-08   3.2907012e-08
   1.0000000e+00  -4.0560901e-02  -2.8615792e-01   1.0216975e-01  -1.0038544e-02   1.5885243e-03   2.5937455e-03   1.6451867e-03   8.1886355e-02   1.0438658e-02   1.0077237e-04   2.5234095e-06   6.7275157e-06  -3.6879090e-03   6.7860410e-02   1.4162852e-02   1.2516630e-03  -3.5207010e-04  -5.9728400e-05   1.3600673e-05   4.6050352e-03   2.0058638e-04   1.5666603e-06   1.2395336e-07   3.5674818e-09
   1.0000000e+00  -2.9553666e-02  -3.3261187e-01   1.3137920e-01  -1.1204987e-02   1.6960358e-03   2.5860909e-03   8.7341917e-04   1.1063066e-01   1.7260494e-02   1.2555173e-04   2.8765374e-06   6.6878661e-06   1.1007235e-02  -4.6453950e-02   2.9209450e-02  -1.1664430e-03   1.0751150e-04  -7.6546000e-06   1.2115922e-04   2.1579695e-03   8.5319197e-04   1.3605893e-06   1.1558723e-08   5.8592901e-11
   1.0000000e+00  -4.1818909e-02  -2.9514103e-01   1.2606541e-01  -1.0919407e-02   1.5985173e-03   2.3520834e-03   1.7488211e-03   8.7108228e-02   1.5892488e-02   1.1923345e-04   2.5552576e-06   5.5322963e-06  -1.2265243e-02   3.7470840e-02  -5.3137900e-03   2.8558000e-04  -9.7518500e-05  -2.3400750e-04   1.5043619e-04   1.4040639e-03   2.8236364e-05   8.1555936e-08   9.5098578e-09   5.4759510e-08
   1.0000000e+00  -2.9072846e-02  -3.5051770e-01   1.2510964e-01  -1.0639991e-02   1.5292792e-03   2.6889722e-03   8.4523037e-04   1.2286266e-01   1.5652422e-02   1.1320941e-04   2.3386949e-06   7.2305715e-06   1.2746063e-02  -5.5376670e-02  -9.5577000e-04   2.7941600e-04  -6.9238100e-05   3.3688880e-04   1.6246212e-04   3.0665756e-03   9.1349629e-07   7.8073301e-08   4.7939145e-09   1.1349406e-07
   1.0000000e+00  -3.9942835e-02  -3.2084900e-01   1.4715476e-01  -1.1354548e-02   1.4909781e-03   2.5839767e-03   1.5954301e-03   1.0294408e-01   2.1654523e-02   1.2892576e-04   2.2230157e-06   6.6769356e-06  -1.0869989e-02   2.9668700e-02   2.2045120e-02  -7.1455700e-04  -3.8301100e-05  -1.0499550e-04   1.1815666e-04   8.8023176e-04   4.8598732e-04   5.1059171e-07   1.4669743e-09   1.1024055e-08
   1.0000000e+00  -3.7448910e-02  -3.4497836e-01   1.4089689e-01  -1.0629574e-02   1.4914734e-03   2.3120597e-03   1.4024209e-03   1.1901007e-01   1.9851934e-02   1.1298784e-04   2.2244929e-06   5.3456201e-06   2.4939250e-03  -2.4129360e-02  -6.2578700e-03   7.2497400e-04   4.9530000e-07  -2.7191700e-04   6.2196619e-06   5.8222601e-04   3.9160937e-05   5.2558730e-07   2.4532209e-13   7.3938855e-08
   1.0000000e+00  -2.7993629e-02  -3.5441333e-01   1.4844418e-01  -1.1840928e-02   1.2262123e-03   2.4594798e-03   7.8364326e-04   1.2560881e-01   2.2035675e-02   1.4020758e-04   1.5035966e-06   6.0490409e-06   9.4552810e-03  -9.4349700e-03   7.5472900e-03  -1.2113540e-03  -2.6526110e-04   1.4742010e-04   8.9402339e-05   8.9018659e-05   5.6961586e-05   1.4673785e-06   7.0363451e-08   2.1732686e-08
   1.0000000e+00  -6.0823092e-02  -3.5988260e-01   2.1240567e-01  -1.0940032e-02   1.2960604e-03   1.5794031e-03   3.6994485e-03   1.2951549e-01   4.5116169e-02   1.1968430e-04   1.6797726e-06   2.4945142e-06  -3.2829463e-02  -5.4692700e-03   6.3961490e-02   9.0089600e-04   6.9848100e-05  -8.8007670e-04   1.0777736e-03   2.9912914e-05   4.0910722e-03   8.1161360e-07   4.8787571e-09   7.7453500e-07
   1.0000000e+00  -4.2964775e-02  -4.4400100e-01   3.1761663e-01  -1.1980874e-02   8.0713585e-04   1.7141372e-03   1.8459719e-03   1.9713689e-01   1.0088032e-01   1.4354134e-04   6.5146828e-07   2.9382663e-06   1.7858317e-02  -8.4118400e-02   1.0521096e-01  -1.0408420e-03  -4.8892455e-04   1.3473410e-04   3.1891949e-04   7.0759052e-03   1.1069346e-02   1.0833521e-06   2.3904722e-07   1.8153278e-08
   1.0000000e+00  -4.2942635e-02  -4.1917263e-01   2.4919481e-01  -1.1107329e-02   1.2801760e-03   1.5297319e-03   1.8440699e-03   1.7570569e-01   6.2098053e-02   1.2337276e-04   1.6388506e-06   2.3400797e-06   2.2140000e-05   2.4828370e-02  -6.8421820e-02   8.7354500e-04   4.7304015e-04  -1.8440530e-04   4.9017960e-10   6.1644796e-04   4.6815455e-03   7.6308087e-07   2.2376698e-07   3.4005315e-08
   1.0000000e+00  -5.2178843e-02  -4.5249576e-01   2.6901082e-01  -1.1296022e-02   1.0460786e-03   1.2382613e-03   2.7226317e-03   2.0475241e-01   7.2366821e-02   1.2760011e-04   1.0942804e-06   1.5332910e-06  -9.2362080e-03  -3.3323130e-02   1.9816010e-02  -1.8869300e-04  -2.3409740e-04  -2.9147060e-04   8.5307538e-05   1.1104310e-03   3.9267425e-04   3.5605048e-08   5.4801593e-08   8.4955111e-08
   1.0000000e+00  -4.8403003e-02  -4.1872957e-01   2.9814377e-01  -1.1545234e-02   7.0260363e-04   1.4098647e-03   2.3428507e-03   1.7533445e-01   8.8889708e-02   1.3329243e-04   4.9365186e-07   1.9877185e-06   3.7758400e-03   3.3766190e-02   2.9132950e-02  -2.4921200e-04  -3.4347497e-04   1.7160340e-04   1.4256968e-05   1.1401556e-03   8.4872878e-04   6.2106621e-08   1.1797506e-07   2.9447727e-08
   1.0000000e+00  -4.7816179e-02  -4.3453294e-01   3.0943488e-01  -1.0926470e-02   8.1245939e-04   1.5422445e-03   2.2863870e-03   1.8881888e-01   9.5749945e-02   1.1938775e-04   6.6009026e-07   2.3785181e-06   5.8682400e-04  -1.5803370e-02   1.1291110e-02   6.1876400e-04   1.0985576e-04   1.3237980e-04   3.4436241e-07   2.4974650e-04   1.2748917e-04   3.8286889e-07   1.2068288e-08   1.7524411e-08
   1.0000000e+00  -1.9339197e-02  -4.3949179e-01   3.7704745e-01  -1.2106863e-02   1.1446213e-03   2.1141365e-03   3.7400454e-04   1.9315303e-01   1.4216478e-01   1.4657613e-04   1.3101579e-06   4.4695731e-06   2.8476982e-02  -4.9588500e-03   6.7612570e-02  -1.1803930e-03   3.3216191e-04   5.7189200e-04   8.1093850e-04   2.4590193e-05   4.5714596e-03   1.3933276e-06   1.1033153e-07   3.2706046e-07
   1.0000000e+00  -1.5990087e-02  -4.2664234e-01   3.6003150e-01  -1.1378835e-02   1.3592929e-03   2.0037364e-03   2.5568288e-04   1.8202369e-01   1.2962268e-01   1.2947789e-04   1.8476772e-06   4.0149596e-06   3.3491100e-03   1.2849450e-02  -1.7015950e-02   7.2802800e-04   2.1467160e-04  -1.1040010e-04   1.1216538e-05   1.6510837e-04   2.8954255e-04   5.3002477e-07   4.6083896e-08   1.2188182e-08
   1.0000000e+00  -1.5842472e-02  -4.6065866e-01   4.0726631e-01  -1.2662284e-02   1.1718842e-03   1.9367208e-03   2.5098392e-04   2.1220640e-01   1.6586585e-01   1.6033344e-04   1.3733126e-06   3.7508875e-06   1.4761500e-04  -3.4016320e-02   4.7234810e-02  -1.2834490e-03  -1.8740870e-04  -6.7015600e-05   2.1790188e-08   1.1571100e-03   2.2311273e-03   1.6472413e-06   3.5122021e-08   4.4910906e-09
   1.0000000e+00  -3.8539382e-02  -4.7578533e-01   4.0110331e-01  -1.2498012e-02   1.4770758e-03   1.4882103e-03   1.4852840e-03   2.2637168e-01   1.6088387e-01   1.5620030e-04   2.1817529e-06   2.2147699e-06  -2.2696910e-02  -1.5126670e-02  -6.1630000e-03   1.6427200e-04   3.0519160e-04  -4.4851050e-04   5.1514972e-04   2.2881615e-04   3.7982569e-05   2.6985290e-08   9.3141913e-08   2.0116167e-07
   1.0000000e+00  -4.6612284e-02  -4.9876968e-01   4.1882245e-01  -1.2970114e-02   1.0577783e-03   1.4416662e-03   2.1727050e-03   2.4877119e-01   1.7541224e-01   1.6822386e-04   1.1188949e-06   2.0784014e-06  -8.0729020e-03  -2.2984350e-02   1.7719140e-02  -4.7210200e-04  -4.1929750e-04  -4.6544100e-05   6.5171747e-05   5.2828034e-04   3.1396792e-04   2.2288030e-07   1.7581039e-07   2.1663532e-09
   1.0000000e+00  -5.2401105e-02  -4.5658182e-01   4.1869798e-01  -1.2378895e-02   1.2314845e-03   1.2652233e-03   2.7458758e-03   2.0846696e-01   1.7530800e-01   1.5323704e-04   1.5165541e-06   1.6007900e-06  -5.7888210e-03   4.2187860e-02  -1.2447000e-04   5.9121900e-04   1.7370620e-04  -1.7644290e-04   3.3510449e-05   1.7798155e-03   1.5492781e-08   3.4953991e-07   3.0173844e-08   3.1132097e-08
   1.0000000e+00  -4.1043760e-02  -4.9495198e-01   3.9267582e-01  -1.2477914e-02   1.0136509e-03   1.4898022e-03   1.6845902e-03   2.4497746e-01   1.5419430e-01   1.5569834e-04   1.0274881e-06   2.2195106e-06   1.1357345e-02  -3.8370160e-02  -2.6022160e-02  -9.9019000e-05  -2.1783360e-04   2.2457890e-04   1.2898929e-04   1.4722692e-03   6.7715281e-04   9.8047624e-09   4.7451477e-08   5.0435682e-08
   1.0000000e+00  -5.3925551e-02  -4.7657336e-01   3.9441665e-01  -1.2661426e-02   1.2376686e-03   1.3582589e-03   2.9079651e-03   2.2712217e-01   1.5556449e-01   1.6031171e-04   1.5318236e-06   1.8448672e-06  -1.2881791e-02   1.8378620e-02   1.7408300e-03  -1.8351200e-04   2.2401770e-04  -1.3154330e-04   1.6594054e-04   3.3777367e-04   3.0304891e-06   3.3676654e-08   5.0183930e-08   1.7303640e-08
   1.0000000e+00  -5.8088639e-02  -5.1222301e-01   3.9689457e-01  -1.2341376e-02   9.9442870e-04   1.1948381e-03   3.3742900e-03   2.6237241e-01   1.5752530e-01   1.5230956e-04   9.8888844e-07   1.4276381e-06  -4.1630880e-03  -3.5649650e-02   2.4779200e-03   3.2005000e-04  -2.4323990e-04  -1.6342080e-04   1.7331302e-05   1.2708975e-03   6.1400875e-06   1.0243200e-07   5.9165649e-08   2.6706358e-08
   1.0000000e+00  -7.3337039e-02  -4.7386270e-01   4.3425454e-01  -1.3464867e-02   1.2028426e-03   1.2075349e-03   5.3783213e-03   2.2454586e-01   1.8857701e-01   1.8130264e-04   1.4468303e-06   1.4581405e-06  -1.5248400e-02   3.8360310e-02   3.7359970e-02  -1.1234910e-03   2.0841390e-04   1.2696800e-05   2.3251370e-04   1.4715134e-03   1.3957674e-03   1.2622320e-06   4.3436354e-08   1.6120873e-10
   1.0000000e+00  -7.2508540e-02  -4.9085497e-01   3.8643292e-01  -1.1699911e-02   7.5327943e-04   1.3996937e-03   5.2574884e-03   2.4093860e-01   1.4933040e-01   1.3688792e-04   5.6742990e-07   1.9591425e-06   8.2849900e-04  -1.6992270e-02  -4.7821620e-02   1.7649560e-03  -4.4956317e-04   1.9215880e-04   6.8641059e-07   2.8873724e-04   2.2869073e-03   3.1150697e-06   2.0210704e-07   3.6925004e-08
   1.0000000e+00  -6.8513370e-02  -5.1135109e-01   3.8170657e-01  -1.2965886e-02   5.6758368e-04   1.4630363e-03   4.6940819e-03   2.6147994e-01   1.4569991e-01   1.6811420e-04   3.2215123e-07   2.1404752e-06   3.9951700e-03  -2.0496120e-02  -4.7263500e-03  -1.2659750e-03  -1.8569575e-04   6.3342600e-05   1.5961383e-05   4.2009094e-04   2.2338384e-05   1.6026927e-06   3.4482912e-08   4.0122850e-09
   1.0000000e+00  -6.8849478e-02  -4.7897110e-01   3.9104690e-01  -1.1601830e-02   3.7097622e-04   1.2052517e-03   4.7402506e-03   2.2941331e-01   1.5291768e-01   1.3460246e-04   1.3762336e-07   1.4526317e-06  -3.3610800e-04   3.2379990e-02   9.3403300e-03   1.3640560e-03  -1.9660746e-04  -2.5778460e-04   1.1296859e-07   1.0484638e-03   8.7241765e-05   1.8606488e-06   3.8654493e-08   6.6452900e-08
   1.0000000e+00  -5.5287918e-02  -5.0421400e-01   4.0153722e-01  -1.3202418e-02   6.4506165e-04   1.4905890e-03   3.0567539e-03   2.5423176e-01   1.6123214e-01   1.7430384e-04   4.1610453e-07   2.2218556e-06   1.3561560e-02  -2.5242900e-02   1.0490320e-02  -1.6005880e-03   2.7408543e-04   2.8533730e-04   1.8391591e-04   6.3720400e-04   1.1004681e-04   2.5618819e-06   7.5122823e-08   8.1417375e-08
   1.0000000e+00  -7.0212537e-02  -4.3339585e-01   4.0153039e-01  -1.2155830e-02   2.8326984e-04   1.2709657e-03   4.9298004e-03   1.8783196e-01   1.6122665e-01   1.4776420e-04   8.0241802e-08   1.6153538e-06  -1.4924619e-02   7.0818150e-02  -6.8300000e-06   1.0465880e-03  -3.6179181e-04  -2.1962330e-04   2.2274425e-04   5.0152104e-03   4.6648900e-11   1.0953464e-06   1.3089331e-07   4.8234394e-08
   1.0000000e+00  -6.4934204e-02  -5.3387785e-01   4.4481921e-01  -1.3524328e-02   3.2652648e-04   1.0446000e-03   4.2164508e-03   2.8502556e-01   1.9786413e-01   1.8290745e-04   1.0661954e-07   1.0911892e-06   5.2783330e-03  -1.0048200e-01   4.3288820e-02  -1.3684980e-03   4.3256640e-05  -2.2636570e-04   2.7860799e-05   1.0096632e-02   1.8739219e-03   1.8727868e-06   1.8711369e-09   5.1241430e-08
   1.0000000e+00  -8.1617100e-02  -5.2080270e-01   5.1814930e-01  -1.4486497e-02   3.3735396e-05   7.1197011e-04   6.6613510e-03   2.7123545e-01   2.6847870e-01   2.0985860e-04   1.1380769e-09   5.0690144e-07  -1.6682896e-02   1.3075150e-02   7.3330090e-02  -9.6216900e-04  -2.9279108e-04  -3.3262989e-04   2.7831902e-04   1.7095955e-04   5.3773021e-03   9.2576918e-07   8.5726619e-08   1.1064264e-07
   1.0000000e+00  -7.8903092e-02  -5.3555706e-01   4.0897476e-01  -1.2663704e-02   4.7258156e-04   5.9067010e-04   6.2256979e-03   2.8682136e-01   1.6726035e-01   1.6036940e-04   2.2333333e-07   3.4889117e-07   2.7140080e-03  -1.4754360e-02  -1.0917454e-01   1.8227930e-03   4.3884616e-04  -1.2130001e-04   7.3658394e-06   2.1769114e-04   1.1919080e-02   3.3225743e-06   1.9258596e-07   1.4713692e-08
   1.0000000e+00  -7.9587864e-02  -6.2099241e-01   4.6458129e-01  -1.4353632e-02   6.9104277e-04   7.9669109e-04   6.3342281e-03   3.8563157e-01   2.1583578e-01   2.0602675e-04   4.7754011e-07   6.3471669e-07  -6.8477200e-04  -8.5435350e-02   5.5606530e-02  -1.6899280e-03   2.1846121e-04   2.0602099e-04   4.6891269e-07   7.2991990e-03   3.0920862e-03   2.8558566e-06   4.7725300e-08   4.2444648e-08
   1.0000000e+00  -6.7034127e-02  -5.5864823e-01   4.9972413e-01  -1.2795158e-02   5.6703699e-05   8.5195630e-04   4.4935742e-03   3.1208784e-01   2.4972421e-01   1.6371607e-04   3.2153095e-09   7.2582954e-07   1.2553737e-02   6.2344180e-02   3.5142840e-02   1.5584740e-03  -6.3433907e-04   5.5265210e-05   1.5759631e-04   3.8867968e-03   1.2350192e-03   2.4288412e-06   4.0238606e-07   3.0542434e-09
   1.0000000e+00  -6.6495789e-02  -5.6344222e-01   5.1711551e-01  -1.2750470e-02   1.0062788e-04   1.1053408e-03   4.4216900e-03   3.1746714e-01   2.6740845e-01   1.6257449e-04   1.0125970e-08   1.2217783e-06   5.3833800e-04  -4.7939900e-03   1.7391380e-02   4.4688000e-05   4.3924181e-05   2.5338450e-04   2.8980780e-07   2.2982340e-05   3.0246010e-04   1.9970173e-09   1.9293337e-09   6.4203705e-08
   1.0000000e+00  -6.1743356e-02  -5.8288157e-01   5.3674638e-01  -1.3962609e-02   3.2767175e-05   1.1833996e-03   3.8122420e-03   3.3975092e-01   2.8809668e-01   1.9495445e-04   1.0736878e-09   1.4004346e-06   4.7524330e-03  -1.9439350e-02   1.9630870e-02  -1.2121390e-03  -6.7860705e-05   7.8058800e-05   2.2585619e-05   3.7788833e-04   3.8537106e-04   1.4692810e-06   4.6050753e-09   6.0931763e-09
   1.0000000e+00  -6.7815054e-02  -5.2506011e-01   5.6208312e-01  -1.2929511e-02   9.9974555e-05   9.1969809e-04   4.5988815e-03   2.7568812e-01   3.1593743e-01   1.6717225e-04   9.9949116e-09   8.4584458e-07  -6.0716980e-03   5.7821460e-02   2.5336740e-02   1.0330980e-03   6.7207380e-05  -2.6370151e-04   3.6865517e-05   3.3433212e-03   6.4195039e-04   1.0672915e-06   4.5168319e-09   6.9538486e-08
   1.0000000e+00  -5.4488795e-02  -5.9844238e-01   6.0556296e-01  -1.4036911e-02  -1.1468792e-04   1.1149958e-03   2.9690288e-03   3.5813328e-01   3.6670650e-01   1.9703487e-04   1.3153319e-08   1.2432156e-06   1.3326259e-02  -7.3382270e-02   4.3479840e-02  -1.1074000e-03  -2.1466248e-04   1.9529771e-04   1.7758918e-04   5.3849576e-03   1.8904965e-03   1.2263348e-06   4.6079978e-08   3.8141196e-08
   1.0000000e+00  -5.9486830e-02  -5.4508264e-01   5.9948717e-01  -1.4033535e-02  -1.3139103e-04   1.1939965e-03   3.5386829e-03   2.9711508e-01   3.5938487e-01   1.9694010e-04   1.7263603e-08   1.4256276e-06  -4.9980350e-03   5.3359740e-02  -6.0757900e-03   3.3760000e-06  -1.6703110e-05   7.9000700e-05   2.4980354e-05   2.8472619e-03   3.6915224e-05   1.1397376e-11   2.7899388e-10   6.2411106e-09
   1.0000000e+00  -6.0943440e-02  -6.0328715e-01   6.3552118e-01  -1.4105694e-02  -1.1463776e-06   7.8374668e-04   3.7141029e-03   3.6395539e-01   4.0388717e-01   1.9897060e-04   1.3141816e-12   6.1425886e-07  -1.4566100e-03  -5.8204510e-02   3.6034010e-02  -7.2159000e-05   1.3024465e-04  -4.1024982e-04   2.1217127e-06   3.3877650e-03   1.2984499e-03   5.2069213e-09   1.6963669e-08   1.6830491e-07
   1.0000000e+00  -4.7940498e-02  -6.0938692e-01   6.6595025e-01  -1.5861995e-02   2.3767180e-04   1.1309219e-03   2.2982913e-03   3.7135242e-01   4.4348974e-01   2.5160289e-04   5.6487885e-08   1.2789843e-06   1.3002942e-02  -6.0997700e-03   3.0429070e-02  -1.7563010e-03   2.3881818e-04   3.4717522e-04   1.6907650e-04   3.7207194e-05   9.2592830e-04   3.0845932e-06   5.7034122e-08   1.2053063e-07
   1.0000000e+00  -6.5439427e-02  -5.9241740e-01   5.2265832e-01  -1.3168816e-02   9.4911840e-05   9.0785534e-04   4.2823186e-03   3.5095838e-01   2.7317172e-01   1.7341771e-04   9.0082574e-09   8.2420132e-07  -1.7498929e-02   1.6969520e-02  -1.4329193e-01   2.6931790e-03  -1.4275996e-04  -2.2306656e-04   3.0621252e-04   2.8796461e-04   2.0532577e-02   7.2532131e-06   2.0380406e-08   4.9758690e-08
   1.0000000e+00  -8.6196792e-02  -6.9775525e-01   7.2544208e-01  -1.6380381e-02  -8.5477949e-04   1.7537454e-04   7.4298870e-03   4.8686239e-01   5.2626621e-01   2.6831688e-04   7.3064798e-07   3.0756229e-08  -2.0757365e-02  -1.0533785e-01   2.0278376e-01  -3.2115650e-03  -9.4969133e-04  -7.3248080e-04   4.3086820e-04   1.1096063e-02   4.1121253e-02   1.0314150e-05   9.0191362e-07   5.3652812e-07
   1.0000000e+00  -1.3948640e-01  -6.5178943e-01   7.6509946e-01  -1.5641315e-02  -1.9855243e-03  -9.0794355e-04   1.9456456e-02   4.2482946e-01   5.8537718e-01   2.4465073e-04   3.9423067e-06   8.2436149e-07  -5.3289608e-02   4.5965820e-02   3.9657380e-02   7.3906600e-04  -1.1307448e-03  -1.0833181e-03   2.8397823e-03   2.1128566e-03   1.5727078e-03   5.4621855e-07   1.2785838e-06   1.1735781e-06
   1.0000000e+00  -9.2911274e-02  -6.2766630e-01   6.6170886e-01  -1.4699045e-02  -8.0039378e-04  -3.7312170e-04   8.6325048e-03   3.9396498e-01   4.3785862e-01   2.1606192e-04   6.4063020e-07   1.3921980e-07   4.6575126e-02   2.4123130e-02  -1.0339060e-01   9.4227000e-04   1.1851305e-03   5.3482185e-04   2.1692424e-03   5.8192540e-04   1.0689616e-02   8.8787275e-07   1.4045343e-06   2.8603441e-07
   1.0000000e+00  -3.6536444e-02  -6.6481133e-01   8.5010195e-01  -1.7238554e-02  -3.6070664e-04   9.8635904e-04   1.3349117e-03   4.4197410e-01   7.2267333e-01   2.9716774e-04   1.3010928e-07   9.7290416e-07   5.6374830e-02  -3.7145030e-02   1.8839309e-01  -2.5395090e-03   4.3968714e-04   1.3594807e-03   3.1781215e-03   1.3797533e-03   3.5491956e-02   6.4491060e-06   1.9332478e-07   1.8481879e-06
   1.0000000e+00  -6.7099859e-02  -6.2167539e-01   9.0960238e-01  -1.6313084e-02  -8.9762533e-04   2.4239112e-04   4.5023911e-03   3.8648029e-01   8.2737649e-01   2.6611671e-04   8.0573123e-07   5.8753455e-08  -3.0563415e-02   4.3135940e-02   5.9500430e-02   9.2547000e-04  -5.3691869e-04  -7.4396792e-04   9.3412234e-04   1.8607093e-03   3.5403012e-03   8.5649472e-07   2.8828168e-07   5.5348827e-07
   1.0000000e+00  -3.8335757e-02  -6.6519057e-01   9.1870453e-01  -1.7271904e-02  -1.5862928e-03   1.6444400e-03   1.4696303e-03   4.4247849e-01   8.4401801e-01   2.9831867e-04   2.5163248e-06   2.7041829e-06   2.8764102e-02  -4.3515180e-02   9.1021500e-03  -9.5882000e-04  -6.8866747e-04   1.4020489e-03   8.2737356e-04   1.8935709e-03   8.2849135e-05   9.1933579e-07   4.7426288e-07   1.9657411e-06
   1.0000000e+00  -6.8140866e-03  -5.9648930e-01   8.2526516e-01  -1.5442650e-02  -9.7600856e-04   2.2107045e-03   4.6431776e-05   3.5579949e-01   6.8106258e-01   2.3847544e-04   9.5259271e-07   4.8872144e-06   3.1521670e-02   6.8701270e-02  -9.3439370e-02   1.8292540e-03   6.1028424e-04   5.6626450e-04   9.9361570e-04   4.7198645e-03   8.7309159e-03   3.3461702e-06   3.7244685e-07   3.2065548e-07
   1.0000000e+00  -4.1076117e-02  -6.6554164e-01   7.7056852e-01  -1.7408998e-02  -1.2872446e-03   1.7792705e-03   1.6872474e-03   4.4294567e-01   5.9377584e-01   3.0307321e-04   1.6569987e-06   3.1658035e-06  -3.4262030e-02  -6.9052340e-02  -5.4696640e-02  -1.9663480e-03  -3.1123604e-04  -4.3143400e-04   1.1738867e-03   4.7682257e-03   2.9917224e-03   3.8665245e-06   9.6867873e-08   1.8613530e-07
   1.0000000e+00  -5.7085490e-02  -5.8669237e-01   8.4616921e-01  -1.6105646e-02  -1.3592255e-03   1.2112078e-03   3.2587532e-03   3.4420794e-01   7.1600233e-01   2.5939183e-04   1.8474940e-06   1.4670243e-06  -1.6009373e-02   7.8849270e-02   7.5600690e-02   1.3033520e-03  -7.1980900e-05  -5.6806270e-04   2.5630002e-04   6.2172074e-03   5.7154643e-03   1.6987264e-06   5.1812500e-09   3.2269523e-07
   1.0000000e+00  -4.2013074e-02  -6.9005436e-01   7.5414076e-01  -1.4221963e-02  -2.7419117e-03   1.9470478e-03   1.7650984e-03   4.7617502e-01   5.6872829e-01   2.0226423e-04   7.5180798e-06   3.7909951e-06   1.5072416e-02  -1.0336199e-01  -9.2028450e-02   1.8836830e-03  -1.3826862e-03   7.3584000e-04   2.2717772e-04   1.0683701e-02   8.4692356e-03   3.5482616e-06   1.9118211e-06   5.4146051e-07
   1.0000000e+00  -3.6426569e-02  -5.3930235e-01   7.0505153e-01  -1.2995742e-02  -1.6294731e-03   2.0550586e-03   1.3268949e-03   2.9084702e-01   4.9709766e-01   1.6888931e-04   2.6551826e-06   4.2232658e-06   5.5865050e-03   1.5075201e-01  -4.9089230e-02   1.2262210e-03   1.1124386e-03   1.0801080e-04   3.1209038e-05   2.2726169e-02   2.4097525e-03   1.5036179e-06   1.2375196e-06   1.1666333e-08
   1.0000000e+00  -4.9261619e-03  -6.1771727e-01   7.3021931e-01  -1.4142518e-02  -1.6853293e-03   2.9520735e-03   2.4267071e-05   3.8157463e-01   5.3322024e-01   2.0001082e-04   2.8403348e-06   8.7147379e-06   3.1500407e-02  -7.8414920e-02   2.5167780e-02  -1.1467760e-03  -5.5856200e-05   8.9701490e-04   9.9227565e-04   6.1488997e-03   6.3341715e-04   1.3150952e-06   3.1199151e-09   8.0463573e-07
   1.0000000e+00  -2.3931475e-02  -5.6117615e-01   8.6372884e-01  -1.4572662e-02  -2.0671576e-03   2.2879758e-03   5.7271550e-04   3.1491867e-01   7.4602751e-01   2.1236248e-04   4.2731405e-06   5.2348333e-06  -1.9005313e-02   5.6541120e-02   1.3350953e-01  -4.3014400e-04  -3.8182830e-04  -6.6409770e-04   3.6120193e-04   3.1968983e-03   1.7824795e-02   1.8502386e-07   1.4579285e-07   4.4102576e-07
   1.0000000e+00   2.5827815e-03  -5.6955230e-01   7.0806704e-01  -1.2458388e-02  -2.0129223e-03   2.6717922e-03   6.6707603e-06   3.2438982e-01   5.0135893e-01   1.5521143e-04   4.0518562e-06   7.1384736e-06   2.6514256e-02  -8.3761500e-03  -1.5566180e-01   2.1142740e-03   5.4235300e-05   3.8381640e-04   7.0300580e-04   7.0159889e-05   2.4230596e-02   4.4701545e-06   2.9414678e-09   1.4731503e-07
   1.0000000e+00  -1.6202384e-02  -4.7820075e-01   7.3505769e-01  -1.3854298e-02  -1.6966978e-03   2.6100205e-03   2.6251725e-04   2.2867596e-01   5.4030981e-01   1.9194157e-04   2.8787834e-06   6.8122070e-06  -1.8785165e-02   9.1351550e-02   2.6990650e-02  -1.3959100e-03   3.1622450e-04  -6.1771700e-05   3.5288244e-04   8.3451057e-03   7.2849519e-04   1.9485647e-06   9.9997934e-08   3.8157429e-09
   1.0000000e+00   1.6669394e-02  -5.7100960e-01   8.5722700e-01  -1.4541699e-02  -2.0932945e-03   2.9550944e-03   2.7786870e-04   3.2605196e-01   7.3483813e-01   2.1146101e-04   4.3818819e-06   8.7325829e-06   3.2871778e-02  -9.2808850e-02   1.2216931e-01  -6.8740100e-04  -3.9659670e-04   3.4507390e-04   1.0805538e-03   8.6134826e-03   1.4925340e-02   4.7252013e-07   1.5728894e-07   1.1907600e-07
   1.0000000e+00   3.3344465e-02  -4.0685762e-01   8.5731906e-01  -1.1538453e-02  -1.9290766e-03   3.1747493e-03   1.1118533e-03   1.6553312e-01   7.3499597e-01   1.3313590e-04   3.7213365e-06   1.0079033e-05   1.6675071e-02   1.6415198e-01   9.2060000e-05   3.0032460e-03   1.6421790e-04   2.1965490e-04   2.7805799e-04   2.6945873e-02   8.4750436e-09   9.0194865e-06   2.6967519e-08   4.8248275e-08
   1.0000000e+00   6.8983287e-02  -5.5012912e-01   9.6152089e-01  -1.1640504e-02  -3.3088064e-03   2.9792721e-03   4.7586939e-03   3.0264205e-01   9.2452242e-01   1.3550133e-04   1.0948200e-05   8.8760622e-06   3.5638822e-02  -1.4327150e-01   1.0420183e-01  -1.0205100e-04  -1.3797298e-03  -1.9547720e-04   1.2701256e-03   2.0526723e-02   1.0858021e-02   1.0414407e-08   1.9036543e-06   3.8211336e-08
   1.0000000e+00   2.4026864e-02  -4.1555698e-01   7.4193168e-01  -1.0603749e-02  -2.5111493e-03   2.6660689e-03   5.7729019e-04   1.7268760e-01   5.5046262e-01   1.1243949e-04   6.3058708e-06   7.1079234e-06  -4.4956423e-02   1.3457214e-01  -2.1958921e-01   1.0367550e-03   7.9765710e-04  -3.1320320e-04   2.0210800e-03   1.8109661e-02   4.8219421e-02   1.0748609e-06   6.3625685e-07   9.8096244e-08
   1.0000000e+00   4.9421165e-02  -5.0807856e-01   8.7558650e-01  -1.1548817e-02  -1.8781016e-03   2.7046420e-03   2.4424515e-03   2.5814382e-01   7.6665172e-01   1.3337517e-04   3.5272656e-06   7.3150883e-06   2.5394301e-02  -9.2521580e-02   1.3365482e-01  -9.4506800e-04   6.3304770e-04   3.8573100e-05   6.4487052e-04   8.5602428e-03   1.7863611e-02   8.9315352e-07   4.0074939e-07   1.4878840e-09
   1.0000000e+00   3.6641719e-02  -4.0114482e-01   8.4369674e-01  -1.0393760e-02  -1.7152278e-03   2.5177846e-03   1.3426156e-03   1.6091717e-01   7.1182419e-01   1.0803025e-04   2.9420064e-06   6.3392393e-06  -1.2779446e-02   1.0693374e-01  -3.1889760e-02   1.1550570e-03   1.6287380e-04  -1.8685740e-04   1.6331424e-04   1.1434825e-02   1.0169568e-03   1.3341567e-06   2.6527875e-08   3.4915688e-08
   1.0000000e+00   7.0429397e-02  -5.6373794e-01   9.5215836e-01  -1.0038233e-02  -2.4006250e-03   2.8850024e-03   4.9603000e-03   3.1780046e-01   9.0660554e-01   1.0076612e-04   5.7630004e-06   8.3232388e-06   3.3787678e-02  -1.6259312e-01   1.0846162e-01   3.5552700e-04  -6.8539720e-04   3.6721780e-04   1.1416072e-03   2.6436523e-02   1.1763923e-02   1.2639945e-07   4.6976932e-07   1.3484891e-07
   1.0000000e+00   3.6817301e-02  -4.5204071e-01   9.1449986e-01  -9.8273209e-03  -3.0482368e-03   2.1727609e-03   1.3555137e-03   2.0434080e-01   8.3630999e-01   9.6576236e-05   9.2917476e-06   4.7208899e-06  -3.3612096e-02   1.1169723e-01  -3.7658500e-02   2.1091210e-04  -6.4761180e-04  -7.1224150e-04   1.1297730e-03   1.2476271e-02   1.4181626e-03   4.4483914e-08   4.1940104e-07   5.0728795e-07
   1.0000000e+00   4.6367457e-02  -5.2609449e-01   7.3117647e-01  -1.0353625e-02  -3.4552963e-03   3.1019117e-03   2.1499411e-03   2.7677541e-01   5.3461903e-01   1.0719755e-04   1.1939073e-05   9.6218562e-06   9.5501560e-03  -7.4053780e-02  -1.8332339e-01  -5.2630410e-04  -4.0705950e-04   9.2915080e-04   9.1205480e-05   5.4839623e-03   3.3607465e-02   2.7699601e-07   1.6569744e-07   8.6332121e-07
   1.0000000e+00  -1.0063632e-02  -4.1418816e-01   7.9783690e-01  -1.1707518e-02  -2.7597950e-03   2.7556595e-03   1.0127669e-04   1.7155183e-01   6.3654372e-01   1.3706598e-04   7.6164684e-06   7.5936593e-06  -5.6431089e-02   1.1190633e-01   6.6660430e-02  -1.3538930e-03   6.9550130e-04  -3.4625220e-04   3.1844678e-03   1.2523027e-02   4.4436129e-03   1.8330263e-06   4.8372206e-07   1.1989059e-07
   1.0000000e+00  -4.6364595e-03  -5.5347388e-01   8.4296318e-01  -1.2053191e-02  -3.0836425e-03   2.3659286e-03   2.1496757e-05   3.0633334e-01   7.1058692e-01   1.4527941e-04   9.5088511e-06   5.5976181e-06   5.4271725e-03  -1.3928572e-01   4.5126280e-02  -3.4567300e-04  -3.2384750e-04  -3.8973090e-04   2.9454201e-05   1.9400512e-02   2.0363811e-03   1.1948982e-07   1.0487720e-07   1.5189017e-07
   1.0000000e+00   1.1746522e-03  -4.2546773e-01   8.6198298e-01  -1.2012438e-02  -2.9388188e-03   2.5592407e-03   1.3798078e-06   1.8102279e-01   7.4301466e-01   1.4429867e-04   8.6366559e-06   6.5497130e-06   5.8111117e-03   1.2800615e-01   1.9019800e-02   4.0753000e-05   1.4482370e-04   1.9331210e-04   3.3769019e-05   1.6385574e-02   3.6175279e-04   1.6608070e-09   2.0973904e-08   3.7369568e-08
   1.0000000e+00   4.0755445e-02  -5.5821269e-01   1.0144378e+00  -1.2022042e-02  -3.1165214e-03   2.8698252e-03   1.6610063e-03   3.1160141e-01   1.0290841e+00   1.4452949e-04   9.7127056e-06   8.2358967e-06   3.9580793e-02  -1.3274496e-01   1.5245482e-01  -9.6040000e-06  -1.7770260e-04   3.1058450e-04   1.5666392e-03   1.7621224e-02   2.3242472e-02   9.2236816e-11   3.1578214e-08   9.6462732e-08
   1.0000000e+00   8.2577590e-03  -4.3736259e-01   8.4423094e-01  -1.0313268e-02  -3.3060379e-03   2.7202350e-03   6.8190584e-05   1.9128604e-01   7.1272588e-01   1.0636350e-04   1.0929887e-05   7.3996785e-06  -3.2497686e-02   1.2085010e-01  -1.7020686e-01   1.7087740e-03  -1.8951650e-04  -1.4959020e-04   1.0560996e-03   1.4604747e-02   2.8970375e-02   2.9199086e-06   3.5916504e-08   2.2377228e-08
   1.0000000e+00  -6.7167237e-03  -5.5702061e-01   8.9813187e-01  -1.1438615e-02  -3.1437191e-03   2.3368379e-03   4.5114377e-05   3.1027196e-01   8.0664086e-01   1.3084191e-04   9.8829698e-06   5.4608114e-06  -1.4974483e-02  -1.1965802e-01   5.3900930e-02  -1.1253470e-03   1.6231880e-04  -3.8339710e-04   2.2423513e-04   1.4318042e-02   2.9053103e-03   1.2664059e-06   2.6347393e-08   1.4699334e-07
   1.0000000e+00  -3.2308469e-02  -4.6305241e-01   7.4042398e-01  -1.2086167e-02  -2.8152168e-03   1.9155475e-03   1.0438372e-03   2.1441753e-01   5.4822767e-01   1.4607543e-04   7.9254456e-06   3.6693222e-06  -2.5591745e-02   9.3968200e-02  -1.5770789e-01  -6.4755200e-04   3.2850230e-04  -4.2129040e-04   6.5493743e-04   8.8300226e-03   2.4871779e-02   4.1932359e-07   1.0791376e-07   1.7748560e-07
   1.0000000e+00  -1.7666119e-02  -5.5150321e-01   8.3099956e-01  -1.2300234e-02  -3.7006778e-03   2.1299300e-03   3.1209176e-04   3.0415579e-01   6.9056027e-01   1.5129576e-04   1.3695016e-05   4.5366018e-06   1.4642350e-02  -8.8450800e-02   9.0575580e-02  -2.1406700e-04  -8.8546100e-04   2.1438250e-04   2.1439841e-04   7.8235440e-03   8.2039357e-03   4.5824680e-08   7.8404118e-07   4.5959856e-08
   1.0000000e+00  -1.3529687e-02  -4.4436320e-01   8.0171297e-01  -1.2487915e-02  -2.5351483e-03   2.3759560e-03   1.8305243e-04   1.9745865e-01   6.4274369e-01   1.5594802e-04   6.4269769e-06   5.6451669e-06   4.1364320e-03   1.0714001e-01  -2.9286590e-02  -1.8768100e-04   1.1655295e-03   2.4602600e-04   1.7110070e-05   1.1478982e-02   8.5770435e-04   3.5224158e-08   1.3584590e-06   6.0528793e-08
   1.0000000e+00  -8.6759986e-03  -5.6540202e-01   8.5168091e-01  -1.3082057e-02  -2.8125846e-03   2.4115356e-03   7.5272952e-05   3.1967944e-01   7.2536037e-01   1.7114022e-04   7.9106321e-06   5.8155040e-06   4.8536884e-03  -1.2103882e-01   4.9967940e-02  -5.9414200e-04  -2.7743630e-04   3.5579600e-05   2.3558291e-05   1.4650396e-02   2.4967950e-03   3.5300472e-07   7.6970901e-08   1.2659079e-09
   1.0000000e+00  -1.4539949e-02  -5.3382295e-01   8.1629616e-01  -1.2136352e-02  -2.6111250e-03   2.2855501e-03   2.1141012e-04   2.8496694e-01   6.6633942e-01   1.4729104e-04   6.8179738e-06   5.2237393e-06  -5.8639504e-03   3.1579070e-02  -3.5384750e-02   9.4570500e-04   2.0145960e-04  -1.2598550e-04   3.4385914e-05   9.9723766e-04   1.2520805e-03   8.9435795e-07   4.0585970e-08   1.5872346e-08
   1.0000000e+00  -8.7925260e-03  -5.9508839e-01   8.4836562e-01  -1.2985750e-02  -3.3588950e-03   2.3755680e-03   7.7308513e-05   3.5413019e-01   7.1972423e-01   1.6862970e-04   1.1282176e-05   5.6433233e-06   5.7474230e-03  -6.1265440e-02   3.2069460e-02  -8.4939800e-04  -7.4777000e-04   9.0017900e-05   3.3032871e-05   3.7534541e-03   1.0284503e-03   7.2147696e-07   5.5915997e-07   8.1032223e-09
   1.0000000e+00  -7.4771582e-03  -5.3612995e-01   8.2610358e-01  -1.2537902e-02  -3.2449676e-03   2.1179196e-03   5.5907895e-05   2.8743532e-01   6.8244712e-01   1.5719899e-04   1.0529815e-05   4.4855834e-06   1.3153678e-03   5.8958440e-02  -2.2262040e-02   4.4784800e-04   1.1392740e-04  -2.5764840e-04   1.7301924e-06   3.4760976e-03   4.9559842e-04   2.0056783e-07   1.2979452e-08   6.6382698e-08
   1.0000000e+00  -6.5191081e-04  -6.1215390e-01   8.8167329e-01  -1.2716527e-02  -3.4356177e-03   2.1766084e-03   4.2498770e-07   3.7473240e-01   7.7734779e-01   1.6171006e-04   1.1803469e-05   4.7376241e-06   6.8252474e-03  -7.6023950e-02   5.5569710e-02  -1.7862500e-04  -1.9065010e-04   5.8688800e-05   4.6584002e-05   5.7796410e-03   3.0879927e-03   3.1906891e-08   3.6347461e-08   3.4443752e-09
   1.0000000e+00  -3.7918659e-03  -5.6313874e-01   8.9511722e-01  -1.2617100e-02  -3.4665036e-03   2.0671458e-03   1.4378247e-05   3.1712524e-01   8.0123484e-01   1.5919121e-04   1.2016647e-05   4.2730918e-06  -3.1399551e-03   4.9015160e-02   1.3443930e-02   9.9427000e-05  -3.0885900e-05  -1.0946260e-04   9.8593180e-06   2.4024859e-03   1.8073925e-04   9.8857283e-09   9.5393882e-10   1.1982061e-08
   1.0000000e+00   2.4272346e-02  -6.3726575e-01   9.5303819e-01  -1.2177223e-02  -3.5836293e-03   2.2377817e-03   5.8914678e-04   4.0610764e-01   9.0828179e-01   1.4828476e-04   1.2842399e-05   5.0076669e-06   2.8064212e-02  -7.4127010e-02   5.7920970e-02   4.3987700e-04  -1.1712570e-04   1.7063590e-04   7.8759999e-04   5.4948136e-03   3.3548388e-03   1.9349178e-07   1.3718430e-08   2.9116610e-08
