   1.0000000e+00   0.0000000e+00   0.0000000e+00  -7.1054274e-15   2.1684043e-19  -1.0980500e-19   2.3810164e-38   0.0000000e+00   0.0000000e+00   5.0487099e-29   4.7019772e-38   1.2057138e-38   5.6692391e-76   0.0000000e+00   0.0000000e+00   0.0000000e+00   0.0000000e+00   0.0000000e+00   0.0000000e+00   0.0000000e+00   0.0000000e+00   0.0000000e+00   0.0000000e+00   0.0000000e+00   0.0000000e+00
   1.0000000e+00   2.4423994e-03   9.2995401e-03   1.8646654e-02   4.6863561e-04  -1.3256382e-04   4.5506201e-05   5.9653148e-06   8.6481446e-05   3.4769771e-04   2.1961933e-07   1.7573166e-08   2.0708143e-09   2.4423994e-03   9.2995401e-03   1.8646654e-02   4.6863561e-04  -1.3256382e-04   4.5506201e-05   5.9653148e-06   8.6481446e-05   3.4769771e-04   2.1961933e-07   1.7573166e-08   2.0708143e-09
   1.0000000e+00  -5.0916741e-04  -1.2090041e-02   1.0886987e-02   8.1372800e-04   3.2782976e-04   6.8276055e-05   2.5925145e-07   1.4616909e-04   1.1852649e-04   6.6215326e-07   1.0747235e-07   4.6616197e-09  -2.9515668e-03  -2.1389581e-02  -7.7596670e-03   3.4509239e-04   4.6039358e-04   2.2769854e-05   8.7117466e-06   4.5751418e-04   6.0212432e-05   1.1908876e-07   2.1196225e-07   5.1846625e-10
   1.0000000e+00  -1.0521128e-02   2.0329955e-03   4.2561388e-02  -1.9349495e-04   1.7942233e-04  -2.0020211e-05   1.1069413e-04   4.1330707e-06   1.8114717e-03   3.7440296e-08   3.2192373e-08   4.0080885e-10  -1.0011961e-02   1.4123036e-02   3.1674401e-02  -1.0072229e-03  -1.4840743e-04  -8.8296266e-05   1.0023935e-04   1.9946016e-04   1.0032677e-03   1.0144981e-06   2.2024765e-08   7.7962306e-09
   1.0000000e+00  -7.1361323e-03  -4.7539933e-03   2.8279798e-02   3.4356584e-04  -9.9743949e-05   5.9299783e-05   5.0924384e-05   2.2600452e-05   7.9974697e-04   1.1803749e-07   9.9488554e-09   3.5164643e-09   3.3849957e-03  -6.7869888e-03  -1.4281590e-02   5.3706079e-04  -2.7916628e-04   7.9319994e-05   1.1458196e-05   4.6063217e-05   2.0396381e-04   2.8843429e-07   7.7933811e-08   6.2916614e-09
   1.0000000e+00  -8.1696309e-03  -1.2160559e-02   2.7094361e-02   5.2225144e-04   1.1209277e-04   2.8871068e-04   6.6742869e-05   1.4787920e-04   7.3410440e-04   2.7274657e-07   1.2564789e-08   8.3353857e-08  -1.0334986e-03  -7.4065657e-03  -1.1854370e-03   1.7868560e-04   2.1183672e-04   2.2941090e-04   1.0681194e-06   5.4857215e-05   1.4052609e-06   3.1928544e-08   4.4874796e-08   5.2629360e-08
   1.0000000e+00  -7.6182446e-03   8.0871074e-04   3.0427909e-02   1.1823940e-04  -1.0589269e-04   2.0977701e-04   5.8037651e-05   6.5401306e-07   9.2585765e-04   1.3980556e-08   1.1213262e-08   4.4006394e-08   5.5138630e-04   1.2969270e-02   3.3335480e-03  -4.0401204e-04  -2.1798546e-04  -7.8933670e-05   3.0402685e-07   1.6820196e-04   1.1112542e-05   1.6322573e-07   4.7517661e-08   6.2305243e-09
   1.0000000e+00  -1.0549154e-02  -2.1958323e-02   1.5996577e-02   8.6582409e-04   7.6262261e-05   4.4356078e-04   1.1128465e-04   4.8216795e-04   2.5589048e-04   7.4965135e-07   5.8159325e-09   1.9674617e-07  -2.9309094e-03  -2.2767034e-02  -1.4431332e-02   7.4758469e-04   1.8215495e-04   2.3378377e-04   8.5902299e-06   5.1833783e-04   2.0826334e-04   5.5888287e-07   3.3180426e-08   5.4654851e-08
   1.0000000e+00  -3.0169237e-02  -5.6161110e-02  -4.5854802e-03   6.9860914e-04  -6.7553613e-05   3.4712381e-05   9.1018286e-04   3.1540703e-03   2.1026629e-05   4.8805473e-07   4.5634906e-09   1.2049494e-09  -1.9620083e-02  -3.4202787e-02  -2.0582057e-02  -1.6721495e-04  -1.4381587e-04  -4.0884840e-04   3.8494766e-04   1.1698306e-03   4.2362108e-04   2.7960840e-08   2.0683006e-08   1.6715701e-07
   1.0000000e+00  -3.7003803e-02  -1.3415008e-02  -3.9981533e-02   1.2356519e-03   5.7299110e-04  -1.4645007e-05   1.3692814e-03   1.7996244e-04   1.5985230e-03   1.5268356e-06   3.2831880e-07   2.1447623e-10  -6.8345660e-03   4.2746102e-02  -3.5396053e-02   5.3704276e-04   6.4054471e-04  -4.9357388e-05   4.6711292e-05   1.8272292e-03   1.2528806e-03   2.8841493e-07   4.1029753e-07   2.4361518e-09
   1.0000000e+00  -5.6756079e-02  -5.5546240e-02  -6.1138306e-02   1.8343725e-03   5.1954162e-04  -1.5891317e-04   3.2212525e-03   3.0853848e-03   3.7378925e-03   3.3649225e-06   2.6992349e-07   2.5253396e-08  -1.9752276e-02  -4.2131232e-02  -2.1156773e-02   5.9872060e-04  -5.3449480e-05  -1.4426816e-04   3.9015241e-04   1.7750407e-03   4.4760904e-04   3.5846636e-07   2.8568469e-09   2.0813303e-08
   1.0000000e+00  -4.9731483e-02  -6.4928597e-02  -1.1166037e-01   3.3378081e-03   1.1231712e-03  -6.9920912e-05   2.4732204e-03   4.2157227e-03   1.2468038e-02   1.1140963e-05   1.2615135e-06   4.8889339e-09   7.0245960e-03  -9.3823570e-03  -5.0522064e-02   1.5034356e-03   6.0362958e-04   8.8992258e-05   4.9344949e-05   8.8028623e-05   2.5524790e-03   2.2603186e-06   3.6436867e-07   7.9196220e-09
   1.0000000e+00  -6.3060872e-02  -7.9512051e-02  -6.8225217e-02   2.7001140e-03   1.7584103e-03  -1.7487257e-04   3.9766736e-03   6.3221663e-03   4.6546802e-03   7.2906156e-06   3.0920068e-06   3.0580416e-08  -1.3329389e-02  -1.4583454e-02   4.3435153e-02  -6.3769410e-04   6.3523910e-04  -1.0495166e-04   1.7767261e-04   2.1267713e-04   1.8866125e-03   4.0665377e-07   4.0352871e-07   1.1014851e-08
   1.0000000e+00  -6.6737830e-02  -2.5019659e-02  -8.1203784e-02   2.0863842e-03   1.7276314e-03  -9.0475118e-05   4.4539380e-03   6.2598334e-04   6.5940545e-03   4.3529990e-06   2.9847103e-06   8.1857470e-09  -3.6769580e-03   5.4492392e-02  -1.2978567e-02  -6.1372980e-04  -3.0778900e-05   8.4397452e-05   1.3520020e-05   2.9694208e-03   1.6844320e-04   3.7666427e-07   9.4734069e-10   7.1229299e-09
   1.0000000e+00  -4.6016365e-02  -6.7017193e-02  -6.8931654e-02   2.4156486e-03   1.3083662e-03   3.3570507e-05   2.1175058e-03   4.4913042e-03   4.7515729e-03   5.8353582e-06   1.7118221e-06   1.1269789e-09   2.0721465e-02  -4.1997534e-02   1.2272130e-02   3.2926440e-04  -4.1926520e-04   1.2404563e-04   4.2937911e-04   1.7637929e-03   1.5060517e-04   1.0841505e-07   1.7578331e-07   1.5387317e-08
   1.0000000e+00  -2.6843802e-02  -1.0187823e-01  -1.1241703e-01   2.7386178e-03   1.2040766e-03   4.6123598e-04   7.2058971e-04   1.0379174e-02   1.2637589e-02   7.5000275e-06   1.4498005e-06   2.1273863e-07   1.9172563e-02  -3.4861037e-02  -4.3485376e-02   3.2296920e-04  -1.0428960e-04   4.2766547e-04   3.6758717e-04   1.2152919e-03   1.8909779e-03   1.0430910e-07   1.0876321e-08   1.8289776e-07
   1.0000000e+00  -3.6029829e-02  -9.7510553e-02  -1.1530209e-01   3.1820066e-03   1.4845582e-03   1.6102077e-04   1.2981486e-03   9.5083079e-03   1.3294572e-02   1.0125166e-05   2.2039130e-06   2.5927688e-08  -9.1860270e-03   4.3676770e-03  -2.8850600e-03   4.4338880e-04   2.8048160e-04  -3.0021521e-04   8.4383092e-05   1.9076602e-05   8.3235712e-06   1.9659363e-07   7.8669928e-08   9.0129172e-08
   1.0000000e+00  -3.5621807e-02  -1.2929257e-01  -1.3159851e-01   3.2655974e-03   1.4949860e-03   1.6180745e-04   1.2689131e-03   1.6716569e-02   1.7318168e-02   1.0664126e-05   2.2349831e-06   2.6181651e-08   4.0802200e-04  -3.1782017e-02  -1.6296420e-02   8.3590800e-05   1.0427800e-05   7.8668000e-07   1.6648195e-07   1.0100966e-03   2.6557330e-04   6.9874218e-09   1.0873901e-10   6.1886542e-13
   1.0000000e+00  -2.8398647e-02  -1.3957610e-01  -1.1288166e-01   3.2625075e-03   1.2750145e-03   4.8644105e-04   8.0648315e-04   1.9481488e-02   1.2742269e-02   1.0643955e-05   1.6256620e-06   2.3662490e-07   7.2231600e-03  -1.0283530e-02   1.8716850e-02  -3.0899000e-06  -2.1997150e-04   3.2463360e-04   5.2174040e-05   1.0575099e-04   3.5032047e-04   9.5474820e-12   4.8387461e-08   1.0538697e-07
   1.0000000e+00  -2.6437993e-02  -1.2542228e-01  -1.3997453e-01   3.7177158e-03   1.1769613e-03   3.5040335e-04   6.9896747e-04   1.5730748e-02   1.9592869e-02   1.3821411e-05   1.3852379e-06   1.2278251e-07   1.9606540e-03   1.4153820e-02  -2.7092870e-02   4.5520830e-04  -9.8053200e-05  -1.3603770e-04   3.8441641e-06   2.0033062e-04   7.3402360e-04   2.0721460e-07   9.6144300e-09   1.8506256e-08
   1.0000000e+00  -2.6103023e-02  -1.7502333e-01  -9.0153413e-02   2.6109720e-03   1.3778154e-03   9.3206460e-05   6.8136781e-04   3.0633166e-02   8.1276379e-03   6.8171748e-06   1.8983753e-06   8.6874442e-09   3.3497000e-04  -4.9601050e-02   4.9821117e-02  -1.1067438e-03   2.0085410e-04  -2.5719689e-04   1.1220490e-07   2.4602642e-03   2.4821437e-03   1.2248818e-06   4.0342369e-08   6.6150240e-08
   1.0000000e+00  -4.7866079e-02  -1.7187454e-01  -9.6787768e-02   3.1164585e-03   1.7988257e-03   9.3228559e-05   2.2911615e-03   2.9540858e-02   9.3678720e-03   9.7123136e-06   3.2357739e-06   8.6915642e-09  -2.1763056e-02   3.1487900e-03  -6.6343550e-03   5.0548650e-04   4.2101030e-04   2.2099000e-08   4.7363061e-04   9.9148785e-06   4.4014666e-05   2.5551660e-07   1.7724967e-07   4.8836580e-16
   1.0000000e+00  -3.2170956e-02  -1.8245073e-01  -9.6557762e-02   3.1766611e-03   1.5582946e-03   2.9201484e-04   1.0349704e-03   3.3288269e-02   9.3234014e-03   1.0091176e-05   2.4282821e-06   8.5272667e-08   1.5695123e-02  -1.0576190e-02   2.3000600e-04   6.0202600e-05  -2.4053110e-04   1.9878628e-04   2.4633689e-04   1.1185579e-04   5.2902760e-08   3.6243530e-09   5.7855210e-08   3.9515986e-08
   1.0000000e+00  -2.0753327e-02  -1.7597510e-01  -1.3782420e-01   3.4095651e-03   1.3053543e-03   4.7946044e-04   4.3070058e-04   3.0967236e-02   1.8995510e-02   1.1625134e-05   1.7039498e-06   2.2988231e-07   1.1417629e-02   6.4756300e-03  -4.1266438e-02   2.3290400e-04  -2.5294030e-04   1.8744560e-04   1.3036225e-04   4.1933784e-05   1.7029189e-03   5.4244273e-08   6.3978795e-08   3.5135853e-08
   1.0000000e+00  -4.2418362e-02  -1.8093918e-01  -1.1084545e-01   3.5435526e-03   1.5296396e-03  -1.6453998e-05   1.7993174e-03   3.2738987e-02   1.2286714e-02   1.2556765e-05   2.3397973e-06   2.7073405e-10  -2.1665035e-02  -4.9640800e-03   2.6978750e-02   1.3398750e-04   2.2428530e-04  -4.9591444e-04   4.6937374e-04   2.4642090e-05   7.2785295e-04   1.7952650e-08   5.0303896e-08   2.4593113e-07
   1.0000000e+00  -4.7712820e-02  -1.7953666e-01  -1.0674963e-01   2.5967878e-03   1.7008044e-03  -5.6762079e-05   2.2765132e-03   3.2233412e-02   1.1395484e-02   6.7433069e-06   2.8927356e-06   3.2219336e-09  -5.2944580e-03   1.4025200e-03   4.0958200e-03  -9.4676480e-04   1.7116480e-04  -4.0308081e-05   2.8031286e-05   1.9670624e-06   1.6775741e-05   8.9636359e-07   2.9297389e-08   1.6247414e-09
   1.0000000e+00  -3.6841798e-02  -1.9102993e-01  -1.1586497e-01   4.1413732e-03   1.3983929e-03   4.9758943e-04   1.3573181e-03   3.6492434e-02   1.3424691e-02   1.7150972e-05   1.9555027e-06   2.4759524e-07   1.0871022e-02  -1.1493270e-02  -9.1153400e-03   1.5445854e-03  -3.0241150e-04   5.5435151e-04   1.1817912e-04   1.3209526e-04   8.3089423e-05   2.3857441e-06   9.1452715e-08   3.0730560e-07
   1.0000000e+00  -5.9185659e-02  -2.1722934e-01  -1.0868090e-01   4.2828223e-03   1.7407202e-03   2.8599340e-04   3.5029422e-03   4.7188586e-02   1.1811538e-02   1.8342567e-05   3.0301068e-06   8.1792225e-08  -2.2343861e-02  -2.6199410e-02   7.1840700e-03   1.4144910e-04   3.4232730e-04  -2.1159603e-04   4.9924812e-04   6.8640908e-04   5.1610862e-05   2.0007848e-08   1.1718798e-07   4.4772880e-08
   1.0000000e+00  -7.1560553e-02  -2.1423430e-01  -1.8835555e-01   4.7374601e-03   2.2595941e-03  -1.6641028e-04   5.1209127e-03   4.5896335e-02   3.5477813e-02   2.2443528e-05   5.1057655e-06   2.7692381e-08  -1.2374894e-02   2.9950400e-03  -7.9674650e-02   4.5463780e-04   5.1887390e-04  -4.5240368e-04   1.5313800e-04   8.9702646e-06   6.3480499e-03   2.0669553e-07   2.6923012e-07   2.0466909e-07
   1.0000000e+00  -5.6926613e-02  -2.1927406e-01  -1.6354398e-01   2.9604447e-03   2.0563733e-03  -1.1812007e-04   3.2406393e-03   4.8081113e-02   2.6746633e-02   8.7642328e-06   4.2286711e-06   1.3952351e-08   1.4633940e-02  -5.0397600e-03   2.4811570e-02  -1.7770154e-03  -2.0322080e-04   4.8290210e-05   2.1415220e-04   2.5399181e-05   6.1561401e-04   3.1577837e-06   4.1298694e-08   2.3319444e-09
   1.0000000e+00  -6.0117690e-02  -2.1186245e-01  -1.5875379e-01   3.1672137e-03   2.0141563e-03   1.9689289e-05   3.6141367e-03   4.4885698e-02   2.5202766e-02   1.0031243e-05   4.0568256e-06   3.8766810e-10  -3.1910770e-03   7.4116100e-03   4.7901900e-03   2.0676900e-04  -4.2217000e-05   1.3780936e-04   1.0182972e-05   5.4931963e-05   2.2945920e-05   4.2753419e-08   1.7822751e-09   1.8991419e-08
   1.0000000e+00  -6.8766836e-02  -2.4904892e-01  -1.7823231e-01   3.6277820e-03   2.1422534e-03   4.3482837e-05   4.7288777e-03   6.2025365e-02   3.1766756e-02   1.3160802e-05   4.5892496e-06   1.8907571e-09  -8.6491460e-03  -3.7186470e-02  -1.9478520e-02   4.6056830e-04   1.2809710e-04   2.3793548e-05   7.4807727e-05   1.3828336e-03   3.7941274e-04   2.1212316e-07   1.6408867e-08   5.6613293e-10
   1.0000000e+00  -5.8742349e-02  -2.3411982e-01  -1.6346680e-01   3.6437912e-03   2.0071523e-03  -5.1899109e-05   3.4506636e-03   5.4812090e-02   2.6721395e-02   1.3277214e-05   4.0286604e-06   2.6935175e-09   1.0024487e-02   1.4929100e-02   1.4765510e-02   1.6009200e-05  -1.3510110e-04  -9.5381946e-05   1.0049034e-04   2.2287803e-04   2.1802029e-04   2.5629448e-10   1.8252307e-08   9.0977156e-09
   1.0000000e+00  -5.7536586e-02  -2.8620919e-01  -1.6214337e-01   3.7729690e-03   2.1819560e-03   2.4143985e-05   3.3104587e-03   8.1915700e-02   2.6290472e-02   1.4235295e-05   4.7609320e-06   5.8293201e-10   1.2057630e-03  -5.2089370e-02   1.3234300e-03   1.2917780e-04   1.7480370e-04   7.6043094e-05   1.4538644e-06   2.7133025e-03   1.7514670e-06   1.6686904e-08   3.0556334e-08   5.7825521e-09
   1.0000000e+00  -7.0473609e-02  -2.4230874e-01  -1.9323181e-01   3.3855262e-03   2.2547366e-03   1.0664237e-04   4.9665296e-03   5.8713525e-02   3.7338532e-02   1.1461788e-05   5.0838371e-06   1.1372595e-08  -1.2937023e-02   4.3900450e-02  -3.1088440e-02  -3.8744280e-04   7.2780600e-05   8.2498385e-05   1.6736656e-04   1.9272495e-03   9.6649110e-04   1.5011192e-07   5.2970157e-09   6.8059835e-09
   1.0000000e+00  -6.0930185e-02  -2.8397406e-01  -1.9799166e-01   4.1886541e-03   2.1318634e-03   1.0189370e-04   3.7124874e-03   8.0641267e-02   3.9200697e-02   1.7544823e-05   4.5448416e-06   1.0382326e-08   9.5434240e-03  -4.1665320e-02  -4.7598500e-03   8.0312790e-04  -1.2287320e-04  -4.7486700e-06   9.1076942e-05   1.7359989e-03   2.2656172e-05   6.4501442e-07   1.5097823e-08   2.2549867e-11
   1.0000000e+00  -5.0145873e-02  -2.8544133e-01  -1.7116162e-01   3.6967099e-03   1.8823804e-03   3.9237650e-04   2.5146086e-03   8.1476753e-02   2.9296300e-02   1.3665664e-05   3.5433560e-06   1.5395932e-07   1.0784312e-02  -1.4672700e-03   2.6830040e-02  -4.9194420e-04  -2.4948300e-04   2.9048280e-04   1.1630139e-04   2.1528813e-06   7.1985105e-04   2.4200910e-07   6.2241767e-08   8.4380257e-08
   1.0000000e+00  -4.7473664e-02  -3.0141139e-01  -1.8439777e-01   4.3447372e-03   2.0458693e-03   5.1368672e-04   2.2537488e-03   9.0848826e-02   3.4002538e-02   1.8876741e-05   4.1855812e-06   2.6387405e-07   2.6722090e-03  -1.5970060e-02  -1.3236150e-02   6.4802730e-04   1.6348890e-04   1.2131022e-04   7.1407009e-06   2.5504282e-04   1.7519567e-04   4.1993938e-07   2.6728620e-08   1.4716169e-08
   1.0000000e+00  -5.5048564e-02  -2.9891890e-01  -1.8163264e-01   3.8614421e-03   2.2368952e-03   4.8064750e-04   3.0303444e-03   8.9352509e-02   3.2990416e-02   1.4910735e-05   5.0037001e-06   2.3102202e-07  -7.5749000e-03   2.4924900e-03   2.7651300e-03  -4.8329510e-04   1.9102590e-04  -3.3039220e-05   5.7379110e-05   6.2125064e-06   7.6459439e-06   2.3357415e-07   3.6490894e-08   1.0915901e-09
   1.0000000e+00  -6.8181371e-02  -2.7990501e-01  -1.5120242e-01   3.8249306e-03   2.0445934e-03   2.7753655e-04   4.6486994e-03   7.8346815e-02   2.2862172e-02   1.4630094e-05   4.1803622e-06   7.7026537e-08  -1.3132807e-02   1.9013890e-02   3.0430220e-02  -3.6511500e-05  -1.9230180e-04  -2.0311095e-04   1.7247062e-04   3.6152801e-04   9.2599829e-04   1.3330896e-09   3.6979982e-08   4.1254058e-08
   1.0000000e+00  -6.4181188e-02  -3.2120206e-01  -1.4987715e-01   4.5719904e-03   2.0902518e-03   4.8414133e-04   4.1192249e-03   1.0317076e-01   2.2463160e-02   2.0903096e-05   4.3691526e-06   2.3439283e-07   4.0001830e-03  -4.1297050e-02   1.3252700e-03   7.4705980e-04   4.5658400e-05   2.0660478e-04   1.6001464e-05   1.7054463e-03   1.7563406e-06   5.5809834e-07   2.0846895e-09   4.2685535e-08
   1.0000000e+00  -5.1681597e-02  -3.0056587e-01  -1.7331068e-01   4.1573390e-03   2.2439625e-03   7.3458696e-04   2.6709875e-03   9.0339842e-02   3.0036592e-02   1.7283468e-05   5.0353677e-06   5.3961800e-07   1.2499591e-02   2.0636190e-02  -2.3433530e-02  -4.1465140e-04   1.5371070e-04   2.5044563e-04   1.5623978e-04   4.2585234e-04   5.4913033e-04   1.7193578e-07   2.3626979e-08   6.2723014e-08
   1.0000000e+00  -4.5820234e-02  -2.6946865e-01  -1.8585485e-01   4.3985055e-03   2.1709354e-03   6.7215178e-04   2.0994938e-03   7.2613353e-02   3.4542025e-02   1.9346851e-05   4.7129605e-06   4.5178802e-07   5.8613630e-03   3.1097220e-02  -1.2544170e-02   2.4116650e-04  -7.3027100e-05  -6.2435180e-05   3.4355576e-05   9.6703709e-04   1.5735620e-04   5.8161281e-08   5.3329573e-09   3.8981517e-09
   1.0000000e+00  -4.4950031e-02  -3.0081706e-01  -1.9181231e-01   4.6493943e-03   2.1121442e-03   7.1758039e-04   2.0205053e-03   9.0490904e-02   3.6791962e-02   2.1616867e-05   4.4611531e-06   5.1492162e-07   8.7020300e-04  -3.1348410e-02  -5.9574600e-03   2.5088880e-04  -5.8791200e-05   4.5428610e-05   7.5725326e-07   9.8272281e-04   3.5491330e-05   6.2945190e-08   3.4564052e-09   2.0637586e-09
   1.0000000e+00  -8.3166374e-02  -3.0281833e-01  -2.3250835e-01   5.2376514e-03   2.4317680e-03   7.9071825e-05   6.9166458e-03   9.1698941e-02   5.4060133e-02   2.7432992e-05   5.9134956e-06   6.2523535e-09  -3.8216343e-02  -2.0012700e-03  -4.0696040e-02   5.8825710e-04   3.1962380e-04  -6.3850856e-04   1.4604889e-03   4.0050816e-06   1.6561677e-03   3.4604642e-07   1.0215937e-07   4.0769319e-07
   1.0000000e+00  -8.6291244e-02  -3.6302724e-01  -2.6961251e-01   5.9012819e-03   2.8158717e-03   3.4148311e-04   7.4461788e-03   1.3178878e-01   7.2690906e-02   3.4825128e-05   7.9291334e-06   1.1661071e-07  -3.1248700e-03  -6.0208910e-02  -3.7104160e-02   6.6363050e-04   3.8410370e-04   2.6241128e-04   9.7648125e-06   3.6251128e-03   1.3767187e-03   4.4040544e-07   1.4753565e-07   6.8859682e-08
   1.0000000e+00  -1.1574132e-01  -3.2521089e-01  -3.0867264e-01   5.9969180e-03   3.7755255e-03  -5.9909417e-04   1.3396053e-02   1.0576212e-01   9.5278799e-02   3.5963025e-05   1.4254593e-05   3.5891382e-07  -2.9450076e-02   3.7816350e-02  -3.9060130e-02   9.5636100e-05   9.5965380e-04  -9.4057728e-04   8.6730698e-04   1.4300763e-03   1.5256938e-03   9.1462636e-09   9.2093542e-07   8.8468562e-07
   1.0000000e+00  -7.4454390e-02  -3.7081744e-01  -2.5599801e-01   4.9630225e-03   3.1462853e-03   2.6431318e-04   5.5434562e-03   1.3750557e-01   6.5534981e-02   2.4631592e-05   9.8991112e-06   6.9861457e-08   4.1286930e-02  -4.5606550e-02   5.2674630e-02  -1.0338955e-03  -6.2924020e-04   8.6340735e-04   1.7046106e-03   2.0799574e-03   2.7746166e-03   1.0689399e-06   3.9594323e-07   7.4547225e-07
   1.0000000e+00  -8.3865589e-02  -3.7753187e-01  -3.2427966e-01   6.0831308e-03   3.7404164e-03   3.5884584e-04   7.0334370e-03   1.4253031e-01   1.0515730e-01   3.7004480e-05   1.3990715e-05   1.2877034e-07  -9.4111990e-03  -6.7144300e-03  -6.8281650e-02   1.1201083e-03   5.9413110e-04   9.4532660e-05   8.8570667e-05   4.5083570e-05   4.6623837e-03   1.2546426e-06   3.5299176e-07   8.9364238e-09
   1.0000000e+00  -9.0455327e-02  -4.0978770e-01  -3.1771122e-01   6.0226586e-03   3.8701119e-03   3.8194965e-04   8.1821662e-03   1.6792596e-01   1.0094042e-01   3.6272417e-05   1.4977766e-05   1.4588554e-07  -6.5897380e-03  -3.2255830e-02   6.5684400e-03  -6.0472200e-05   1.2969550e-04   2.3103810e-05   4.3424647e-05   1.0404386e-03   4.3144404e-05   3.6568870e-09   1.6820923e-08   5.3378604e-10
   1.0000000e+00  -7.2521137e-02  -3.7567903e-01  -3.1633874e-01   5.3801363e-03   3.6263392e-03   9.1752578e-04   5.2593153e-03   1.4113473e-01   1.0007020e-01   2.8945867e-05   1.3150336e-05   8.4185356e-07   1.7934190e-02   3.4108670e-02   1.3724800e-03  -6.4252230e-04  -2.4377270e-04   5.3557613e-04   3.2163517e-04   1.1634014e-03   1.8837014e-06   4.1283491e-07   5.9425129e-08   2.8684179e-07
   1.0000000e+00  -6.4520589e-02  -4.2966082e-01  -2.9787599e-01   5.4265311e-03   3.9025439e-03   9.6629133e-04   4.1629064e-03   1.8460842e-01   8.8730105e-02   2.9447240e-05   1.5229849e-05   9.3371893e-07   8.0005480e-03  -5.3981790e-02   1.8462750e-02   4.6394800e-05   2.7620470e-04   4.8765550e-05   6.4008768e-05   2.9140337e-03   3.4087314e-04   2.1524775e-09   7.6289036e-08   2.3780789e-09
   1.0000000e+00  -5.4302643e-02  -4.1506484e-01  -3.0838335e-01   5.1285363e-03   3.7414365e-03   1.0512470e-03   2.9487770e-03   1.7227882e-01   9.5100291e-02   2.6301885e-05   1.3998347e-05   1.1051203e-06   1.0217946e-02   1.4595980e-02  -1.0507360e-02  -2.9799480e-04  -1.6110740e-04   8.4955670e-05   1.0440642e-04   2.1304263e-04   1.1040461e-04   8.8800901e-08   2.5955594e-08   7.2174659e-09
   1.0000000e+00  -5.3525648e-02  -4.2204303e-01  -3.0822020e-01   5.8069144e-03   3.4242217e-03   9.8289942e-04   2.8649950e-03   1.7812032e-01   9.4999692e-02   3.3720255e-05   1.1725294e-05   9.6609127e-07   7.7699500e-04  -6.9781900e-03   1.6315000e-04   6.7837810e-04  -3.1721480e-04  -6.8347580e-05   6.0372123e-07   4.8695136e-05   2.6617923e-08   4.6019685e-07   1.0062523e-07   4.6713917e-09
   1.0000000e+00  -6.0407960e-02  -4.3273098e-01  -3.4477724e-01   6.6894462e-03   3.7188385e-03   1.2119998e-03   3.6491216e-03   1.8725610e-01   1.1887135e-01   4.4748690e-05   1.3829760e-05   1.4689435e-06  -6.8823120e-03  -1.0687950e-02  -3.6557040e-02   8.8253180e-04   2.9461680e-04   2.2910038e-04   4.7366218e-05   1.1423228e-04   1.3364172e-03   7.7886238e-07   8.6799059e-08   5.2486984e-08
   1.0000000e+00  -1.0482816e-01  -4.6937574e-01  -3.8331240e-01   7.7128409e-03   3.9911649e-03   4.1262549e-04   1.0988943e-02   2.2031359e-01   1.4692840e-01   5.9487915e-05   1.5929397e-05   1.7025979e-07  -4.4420200e-02  -3.6644760e-02  -3.8535160e-02   1.0233947e-03   2.7232640e-04  -7.9937431e-04   1.9731542e-03   1.3428384e-03   1.4849586e-03   1.0473367e-06   7.4161668e-08   6.3899929e-07
   1.0000000e+00  -1.4398219e-01  -4.7360655e-01  -4.7526993e-01   9.0310544e-03   4.7001612e-03  -7.1867953e-05   2.0730871e-02   2.2430316e-01   2.2588151e-01   8.1559944e-05   2.2091515e-05   5.1650027e-09  -3.9154030e-02  -4.2308100e-03  -9.1957530e-02   1.3182135e-03   7.0899630e-04  -4.8449344e-04   1.5330381e-03   1.7899753e-05   8.4561873e-03   1.7376868e-06   5.0267575e-07   2.3473390e-07
   1.0000000e+00  -1.4481778e-01  -4.6826493e-01  -4.6216910e-01   8.3124455e-03   4.8776092e-03  -2.6694133e-04   2.0972189e-02   2.1927204e-01   2.1360028e-01   6.9096750e-05   2.3791072e-05   7.1257674e-08  -8.3559000e-04   5.3416200e-03   1.3100830e-02  -7.1860890e-04   1.7744800e-04  -1.9507338e-04   6.9821065e-07   2.8532904e-05   1.7163175e-04   5.1639875e-07   3.1487793e-08   3.8053622e-08
   1.0000000e+00  -1.7978450e-01  -4.9191195e-01  -4.6223459e-01   8.1089867e-03   5.4553533e-03  -8.0495430e-04   3.2322466e-02   2.4197737e-01   2.1366082e-01   6.5755665e-05   2.9760880e-05   6.4795143e-07  -3.4966720e-02  -2.3647020e-02  -6.5490000e-05  -2.0345880e-04   5.7774410e-04  -5.3801297e-04   1.2226715e-03   5.5918155e-04   4.2889401e-09   4.1395483e-08   3.3378825e-07   2.8945796e-07
   1.0000000e+00  -1.9689757e-01  -4.8579208e-01  -4.9728375e-01   8.7271213e-03   5.8394047e-03  -1.0414692e-03   3.8768653e-02   2.3599394e-01   2.4729113e-01   7.6162646e-05   3.4098647e-05   1.0846581e-06  -1.7113070e-02   6.1198700e-03  -3.5049160e-02   6.1813460e-04   3.8405140e-04  -2.3651490e-04   2.9285716e-04   3.7452809e-05   1.2284436e-03   3.8209038e-07   1.4749548e-07   5.5939298e-08
   1.0000000e+00  -1.9088731e-01  -4.8818874e-01  -4.5303576e-01   7.6290582e-03   5.4772222e-03  -1.0095652e-03   3.6437965e-02   2.3832825e-01   2.0524140e-01   5.8202529e-05   2.9999963e-05   1.0192219e-06   6.0102600e-03  -2.3966600e-03   4.4247990e-02  -1.0980631e-03  -3.6218250e-04   3.1904000e-05   3.6123225e-05   5.7439792e-06   1.9578846e-03   1.2057426e-06   1.3117616e-07   1.0178652e-09
   1.0000000e+00  -1.8932012e-01  -5.0361589e-01  -4.4537791e-01   7.2676482e-03   5.1687716e-03  -7.1987138e-04   3.5842108e-02   2.5362896e-01   1.9836148e-01   5.2818710e-05   2.6716200e-05   5.1821480e-07   1.5671900e-03  -1.5427150e-02   7.6578500e-03  -3.6141000e-04  -3.0845060e-04   2.8969382e-04   2.4560845e-06   2.3799696e-04   5.8642667e-05   1.3061719e-07   9.5141773e-08   8.3922509e-08
   1.0000000e+00  -1.9218576e-01  -5.2718138e-01  -4.2570363e-01   7.4835680e-03   5.1484530e-03  -7.6912809e-04   3.6935366e-02   2.7792021e-01   1.8122358e-01   5.6003790e-05   2.6506568e-05   5.9155802e-07  -2.8656400e-03  -2.3565490e-02   1.9674280e-02   2.1591980e-04  -2.0318600e-05  -4.9256710e-05   8.2118926e-06   5.5533232e-04   3.8707729e-04   4.6621360e-08   4.1284551e-10   2.4262235e-09
   1.0000000e+00  -1.7679849e-01  -5.5536455e-01  -4.3315439e-01   7.4621413e-03   4.8831589e-03  -3.3553262e-04   3.1257706e-02   3.0842978e-01   1.8762273e-01   5.5683553e-05   2.3845241e-05   1.1258214e-07   1.5387270e-02  -2.8183170e-02  -7.4507600e-03  -2.1426700e-05  -2.6529410e-04   4.3359547e-04   2.3676808e-04   7.9429107e-04   5.5513825e-05   4.5910347e-10   7.0380959e-08   1.8800503e-07
   1.0000000e+00  -1.7298647e-01  -5.5928343e-01  -4.3864089e-01   7.8093447e-03   4.8186042e-03  -2.8977508e-04   2.9924319e-02   3.1279796e-01   1.9240583e-01   6.0985865e-05   2.3218946e-05   8.3969597e-08   3.8120200e-03  -3.9188800e-03  -5.4865000e-03   3.4720340e-04  -6.4554700e-05   4.5757540e-05   1.4531496e-05   1.5357620e-05   3.0101682e-05   1.2055020e-07   4.1673093e-09   2.0937525e-09
   1.0000000e+00  -1.6775018e-01  -5.7987099e-01  -4.5402623e-01   7.6224195e-03   4.8914630e-03  -6.6801458e-05   2.8140123e-02   3.3625037e-01   2.0613982e-01   5.8101279e-05   2.3926410e-05   4.4624348e-09   5.2362900e-03  -2.0587560e-02  -1.5385340e-02  -1.8692520e-04   7.2858800e-05   2.2297362e-04   2.7418733e-05   4.2384763e-04   2.3670869e-04   3.4941030e-08   5.3084047e-09   4.9717236e-08
   1.0000000e+00  -1.8969469e-01  -5.6926172e-01  -4.8726672e-01   9.2317130e-03   4.7960916e-03  -5.4932156e-04   3.5984075e-02   3.2405891e-01   2.3742886e-01   8.5224525e-05   2.3002495e-05   3.0175418e-07  -2.1944510e-02   1.0609270e-02  -3.3240490e-02   1.6092935e-03  -9.5371400e-05  -4.8252010e-04   4.8156152e-04   1.1255661e-04   1.1049302e-03   2.5898256e-06   9.0957039e-09   2.3282565e-07
   1.0000000e+00  -2.2786576e-01  -6.0469214e-01  -5.0086427e-01   9.2528370e-03   5.1115078e-03  -1.1227135e-03   5.1922805e-02   3.6565258e-01   2.5086502e-01   8.5614993e-05   2.6127512e-05   1.2604856e-06  -3.8171070e-02  -3.5430420e-02  -1.3597550e-02   2.1124000e-05   3.1541620e-04  -5.7339194e-04   1.4570306e-03   1.2553147e-03   1.8489337e-04   4.4622338e-10   9.9487379e-08   3.2877832e-07
   1.0000000e+00  -2.1370537e-01  -5.7063883e-01  -5.1436269e-01   9.4133358e-03   4.8335877e-03  -5.3236106e-04   4.5669985e-02   3.2562867e-01   2.6456898e-01   8.8610891e-05   2.3363570e-05   2.8340830e-07   1.4160390e-02   3.4053310e-02  -1.3498420e-02   1.6049880e-04  -2.7792010e-04   5.9035244e-04   2.0051664e-04   1.1596279e-03   1.8220734e-04   2.5759865e-08   7.7239582e-08   3.4851600e-07
   1.0000000e+00  -2.2454804e-01  -6.0891200e-01  -4.7463896e-01   9.2387841e-03   4.9090430e-03  -1.0892719e-03   5.0421822e-02   3.7077382e-01   2.2528214e-01   8.5355132e-05   2.4098703e-05   1.1865133e-06  -1.0842670e-02  -3.8273170e-02   3.9723730e-02  -1.7455170e-04   7.5455300e-05  -5.5691084e-04   1.1756349e-04   1.4648355e-03   1.5779747e-03   3.0468296e-08   5.6935023e-09   3.1014968e-07
   1.0000000e+00  -2.3647773e-01  -5.9832145e-01  -4.6140430e-01   7.8042242e-03   5.5438140e-03  -8.0028193e-04   5.5921717e-02   3.5798856e-01   2.1289393e-01   6.0905915e-05   3.0733874e-05   6.4045117e-07  -1.1929690e-02   1.0590550e-02   1.3234660e-02  -1.4345599e-03   6.3477100e-04   2.8898997e-04   1.4231750e-04   1.1215975e-04   1.7515623e-04   2.0579621e-06   4.0293422e-07   8.3515203e-08
   1.0000000e+00  -2.4589462e-01  -6.0606652e-01  -4.5439108e-01   8.3980122e-03   5.3135645e-03  -1.1330027e-03   6.0464164e-02   3.6731663e-01   2.0647125e-01   7.0526609e-05   2.8233968e-05   1.2836951e-06  -9.4168900e-03  -7.7450700e-03   7.0132200e-03   5.9378800e-04  -2.3024950e-04  -3.3272077e-04   8.8677817e-05   5.9986109e-05   4.9185255e-05   3.5258419e-07   5.3014832e-08   1.1070311e-07
   1.0000000e+00  -2.7540633e-01  -6.3296508e-01  -4.2503032e-01   6.9852761e-03   4.8690726e-03  -1.5483167e-03   7.5848647e-02   4.0064479e-01   1.8065077e-01   4.8794082e-05   2.3707868e-05   2.3972846e-06  -2.9511710e-02  -2.6898560e-02   2.9360760e-02  -1.4127361e-03  -4.4449190e-04  -4.1531400e-04   8.7094103e-04   7.2353253e-04   8.6205423e-04   1.9958233e-06   1.9757305e-07   1.7248572e-07
   1.0000000e+00  -2.8514451e-01  -6.2051455e-01  -4.2192645e-01   7.4602675e-03   4.5762813e-03  -1.6672970e-03   8.1307392e-02   3.8503831e-01   1.7802193e-01   5.5655591e-05   2.0942351e-05   2.7798793e-06  -9.7381800e-03   1.2450530e-02   3.1038700e-03   4.7499140e-04  -2.9279130e-04  -1.1898030e-04   9.4832150e-05   1.5501570e-04   9.6340090e-06   2.2561683e-07   8.5726745e-08   1.4156312e-08
   1.0000000e+00  -3.0512118e-01  -6.7294192e-01  -4.3054242e-01   7.5063490e-03   4.6065450e-03  -1.6820541e-03   9.3098934e-02   4.5285083e-01   1.8536678e-01   5.6345275e-05   2.1220257e-05   2.8293060e-06  -1.9976670e-02  -5.2427370e-02  -8.6159700e-03   4.6081500e-05   3.0263700e-05  -1.4757100e-05   3.9906734e-04   2.7486291e-03   7.4234939e-05   2.1235046e-09   9.1589154e-10   2.1777200e-10
   1.0000000e+00  -3.1429576e-01  -6.3356849e-01  -4.5113272e-01   7.3804171e-03   4.5591651e-03  -1.8148036e-03   9.8781825e-02   4.0140903e-01   2.0352073e-01   5.4470557e-05   2.0785986e-05   3.2935121e-06  -9.1745800e-03   3.9373430e-02  -2.0590300e-02  -1.2593190e-04  -4.7379900e-05  -1.3274950e-04   8.4172918e-05   1.5502670e-03   4.2396045e-04   1.5858843e-08   2.2448549e-09   1.7622430e-08
   1.0000000e+00  -3.1650170e-01  -6.6589337e-01  -4.4886741e-01   8.0466974e-03   4.5688691e-03  -1.7062242e-03   1.0017333e-01   4.4341398e-01   2.0148195e-01   6.4749339e-05   2.0874565e-05   2.9112010e-06  -2.2059400e-03  -3.2324880e-02   2.2653100e-03   6.6628030e-04   9.7040000e-06   1.0857940e-04   4.8661713e-06   1.0448979e-03   5.1316294e-06   4.4392944e-07   9.4167616e-11   1.1789486e-08
   1.0000000e+00  -3.3803226e-01  -6.5507192e-01  -4.4807558e-01   7.3732404e-03   4.4887748e-03  -1.9237836e-03   1.1426581e-01   4.2911922e-01   2.0077173e-01   5.4364674e-05   2.0149099e-05   3.7009433e-06  -2.1530560e-02   1.0821450e-02   7.9183000e-04  -6.7345700e-04  -8.0094300e-05  -2.1755940e-04   4.6356501e-04   1.1710378e-04   6.2699475e-07   4.5354433e-07   6.4150969e-09   4.7332093e-08
   1.0000000e+00  -3.3960383e-01  -6.4446485e-01  -4.1962684e-01   7.4302038e-03   4.3079560e-03  -1.7498971e-03   1.1533076e-01   4.1533494e-01   1.7608668e-01   5.5207929e-05   1.8558485e-05   3.0621399e-06  -1.5715700e-03   1.0607070e-02   2.8448740e-02   5.6963400e-05  -1.8081880e-04   1.7388650e-04   2.4698323e-06   1.1250993e-04   8.0933081e-04   3.2448289e-09   3.2695438e-08   3.0236515e-08
   1.0000000e+00  -3.4806306e-01  -6.9182421e-01  -4.0810101e-01   7.5220036e-03   4.6981698e-03  -1.7149226e-03   1.2114789e-01   4.7862074e-01   1.6654643e-01   5.6580538e-05   2.2072799e-05   2.9409595e-06  -8.4592300e-03  -4.7359360e-02   1.1525830e-02   9.1799800e-05   3.9021380e-04   3.4974500e-05   7.1558572e-05   2.2429090e-03   1.3284476e-04   8.4272033e-09   1.5226681e-07   1.2232157e-09
   1.0000000e+00  -3.4240408e-01  -6.5029465e-01  -4.2681744e-01   6.8759198e-03   4.6528723e-03  -1.5115969e-03   1.1724055e-01   4.2288313e-01   1.8217313e-01   4.7278273e-05   2.1649221e-05   2.2849252e-06   5.6589800e-03   4.1529560e-02  -1.8716430e-02  -6.4608380e-04  -4.5297500e-05   2.0332570e-04   3.2024055e-05   1.7247044e-03   3.5030475e-04   4.1742428e-07   2.0518635e-09   4.1341340e-08
   1.0000000e+00  -3.5286412e-01  -6.6574097e-01  -4.1413016e-01   7.6287613e-03   4.8467492e-03  -1.6664062e-03   1.2451309e-01   4.4321104e-01   1.7150379e-01   5.8197999e-05   2.3490978e-05   2.7769096e-06  -1.0460040e-02  -1.5446320e-02   1.2687280e-02   7.5284150e-04   1.9387690e-04  -1.5480930e-04   1.0941244e-04   2.3858880e-04   1.6096707e-04   5.6677032e-07   3.7588252e-08   2.3965919e-08
   1.0000000e+00  -3.5142890e-01  -6.8782301e-01  -4.0957989e-01   7.1388423e-03   4.6083757e-03  -1.6337242e-03   1.2350227e-01   4.7310049e-01   1.6775569e-01   5.0963069e-05   2.1237127e-05   2.6690548e-06   1.4352200e-03  -2.2082040e-02   4.5502700e-03  -4.8991900e-04  -2.3837350e-04   3.2682000e-05   2.0598564e-06   4.8761649e-04   2.0704957e-05   2.4002063e-07   5.6821926e-08   1.0681131e-09
   1.0000000e+00  -3.4834597e-01  -6.8038758e-01  -4.2180151e-01   7.6399631e-03   4.5338114e-03  -1.6198944e-03   1.2134491e-01   4.6292726e-01   1.7791651e-01   5.8369036e-05   2.0555446e-05   2.6240579e-06   3.0829300e-03   7.4354300e-03  -1.2221620e-02   5.0112080e-04  -7.4564300e-05   1.3829800e-05   9.5044574e-06   5.5285619e-05   1.4936800e-04   2.5112206e-07   5.5598348e-09   1.9126337e-10
   1.0000000e+00  -3.4405465e-01  -7.0325511e-01  -4.1993265e-01   7.5244854e-03   4.6985317e-03  -1.6107604e-03   1.1837360e-01   4.9456775e-01   1.7634343e-01   5.6617881e-05   2.2076200e-05   2.5945491e-06   4.2913200e-03  -2.2867530e-02   1.8688600e-03  -1.1547770e-04   1.6472030e-04   9.1340000e-06   1.8415427e-05   5.2292393e-04   3.4926377e-06   1.3335099e-08   2.7132777e-08   8.3429956e-11
   1.0000000e+00  -3.6928339e-01  -7.1933350e-01  -4.1454865e-01   6.7687072e-03   4.6801981e-03  -2.3015190e-03   1.3637022e-01   5.1744068e-01   1.7185058e-01   4.5815397e-05   2.1904254e-05   5.2969897e-06  -2.5228740e-02  -1.6078390e-02   5.3840000e-03  -7.5577820e-04  -1.8333600e-05  -6.9075860e-04   6.3648932e-04   2.5851462e-04   2.8987456e-05   5.7120069e-07   3.3612089e-10   4.7714744e-07
   1.0000000e+00  -3.8120364e-01  -7.3022788e-01  -4.6447891e-01   7.7248890e-03   4.9998765e-03  -2.3197434e-03   1.4531622e-01   5.3323276e-01   2.1574066e-01   5.9673910e-05   2.4998765e-05   5.3812094e-06  -1.1920250e-02  -1.0894380e-02  -4.9930260e-02   9.5618180e-04   3.1967840e-04  -1.8224400e-05   1.4209236e-04   1.1868752e-04   2.4930309e-03   9.1428363e-07   1.0219428e-07   3.3212876e-10
   1.0000000e+00  -4.0092038e-01  -7.5413469e-01  -4.3188131e-01   5.4857119e-03   4.5173002e-03  -2.3763675e-03   1.6073715e-01   5.6871913e-01   1.8652147e-01   3.0093035e-05   2.0406001e-05   5.6471225e-06  -1.9716740e-02  -2.3906810e-02   3.2597600e-02  -2.2391771e-03  -4.8257630e-04  -5.6624100e-05   3.8874984e-04   5.7153556e-04   1.0626035e-03   5.0139141e-06   2.3287989e-07   3.2062887e-09
   1.0000000e+00  -4.7056880e-01  -7.0961914e-01  -5.9618258e-01   7.1719412e-03   4.4889922e-03  -3.4524874e-03   2.2143500e-01   5.0355932e-01   3.5543367e-01   5.1436741e-05   2.0151051e-05   1.1919669e-05  -6.9648420e-02   4.4515550e-02  -1.6430127e-01   1.6862293e-03  -2.8308000e-05  -1.0761199e-03   4.8509024e-03   1.9816342e-03   2.6994907e-02   2.8433693e-06   8.0134286e-10   1.1580340e-06
   1.0000000e+00  -4.8602236e-01  -7.5683366e-01  -5.5734919e-01   7.3058104e-03   4.3105973e-03  -3.2016392e-03   2.3621773e-01   5.7279719e-01   3.1063812e-01   5.3374866e-05   1.8581249e-05   1.0250494e-05  -1.5453560e-02  -4.7214520e-02   3.8833390e-02   1.3386920e-04  -1.7839490e-04   2.5084820e-04   2.3881252e-04   2.2292109e-03   1.5080322e-03   1.7920963e-08   3.1824740e-08   6.2924819e-08
   1.0000000e+00  -4.8970386e-01  -7.4914495e-01  -5.6739381e-01   7.9833860e-03   4.3257500e-03  -3.0362230e-03   2.3980987e-01   5.6121816e-01   3.2193574e-01   6.3734452e-05   1.8712113e-05   9.2186501e-06  -3.6815000e-03   7.6887100e-03  -1.0044620e-02   6.7757560e-04   1.5152700e-05   1.6541620e-04   1.3553442e-05   5.9116261e-05   1.0089439e-04   4.5910869e-07   2.2960432e-10   2.7362519e-08
   1.0000000e+00  -4.7690239e-01  -7.7474638e-01  -5.4831748e-01   7.5747687e-03   3.9840265e-03  -2.6630289e-03   2.2743589e-01   6.0023195e-01   3.0065206e-01   5.7377121e-05   1.5872467e-05   7.0917229e-06   1.2801470e-02  -2.5601430e-02   1.9076330e-02  -4.0861730e-04  -3.4172350e-04   3.7319410e-04   1.6387763e-04   6.5543322e-04   3.6390637e-04   1.6696810e-07   1.1677495e-07   1.3927384e-07
   1.0000000e+00  -4.6761089e-01  -7.7924518e-01  -5.3559143e-01   7.7049846e-03   3.6084920e-03  -2.7541123e-03   2.1865994e-01   6.0722305e-01   2.8685818e-01   5.9366788e-05   1.3021215e-05   7.5851346e-06   9.2915000e-03  -4.4988000e-03   1.2726050e-02   1.3021590e-04  -3.7553450e-04  -9.1083400e-05   8.6331972e-05   2.0239201e-05   1.6195235e-04   1.6956181e-08   1.4102616e-07   8.2961858e-09
   1.0000000e+00  -4.5570029e-01  -8.0645170e-01  -5.0043407e-01   7.5809729e-03   3.2662159e-03  -2.4916923e-03   2.0766275e-01   6.5036434e-01   2.5043426e-01   5.7471150e-05   1.0668166e-05   6.2085305e-06   1.1910600e-02  -2.7206520e-02   3.5157360e-02  -1.2401170e-04  -3.4227610e-04   2.6242000e-04   1.4186239e-04   7.4019473e-04   1.2360400e-03   1.5378902e-08   1.1715293e-07   6.8864256e-08
   1.0000000e+00  -4.3957637e-01  -7.7615596e-01  -5.0873082e-01   6.7210062e-03   2.8086676e-03  -2.2272149e-03   1.9322739e-01   6.0241807e-01   2.5880705e-01   4.5171924e-05   7.8886137e-06   4.9604862e-06   1.6123920e-02   3.0295740e-02  -8.2967500e-03  -8.5996670e-04  -4.5754830e-04   2.6447740e-04   2.5998080e-04   9.1783186e-04   6.8836061e-05   7.3954273e-07   2.0935045e-07   6.9948295e-08
   1.0000000e+00  -4.4106098e-01  -7.9644464e-01  -4.9406519e-01   7.5459670e-03   2.8971990e-03  -2.1673083e-03   1.9453479e-01   6.3432406e-01   2.4410041e-01   5.6941618e-05   8.3937620e-06   4.6972253e-06  -1.4846100e-03  -2.0288680e-02   1.4665630e-02   8.2496080e-04   8.8531400e-05   5.9906600e-05   2.2040669e-06   4.1163054e-04   2.1508070e-04   6.8056032e-07   7.8378088e-09   3.5888007e-09
   1.0000000e+00  -4.3345941e-01  -8.3995030e-01  -5.1177124e-01   7.1692994e-03   3.1526584e-03  -2.0091810e-03   1.8788706e-01   7.0551651e-01   2.6190980e-01   5.1398854e-05   9.9392550e-06   4.0368083e-06   7.6015700e-03  -4.3505660e-02  -1.7706050e-02  -3.7666760e-04   2.5545940e-04   1.5812730e-04   5.7783866e-05   1.8927425e-03   3.1350421e-04   1.4187848e-07   6.5259505e-08   2.5004243e-08
   1.0000000e+00  -4.2836097e-01  -8.1160215e-01  -5.2778094e-01   7.5736855e-03   3.1203941e-03  -1.8695278e-03   1.8349312e-01   6.5869805e-01   2.7855272e-01   5.7360712e-05   9.7368593e-06   3.4951342e-06   5.0984400e-03   2.8348150e-02  -1.6009700e-02   4.0438610e-04  -3.2264300e-05   1.3965320e-04   2.5994090e-05   8.0361761e-04   2.5631049e-04   1.6352812e-07   1.0409851e-09   1.9503016e-08
   1.0000000e+00  -4.2530614e-01  -8.2717694e-01  -5.0403784e-01   7.1306354e-03   3.1260703e-03  -1.9407360e-03   1.8088531e-01   6.8422169e-01   2.5405414e-01   5.0845961e-05   9.7723155e-06   3.7664562e-06   3.0548300e-03  -1.5574790e-02   2.3743100e-02  -4.4305010e-04   5.6762000e-06  -7.1208200e-05   9.3319863e-06   2.4257408e-04   5.6373480e-04   1.9629339e-07   3.2219246e-11   5.0706077e-09
   1.0000000e+00  -4.2711330e-01  -8.1652937e-01  -4.8949344e-01   6.4940845e-03   2.8950135e-03  -2.1439343e-03   1.8242577e-01   6.6672021e-01   2.3960383e-01   4.2173133e-05   8.3811032e-06   4.5964543e-06  -1.8071600e-03   1.0647570e-02   1.4544400e-02  -6.3655090e-04  -2.3105680e-04  -2.0319830e-04   3.2658273e-06   1.1337075e-04   2.1153957e-04   4.0519705e-07   5.3387245e-08   4.1289549e-08
   1.0000000e+00  -4.2736278e-01  -8.4780511e-01  -5.0115766e-01   7.3454213e-03   3.3955117e-03  -2.0783997e-03   1.8263895e-01   7.1877350e-01   2.5115900e-01   5.3955214e-05   1.1529500e-05   4.3197453e-06  -2.4948000e-04  -3.1275740e-02  -1.1664220e-02   8.5133680e-04   5.0049820e-04   6.5534600e-05   6.2240270e-08   9.7817191e-04   1.3605403e-04   7.2477435e-07   2.5049845e-07   4.2947838e-09
   1.0000000e+00  -4.2066666e-01  -8.3057463e-01  -5.0299231e-01   6.9571293e-03   3.2201964e-03  -2.0969918e-03   1.7696044e-01   6.8985422e-01   2.5300126e-01   4.8401648e-05   1.0369665e-05   4.3973746e-06   6.6961200e-03   1.7230480e-02  -1.8346500e-03  -3.8829200e-04  -1.7531530e-04  -1.8592100e-05   4.4838023e-05   2.9688944e-04   3.3659406e-06   1.5077068e-07   3.0735454e-08   3.4566618e-10
   1.0000000e+00  -4.2023470e-01  -8.5089782e-01  -4.9348020e-01   7.5333005e-03   3.2147490e-03  -2.2025133e-03   1.7659720e-01   7.2402710e-01   2.4352271e-01   5.6750616e-05   1.0334611e-05   4.8510648e-06   4.3196000e-04  -2.0323190e-02   9.5121100e-03   5.7617120e-04  -5.4474000e-06  -1.0552150e-04   1.8658944e-07   4.1303205e-04   9.0480237e-05   3.3197325e-07   2.9674167e-11   1.1134787e-08
   1.0000000e+00  -4.3130896e-01  -8.6509727e-01  -4.6438920e-01   7.0400526e-03   3.2410797e-03  -2.4735845e-03   1.8602742e-01   7.4839329e-01   2.1565733e-01   4.9562341e-05   1.0504598e-05   6.1186203e-06  -1.1074260e-02  -1.4199450e-02   2.9091000e-02  -4.9324790e-04   2.6330700e-05  -2.7107120e-04   1.2263923e-04   2.0162438e-04   8.4628628e-04   2.4329349e-07   6.9330576e-10   7.3479595e-08
   1.0000000e+00  -4.1574795e-01  -8.3172069e-01  -4.7011328e-01   7.2537448e-03   2.8550089e-03  -2.0887128e-03   1.7284636e-01   6.9175931e-01   2.2100650e-01   5.2616814e-05   8.1510758e-06   4.3627212e-06   1.5561010e-02   3.3376580e-02  -5.7240800e-03   2.1369220e-04  -3.8607080e-04   3.8487170e-04   2.4214503e-04   1.1139961e-03   3.2765092e-05   4.5664356e-08   1.4905066e-07   1.4812623e-07
   1.0000000e+00  -4.1945156e-01  -8.6095580e-01  -4.7506505e-01   7.4777920e-03   3.3253781e-03  -2.2273513e-03   1.7593961e-01   7.4124489e-01   2.2568680e-01   5.5917373e-05   1.1058140e-05   4.9610938e-06  -3.7036100e-03  -2.9235110e-02  -4.9517700e-03   2.2404720e-04   4.7036920e-04  -1.3863850e-04   1.3716727e-05   8.5469166e-04   2.4520026e-05   5.0197148e-08   2.2124718e-07   1.9220634e-08
   1.0000000e+00  -4.3893312e-01  -8.5968213e-01  -4.9596012e-01   7.4502706e-03   3.2749080e-03  -2.4953220e-03   1.9266228e-01   7.3905336e-01   2.4597644e-01   5.5506532e-05   1.0725022e-05   6.2266319e-06  -1.9481560e-02   1.2736700e-03  -2.0895070e-02  -2.7521400e-05  -5.0470100e-05  -2.6797070e-04   3.7953118e-04   1.6222353e-06   4.3660395e-04   7.5742746e-10   2.5472310e-09   7.1808296e-08
   1.0000000e+00  -4.3078709e-01  -8.5107137e-01  -5.0899099e-01   8.0168638e-03   2.9504364e-03  -2.4308268e-03   1.8557752e-01   7.2432248e-01   2.5907183e-01   6.4270105e-05   8.7050750e-06   5.9089189e-06   8.1460300e-03   8.6107600e-03  -1.3030870e-02   5.6659320e-04  -3.2447160e-04   6.4495200e-05   6.6357805e-05   7.4145188e-05   1.6980357e-04   3.2102785e-07   1.0528182e-07   4.1596308e-09
   1.0000000e+00  -4.4656015e-01  -8.5727026e-01  -4.8703037e-01   7.5831591e-03   3.1491804e-03  -2.8563870e-03   1.9941597e-01   7.3491230e-01   2.3719858e-01   5.7504302e-05   9.9173372e-06   8.1589467e-06  -1.5773060e-02  -6.1988900e-03   2.1960620e-02  -4.3370470e-04   1.9874400e-04  -4.2556020e-04   2.4878942e-04   3.8426237e-05   4.8226883e-04   1.8809977e-07   3.9499178e-08   1.8110148e-07
   1.0000000e+00  -4.5170717e-01  -8.6742925e-01  -5.3366524e-01   8.8695230e-03   3.2924942e-03  -2.7772221e-03   2.0403937e-01   7.5243350e-01   2.8479859e-01   7.8668438e-05   1.0840518e-05   7.7129626e-06  -5.1470200e-03  -1.0158990e-02  -4.6634870e-02   1.2863639e-03   1.4331380e-04   7.9164900e-05   2.6491815e-05   1.0320508e-04   2.1748111e-03   1.6547321e-06   2.0538845e-08   6.2670814e-09
   1.0000000e+00  -4.7569259e-01  -8.7621696e-01  -5.4134452e-01   8.4388711e-03   3.8625442e-03  -3.1102164e-03   2.2628344e-01   7.6775616e-01   2.9305389e-01   7.1214545e-05   1.4919248e-05   9.6734461e-06  -2.3985420e-02  -8.7877100e-03  -7.6792800e-03  -4.3065190e-04   5.7005000e-04  -3.3299430e-04   5.7530037e-04   7.7223847e-05   5.8971341e-05   1.8546106e-07   3.2495700e-07   1.1088520e-07
   1.0000000e+00  -4.5998699e-01  -8.6618806e-01  -5.2531210e-01   8.6201872e-03   3.6372479e-03  -2.8871902e-03   2.1158803e-01   7.5028176e-01   2.7595280e-01   7.4307627e-05   1.3229572e-05   8.3358673e-06   1.5705600e-02   1.0028900e-02   1.6032420e-02   1.8131610e-04  -2.2529630e-04   2.2302620e-04   2.4666587e-04   1.0057884e-04   2.5703849e-04   3.2875528e-08   5.0758423e-08   4.9740686e-08
   1.0000000e+00  -4.6193175e-01  -9.0419417e-01  -5.5839599e-01   9.2604028e-03   3.9045101e-03  -3.3707886e-03   2.1338094e-01   8.1756710e-01   3.1180608e-01   8.5755060e-05   1.5245199e-05   1.1362216e-05  -1.9447600e-03  -3.8006110e-02  -3.3083890e-02   6.4021560e-04   2.6726220e-04  -4.8359840e-04   3.7820915e-06   1.4444644e-03   1.0945438e-03   4.0987601e-07   7.1429084e-08   2.3386741e-07
   1.0000000e+00  -4.4840151e-01  -9.2745078e-01  -6.1937139e-01   1.0320773e-02   4.7278745e-03  -3.6106631e-03   2.0106391e-01   8.6016495e-01   3.8362092e-01   1.0651836e-04   2.2352797e-05   1.3036888e-05   1.3530240e-02  -2.3256610e-02  -6.0975400e-02   1.0603702e-03   8.2336440e-04  -2.3987450e-04   1.8306739e-04   5.4086991e-04   3.7179994e-03   1.1243850e-06   6.7792894e-07   5.7539776e-08
   1.0000000e+00  -4.1064678e-01  -9.8316045e-01  -7.3675840e-01   1.2362167e-02   5.9912472e-03  -2.8582883e-03   1.6863078e-01   9.6660447e-01   5.4281294e-01   1.5282317e-04   3.5895043e-05   8.1698120e-06   3.7754730e-02  -5.5709670e-02  -1.1738701e-01   2.0413940e-03   1.2633727e-03   7.5237480e-04   1.4254196e-03   3.1035673e-03   1.3779710e-02   4.1672895e-06   1.5961106e-06   5.6606784e-07
   1.0000000e+00  -3.7751613e-01  -9.8813481e-01  -7.7467885e-01   1.2937991e-02   6.3596604e-03  -2.7917226e-03   1.4251843e-01   9.7641040e-01   6.0012732e-01   1.6739161e-04   4.0445280e-05   7.7937151e-06   3.3130650e-02  -4.9743600e-03  -3.7920450e-02   5.7582400e-04   3.6841320e-04   6.6565700e-05   1.0976400e-03   2.4744257e-05   1.4379605e-03   3.3157328e-07   1.3572829e-07   4.4309924e-09
   1.0000000e+00  -3.1472659e-01  -1.0432147e+00  -8.2651291e-01   1.5613933e-02   7.2369466e-03  -2.0830052e-03   9.9052826e-02   1.0882969e+00   6.8312359e-01   2.4379490e-04   5.2373396e-05   4.3389107e-06   6.2789540e-02  -5.5079890e-02  -5.1834060e-02   2.6759420e-03   8.7728620e-04   7.0871740e-04   3.9425263e-03   3.0337943e-03   2.6867698e-03   7.1606656e-06   7.6963108e-07   5.0228035e-07
   1.0000000e+00  -2.9588563e-01  -1.0539104e+00  -8.2630988e-01   1.5714178e-02   7.8219949e-03  -2.0824018e-03   8.7548306e-02   1.1107271e+00   6.8278802e-01   2.4693539e-04   6.1183604e-05   4.3363973e-06   1.8840960e-02  -1.0695700e-02   2.0303000e-04   1.0024500e-04   5.8504830e-04   6.0340000e-07   3.5498177e-04   1.1439800e-04   4.1221181e-08   1.0049060e-08   3.4228151e-07   3.6409156e-13
   1.0000000e+00  -2.9347106e-01  -1.0303388e+00  -8.1573344e-01   1.5415595e-02   8.0195528e-03  -1.9908977e-03   8.6125263e-02   1.0615980e+00   6.6542105e-01   2.3764057e-04   6.4313227e-05   3.9636737e-06   2.4145700e-03   2.3571600e-02   1.0576440e-02  -2.9858300e-04   1.9755790e-04   9.1504100e-05   5.8301483e-06   5.5562033e-04   1.1186108e-04   8.9151808e-08   3.9029124e-08   8.3730003e-09
   1.0000000e+00  -2.7226458e-01  -1.0306640e+00  -8.0297340e-01   1.4488889e-02   7.9537822e-03  -1.5170823e-03   7.4128002e-02   1.0622683e+00   6.4476628e-01   2.0992790e-04   6.3262651e-05   2.3015387e-06   2.1206480e-02  -3.2520000e-04   1.2760040e-02  -9.2670600e-04  -6.5770600e-05   4.7381540e-04   4.4971479e-04   1.0575504e-07   1.6281862e-04   8.5878401e-07   4.3257718e-09   2.2450103e-07
   1.0000000e+00  -2.8164400e-01  -1.0495281e+00  -7.9615767e-01   1.4649950e-02   7.8101105e-03  -1.4262213e-03   7.9323343e-02   1.1015092e+00   6.3386704e-01   2.1462104e-04   6.0997826e-05   2.0341072e-06  -9.3794200e-03  -1.8864100e-02   6.8157300e-03   1.6106100e-04  -1.4367170e-04   9.0861000e-05   8.7973520e-05   3.5585427e-04   4.6454175e-05   2.5940646e-08   2.0641557e-08   8.2557213e-09
   1.0000000e+00  -2.9800941e-01  -1.1103830e+00  -7.9046932e-01   1.4919594e-02   7.9882151e-03  -1.4953151e-03   8.8809608e-02   1.2329504e+00   6.2484175e-01   2.2259429e-04   6.3811580e-05   2.2359672e-06  -1.6365410e-02  -6.0854900e-02   5.6883500e-03   2.6964400e-04   1.7810460e-04  -6.9093800e-05   2.6782664e-04   3.7033189e-03   3.2357326e-05   7.2707887e-08   3.1721249e-08   4.7739532e-09
   1.0000000e+00  -2.9823253e-01  -1.0876063e+00  -7.7241380e-01   1.3940044e-02   7.6346633e-03  -1.4035319e-03   8.8942642e-02   1.1828875e+00   5.9662308e-01   1.9432483e-04   5.8288084e-05   1.9699018e-06  -2.2312000e-04   2.2776700e-02   1.8055520e-02  -9.7955000e-04  -3.5355180e-04   9.1783200e-05   4.9782534e-08   5.1877806e-04   3.2600180e-04   9.5951820e-07   1.2499888e-07   8.4241558e-09
   1.0000000e+00  -2.9334995e-01  -1.1049280e+00  -7.9453656e-01   1.3790467e-02   7.4723303e-03  -1.2729800e-03   8.6054193e-02   1.2208659e+00   6.3128835e-01   1.9017698e-04   5.5835720e-05   1.6204781e-06   4.8825800e-03  -1.7321700e-02  -2.2122760e-02  -1.4957700e-04  -1.6233300e-04   1.3055190e-04   2.3839587e-05   3.0004129e-04   4.8941651e-04   2.2373279e-08   2.6352003e-08   1.7043799e-08
   1.0000000e+00  -3.2856941e-01  -1.1403213e+00  -7.9008265e-01   1.3266418e-02   7.4070472e-03  -2.1988130e-03   1.0795786e-01   1.3003327e+00   6.2423059e-01   1.7599785e-04   5.4864348e-05   4.8347786e-06  -3.5219460e-02  -3.5393300e-02   4.4539100e-03  -5.2404900e-04  -6.5283100e-05  -9.2583300e-04   1.2404104e-03   1.2526857e-03   1.9837314e-05   2.7462735e-07   4.2618831e-09   8.5716674e-07
   1.0000000e+00  -3.3198680e-01  -1.1403563e+00  -7.9030261e-01   1.4470415e-02   7.1313183e-03  -2.1317053e-03   1.1021524e-01   1.3004125e+00   6.2457822e-01   2.0939291e-04   5.0855701e-05   4.5441675e-06  -3.4173900e-03  -3.5000000e-05  -2.1996000e-04   1.2039970e-03  -2.7572890e-04   6.7107700e-05   1.1678554e-05   1.2250000e-09   4.8382402e-08   1.4496088e-06   7.6026426e-08   4.5034434e-09
   1.0000000e+00  -3.3475360e-01  -1.1553810e+00  -7.6114036e-01   1.3612915e-02   6.6245515e-03  -2.1936954e-03   1.1205997e-01   1.3349053e+00   5.7933465e-01   1.8531145e-04   4.3884683e-05   4.8122995e-06  -2.7668000e-03  -1.5024700e-02   2.9162250e-02  -8.5750000e-04  -5.0676680e-04  -6.1990100e-05   7.6551822e-06   2.2574161e-04   8.5043683e-04   7.3530625e-07   2.5681259e-07   3.8427725e-09
   1.0000000e+00  -3.5587860e-01  -1.1668308e+00  -7.3842701e-01   1.3271435e-02   6.6255145e-03  -2.5097693e-03   1.2664958e-01   1.3614941e+00   5.4527445e-01   1.7613099e-04   4.3897442e-05   6.2989419e-06  -2.1125000e-02  -1.1449800e-02   2.2713350e-02  -3.4148000e-04   9.6300000e-07  -3.1607390e-04   4.4626563e-04   1.3109792e-04   5.1589627e-04   1.1660859e-07   9.2736900e-13   9.9902710e-08
   1.0000000e+00  -3.4637636e-01  -1.1871634e+00  -7.8490091e-01   1.4452360e-02   7.0333395e-03  -2.0309225e-03   1.1997658e-01   1.4093569e+00   6.1606944e-01   2.0887071e-04   4.9467865e-05   4.1246462e-06   9.5022400e-03  -2.0332600e-02  -4.6473900e-02   1.1809250e-03   4.0782500e-04   4.7884680e-04   9.0292565e-05   4.1341462e-04   2.1598234e-03   1.3945839e-06   1.6632123e-07   2.2929426e-07
   1.0000000e+00  -3.3884901e-01  -1.1612198e+00  -7.9079116e-01   1.3063577e-02   6.8800914e-03  -1.9865368e-03   1.1481865e-01   1.3484314e+00   6.2535066e-01   1.7065704e-04   4.7335658e-05   3.9463285e-06   7.5273500e-03   2.5943600e-02  -5.8902500e-03  -1.3887830e-03  -1.5324810e-04   4.4385700e-05   5.6660998e-05   6.7307038e-04   3.4695045e-05   1.9287182e-06   2.3484980e-08   1.9700904e-09
   1.0000000e+00  -3.4951706e-01  -1.1612992e+00  -7.7726152e-01   1.3456818e-02   6.9005307e-03  -2.3432755e-03   1.2216218e-01   1.3486158e+00   6.0413547e-01   1.8108595e-04   4.7617324e-05   5.4909401e-06  -1.0668050e-02  -7.9400000e-05   1.3529640e-02   3.9324100e-04   2.0439300e-05  -3.5673870e-04   1.1380729e-04   6.3043600e-09   1.8305116e-04   1.5463848e-07   4.1776498e-10   1.2726250e-07
   1.0000000e+00  -3.5764166e-01  -1.1857249e+00  -7.5108189e-01   1.2917866e-02   6.8086736e-03  -2.2580838e-03   1.2790756e-01   1.4059435e+00   5.6412401e-01   1.6687126e-04   4.6358036e-05   5.0989424e-06  -8.1246000e-03  -2.4425700e-02   2.6179630e-02  -5.3895200e-04  -9.1857100e-05   8.5191700e-05   6.6009125e-05   5.9661482e-04   6.8537303e-04   2.9046926e-07   8.4377268e-09   7.2576257e-09
   1.0000000e+00  -3.5831338e-01  -1.1866672e+00  -7.2578568e-01   1.2645756e-02   6.5586696e-03  -2.3096756e-03   1.2838848e-01   1.4081790e+00   5.2676485e-01   1.5991514e-04   4.3016147e-05   5.3346014e-06  -6.7172000e-04  -9.4230000e-04   2.5296210e-02  -2.7211000e-04  -2.5000400e-04  -5.1591800e-05   4.5120776e-07   8.8792929e-07   6.3989824e-04   7.4043852e-08   6.2502000e-08   2.6617138e-09
   1.0000000e+00  -3.6909111e-01  -1.2126692e+00  -7.4052641e-01   1.2868142e-02   6.4592242e-03  -2.3661677e-03   1.3622825e-01   1.4705666e+00   5.4837936e-01   1.6558908e-04   4.1721577e-05   5.5987496e-06  -1.0777730e-02  -2.6002000e-02  -1.4740730e-02   2.2238600e-04  -9.9445400e-05  -5.6492100e-05   1.1615946e-04   6.7610400e-04   2.1728912e-04   4.9455533e-08   9.8893876e-09   3.1913574e-09
   1.0000000e+00  -3.7994534e-01  -1.2055132e+00  -7.5651073e-01   1.2732328e-02   6.2523488e-03  -2.5741649e-03   1.4435846e-01   1.4532621e+00   5.7230848e-01   1.6211218e-04   3.9091866e-05   6.6263249e-06  -1.0854230e-02   7.1560000e-03  -1.5984320e-02  -1.3581400e-04  -2.0687540e-04  -2.0799720e-04   1.1781431e-04   5.1208336e-05   2.5549849e-04   1.8445443e-08   4.2797431e-08   4.3262835e-08
   1.0000000e+00  -3.8154054e-01  -1.2109043e+00  -7.5004286e-01   1.3651739e-02   6.2418716e-03  -2.5076563e-03   1.4557318e-01   1.4662892e+00   5.6256429e-01   1.8636998e-04   3.8960961e-05   6.2883401e-06  -1.5952000e-03  -5.3911000e-03   6.4678700e-03   9.1941100e-04  -1.0477200e-05   6.6508600e-05   2.5446630e-06   2.9063959e-05   4.1833342e-05   8.4531659e-07   1.0977172e-10   4.4233939e-09
   1.0000000e+00  -3.7612303e-01  -1.2077241e+00  -7.3179178e-01   1.3255778e-02   6.4680610e-03  -2.3985047e-03   1.4146853e-01   1.4585975e+00   5.3551921e-01   1.7571565e-04   4.1835813e-05   5.7528248e-06   5.4175100e-03   3.1802000e-03   1.8251080e-02  -3.9596100e-04   2.2618940e-04   1.0915160e-04   2.9349415e-05   1.0113672e-05   3.3310192e-04   1.5678511e-07   5.1161645e-08   1.1914072e-08
   1.0000000e+00  -3.7286776e-01  -1.2158841e+00  -7.4298334e-01   1.2622657e-02   6.2824186e-03  -2.5420014e-03   1.3903037e-01   1.4783741e+00   5.5202424e-01   1.5933147e-04   3.9468783e-05   6.4617711e-06   3.2552700e-03  -8.1600000e-03  -1.1191560e-02  -6.3312100e-04  -1.8564240e-04  -1.4349670e-04   1.0596783e-05   6.6585600e-05   1.2525102e-04   4.0084220e-07   3.4463101e-08   2.0591303e-08
   1.0000000e+00  -3.7892502e-01  -1.2177642e+00  -7.5069003e-01   1.3656245e-02   6.5507152e-03  -2.4871762e-03   1.4358417e-01   1.4829496e+00   5.6353552e-01   1.8649303e-04   4.2911870e-05   6.1860454e-06  -6.0572600e-03  -1.8801000e-03  -7.7066900e-03   1.0335880e-03   2.6829660e-04   5.4825200e-05   3.6690399e-05   3.5347760e-06   5.9393071e-05   1.0683042e-06   7.1983066e-08   3.0058026e-09
   1.0000000e+00  -3.6428669e-01  -1.2313809e+00  -7.6100724e-01   1.2730543e-02   6.5303301e-03  -2.0541029e-03   1.3270479e-01   1.5162989e+00   5.7913202e-01   1.6206673e-04   4.2645211e-05   4.2193387e-06   1.4638330e-02  -1.3616700e-02  -1.0317210e-02  -9.2570200e-04  -2.0385100e-05   4.3307330e-04   2.1428071e-04   1.8541452e-04   1.0644482e-04   8.5692419e-07   4.1555230e-10   1.8755248e-07
   1.0000000e+00  -3.7210623e-01  -1.1480297e+00  -5.7551910e-01   1.2088835e-02   6.4921277e-03  -2.4747881e-03   1.3846305e-01   1.3179722e+00   3.3122223e-01   1.4613993e-04   4.2147722e-05   6.1245761e-06  -7.8195400e-03   8.3351200e-02   1.8548814e-01  -6.4170800e-04  -3.8202400e-05  -4.2068520e-04   6.1145206e-05   6.9474225e-03   3.4405850e-02   4.1178916e-07   1.4594234e-09   1.7697604e-07
   1.0000000e+00  -3.9619744e-01  -1.1315730e+00  -4.5474963e-01   1.1349157e-02   6.8819508e-03  -2.6212546e-03   1.5697241e-01   1.2804575e+00   2.0679723e-01   1.2880336e-04   4.7361247e-05   6.8709757e-06  -2.4091210e-02   1.6456700e-02   1.2076947e-01  -7.3967800e-04   3.8982310e-04  -1.4646650e-04   5.8038640e-04   2.7082297e-04   1.4585265e-02   5.4712354e-07   1.5196205e-07   2.1452436e-08
   1.0000000e+00  -3.9101975e-01  -1.1191914e+00  -5.7027742e-01   1.2402826e-02   6.8090969e-03  -2.1172849e-03   1.5289644e-01   1.2525894e+00   3.2521634e-01   1.5383009e-04   4.6363801e-05   4.4828953e-06   5.1776900e-03   1.2381600e-02  -1.1552779e-01   1.0536690e-03  -7.2853900e-05   5.0396970e-04   2.6808474e-05   1.5330402e-04   1.3346670e-02   1.1102184e-06   5.3076907e-09   2.5398546e-07
   1.0000000e+00  -4.1081818e-01  -1.1491552e+00  -5.3568565e-01   1.2591040e-02   6.8691444e-03  -2.7265890e-03   1.6877158e-01   1.3205577e+00   2.8695912e-01   1.5853429e-04   4.7185145e-05   7.4342876e-06  -1.9798430e-02  -2.9963800e-02   3.4591770e-02   1.8821400e-04   6.0047500e-05  -6.0930410e-04   3.9197783e-04   8.9782931e-04   1.1965906e-03   3.5424510e-08   3.6057023e-09   3.7125149e-07
   1.0000000e+00  -4.3983116e-01  -1.1472152e+00  -6.1857021e-01   1.3632524e-02   7.0013119e-03  -3.2149969e-03   1.9345145e-01   1.3161027e+00   3.8262910e-01   1.8584571e-04   4.9018368e-05   1.0336205e-05  -2.9012980e-02   1.9400000e-03  -8.2884560e-02   1.0414840e-03   1.3216750e-04  -4.8840790e-04   8.4175301e-04   3.7636000e-06   6.8698503e-03   1.0846889e-06   1.7468248e-08   2.3854228e-07
   1.0000000e+00  -4.6117167e-01  -1.1889211e+00  -6.6910846e-01   1.5683739e-02   7.8820773e-03  -4.0253421e-03   2.1267931e-01   1.4135334e+00   4.4770613e-01   2.4597967e-04   6.2127143e-05   1.6203379e-05  -2.1340510e-02  -4.1705900e-02  -5.0538250e-02   2.0512150e-03   8.8076540e-04  -8.1034520e-04   4.5541737e-04   1.7393821e-03   2.5541147e-03   4.2074830e-06   7.7574769e-07   6.5665934e-07
   1.0000000e+00  -4.5514527e-01  -1.1910894e+00  -6.4499166e-01   1.3901109e-02   8.1336163e-03  -3.6885856e-03   2.0715722e-01   1.4186940e+00   4.1601424e-01   1.9324083e-04   6.6155714e-05   1.3605664e-05   6.0264000e-03  -2.1683000e-03   2.4116800e-02  -1.7826300e-03   2.5153900e-04   3.3675650e-04   3.6317497e-05   4.7015249e-06   5.8162004e-04   3.1777697e-06   6.3271869e-08   1.1340494e-07
   1.0000000e+00  -4.4148781e-01  -1.1757929e+00  -6.2854073e-01   1.3211248e-02   8.1152645e-03  -3.6386998e-03   1.9491149e-01   1.3824889e+00   3.9506345e-01   1.7453707e-04   6.5857518e-05   1.3240136e-05   1.3657460e-02   1.5296500e-02   1.6450930e-02  -6.8986100e-04  -1.8351800e-05   4.9885800e-05   1.8652621e-04   2.3398291e-04   2.7063310e-04   4.7590820e-07   3.3678856e-10   2.4885930e-09
   1.0000000e+00  -4.3476610e-01  -1.1959913e+00  -6.5496318e-01   1.3017291e-02   8.2026782e-03  -3.3110031e-03   1.8902156e-01   1.4303952e+00   4.2897677e-01   1.6944986e-04   6.7283930e-05   1.0962742e-05   6.7217100e-03  -2.0198400e-02  -2.6422450e-02  -1.9395700e-04   8.7413700e-05   3.2769670e-04   4.5181385e-05   4.0797536e-04   6.9814586e-04   3.7619318e-08   7.6411549e-09   1.0738513e-07
   1.0000000e+00  -4.0773994e-01  -1.1722841e+00  -6.7470557e-01   1.3904366e-02   8.2129470e-03  -2.8302101e-03   1.6625186e-01   1.3742500e+00   4.5522761e-01   1.9333139e-04   6.7452498e-05   8.0100892e-06   2.7026160e-02   2.3707200e-02  -1.9742390e-02   8.8707500e-04   1.0268800e-05   4.8079300e-04   7.3041332e-04   5.6203133e-04   3.8976196e-04   7.8690206e-07   1.0544825e-10   2.3116191e-07
   1.0000000e+00  -4.0847824e-01  -1.2186212e+00  -6.7902256e-01   1.4529501e-02   8.1215025e-03  -3.0057495e-03   1.6685447e-01   1.4850376e+00   4.6107164e-01   2.1110640e-04   6.5958803e-05   9.0345301e-06  -7.3830000e-04  -4.6337100e-02  -4.3169900e-03   6.2513500e-04  -9.1444500e-05  -1.7553940e-04   5.4508689e-07   2.1471268e-03   1.8636403e-05   3.9079377e-07   8.3620966e-09   3.0814081e-08
   1.0000000e+00  -4.3173083e-01  -1.2144992e+00  -6.5297612e-01   1.3508051e-02   8.2299930e-03  -3.2401268e-03   1.8639151e-01   1.4750083e+00   4.2637781e-01   1.8246744e-04   6.7732785e-05   1.0498422e-05  -2.3252590e-02   4.1220000e-03   2.6046440e-02  -1.0214500e-03   1.0849050e-04  -2.3437730e-04   5.4068294e-04   1.6990884e-05   6.7841704e-04   1.0433601e-06   1.1770189e-08   5.4932719e-08
   1.0000000e+00  -4.3266461e-01  -1.2724111e+00  -6.6636713e-01   1.4407593e-02   8.1250319e-03  -3.1056517e-03   1.8719866e-01   1.6190300e+00   4.4404515e-01   2.0757874e-04   6.6016143e-05   9.6450725e-06  -9.3378000e-04  -5.7911900e-02  -1.3391010e-02   8.9954200e-04  -1.0496110e-04   1.3447510e-04   8.7194509e-07   3.3537882e-03   1.7931915e-04   8.0917581e-07   1.1016833e-08   1.8083553e-08
   1.0000000e+00  -4.3162185e-01  -1.2766134e+00  -6.4464596e-01   1.2886600e-02   8.0505513e-03  -2.8942405e-03   1.8629742e-01   1.6297418e+00   4.1556841e-01   1.6606446e-04   6.4811376e-05   8.3766281e-06   1.0427600e-03  -4.2023000e-03   2.1721170e-02  -1.5209930e-03  -7.4480600e-05   2.1141120e-04   1.0873484e-06   1.7659325e-05   4.7180923e-04   2.3134197e-06   5.5473598e-09   4.4694695e-08
   1.0000000e+00  -4.3746269e-01  -1.2460754e+00  -7.4168916e-01   1.3673122e-02   7.7715048e-03  -3.5648480e-03   1.9137361e-01   1.5527039e+00   5.5010281e-01   1.8695427e-04   6.0396287e-05   1.2708141e-05  -5.8408400e-03   3.0538000e-02  -9.7043200e-02   7.8652200e-04  -2.7904650e-04  -6.7060750e-04   3.4115412e-05   9.3256944e-04   9.4173827e-03   6.1861686e-07   7.7866949e-08   4.4971442e-07
   1.0000000e+00  -4.3555943e-01  -1.2625862e+00  -7.4280188e-01   1.4329480e-02   7.4899837e-03  -3.7216076e-03   1.8971202e-01   1.5941239e+00   5.5175463e-01   2.0533400e-04   5.6099856e-05   1.3850363e-05   1.9032600e-03  -1.6510800e-02  -1.1127200e-03   6.5635800e-04  -2.8152110e-04  -1.5675960e-04   3.6223986e-06   2.7260652e-04   1.2381458e-06   4.3080582e-07   7.9254130e-08   2.4573572e-08
   1.0000000e+00  -4.3167090e-01  -1.2911960e+00  -7.1368343e-01   1.4288621e-02   7.6548253e-03  -3.2497351e-03   1.8633977e-01   1.6671871e+00   5.0934404e-01   2.0416469e-04   5.8596350e-05   1.0560778e-05   3.8885300e-03  -2.8609800e-02   2.9118450e-02  -4.0859000e-05   1.6484160e-04   4.7187250e-04   1.5120666e-05   8.1852066e-04   8.4788413e-04   1.6694579e-09   2.7172753e-08   2.2266366e-07
   1.0000000e+00  -4.1490288e-01  -1.2922802e+00  -7.0811631e-01   1.3380769e-02   7.2823822e-03  -3.0215226e-03   1.7214440e-01   1.6699881e+00   5.0142871e-01   1.7904498e-04   5.3033091e-05   9.1295988e-06   1.6768020e-02  -1.0842000e-03   5.5671200e-03  -9.0785200e-04  -3.7244310e-04   2.2821250e-04   2.8116649e-04   1.1754896e-06   3.0992825e-05   8.2419525e-07   1.3871386e-07   5.2080945e-08
   1.0000000e+00  -4.1505841e-01  -1.3020311e+00  -6.7062805e-01   1.4185954e-02   7.2253339e-03  -2.9359432e-03   1.7227348e-01   1.6952850e+00   4.4974198e-01   2.0124129e-04   5.2205450e-05   8.6197625e-06  -1.5553000e-04  -9.7509000e-03   3.7488260e-02   8.0518500e-04  -5.7048300e-05   8.5579400e-05   2.4189581e-08   9.5080051e-05   1.4053696e-03   6.4832288e-07   3.2545085e-09   7.3238337e-09
   1.0000000e+00  -4.1145673e-01  -1.3051824e+00  -6.8108597e-01   1.3356199e-02   6.9348324e-03  -2.9547455e-03   1.6929664e-01   1.7035011e+00   4.6387810e-01   1.7838805e-04   4.8091900e-05   8.7305210e-06   3.6016800e-03  -3.1513000e-03  -1.0457920e-02  -8.2975500e-04  -2.9050150e-04  -1.8802300e-05   1.2972099e-05   9.9306917e-06   1.0936809e-04   6.8849336e-07   8.4391122e-08   3.5352649e-10
   1.0000000e+00  -4.2090296e-01  -1.3047934e+00  -6.9652377e-01   1.3676204e-02   7.0982345e-03  -3.1216364e-03   1.7715930e-01   1.7024858e+00   4.8514536e-01   1.8703856e-04   5.0384933e-05   9.7446138e-06  -9.4462300e-03   3.8900000e-04  -1.5437800e-02   3.2000500e-04   1.6340210e-04  -1.6689090e-04   8.9231261e-05   1.5132100e-07   2.3832567e-04   1.0240320e-07   2.6700246e-08   2.7852573e-08
   1.0000000e+00  -4.3840377e-01  -1.3098119e+00  -7.0457913e-01   1.3422826e-02   7.3471702e-03  -3.1363286e-03   1.9219787e-01   1.7156072e+00   4.9643175e-01   1.8017226e-04   5.3980910e-05   9.8365571e-06  -1.7500810e-02  -5.0185000e-03  -8.0553600e-03  -2.5337800e-04   2.4893570e-04  -1.4692200e-05   3.0627835e-04   2.5185342e-05   6.4888825e-05   6.4200411e-08   6.1968983e-08   2.1586074e-10
   1.0000000e+00  -4.3141344e-01  -1.2727068e+00  -6.7752915e-01   1.2897483e-02   7.2901473e-03  -3.0917244e-03   1.8611756e-01   1.6197826e+00   4.5904575e-01   1.6634507e-04   5.3146248e-05   9.5587598e-06   6.9903300e-03   3.7105100e-02   2.7049980e-02  -5.2534300e-04  -5.7022900e-05   4.4604200e-05   4.8864714e-05   1.3767884e-03   7.3170142e-04   2.7598527e-07   3.2516111e-09   1.9895347e-09
   1.0000000e+00  -4.1536990e-01  -1.3369410e+00  -6.6780149e-01   1.3131786e-02   7.0008350e-03  -2.8931824e-03   1.7253215e-01   1.7874112e+00   4.4595883e-01   1.7244380e-04   4.9011691e-05   8.3705044e-06   1.6043540e-02  -6.4234200e-02   9.7276600e-03   2.3430300e-04  -2.8931230e-04   1.9854200e-04   2.5739518e-04   4.1260324e-03   9.4627369e-05   5.4897896e-08   8.3701607e-08   3.9418926e-08
   1.0000000e+00  -4.1298107e-01  -1.3323973e+00  -6.6853251e-01   1.2808359e-02   7.0793170e-03  -2.9056879e-03   1.7055336e-01   1.7752826e+00   4.4693572e-01   1.6405406e-04   5.0116729e-05   8.4430222e-06   2.3888300e-03   4.5437000e-03  -7.3102000e-04  -3.2342700e-04   7.8482000e-05  -1.2505500e-05   5.7065088e-06   2.0645210e-05   5.3439024e-07   1.0460502e-07   6.1594243e-09   1.5638753e-10
   1.0000000e+00  -4.1208241e-01  -1.3479160e+00  -6.5901015e-01   1.3251767e-02   7.0616555e-03  -2.8220873e-03   1.6981191e-01   1.8168775e+00   4.3429438e-01   1.7560933e-04   4.9866978e-05   7.9641767e-06   8.9866000e-04  -1.5518700e-02   9.5223600e-03   4.4340800e-04  -1.7661500e-05   8.3600600e-05   8.0758980e-07   2.4083005e-04   9.0675340e-05   1.9661065e-07   3.1192858e-10   6.9890603e-09
   1.0000000e+00  -4.1597913e-01  -1.3033849e+00  -6.6280732e-01   1.2297408e-02   7.0700580e-03  -2.8704385e-03   1.7303864e-01   1.6988122e+00   4.3931354e-01   1.5122624e-04   4.9985720e-05   8.2394172e-06  -3.8967200e-03   4.4531100e-02  -3.7971700e-03  -9.5435900e-04   8.4025000e-06  -4.8351200e-05   1.5184427e-05   1.9830189e-03   1.4418500e-05   9.1080110e-07   7.0602006e-11   2.3378385e-09
   1.0000000e+00  -4.2447975e-01  -1.3456482e+00  -6.2773060e-01   1.2778735e-02   6.7873869e-03  -3.1331690e-03   1.8018306e-01   1.8107691e+00   3.9404571e-01   1.6329607e-04   4.6068621e-05   9.8167480e-06  -8.5006200e-03  -4.2263300e-02   3.5076720e-02   4.8132700e-04  -2.8267110e-04  -2.6273050e-04   7.2260540e-05   1.7861865e-03   1.2303763e-03   2.3167568e-07   7.9902951e-08   6.9027316e-08
   1.0000000e+00  -4.3885205e-01  -1.3478751e+00  -6.2446260e-01   1.2397735e-02   6.7818752e-03  -3.3908304e-03   1.9259112e-01   1.8167673e+00   3.8995354e-01   1.5370383e-04   4.5993831e-05   1.1497731e-05  -1.4372300e-02  -2.2269000e-03   3.2680000e-03  -3.8100000e-04  -5.5117000e-06  -2.5766140e-04   2.0656301e-04   4.9590836e-06   1.0679824e-05   1.4516100e-07   3.0378837e-11   6.6389397e-08
   1.0000000e+00  -4.4200384e-01  -1.3328593e+00  -6.3122098e-01   1.2709425e-02   6.7454112e-03  -3.4136057e-03   1.9536739e-01   1.7765139e+00   3.9843993e-01   1.6152948e-04   4.5500572e-05   1.1652704e-05  -3.1517900e-03   1.5015800e-02  -6.7583800e-03   3.1169000e-04  -3.6464000e-05  -2.2775300e-05   9.9337802e-06   2.2547425e-04   4.5675700e-05   9.7150656e-08   1.3296233e-09   5.1871429e-10
   1.0000000e+00  -4.5389880e-01  -1.3460580e+00  -6.2664617e-01   1.3040385e-02   6.8721567e-03  -3.5924349e-03   2.0602412e-01   1.8118721e+00   3.9268542e-01   1.7005164e-04   4.7226538e-05   1.2905589e-05  -1.1894960e-02  -1.3198700e-02   4.5748100e-03   3.3096000e-04   1.2674550e-04  -1.7882920e-04   1.4149007e-04   1.7420568e-04   2.0928887e-05   1.0953452e-07   1.6064422e-08   3.1979883e-08
   1.0000000e+00  -4.6680197e-01  -1.3303746e+00  -6.2127449e-01   1.2794036e-02   6.7672966e-03  -3.8072534e-03   2.1790408e-01   1.7698966e+00   3.8598199e-01   1.6368736e-04   4.5796303e-05   1.4495178e-05  -1.2903170e-02   1.5683400e-02   5.3716800e-03  -2.4634900e-04  -1.0486010e-04  -2.1481850e-04   1.6649180e-04   2.4596904e-04   2.8854946e-05   6.0687830e-08   1.0995641e-08   4.6146988e-08
   1.0000000e+00  -4.6257748e-01  -1.3742990e+00  -6.2283966e-01   1.3100690e-02   6.9350443e-03  -3.7768477e-03   2.1397793e-01   1.8886977e+00   3.8792924e-01   1.7162808e-04   4.8094839e-05   1.4264579e-05   4.2244900e-03  -4.3924400e-02  -1.5651700e-03   3.0665400e-04   1.6774770e-04   3.0405700e-05   1.7846316e-05   1.9293529e-03   2.4497571e-06   9.4036676e-08   2.8139291e-08   9.2450659e-10
   1.0000000e+00  -4.7101612e-01  -1.3791383e+00  -6.1827421e-01   1.2834459e-02   6.9202926e-03  -3.8594850e-03   2.2185619e-01   1.9020225e+00   3.8226300e-01   1.6472334e-04   4.7890450e-05   1.4895624e-05  -8.4386400e-03  -4.8393000e-03   4.5654500e-03  -2.6623100e-04  -1.4751700e-05  -8.2637300e-05   7.1210645e-05   2.3418824e-05   2.0843334e-05   7.0878945e-08   2.1761265e-10   6.8289234e-09
   1.0000000e+00  -4.7416619e-01  -1.3606628e+00  -6.0818900e-01   1.2753951e-02   6.7266979e-03  -3.9632894e-03   2.2483358e-01   1.8514033e+00   3.6989386e-01   1.6266327e-04   4.5248465e-05   1.5707663e-05  -3.1500700e-03   1.8475500e-02   1.0085210e-02  -8.0508000e-05  -1.9359470e-04  -1.0380440e-04   9.9229410e-06   3.4134410e-04   1.0171146e-04   6.4815381e-09   3.7478908e-08   1.0775353e-08
   1.0000000e+00  -4.7591319e-01  -1.3820581e+00  -6.0934911e-01   1.2523684e-02   6.9114548e-03  -3.6062964e-03   2.2649336e-01   1.9100846e+00   3.7130634e-01   1.5684266e-04   4.7768207e-05   1.3005374e-05  -1.7470000e-03  -2.1395300e-02  -1.1601100e-03  -2.3026700e-04   1.8475690e-04   3.5699300e-04   3.0520090e-06   4.5775886e-04   1.3458552e-06   5.3022891e-08   3.4135112e-08   1.2744400e-07
   1.0000000e+00  -4.7886316e-01  -1.3750845e+00  -6.3121760e-01   1.2786195e-02   7.0334273e-03  -3.8713585e-03   2.2930993e-01   1.8908574e+00   3.9843566e-01   1.6348678e-04   4.9469100e-05   1.4987417e-05  -2.9499700e-03   6.9736000e-03  -2.1868490e-02   2.6251100e-04   1.2197250e-04  -2.6506210e-04   8.7023230e-06   4.8631097e-05   4.7823085e-04   6.8912025e-08   1.4877291e-08   7.0257917e-08
   1.0000000e+00  -4.8786648e-01  -1.4218425e+00  -5.8745955e-01   1.2165329e-02   7.0852454e-03  -4.0625621e-03   2.3801370e-01   2.0216361e+00   3.4510872e-01   1.4799523e-04   5.0200702e-05   1.6504411e-05  -9.0033200e-03  -4.6758000e-02   4.3758050e-02  -6.2086600e-04   5.1818100e-05  -1.9120360e-04   8.1059771e-05   2.1863106e-03   1.9147669e-03   3.8547459e-07   2.6851155e-09   3.6558817e-08
   1.0000000e+00  -4.9490077e-01  -1.4119799e+00  -6.0561994e-01   1.1950682e-02   7.0411327e-03  -4.1537851e-03   2.4492677e-01   1.9936872e+00   3.6677551e-01   1.4281880e-04   4.9577550e-05   1.7253931e-05  -7.0342900e-03   9.8626000e-03  -1.8160390e-02  -2.1464700e-04  -4.4112700e-05  -9.1223000e-05   4.9481236e-05   9.7270879e-05   3.2979976e-04   4.6073335e-08   1.9459303e-09   8.3216357e-09
   1.0000000e+00  -4.9387894e-01  -1.4300334e+00  -6.1724732e-01   1.2878277e-02   7.0637093e-03  -4.1859108e-03   2.4391641e-01   2.0449955e+00   3.8099425e-01   1.6585002e-04   4.9895989e-05   1.7521849e-05   1.0218300e-03  -1.8053500e-02  -1.1627380e-02   9.2759500e-04   2.2576600e-05  -3.2125700e-05   1.0441365e-06   3.2592886e-04   1.3519597e-04   8.6043248e-07   5.0970287e-10   1.0320606e-09
   1.0000000e+00  -4.7559878e-01  -1.4146731e+00  -6.1970656e-01   1.2663359e-02   6.9391944e-03  -4.0786244e-03   2.2619420e-01   2.0013000e+00   3.8403622e-01   1.6036066e-04   4.8152419e-05   1.6635177e-05   1.8280160e-02   1.5360300e-02  -2.4592400e-03  -2.1491800e-04  -1.2451490e-04   1.0728640e-04   3.3416425e-04   2.3593882e-04   6.0478614e-06   4.6189747e-08   1.5503960e-08   1.1510372e-08
   1.0000000e+00  -4.7210404e-01  -1.4023314e+00  -6.0262235e-01   1.3113652e-02   6.9939705e-03  -4.0386246e-03   2.2288222e-01   1.9665334e+00   3.6315370e-01   1.7196787e-04   4.8915623e-05   1.6310489e-05   3.4947400e-03   1.2341700e-02   1.7084210e-02   4.5029300e-04   5.4776100e-05   3.9999800e-05   1.2213208e-05   1.5231756e-04   2.9187023e-04   2.0276379e-07   3.0004211e-09   1.5999840e-09
   1.0000000e+00  -4.6381623e-01  -1.4215859e+00  -6.0454071e-01   1.3112024e-02   6.7349012e-03  -3.6768012e-03   2.1512550e-01   2.0209065e+00   3.6546947e-01   1.7192517e-04   4.5358894e-05   1.3518867e-05   8.2878100e-03  -1.9254500e-02  -1.9183600e-03  -1.6280000e-06  -2.5906930e-04   3.6182340e-04   6.8687795e-05   3.7073577e-04   3.6801051e-06   2.6503840e-12   6.7116902e-08   1.3091617e-07
   1.0000000e+00  -4.7398662e-01  -1.4256766e+00  -6.1924140e-01   1.3694285e-02   6.8355036e-03  -3.8392714e-03   2.2466332e-01   2.0325538e+00   3.8345991e-01   1.8753344e-04   4.6724109e-05   1.4740005e-05  -1.0170390e-02  -4.0907000e-03  -1.4700690e-02   5.8226100e-04   1.0060240e-04  -1.6247020e-04   1.0343683e-04   1.6733826e-05   2.1611029e-04   3.3902787e-07   1.0120843e-08   2.6396566e-08
   1.0000000e+00  -4.8852521e-01  -1.4343209e+00  -6.4132096e-01   1.4569850e-02   7.1792975e-03  -4.0676245e-03   2.3865688e-01   2.0572764e+00   4.1129257e-01   2.1228053e-04   5.1542313e-05   1.6545569e-05  -1.4538590e-02  -8.6443000e-03  -2.2079560e-02   8.7556500e-04   3.4379390e-04  -2.2835310e-04   2.1137060e-04   7.4723922e-05   4.8750697e-04   7.6661407e-07   1.1819425e-07   5.2145138e-08
   1.0000000e+00  -5.1788050e-01  -1.3982167e+00  -6.3355878e-01   1.3977700e-02   7.4112505e-03  -5.0649389e-03   2.6820021e-01   1.9550099e+00   4.0139673e-01   1.9537610e-04   5.4926634e-05   2.5653606e-05  -2.9355290e-02   3.6104200e-02   7.7621800e-03  -5.9215000e-04   2.3195300e-04  -9.9731440e-04   8.6173305e-04   1.3035133e-03   6.0251438e-05   3.5064162e-07   5.3802194e-08   9.9463601e-07
   1.0000000e+00  -5.1753240e-01  -1.4264280e+00  -6.4167782e-01   1.4816078e-02   7.5596858e-03  -4.7613789e-03   2.6783979e-01   2.0346968e+00   4.1175042e-01   2.1951617e-04   5.7148849e-05   2.2670729e-05   3.4810000e-04  -2.8211300e-02  -8.1190400e-03   8.3837800e-04   1.4843530e-04   3.0356000e-04   1.2117361e-07   7.9587745e-04   6.5918811e-05   7.0287767e-07   2.2033038e-08   9.2148674e-08
   1.0000000e+00  -5.1228444e-01  -1.4532283e+00  -6.3455173e-01   1.3824889e-02   7.5921358e-03  -4.9460959e-03   2.6243535e-01   2.1118725e+00   4.0265590e-01   1.9112756e-04   5.7640526e-05   2.4463865e-05   5.2479600e-03  -2.6800300e-02   7.1260900e-03  -9.9118900e-04   3.2450000e-05  -1.8471700e-04   2.7541084e-05   7.1825608e-04   5.0781159e-05   9.8245563e-07   1.0530025e-09   3.4120370e-08
   1.0000000e+00  -5.0960031e-01  -1.4364456e+00  -6.7266333e-01   1.4800485e-02   7.7657580e-03  -5.1148756e-03   2.5969248e-01   2.0633760e+00   4.5247596e-01   2.1905436e-04   6.0306997e-05   2.6161952e-05   2.6841300e-03   1.6782700e-02  -3.8111600e-02   9.7559600e-04   1.7362220e-04  -1.6877970e-04   7.2045539e-06   2.8165902e-04   1.4524941e-03   9.5178756e-07   3.0144668e-08   2.8486587e-08
   1.0000000e+00  -5.1772403e-01  -1.4675475e+00  -6.8006011e-01   1.5176955e-02   7.9169989e-03  -5.3263233e-03   2.6803817e-01   2.1536957e+00   4.6248175e-01   2.3033996e-04   6.2678872e-05   2.8369720e-05  -8.1237200e-03  -3.1101900e-02  -7.3967800e-03   3.7647000e-04   1.5124090e-04  -2.1144770e-04   6.5994827e-05   9.6732818e-04   5.4712354e-05   1.4172966e-07   2.2873810e-08   4.4710130e-08
   1.0000000e+00  -5.1580137e-01  -1.4487022e+00  -7.2225905e-01   1.6792901e-02   7.9084551e-03  -5.5586302e-03   2.6605105e-01   2.0987381e+00   5.2165814e-01   2.8200152e-04   6.2543662e-05   3.0898370e-05   1.9226600e-03   1.8845300e-02  -4.2198940e-02   1.6159460e-03  -8.5438000e-06  -2.3230690e-04   3.6966215e-06   3.5514533e-04   1.7807505e-03   2.6112815e-06   7.2996518e-11   5.3966496e-08
   1.0000000e+00  -5.2334037e-01  -1.4633842e+00  -7.1075409e-01   1.6708594e-02   8.6069042e-03  -6.2622022e-03   2.7388514e-01   2.1414933e+00   5.0517138e-01   2.7917711e-04   7.4078800e-05   3.9215176e-05  -7.5390000e-03  -1.4682000e-02   1.1504960e-02  -8.4307000e-05   6.9844910e-04  -7.0357200e-04   5.6836521e-05   2.1556112e-04   1.3236410e-04   7.1076702e-09   4.8783115e-07   4.9501356e-07
   1.0000000e+00  -5.2662055e-01  -1.4360387e+00  -6.6970293e-01   1.7030096e-02   8.3335337e-03  -6.0254634e-03   2.7732920e-01   2.0622071e+00   4.4850201e-01   2.9002417e-04   6.9447784e-05   3.6306209e-05  -3.2801800e-03   2.7345500e-02   4.1051160e-02   3.2150200e-04  -2.7337050e-04   2.3673880e-04   1.0759581e-05   7.4777637e-04   1.6851977e-03   1.0336354e-07   7.4731430e-08   5.6045259e-08
   1.0000000e+00  -5.5584306e-01  -1.4518483e+00  -6.3402080e-01   1.7250059e-02   8.9512542e-03  -6.8824240e-03   3.0896151e-01   2.1078635e+00   4.0198237e-01   2.9756454e-04   8.0124952e-05   4.7367760e-05  -2.9222510e-02  -1.5809600e-02   3.5682130e-02   2.1996300e-04   6.1772050e-04  -8.5696060e-04   8.5395509e-04   2.4994345e-04   1.2732144e-03   4.8383721e-08   3.8157862e-07   7.3438147e-07
   1.0000000e+00  -5.8709080e-01  -1.4480185e+00  -6.7142391e-01   1.6561827e-02   1.0923250e-02  -7.3269563e-03   3.4467561e-01   2.0967576e+00   4.5081007e-01   2.7429411e-04   1.1931739e-04   5.3684289e-05  -3.1247740e-02   3.8298000e-03  -3.7403110e-02  -6.8823200e-04   1.9719958e-03  -4.4453230e-04   9.7642126e-04   1.4667368e-05   1.3989926e-03   4.7366329e-07   3.8887674e-06   1.9760897e-07
   1.0000000e+00  -5.5758141e-01  -1.4679549e+00  -6.9194248e-01   1.7242210e-02   1.0439586e-02  -6.9725183e-03   3.1089703e-01   2.1548916e+00   4.7878440e-01   2.9729381e-04   1.0898496e-04   4.8616011e-05   2.9509390e-02  -1.9936400e-02  -2.0518570e-02   6.8038300e-04  -4.8366400e-04   3.5443800e-04   8.7080410e-04   3.9746004e-04   4.2101171e-04   4.6292103e-07   2.3393086e-07   1.2562630e-07
   1.0000000e+00  -5.5560634e-01  -1.4632343e+00  -7.0475785e-01   1.6922654e-02   1.0694553e-02  -6.5601812e-03   3.0869841e-01   2.1410546e+00   4.9668363e-01   2.8637622e-04   1.1437346e-04   4.3035977e-05   1.9750700e-03   4.7206000e-03  -1.2815370e-02  -3.1955600e-04   2.5496700e-04   4.1233710e-04   3.9009015e-06   2.2284064e-05   1.6423371e-04   1.0211604e-07   6.5008171e-08   1.7002188e-07
   1.0000000e+00  -5.4512960e-01  -1.4609010e+00  -7.0014177e-01   1.7783728e-02   1.0571578e-02  -6.5742192e-03   2.9716628e-01   2.1342317e+00   4.9019850e-01   3.1626098e-04   1.1175826e-04   4.3220358e-05   1.0476740e-02   2.3333000e-03   4.6160800e-03   8.6107400e-04  -1.2297500e-04  -1.4038000e-05   1.0976208e-04   5.4442889e-06   2.1308195e-05   7.4144843e-07   1.5122851e-08   1.9706544e-10
   1.0000000e+00  -5.5730700e-01  -1.5033632e+00  -6.7364378e-01   1.8067184e-02   1.0611818e-02  -6.7989570e-03   3.1059109e-01   2.2601009e+00   4.5379594e-01   3.2642314e-04   1.1261068e-04   4.6225816e-05  -1.2177400e-02  -4.2462200e-02   2.6497990e-02   2.8345600e-04   4.0240000e-05  -2.2473780e-04   1.4828907e-04   1.8030384e-03   7.0214347e-04   8.0347304e-08   1.6192576e-09   5.0507079e-08
   1.0000000e+00  -5.8472653e-01  -1.4668074e+00  -6.4777379e-01   1.8074766e-02   1.0510248e-02  -7.5305209e-03   3.4190511e-01   2.1515239e+00   4.1961088e-01   3.2669717e-04   1.1046531e-04   5.6708745e-05  -2.7419530e-02   3.6555800e-02   2.5869990e-02   7.5820000e-06  -1.0157000e-04  -7.3156390e-04   7.5183063e-04   1.3363265e-03   6.6925638e-04   5.7486724e-11   1.0316465e-08   5.3518574e-07
   1.0000000e+00  -5.9244562e-01  -1.4952465e+00  -6.0041825e-01   1.8821088e-02   1.0508564e-02  -7.9900960e-03   3.5099181e-01   2.2357621e+00   3.6050207e-01   3.5423335e-04   1.1042992e-04   6.3841634e-05  -7.7190900e-03  -2.8439100e-02   4.7355540e-02   7.4632200e-04  -1.6840000e-06  -4.5957510e-04   5.9584350e-05   8.0878241e-04   2.2425472e-03   5.5699653e-07   2.8358560e-12   2.1120927e-07
   1.0000000e+00  -6.2589071e-01  -1.4475806e+00  -5.9039339e-01   1.8498869e-02   1.0620691e-02  -8.8007744e-03   3.9173918e-01   2.0954896e+00   3.4856435e-01   3.4220815e-04   1.1279908e-04   7.7453630e-05  -3.3445090e-02   4.7665900e-02   1.0024860e-02  -3.2221900e-04   1.1212700e-04  -8.1067840e-04   1.1185740e-03   2.2720380e-03   1.0049782e-04   1.0382508e-07   1.2572464e-08   6.5719947e-07
   1.0000000e+00  -6.1575024e-01  -1.4525347e+00  -5.7628141e-01   1.8071798e-02   1.0923255e-02  -9.3753649e-03   3.7914836e-01   2.1098571e+00   3.3210026e-01   3.2658988e-04   1.1931750e-04   8.7897467e-05   1.0140470e-02  -4.9541000e-03   1.4111980e-02  -4.2707100e-04   3.0256400e-04  -5.7459050e-04   1.0282913e-04   2.4543107e-05   1.9914798e-04   1.8238964e-07   9.1544974e-08   3.3015424e-07
   1.0000000e+00  -6.3185209e-01  -1.4906190e+00  -6.0887969e-01   1.7624922e-02   1.1863915e-02  -9.1635250e-03   3.9923706e-01   2.2219450e+00   3.7073448e-01   3.1063788e-04   1.4075248e-04   8.3970190e-05  -1.6101850e-02  -3.8084300e-02  -3.2598280e-02  -4.4687600e-04   9.4066000e-04   2.1183990e-04   2.5926957e-04   1.4504139e-03   1.0626479e-03   1.9969816e-07   8.8484124e-07   4.4876143e-08
   1.0000000e+00  -6.2539043e-01  -1.4860027e+00  -6.9247185e-01   1.8185454e-02   1.1983479e-02  -8.8083679e-03   3.9111319e-01   2.2082040e+00   4.7951726e-01   3.3071074e-04   1.4360377e-04   7.7587345e-05   6.4616600e-03   4.6163000e-03  -8.3592160e-02   5.6053200e-04   1.1956400e-04   3.5515710e-04   4.1753050e-05   2.1310226e-05   6.9876492e-03   3.1419612e-07   1.4295550e-08   1.2613657e-07
   1.0000000e+00  -6.4744900e-01  -1.5630052e+00  -6.7482759e-01   1.7879674e-02   1.1988168e-02  -9.3955221e-03   4.1919021e-01   2.4429853e+00   4.5539228e-01   3.1968274e-04   1.4371617e-04   8.8275836e-05  -2.2058570e-02  -7.7002500e-02   1.7644260e-02  -3.0578000e-04   4.6890000e-06  -5.8715420e-04   4.8658051e-04   5.9293850e-03   3.1131991e-04   9.3501408e-08   2.1986721e-11   3.4475005e-07
   1.0000000e+00  -6.5475277e-01  -1.5468748e+00  -6.8897969e-01   1.7798469e-02   1.1601385e-02  -9.6987542e-03   4.2870119e-01   2.3928216e+00   4.7469301e-01   3.1678550e-04   1.3459213e-04   9.4065833e-05  -7.3037700e-03   1.6130400e-02  -1.4152100e-02  -8.1205000e-05  -3.8678300e-04  -3.0323210e-04   5.3345056e-05   2.6018980e-04   2.0028193e-04   6.5942520e-09   1.4960109e-07   9.1949706e-08
   1.0000000e+00  -6.5674399e-01  -1.5679305e+00  -6.8191842e-01   1.6992036e-02   1.2000945e-02  -9.3912915e-03   4.3131267e-01   2.4584061e+00   4.6501273e-01   2.8872929e-04   1.4402268e-04   8.8196356e-05  -1.9912200e-03  -2.1055700e-02   7.0612700e-03  -8.0643300e-04   3.9956000e-04   3.0746270e-04   3.9649571e-06   4.4334250e-04   4.9861534e-05   6.5033418e-07   1.5964819e-07   9.4533312e-08
   1.0000000e+00  -6.4640699e-01  -1.5889560e+00  -6.8185927e-01   1.8018826e-02   1.1740973e-02  -9.6552742e-03   4.1784200e-01   2.5247812e+00   4.6493206e-01   3.2467809e-04   1.3785045e-04   9.3224320e-05   1.0337000e-02  -2.1025500e-02   5.9150000e-05   1.0267900e-03  -2.5997200e-04  -2.6398270e-04   1.0685357e-04   4.4207165e-04   3.4987225e-09   1.0542977e-06   6.7585441e-08   6.9686866e-08
   1.0000000e+00  -6.4310654e-01  -1.6365549e+00  -6.4381570e-01   1.6941741e-02   1.1757615e-02  -9.2885717e-03   4.1358602e-01   2.6783119e+00   4.1449866e-01   2.8702259e-04   1.3824151e-04   8.6277564e-05   3.3004500e-03  -4.7598900e-02   3.8043570e-02  -1.0770850e-03   1.6642000e-05   3.6670250e-04   1.0892970e-05   2.2656553e-03   1.4473132e-03   1.1601121e-06   2.7695616e-10   1.3447072e-07
