   1.0000000e+00   0.0000000e+00   0.0000000e+00   0.0000000e+00   0.0000000e+00   0.0000000e+00   0.0000000e+00   0.0000000e+00   0.0000000e+00   0.0000000e+00   0.0000000e+00   0.0000000e+00   0.0000000e+00   0.0000000e+00   0.0000000e+00   0.0000000e+00   0.0000000e+00   0.0000000e+00   0.0000000e+00   0.0000000e+00   0.0000000e+00   0.0000000e+00   0.0000000e+00   0.0000000e+00   0.0000000e+00
   1.0000000e+00   2.1614164e-02   6.6087069e-02   1.9954908e-02   3.8756140e-06  -3.4937925e-04   4.5922740e-04   4.6717209e-04   4.3675007e-03   3.9819835e-04   1.5020384e-11   1.2206586e-07   2.1088980e-07   2.1614164e-02   6.6087069e-02   1.9954908e-02   3.8756140e-06  -3.4937925e-04   4.5922740e-04   4.6717209e-04   4.3675007e-03   3.9819835e-04   1.5020384e-11   1.2206586e-07   2.1088980e-07
   1.0000000e+00   5.1791870e-02   4.6769492e-02  -3.0668074e-03   8.3595342e-04  -3.2403226e-04   1.1369332e-03   2.6823978e-03   2.1873854e-03   9.4053076e-06   6.9881812e-07   1.0499691e-07   1.2926171e-06   3.0177706e-02  -1.9317577e-02  -2.3021715e-02   8.3207781e-04   2.5346990e-05   6.7770580e-04   9.1069394e-04   3.7316878e-04   5.2999938e-04   6.9235348e-07   6.4246990e-10   4.5928515e-07
   1.0000000e+00   1.8910504e-02   6.3026513e-02   2.0246824e-02  -5.6264885e-05   9.4624908e-05   8.4922611e-04   3.5760716e-04   3.9723413e-03   4.0993388e-04   3.1657373e-09   8.9538732e-09   7.2118499e-07  -3.2881366e-02   1.6257021e-02   2.3313631e-02  -8.9221831e-04   4.1865717e-04  -2.8770709e-04   1.0811842e-03   2.6429073e-04   5.4352541e-04   7.9605350e-07   1.7527382e-07   8.2775370e-08
   1.0000000e+00   3.4453495e-02   2.4589768e-02   3.6118396e-03   1.2551612e-03   9.2347427e-05   1.0388136e-03   1.1870433e-03   6.0465669e-04   1.3045385e-05   1.5754296e-06   8.5280473e-09   1.0791337e-06   1.5542991e-02  -3.8436745e-02  -1.6634984e-02   1.3114261e-03  -2.2774810e-06   1.8958749e-04   2.4158457e-04   1.4773834e-03   2.7672271e-04   1.7198384e-06   5.1869197e-12   3.5943416e-08
   1.0000000e+00   3.9317350e-02   4.3112276e-02  -3.0419800e-03   2.0125220e-04   1.1971568e-04   1.1449020e-03   1.5458540e-03   1.8586683e-03   9.2536423e-06   4.0502448e-08   1.4331844e-08   1.3108006e-06   4.8638550e-03   1.8522508e-02  -6.6538196e-03  -1.0539090e-03   2.7368253e-05   1.0608840e-04   2.3657085e-05   3.4308330e-04   4.4273315e-05   1.1107242e-06   7.4902127e-10   1.1254749e-08
   1.0000000e+00   3.0704678e-02   7.1405337e-02  -1.9485526e-02   1.5789498e-03   5.8547162e-04   1.4366542e-03   9.4277725e-04   5.0987222e-03   3.7968572e-04   2.4930825e-06   3.4277702e-07   2.0639753e-06  -8.6126720e-03   2.8293061e-02  -1.6443546e-02   1.3776976e-03   4.6575594e-04   2.9175220e-04   7.4178119e-05   8.0049730e-04   2.7039021e-04   1.8980507e-06   2.1692860e-07   8.5119346e-08
   1.0000000e+00   3.5364154e-02   1.8605843e-02  -1.7598294e-02   4.3598352e-04   4.6575277e-04   1.2507287e-03   1.2506234e-03   3.4617739e-04   3.0969995e-04   1.9008163e-07   2.1692564e-07   1.5643223e-06   4.6594760e-03  -5.2799494e-02   1.8872320e-03  -1.1429663e-03  -1.1971885e-04  -1.8592550e-04   2.1710717e-05   2.7877866e-03   3.5616446e-06   1.3063719e-06   1.4332603e-08   3.4568292e-08
   1.0000000e+00  -1.4030652e-02   5.0799746e-03  -6.5382800e-03   2.4148926e-03   8.4651505e-04   4.0268096e-04   1.9685920e-04   2.5806142e-05   4.2749105e-05   5.8317063e-06   7.1658773e-07   1.6215196e-07  -4.9394806e-02  -1.3525868e-02   1.1060014e-02   1.9789091e-03   3.8076228e-04  -8.4804774e-04   2.4398469e-03   1.8294912e-04   1.2232391e-04   3.9160811e-06   1.4497991e-07   7.1918497e-07
   1.0000000e+00   3.0578851e-03  -2.1976629e-02   2.7982378e-02   7.5472419e-04  -1.2524767e-03   3.3072547e-05   9.3506613e-06   4.8297222e-04   7.8301348e-04   5.6960860e-07   1.5686979e-06   1.0937934e-09   1.7088537e-02  -2.7056604e-02   3.4520658e-02  -1.6601684e-03  -2.0989918e-03  -3.6960841e-04   2.9201810e-04   7.3205980e-04   1.1916758e-03   2.7561591e-06   4.4057664e-06   1.3661038e-07
   1.0000000e+00   2.2480843e-02   6.7850375e-02   1.0244297e-01   3.7052052e-04  -1.1030179e-03  -9.3802535e-04   5.0538830e-04   4.6036734e-03   1.0494562e-02   1.3728546e-07   1.2166485e-06   8.7989156e-07   1.9422958e-02   8.9827004e-02   7.4460592e-02  -3.8420367e-04   1.4945880e-04  -9.7109790e-04   3.7725129e-04   8.0688906e-03   5.5443798e-03   1.4761246e-07   2.2337933e-08   9.4303113e-07
   1.0000000e+00   1.1523710e-02  -1.3575455e-01  -9.9029373e-02   3.4191916e-03  -6.0436963e-05   3.4232892e-03   1.3279589e-04   1.8429298e-02   9.8068167e-03   1.1690871e-05   3.6526265e-09   1.1718909e-05  -1.0957133e-02  -2.0360492e-01  -2.0147234e-01   3.0486711e-03   1.0425809e-03   4.3613146e-03   1.2005876e-04   4.1454965e-02   4.0591105e-02   9.2943954e-06   1.0869750e-06   1.9021065e-05
   1.0000000e+00   2.7542389e-02  -3.1779176e-01   1.1160856e-01  -5.8204578e-03  -9.6766775e-04   7.8217935e-04   7.5858319e-04   1.0099160e-01   1.2456471e-02   3.3877729e-05   9.3638087e-07   6.1180454e-07   1.6018679e-02  -1.8203721e-01   2.1063793e-01  -9.2396494e-03  -9.0723079e-04  -2.6411099e-03   2.5659808e-04   3.3137546e-02   4.4368339e-02   8.5371121e-05   8.2306770e-07   6.9754612e-06
   1.0000000e+00   6.9449774e-03  -8.7999681e-02   3.1225542e-01  -1.2961969e-03  -4.8060030e-04   1.1093925e-03   4.8232711e-05   7.7439439e-03   9.7503447e-02   1.6801264e-06   2.3097665e-07   1.2307517e-06  -2.0597412e-02   2.2979208e-01   2.0064686e-01   4.5242609e-03   4.8706745e-04   3.2721315e-04   4.2425336e-04   5.2804400e-02   4.0259162e-02   2.0468937e-05   2.3723470e-07   1.0706845e-07
   1.0000000e+00  -8.0540754e-03  -1.8282521e-01   3.9629827e-01  -7.9314180e-04   8.7909615e-04   1.2226345e-03   6.4868131e-05   3.3425057e-02   1.5705232e-01   6.2907391e-07   7.7281004e-07   1.4948351e-06  -1.4999053e-02  -9.4825529e-02   8.4042850e-02   5.0305510e-04   1.3596965e-03   1.1324200e-04   2.2497158e-04   8.9918810e-03   7.0632006e-03   2.5306443e-07   1.8487744e-06   1.2823751e-08
   1.0000000e+00   1.6836617e-02  -2.9924830e-01   5.6003320e-01  -8.2909467e-04   3.7842061e-04   8.8650797e-04   2.8347167e-04   8.9549545e-02   3.1363719e-01   6.8739797e-07   1.4320216e-07   7.8589638e-07   2.4890692e-02  -1.1642309e-01   1.6373493e-01  -3.5952870e-05  -5.0067554e-04  -3.3612653e-04   6.1954657e-04   1.3554336e-02   2.6809127e-02   1.2926089e-09   2.5067600e-07   1.1298104e-07
   1.0000000e+00   4.5190069e-02  -2.8957189e-01   4.6754883e-01  -3.2377675e-03  -1.8240499e-03   1.3466015e-03   2.0421423e-03   8.3851879e-02   2.1860191e-01   1.0483138e-05   3.3271580e-06   1.8133356e-06   2.8353452e-02   9.6764100e-03  -9.2484370e-02  -2.4086728e-03  -2.2024705e-03   4.6009353e-04   8.0391824e-04   9.3632910e-05   8.5533587e-03   5.8017048e-06   4.8508763e-06   2.1168606e-07
   1.0000000e+00  -9.1688254e-03  -2.3885691e-01   5.3362355e-01  -6.3022047e-03  -1.2781508e-03   5.4354793e-04   8.4067359e-05   5.7052623e-02   2.8475409e-01   3.9717784e-05   1.6336695e-06   2.9544435e-07  -5.4358894e-02   5.0714980e-02   6.6074720e-02  -3.0644372e-03   5.4589910e-04  -8.0305357e-04   2.9548894e-03   2.5720092e-03   4.3658686e-03   9.3907754e-06   2.9800583e-07   6.4489504e-07
   1.0000000e+00  -4.0159541e-02  -1.7957517e-01   5.5184680e-01  -4.4554865e-03  -5.8155682e-04   9.9125817e-04   1.6127887e-03   3.2247242e-02   3.0453489e-01   1.9851360e-05   3.3820833e-07   9.8259276e-07  -3.0990716e-02   5.9281740e-02   1.8223250e-02   1.8467182e-03   6.9659398e-04   4.4771024e-04   9.6042445e-04   3.5143247e-03   3.3208684e-04   3.4103681e-06   4.8524317e-07   2.0044446e-07
   1.0000000e+00  -4.1145417e-02  -1.6383411e-01   6.3203648e-01  -3.2604556e-03  -4.2040830e-04   1.2637386e-03   1.6929453e-03   2.6841616e-02   3.9947011e-01   1.0630571e-05   1.7674314e-07   1.5970352e-06  -9.8587600e-04   1.5741060e-02   8.0189680e-02   1.1950309e-03   1.6114852e-04   2.7248043e-04   9.7195149e-07   2.4778097e-04   6.4303848e-03   1.4280989e-06   2.5968845e-08   7.4245585e-08
   1.0000000e+00  -6.4052719e-02  -1.1826290e-01   6.1159168e-01  -4.1796042e-03   7.0180635e-05   1.3413435e-03   4.1027508e-03   1.3986114e-02   3.7404438e-01   1.7469091e-05   4.9253215e-09   1.7992024e-06  -2.2907302e-02   4.5571210e-02  -2.0444800e-02  -9.1914860e-04   4.9058893e-04   7.7604900e-05   5.2474448e-04   2.0767352e-03   4.1798985e-04   8.4483415e-07   2.4067750e-07   6.0225205e-09
   1.0000000e+00  -5.4428291e-02  -1.2827182e-01   6.2791272e-01  -3.2895422e-03  -1.7113625e-04   1.5949165e-03   2.9624389e-03   1.6453660e-02   3.9427438e-01   1.0821088e-05   2.9287616e-08   2.5437586e-06   9.6244280e-03  -1.0008920e-02   1.6321040e-02   8.9006200e-04  -2.4131689e-04   2.5357300e-04   9.2629614e-05   1.0017848e-04   2.6637635e-04   7.9221036e-07   5.8233839e-08   6.4299266e-08
   1.0000000e+00  -7.5071910e-02  -1.3281010e-01   6.5514592e-01  -4.6833239e-03   2.9175661e-04   1.4549894e-03   5.6357917e-03   1.7638523e-02   4.2921618e-01   2.1933523e-05   8.5121919e-08   2.1169942e-06  -2.0643619e-02  -4.5382800e-03   2.7233200e-02  -1.3937817e-03   4.6289286e-04  -1.3992710e-04   4.2615901e-04   2.0595985e-05   7.4164718e-04   1.9426274e-06   2.1426980e-07   1.9579593e-08
   1.0000000e+00  -7.8273067e-02  -1.2579448e-01   6.3751249e-01  -3.5731120e-03   2.8664505e-04   1.3879422e-03   6.1266730e-03   1.5824251e-02   4.0642217e-01   1.2767129e-05   8.2165385e-08   1.9263836e-06  -3.2011570e-03   7.0156200e-03  -1.7633430e-02   1.1102119e-03  -5.1115600e-06  -6.7047200e-05   1.0247406e-05   4.9218924e-05   3.1093785e-04   1.2325705e-06   2.6128046e-11   4.4953270e-09
   1.0000000e+00  -7.5838190e-02  -1.4411169e-01   6.5766846e-01  -4.0892481e-03   4.8399780e-04   1.5723268e-03   5.7514311e-03   2.0768179e-02   4.3252780e-01   1.6721950e-05   2.3425387e-07   2.4722116e-06   2.4348770e-03  -1.8317210e-02   2.0155970e-02  -5.1613610e-04   1.9735275e-04   1.8438460e-04   5.9286260e-06   3.3552018e-04   4.0626313e-04   2.6639647e-07   3.8948108e-08   3.3997681e-08
   1.0000000e+00  -6.6193935e-02  -1.2219092e-01   5.9648073e-01  -3.4721931e-03  -3.0627217e-04   1.4709318e-03   4.3816370e-03   1.4930621e-02   3.5578926e-01   1.2056125e-05   9.3802642e-08   2.1636404e-06   9.6442550e-03   2.1920770e-02  -6.1187730e-02   6.1705500e-04  -7.9026997e-04  -1.0139500e-04   9.3011655e-05   4.8052016e-04   3.7439383e-03   3.8075687e-07   6.2452663e-07   1.0280946e-08
   1.0000000e+00  -5.1352356e-02  -1.2485565e-01   6.4029282e-01  -4.4073846e-03  -1.4204465e-03   1.1699818e-03   2.6370645e-03   1.5588933e-02   4.0997490e-01   1.9425039e-05   2.0176683e-06   1.3688574e-06   1.4841579e-02  -2.6647300e-03   4.3812090e-02  -9.3519150e-04  -1.1141743e-03  -3.0095000e-04   2.2027247e-04   7.1007860e-06   1.9194992e-03   8.7458314e-07   1.2413844e-06   9.0570903e-08
   1.0000000e+00  -6.9753870e-02  -7.1263570e-02   6.2606476e-01  -4.4100610e-03  -7.9480021e-04   1.0164930e-03   4.8656024e-03   5.0784964e-03   3.9195708e-01   1.9448638e-05   6.3170737e-07   1.0332580e-06  -1.8401514e-02   5.3592080e-02  -1.4228060e-02  -2.6764000e-06   6.2564629e-04  -1.5348880e-04   3.3861572e-04   2.8721110e-03   2.0243769e-04   7.1631170e-12   3.9143328e-07   2.3558812e-08
   1.0000000e+00  -7.4570082e-02  -2.1059411e-01   8.5114983e-01  -4.3124773e-03  -3.8674143e-04   1.5681139e-04   5.5606971e-03   4.4349879e-02   7.2445603e-01   1.8597460e-05   1.4956893e-07   2.4589812e-08  -4.8162120e-03  -1.3933054e-01   2.2508507e-01   9.7583700e-05   4.0805878e-04  -8.5968161e-04   2.3195898e-05   1.9412999e-02   5.0663289e-02   9.5225785e-09   1.6651197e-07   7.3905247e-07
   1.0000000e+00  -6.8771200e-02  -2.5129964e-01   8.2832986e-01  -4.5773770e-03   8.7920031e-04  -8.0460918e-04   4.7294779e-03   6.3151509e-02   6.8613036e-01   2.0952380e-05   7.7299319e-07   6.4739593e-07   5.7988820e-03  -4.0705530e-02  -2.2819970e-02  -2.6489970e-04   1.2659417e-03  -9.6142057e-04   3.3627032e-05   1.6569402e-03   5.2075103e-04   7.0171851e-08   1.6026085e-06   9.2432951e-07
   1.0000000e+00  -5.1564679e-02  -2.3174082e-01   7.1800305e-01  -4.8885190e-03  -6.8410373e-04  -3.9594504e-04   2.6589161e-03   5.3703808e-02   5.1552838e-01   2.3897618e-05   4.6799791e-07   1.5677247e-07   1.7206521e-02   1.9558820e-02  -1.1032681e-01  -3.1114200e-04  -1.5633040e-03   4.0866414e-04   2.9606436e-04   3.8254744e-04   1.2172005e-02   9.6809344e-08   2.4439195e-06   1.6700638e-07
   1.0000000e+00  -4.7277112e-02  -1.9845996e-01   6.1862522e-01  -4.7141632e-03  -5.7648158e-04   1.1072558e-04   2.2351253e-03   3.9386356e-02   3.8269716e-01   2.2223335e-05   3.3233101e-07   1.2260154e-08   4.2875670e-03   3.3280860e-02  -9.9377830e-02   1.7435580e-04   1.0762215e-04   5.0667062e-04   1.8383231e-05   1.1076156e-03   9.8759531e-03   3.0399945e-08   1.1582527e-08   2.5671512e-07
   1.0000000e+00  -3.9125754e-02  -1.6301231e-01   6.3371641e-01  -3.8510238e-03  -8.6351951e-04   3.8934967e-04   1.5308246e-03   2.6573013e-02   4.0159649e-01   1.4830384e-05   7.4566594e-07   1.5159317e-07   8.1513580e-03   3.5447650e-02   1.5091190e-02   8.6313940e-04  -2.8703793e-04   2.7862409e-04   6.6444637e-05   1.2565359e-03   2.2774402e-04   7.4500962e-07   8.2390773e-08   7.7631384e-08
   1.0000000e+00  -5.8769210e-02  -1.9360025e-01   6.5352519e-01  -2.9499973e-03   2.8624860e-04   6.2463298e-04   3.4538200e-03   3.7481057e-02   4.2709517e-01   8.7024841e-06   8.1938261e-08   3.9016636e-07  -1.9643456e-02  -3.0587940e-02   1.9808780e-02   9.0102650e-04   1.1497681e-03   2.3528331e-04   3.8586536e-04   9.3562207e-04   3.9238777e-04   8.1184875e-07   1.3219667e-06   5.5358236e-08
   1.0000000e+00  -9.3371365e-02  -1.6020870e-01   7.1323391e-01  -3.3908232e-03   3.3508407e-04   2.4000951e-04   8.7182118e-03   2.5666828e-02   5.0870261e-01   1.1497682e-05   1.1228133e-07   5.7604565e-08  -3.4602155e-02   3.3391550e-02   5.9708720e-02  -4.4082590e-04   4.8835470e-05  -3.8462347e-04   1.1973091e-03   1.1149956e-03   3.5651312e-03   1.9432747e-07   2.3849031e-09   1.4793521e-07
   1.0000000e+00  -5.2114820e-02  -2.0914850e-01   7.3142585e-01  -3.2044344e-03  -7.9485836e-04   5.0633710e-04   2.7159545e-03   4.3743095e-02   5.3498377e-01   1.0268400e-05   6.3179981e-07   2.5637726e-07   4.1256545e-02  -4.8939800e-02   1.8191940e-02   1.8638880e-04  -1.1299424e-03   2.6632759e-04   1.7021025e-03   2.3951040e-03   3.3094668e-04   3.4740785e-08   1.2767699e-06   7.0930385e-08
   1.0000000e+00  -5.4180124e-02  -1.4431191e-01   7.8257697e-01  -3.9890059e-03  -1.0627672e-03   4.1908241e-04   2.9354858e-03   2.0825927e-02   6.1242671e-01   1.5912168e-05   1.1294741e-06   1.7563007e-07  -2.0653040e-03   6.4836590e-02   5.1151120e-02  -7.8457150e-04  -2.6790884e-04  -8.7254690e-05   4.2654806e-06   4.2037834e-03   2.6164371e-03   6.1555244e-07   7.1775147e-08   7.6133809e-09
   1.0000000e+00  -5.9382420e-02  -1.9376149e-01   7.5075664e-01  -4.7459502e-03  -1.6458957e-04  -6.5811849e-06   3.5262718e-03   3.7543515e-02   5.6363553e-01   2.2524043e-05   2.7089727e-08   4.3311995e-11  -5.2022960e-03  -4.9449580e-02  -3.1820330e-02  -7.5694430e-04   8.9817763e-04  -4.2566359e-04   2.7063884e-05   2.4452610e-03   1.0125334e-03   5.7296467e-07   8.0672306e-07   1.8118950e-07
   1.0000000e+00  -4.5868806e-02  -5.8555274e-02   6.9834977e-01  -4.3979477e-03  -7.4137978e-04  -3.2734734e-04   2.1039474e-03   3.4287201e-03   4.8769240e-01   1.9341944e-05   5.4964398e-07   1.0715628e-07   1.3513614e-02   1.3520622e-01  -5.2406870e-02   3.4800250e-04  -5.7679021e-04  -3.2076616e-04   1.8261776e-04   1.8280721e-02   2.7464800e-03   1.2110574e-07   3.3268695e-07   1.0289093e-07
   1.0000000e+00  -3.9435060e-02  -1.5031457e-01   7.4731891e-01  -4.5206966e-03   1.6952614e-05   1.7462401e-04   1.5551240e-03   2.2594470e-02   5.5848555e-01   2.0436698e-05   2.8739112e-10   3.0493545e-08   6.4337460e-03  -9.1759296e-02   4.8969140e-02  -1.2274890e-04   7.5833239e-04   5.0197135e-04   4.1393088e-05   8.4197684e-03   2.3979767e-03   1.5067292e-08   5.7506802e-07   2.5197524e-07
   1.0000000e+00  -3.5525619e-02  -4.3445688e-02   6.9437496e-01  -4.1313645e-03  -6.8121393e-04  -6.8432587e-05   1.2620696e-03   1.8875278e-03   4.8215659e-01   1.7068173e-05   4.6405242e-07   4.6830190e-09   3.9094410e-03   1.0686888e-01  -5.2943950e-02   3.8933210e-04  -6.9816654e-04  -2.4305660e-04   1.5283729e-05   1.1420958e-02   2.8030618e-03   1.5157948e-07   4.8743652e-07   5.9076509e-08
   1.0000000e+00  -6.2950977e-02  -9.1771437e-02   7.1765815e-01  -3.5538468e-03  -5.8582204e-04  -5.2910857e-04   3.9628255e-03   8.4219966e-03   5.1503322e-01   1.2629827e-05   3.4318746e-07   2.7995588e-07  -2.7425358e-02  -4.8325749e-02   2.3283190e-02   5.7751770e-04   9.5391890e-05  -4.6067598e-04   7.5215026e-04   2.3353780e-03   5.4210694e-04   3.3352669e-07   9.0996127e-09   2.1222236e-07
   1.0000000e+00  -5.1184109e-02  -1.2519188e-01   7.3907929e-01  -4.6814508e-03  -1.1274504e-03   5.1413235e-05   2.6198130e-03   1.5673007e-02   5.4623820e-01   2.1915982e-05   1.2711444e-06   2.6433207e-09   1.1766868e-02  -3.3420443e-02   2.1421140e-02  -1.1276040e-03  -5.4162836e-04   5.8052181e-04   1.3845918e-04   1.1169260e-03   4.5886524e-04   1.2714908e-06   2.9336128e-07   3.3700557e-07
   1.0000000e+00  -7.8981457e-02  -1.9137914e-01   7.5563107e-01  -3.4617521e-03  -9.2210854e-04  -3.9131262e-04   6.2380705e-03   3.6625975e-02   5.7097831e-01   1.1983728e-05   8.5028416e-07   1.5312557e-07  -2.7797348e-02  -6.6187260e-02   1.6551780e-02   1.2196987e-03   2.0534186e-04  -4.4272585e-04   7.7269256e-04   4.3807534e-03   2.7396142e-04   1.4876649e-06   4.2165279e-08   1.9600618e-07
   1.0000000e+00  -3.9986197e-02  -1.4836572e-01   7.2488608e-01  -4.1121911e-03  -1.2594257e-03   4.7959070e-04   1.5988960e-03   2.2012387e-02   5.2545983e-01   1.6910116e-05   1.5861531e-06   2.3000724e-07   3.8995260e-02   4.3013420e-02  -3.0744990e-02  -6.5043900e-04  -3.3731716e-04   8.7090332e-04   1.5206303e-03   1.8501543e-03   9.4525441e-04   4.2307089e-07   1.1378287e-07   7.5847259e-07
   1.0000000e+00  -6.3557710e-02  -1.4511598e-01   7.2957507e-01  -3.2223938e-03  -6.4787274e-04  -7.1004478e-05   4.0395825e-03   2.1058648e-02   5.3227978e-01   1.0383822e-05   4.1973909e-07   5.0416359e-09  -2.3571513e-02   3.2497400e-03   4.6889900e-03   8.8979730e-04   6.1155296e-04  -5.5059518e-04   5.5561623e-04   1.0560810e-05   2.1986627e-05   7.9173924e-07   3.7399702e-07   3.0315505e-07
   1.0000000e+00  -7.4919236e-02  -1.7346984e-01   7.2931979e-01  -3.5381152e-03  -4.4862246e-04  -9.6210113e-05   5.6128919e-03   3.0091785e-02   5.3190736e-01   1.2518259e-05   2.0126211e-07   9.2563858e-09  -1.1361526e-02  -2.8353860e-02  -2.5528000e-04  -3.1572140e-04   1.9925028e-04  -2.5205635e-05   1.2908427e-04   8.0394138e-04   6.5167878e-08   9.9680002e-08   3.9700674e-08   6.3532404e-10
   1.0000000e+00  -6.6589684e-02  -1.4121016e-01   5.9012394e-01  -2.4937064e-03  -5.6303130e-05  -3.6816913e-04   4.4341860e-03   1.9940309e-02   3.4824626e-01   6.2185716e-06   3.1700424e-09   1.3554851e-07   8.3295520e-03   3.2259680e-02  -1.3919585e-01   1.0444088e-03   3.9231933e-04  -2.7195902e-04   6.9381437e-05   1.0406870e-03   1.9375485e-02   1.0907897e-06   1.5391446e-07   7.3961707e-08
   1.0000000e+00  -5.8178316e-02  -2.0274239e-01   6.8929083e-01  -3.4822539e-03  -1.0052587e-03  -4.1451788e-04   3.3847165e-03   4.1104477e-02   4.7512185e-01   1.2126092e-05   1.0105451e-06   1.7182507e-07   8.4113680e-03  -6.1532230e-02   9.9166890e-02  -9.8854750e-04  -9.4895557e-04  -4.6348750e-05   7.0751112e-05   3.7862153e-03   9.8340721e-03   9.7722616e-07   9.0051667e-07   2.1482066e-09
   1.0000000e+00  -1.1749056e-01  -1.5355407e-01   5.5736091e-01  -3.8042939e-03   2.1140111e-04  -9.0039987e-04   1.3804032e-02   2.3578852e-02   3.1065118e-01   1.4472652e-05   4.4690429e-08   8.1071993e-07  -5.9312244e-02   4.9188320e-02  -1.3192992e-01  -3.2204000e-04   1.2166598e-03  -4.8588199e-04   3.5179423e-03   2.4194908e-03   1.7405504e-02   1.0370976e-07   1.4802611e-06   2.3608131e-07
   1.0000000e+00  -8.2285622e-02  -1.8489337e-01   4.7668277e-01  -4.5978636e-03   2.8128714e-04  -1.0983481e-04   6.7709236e-03   3.4185558e-02   2.2722646e-01   2.1140350e-05   7.9122455e-08   1.2063685e-08   3.5204938e-02  -3.1339300e-02  -8.0678140e-02  -7.9356970e-04   6.9886030e-05   7.9056506e-04   1.2393877e-03   9.8215172e-04   6.5089623e-03   6.2975287e-07   4.8840572e-09   6.2499311e-07
   1.0000000e+00  -1.6284398e-02  -8.7156935e-02   3.1737536e-01  -2.7958586e-03  -4.0608115e-04  -4.6016204e-04   2.6518162e-04   7.5963313e-03   1.0072712e-01   7.8168253e-06   1.6490190e-07   2.1174910e-07   6.6001224e-02   9.7736435e-02  -1.5930741e-01   1.8020050e-03  -6.8736829e-04  -3.5032723e-04   4.3561616e-03   9.5524107e-03   2.5378851e-02   3.2472220e-06   4.7247517e-07   1.2272917e-07
   1.0000000e+00  -6.8042943e-03  -1.7466243e-01   4.7929628e-01  -4.1501493e-03  -8.2357246e-04   6.1246127e-04   4.6298421e-05   3.0506964e-02   2.2972492e-01   1.7223739e-05   6.7827160e-07   3.7510881e-07   9.4801037e-03  -8.7505495e-02   1.6192092e-01  -1.3542907e-03  -4.1749131e-04   1.0726233e-03   8.9872366e-05   7.6572117e-03   2.6218384e-02   1.8341033e-06   1.7429899e-07   1.1505208e-06
   1.0000000e+00  -8.2198322e-03  -9.1428241e-02   6.1199354e-01  -2.1567199e-03  -9.0346693e-04   1.3634024e-03   6.7565641e-05   8.3591233e-03   3.7453609e-01   4.6514407e-06   8.1625249e-07   1.8588661e-06  -1.4155379e-03   8.3234189e-02   1.3269726e-01   1.9934294e-03  -7.9894470e-05   7.5094113e-04   2.0037475e-06   6.9279302e-03   1.7608563e-02   3.9737608e-06   6.3831263e-09   5.6391258e-07
   1.0000000e+00  -8.6643376e-02  -1.5998152e-01   3.2200485e-01  -2.3358351e-03  -2.3251820e-04  -1.6062961e-04   7.5070746e-03   2.5594087e-02   1.0368712e-01   5.4561256e-06   5.4064713e-08   2.5801872e-08  -7.8423544e-02  -6.8553279e-02  -2.8998869e-01  -1.7911520e-04   6.7094873e-04  -1.5240320e-03   6.1502522e-03   4.6995521e-03   8.4093440e-02   3.2082255e-08   4.5017220e-07   2.3226736e-06
   1.0000000e+00  -8.9846634e-02  -7.6468519e-02   4.0777815e-01  -3.4420859e-03   5.7394617e-05  -1.6542432e-05   8.0724176e-03   5.8474344e-03   1.6628302e-01   1.1847955e-05   3.2941421e-09   2.7365206e-10  -3.2032580e-03   8.3513001e-02   8.5773300e-02  -1.1062508e-03   2.8991282e-04   1.4408718e-04   1.0260862e-05   6.9744213e-03   7.3570590e-03   1.2237908e-06   8.4049441e-08   2.0761115e-08
   1.0000000e+00  -3.9982842e-02  -1.3486388e-01   4.2491439e-01  -1.6842113e-03   4.3268960e-04   7.2533770e-04   1.5986277e-03   1.8188266e-02   1.8055224e-01   2.8365677e-06   1.8722029e-07   5.2611478e-07   4.9863792e-02  -5.8395361e-02   1.7136240e-02   1.7578746e-03   3.7529498e-04   7.4188013e-04   2.4863978e-03   3.4100182e-03   2.9365072e-04   3.0901231e-06   1.4084632e-07   5.5038613e-07
   1.0000000e+00  -2.1014757e-02  -1.1682586e-01   3.7367099e-01  -2.8300585e-03   5.9371072e-04   8.0292510e-04   4.4162001e-04   1.3648282e-02   1.3963001e-01   8.0092311e-06   3.5249242e-07   6.4468872e-07   1.8968085e-02   1.8038020e-02  -5.1243400e-02  -1.1458472e-03   1.6102112e-04   7.7587400e-05   3.5978825e-04   3.2537017e-04   2.6258860e-03   1.3129658e-06   2.5927801e-08   6.0198046e-09
   1.0000000e+00  -4.5514502e-02  -1.5011576e-01   5.4179281e-01  -1.9462294e-03  -6.3627757e-05   4.1290788e-04   2.0715699e-03   2.2534741e-02   2.9353945e-01   3.7878089e-06   4.0484915e-09   1.7049292e-07  -2.4499745e-02  -3.3289900e-02   1.6812182e-01   8.8382910e-04  -6.5733848e-04  -3.9001722e-04   6.0023751e-04   1.1082174e-03   2.8264946e-02   7.8115388e-07   4.3209387e-07   1.5211343e-07
   1.0000000e+00  -5.2839590e-02  -1.4369061e-01   4.6927825e-01  -2.8168785e-03   9.7933689e-05   2.5757548e-04   2.7920223e-03   2.0646991e-02   2.2022208e-01   7.9348045e-06   9.5910074e-09   6.6345128e-08  -7.3250880e-03   6.4251500e-03  -7.2514560e-02  -8.7064910e-04   1.6156145e-04  -1.5533240e-04   5.3656914e-05   4.1282553e-05   5.2583614e-03   7.5802986e-07   2.6102101e-08   2.4128154e-08
   1.0000000e+00  -5.2920519e-02  -9.4047020e-02   3.9494183e-01  -1.6086673e-03   1.5419900e-04  -1.4589986e-04   2.8005813e-03   8.8448420e-03   1.5597905e-01   2.5878105e-06   2.3777332e-08   2.1286769e-08  -8.0929000e-05   4.9643590e-02  -7.4336420e-02   1.2082112e-03   5.6265311e-05  -4.0347534e-04   6.5495030e-09   2.4644860e-03   5.5259033e-03   1.4597743e-06   3.1657852e-09   1.6279235e-07
   1.0000000e+00  -5.6809730e-02  -1.5699000e-01   4.0505856e-01  -1.9849806e-03   1.0428891e-03   3.1807300e-05   3.2273454e-03   2.4645860e-02   1.6407244e-01   3.9401480e-06   1.0876177e-06   1.0117043e-09  -3.8892110e-03  -6.2942980e-02   1.0116730e-02  -3.7631330e-04   8.8869010e-04   1.7770716e-04   1.5125962e-05   3.9618187e-03   1.0234823e-04   1.4161170e-07   7.8977009e-07   3.1579835e-08
   1.0000000e+00  -6.6706212e-02  -1.2004557e-01   4.4150076e-01  -9.6461767e-04   6.6866049e-04   2.7518849e-05   4.4497187e-03   1.4410939e-02   1.9492292e-01   9.3048725e-07   4.4710685e-07   7.5728705e-10  -9.8964820e-03   3.6944430e-02   3.6442200e-02   1.0203629e-03  -3.7422861e-04  -4.2884510e-06   9.7940356e-05   1.3648909e-03   1.3280339e-03   1.0411405e-06   1.4004705e-07   1.8390812e-11
   1.0000000e+00  -2.4655420e-02  -1.3771303e-01   2.9714782e-01  -1.8079577e-03   7.0735958e-04   6.0507242e-04   6.0788974e-04   1.8964879e-02   8.8296827e-02   3.2687110e-06   5.0035758e-07   3.6611263e-07   4.2050792e-02  -1.7667460e-02  -1.4435294e-01  -8.4334003e-04   3.8699090e-05   5.7755357e-04   1.7682691e-03   3.1213914e-04   2.0837771e-02   7.1122241e-07   1.4976196e-09   3.3356813e-07
   1.0000000e+00  -4.3932695e-02  -7.1266419e-02   3.7688579e-01  -1.5300115e-03   1.1915161e-03   1.1796966e-03   1.9300817e-03   5.0789025e-03   1.4204290e-01   2.3409352e-06   1.4197106e-06   1.3916841e-06  -1.9277275e-02   6.6446611e-02   7.9737970e-02   2.7794620e-04   4.8415652e-04   5.7462418e-04   3.7161333e-04   4.4151521e-03   6.3581439e-03   7.7254090e-08   2.3440754e-07   3.3019295e-07
   1.0000000e+00  -3.3920703e-02  -1.4948963e-01   3.5273858e-01  -1.0189024e-03   1.0919471e-03   1.0909088e-03   1.1506141e-03   2.2347149e-02   1.2442451e-01   1.0381621e-06   1.1923485e-06   1.1900820e-06   1.0011992e-02  -7.8223211e-02  -2.4147210e-02   5.1110910e-04  -9.9569000e-05  -8.8787800e-05   1.0023998e-04   6.1188707e-03   5.8308775e-04   2.6123251e-07   9.9139858e-09   7.8832734e-09
   1.0000000e+00  -7.6875328e-03  -1.0309060e-01   3.1718224e-01  -6.2928345e-04   4.4737123e-04   4.3415692e-04   5.9098161e-05   1.0627672e-02   1.0060457e-01   3.9599766e-07   2.0014102e-07   1.8849223e-07   2.6233170e-02   4.6399030e-02  -3.5556340e-02   3.8961895e-04  -6.4457587e-04  -6.5675188e-04   6.8817922e-04   2.1528700e-03   1.2642533e-03   1.5180293e-07   4.1547805e-07   4.3132303e-07
   1.0000000e+00  -6.8369966e-03  -1.0760967e-01   2.7509330e-01  -1.5828179e-04   8.0826154e-04   4.6161318e-04   4.6744523e-05   1.1579841e-02   7.5676324e-02   2.5053125e-08   6.5328672e-07   2.1308673e-07   8.5053620e-04  -4.5190700e-03  -4.2088940e-02   4.7100166e-04   3.6089031e-04   2.7456260e-05   7.2341183e-07   2.0421994e-05   1.7714789e-03   2.2184256e-07   1.3024182e-07   7.5384621e-10
   1.0000000e+00  -2.5333170e-02  -1.3215191e-01   3.8470780e-01  -1.6394694e-03   9.3276607e-04   6.6451340e-04   6.4176950e-04   1.7464127e-02   1.4800009e-01   2.6878599e-06   8.7005254e-07   4.4157806e-07  -1.8496173e-02  -2.4542240e-02   1.0961450e-01  -1.4811876e-03   1.2450453e-04   2.0290022e-04   3.4210843e-04   6.0232154e-04   1.2015339e-02   2.1939167e-06   1.5501378e-08   4.1168499e-08
   1.0000000e+00  -2.6662081e-02  -1.7175806e-01   3.4960490e-01  -6.0529822e-04   6.4015523e-04   8.1763255e-04   7.1086656e-04   2.9500831e-02   1.2222359e-01   3.6638594e-07   4.0979872e-07   6.6852299e-07  -1.3289110e-03  -3.9606150e-02  -3.5102900e-02   1.0341712e-03  -2.9261084e-04   1.5311915e-04   1.7660044e-06   1.5686471e-03   1.2322136e-03   1.0695100e-06   8.5621104e-08   2.3445474e-08
   1.0000000e+00  -1.5306855e-02  -1.3080725e-01   3.2708883e-01  -1.5385480e-03   4.2947261e-04   7.3031779e-04   2.3429981e-04   1.7110537e-02   1.0698710e-01   2.3671299e-06   1.8444672e-07   5.3336407e-07   1.1355226e-02   4.0950810e-02  -2.2516070e-02  -9.3324978e-04  -2.1068262e-04  -8.7314760e-05   1.2894116e-04   1.6769688e-03   5.0697341e-04   8.7095515e-07   4.4387166e-08   7.6238673e-09
   1.0000000e+00   1.9485973e-03  -1.4912595e-01   2.0278134e-01   9.2087773e-05   6.3323068e-04   4.3669585e-04   3.7970314e-06   2.2238549e-02   4.1120272e-02   8.4801579e-09   4.0098109e-07   1.9070327e-07   1.7255452e-02  -1.8318700e-02  -1.2430749e-01   1.6306358e-03   2.0375807e-04  -2.9362194e-04   2.9775063e-04   3.3557477e-04   1.5452352e-02   2.6589730e-06   4.1517351e-08   8.6213844e-08
   1.0000000e+00   1.2210724e-02  -1.1972385e-01   1.3807148e-01  -1.4976485e-03   5.7815636e-04   4.4674795e-04   1.4910178e-04   1.4333800e-02   1.9063734e-02   2.2429510e-06   3.3426478e-07   1.9958373e-07   1.0262127e-02   2.9402100e-02  -6.4709860e-02  -1.5897363e-03  -5.5074320e-05   1.0052100e-05   1.0531124e-04   8.6448348e-04   4.1873660e-03   2.5272614e-06   3.0331807e-09   1.0104471e-10
   1.0000000e+00   8.3277697e-03  -6.0742345e-02   1.5097199e-01  -3.1749899e-04   8.7643483e-04   4.9275503e-04   6.9351748e-05   3.6896325e-03   2.2792542e-02   1.0080561e-07   7.6813801e-07   2.4280752e-07  -3.8829543e-03   5.8981505e-02   1.2900510e-02   1.1801495e-03   2.9827847e-04   4.6007080e-05   1.5077334e-05   3.4788179e-03   1.6642316e-04   1.3927529e-06   8.8970046e-08   2.1166514e-09
   1.0000000e+00   3.9188278e-02  -9.2174728e-02   1.2474979e-01  -9.3492259e-04   3.8974244e-04   5.8520072e-04   1.5357211e-03   8.4961805e-03   1.5562510e-02   8.7408025e-07   1.5189917e-07   3.4245988e-07   3.0860508e-02  -3.1432383e-02  -2.6222200e-02  -6.1742360e-04  -4.8669239e-04   9.2445690e-05   9.5237097e-04   9.8799470e-04   6.8760377e-04   3.8121190e-07   2.3686948e-07   8.5462056e-09
   1.0000000e+00   3.3736190e-02  -7.7891721e-02   1.5660988e-01  -1.2577004e-03   2.8397725e-04   6.4483862e-04   1.1381305e-03   6.0671202e-03   2.4526655e-02   1.5818103e-06   8.0643079e-08   4.1581685e-07  -5.4520880e-03   1.4283007e-02   3.1860090e-02  -3.2277781e-04  -1.0576519e-04   5.9637900e-05   2.9725264e-05   2.0400429e-04   1.0150653e-03   1.0418551e-07   1.1186275e-08   3.5566791e-09
   1.0000000e+00   2.6418593e-02  -1.0300982e-01   1.8619696e-01  -4.2262941e-04   4.4436917e-04   7.1417980e-04   6.9794206e-04   1.0611023e-02   3.4669308e-02   1.7861562e-07   1.9746396e-07   5.1005279e-07  -7.3175970e-03  -2.5118099e-02   2.9587080e-02   8.3507099e-04   1.6039192e-04   6.9341180e-05   5.3547226e-05   6.3091890e-04   8.7539530e-04   6.9734356e-07   2.5725568e-08   4.8081992e-09
   1.0000000e+00   1.0922739e-02  -1.7790459e-01   1.8414208e-01  -6.8778787e-04   4.8114803e-04   6.8784712e-04   1.1930623e-04   3.1650043e-02   3.3908306e-02   4.7305215e-07   2.3150343e-07   4.7313366e-07  -1.5495854e-02  -7.4894770e-02  -2.0548800e-03  -2.6515846e-04   3.6778860e-05  -2.6332680e-05   2.4012149e-04   5.6092266e-03   4.2225318e-06   7.0309009e-08   1.3526845e-09   6.9341004e-10
   1.0000000e+00   2.6245972e-03  -2.7492514e-02   2.8763693e-01  -1.4276615e-03  -1.0467980e-04   7.0220409e-04   6.8885105e-06   7.5583833e-04   8.2735003e-02   2.0382174e-06   1.0957861e-08   4.9309058e-07  -8.2981418e-03   1.5041208e-01   1.0349485e-01  -7.3987363e-04  -5.8582783e-04   1.4356970e-05   6.8859157e-05   2.2623793e-02   1.0711184e-02   5.4741299e-07   3.4319425e-07   2.0612259e-10
   1.0000000e+00  -1.7339042e-02  -1.2364137e-01   4.0527757e-01  -4.9012454e-05   8.2824564e-04   1.0628918e-03   3.0064238e-04   1.5287188e-02   1.6424991e-01   2.4022206e-09   6.8599084e-07   1.1297390e-06  -1.9963639e-02  -9.6148856e-02   1.1764064e-01   1.3786490e-03   9.3292544e-04   3.6068771e-04   3.9854689e-04   9.2446025e-03   1.3839320e-02   1.9006732e-06   8.7034988e-07   1.3009562e-07
   1.0000000e+00  -2.4111097e-02  -3.9715939e-02   3.0248514e-01  -1.1980212e-03   1.3638633e-03   1.2767804e-03   5.8134500e-04   1.5773558e-03   9.1497260e-02   1.4352548e-06   1.8601231e-06   1.6301682e-06  -6.7720550e-03   8.3925431e-02  -1.0279243e-01  -1.1490087e-03   5.3561766e-04   2.1388860e-04   4.5860729e-05   7.0434780e-03   1.0566284e-02   1.3202211e-06   2.8688628e-07   4.5748333e-08
   1.0000000e+00  -4.5787315e-02  -6.9111072e-02   3.4922211e-01   2.0749792e-04   1.3111688e-03   8.1439537e-04   2.0964782e-03   4.7763403e-03   1.2195608e-01   4.3055387e-08   1.7191636e-06   6.6323982e-07  -2.1676218e-02  -2.9395133e-02   4.6736970e-02   1.4055191e-03  -5.2694500e-05  -4.6238503e-04   4.6985843e-04   8.6407384e-04   2.1843444e-03   1.9754840e-06   2.7767103e-09   2.1379992e-07
   1.0000000e+00  -2.9676640e-02  -9.6153884e-02   3.0394565e-01  -1.3919088e-04   5.1433760e-04   3.7645453e-04   8.8070296e-04   9.2455694e-03   9.2382958e-02   1.9374101e-08   2.6454317e-07   1.4171801e-07   1.6110675e-02  -2.7042812e-02  -4.5276460e-02  -3.4668880e-04  -7.9683120e-04  -4.3794084e-04   2.5955385e-04   7.3131368e-04   2.0499578e-03   1.2019312e-07   6.3493996e-07   1.9179218e-07
   1.0000000e+00  -4.1055797e-02  -6.8500482e-02   3.9279432e-01  -5.7257721e-04   8.2986468e-04   4.9743966e-04   1.6855785e-03   4.6923160e-03   1.5428738e-01   3.2784466e-07   6.8867539e-07   2.4744622e-07  -1.1379157e-02   2.7653402e-02   8.8848670e-02  -4.3338633e-04   3.1552708e-04   1.2098513e-04   1.2948521e-04   7.6471064e-04   7.8940862e-03   1.8782371e-07   9.9557338e-08   1.4637402e-08
   1.0000000e+00  -3.2753307e-02  -1.0533308e-01   3.6195496e-01   3.7902728e-04   1.2930694e-03   4.7403446e-04   1.0727791e-03   1.1095058e-02   1.3101139e-01   1.4366168e-07   1.6720285e-06   2.2470867e-07   8.3024900e-03  -3.6832598e-02  -3.0839360e-02   9.5160449e-04   4.6320472e-04  -2.3405200e-05   6.8931340e-05   1.3566403e-03   9.5106613e-04   9.0555111e-07   2.1455861e-07   5.4780339e-10
   1.0000000e+00  -2.0589517e-02  -1.3897421e-01   4.2742751e-01  -6.4598646e-04   7.7814954e-04   1.2894919e-03   4.2392821e-04   1.9313831e-02   1.8269428e-01   4.1729851e-07   6.0551671e-07   1.6627894e-06   1.2163790e-02  -3.3641130e-02   6.5472550e-02  -1.0250137e-03  -5.1491986e-04   8.1545744e-04   1.4795779e-04   1.1317256e-03   4.2866548e-03   1.0506532e-06   2.6514246e-07   6.6497084e-07
   1.0000000e+00  -3.1363240e-02  -1.0711682e-01   4.3265376e-01  -5.4041118e-04   3.5599139e-04   1.2204166e-03   9.8365282e-04   1.1474013e-02   1.8718928e-01   2.9204424e-07   1.2672987e-07   1.4894167e-06  -1.0773723e-02   3.1857390e-02   5.2262500e-03   1.0557528e-04  -4.2215815e-04  -6.9075300e-05   1.1607311e-04   1.0148933e-03   2.7313689e-05   1.1146140e-08   1.7821750e-07   4.7713971e-09
   1.0000000e+00  -2.7662086e-02  -1.3325642e-01   4.5329412e-01   9.8259231e-05   3.6232340e-04   8.8695680e-04   7.6519100e-04   1.7757273e-02   2.0547556e-01   9.6548765e-09   1.3127825e-07   7.8669237e-07   3.7011540e-03  -2.6139600e-02   2.0640360e-02   6.3867041e-04   6.3320100e-06  -3.3345980e-04   1.3698541e-05   6.8327869e-04   4.2602446e-04   4.0789989e-07   4.0094351e-11   1.1119544e-07
   1.0000000e+00  -3.6655050e-02  -1.2801220e-01   4.6575261e-01  -3.0554566e-04   6.0718604e-04   1.3614783e-03   1.3435927e-03   1.6387123e-02   2.1692549e-01   9.3358150e-08   3.6867489e-07   1.8536232e-06  -8.9929640e-03   5.2442200e-03   1.2458490e-02  -4.0380489e-04   2.4486264e-04   4.7452150e-04   8.0873402e-05   2.7501843e-05   1.5521397e-04   1.6305839e-07   5.9957712e-08   2.2517065e-07
   1.0000000e+00  -4.2741265e-02  -1.1511726e-01   4.7369848e-01   3.5140339e-04   7.0270418e-04   1.4467702e-03   1.8268157e-03   1.3251984e-02   2.2439025e-01   1.2348434e-07   4.9379316e-07   2.0931440e-06  -6.0862150e-03   1.2894940e-02   7.9458700e-03   6.5694905e-04   9.5518140e-05   8.5291900e-05   3.7042013e-05   1.6627948e-04   6.3136850e-05   4.3158205e-07   9.1237151e-09   7.2747082e-09
   1.0000000e+00  -4.3727931e-02  -1.4155766e-01   4.3398440e-01  -5.0693707e-04   8.2560195e-04   1.1869522e-03   1.9121319e-03   2.0038571e-02   1.8834246e-01   2.5698519e-07   6.8161858e-07   1.4088555e-06  -9.8666600e-04  -2.6440400e-02  -3.9714080e-02  -8.5834046e-04   1.2289777e-04  -2.5981800e-04   9.7350980e-07   6.9909475e-04   1.5772082e-03   7.3674835e-07   1.5103862e-08   6.7505393e-08
   1.0000000e+00  -1.6225981e-02  -1.2460040e-01   3.1043875e-01  -2.1121578e-04   9.1456917e-04   9.9670043e-04   2.6328246e-04   1.5525260e-02   9.6372218e-02   4.4612106e-08   8.3643677e-07   9.9341175e-07   2.7501950e-02   1.6957260e-02  -1.2354565e-01   2.9572129e-04   8.8967220e-05  -1.9025177e-04   7.5635725e-04   2.8754867e-04   1.5263528e-02   8.7451081e-08   7.9151662e-09   3.6195736e-08
   1.0000000e+00  -1.6143629e-02  -1.7570737e-01   4.5724286e-01  -6.4865216e-04   4.8104204e-04   1.3760977e-03   2.6061676e-04   3.0873080e-02   2.0907103e-01   4.2074962e-07   2.3140144e-07   1.8936449e-06   8.2352000e-05  -5.1106970e-02   1.4680411e-01  -4.3743638e-04  -4.3352713e-04   3.7939727e-04   6.7818519e-09   2.6119224e-03   2.1551447e-02   1.9135059e-07   1.8794577e-07   1.4394229e-07
   1.0000000e+00  -1.3328314e-03  -1.4122331e-01   3.8237031e-01  -1.5821759e-05   2.0789024e-04   7.1566743e-04   1.7764395e-06   1.9944023e-02   1.4620705e-01   2.5032806e-10   4.3218352e-08   5.1217987e-07   1.4810798e-02   3.4484060e-02  -7.4872550e-02   6.3283040e-04  -2.7315180e-04  -6.6043027e-04   2.1935973e-04   1.1891504e-03   5.6058987e-03   4.0047432e-07   7.4611906e-08   4.3616814e-07
   1.0000000e+00  -1.0745762e-03  -1.7091385e-01   4.0470650e-01  -4.5709658e-04   2.0793258e-05   7.2629604e-04   1.1547140e-06   2.9211544e-02   1.6378735e-01   2.0893728e-07   4.3235958e-10   5.2750594e-07   2.5825520e-04  -2.9690540e-02   2.2336190e-02  -4.4127482e-04  -1.8709698e-04   1.0628610e-05   6.6695748e-08   8.8152817e-04   4.9890538e-04   1.9472347e-07   3.5005281e-08   1.1296735e-10
   1.0000000e+00  -1.4027475e-02  -1.5029326e-01   4.2140983e-01  -5.5943311e-04   1.3759634e-04   8.6858470e-04   1.9677005e-04   2.2588064e-02   1.7758624e-01   3.1296540e-07   1.8932753e-08   7.5443938e-07  -1.2952899e-02   2.0620590e-02   1.6703330e-02  -1.0233653e-04   1.1680308e-04   1.4228866e-04   1.6777759e-04   4.2520873e-04   2.7900123e-04   1.0472765e-08   1.3642960e-08   2.0246063e-08
   1.0000000e+00  -3.6103189e-02  -1.5708937e-01   4.2118739e-01  -2.6815356e-04   8.4495139e-04   1.1597872e-03   1.3034403e-03   2.4677070e-02   1.7739882e-01   7.1906332e-08   7.1394285e-07   1.3451063e-06  -2.2075714e-02  -6.7961100e-03  -2.2244000e-04   2.9127955e-04   7.0735505e-04   2.9120250e-04   4.8733715e-04   4.6187111e-05   4.9479554e-08   8.4843776e-08   5.0035117e-07   8.4798896e-08
   1.0000000e+00  -5.5877520e-02  -2.3381799e-01   4.3548765e-01  -5.1505488e-04   1.4175230e-03   1.2148707e-03   3.1222972e-03   5.4670852e-02   1.8964949e-01   2.6528153e-07   2.0093715e-06   1.4759108e-06  -1.9774331e-02  -7.6728620e-02   1.4300260e-02  -2.4690132e-04   5.7257161e-04   5.5083500e-05   3.9102417e-04   5.8872811e-03   2.0449744e-04   6.0960262e-08   3.2783825e-07   3.0341920e-09
   1.0000000e+00  -5.2847719e-02  -2.0505987e-01   4.0834494e-01   7.2168561e-04   1.0276862e-03   9.0142481e-04   2.7928814e-03   4.2049550e-02   1.6674559e-01   5.2083012e-07   1.0561389e-06   8.1256669e-07   3.0298010e-03   2.8758120e-02  -2.7142710e-02   1.2367405e-03  -3.8983680e-04  -3.1344589e-04   9.1796941e-06   8.2702947e-04   7.3672671e-04   1.5295270e-06   1.5197273e-07   9.8248326e-08
   1.0000000e+00  -4.2447416e-02  -2.1867989e-01   4.0831908e-01   5.6689604e-04   1.4777981e-03   1.2589828e-03   1.8017831e-03   4.7820894e-02   1.6672447e-01   3.2137112e-07   2.1838872e-06   1.5850377e-06   1.0400303e-02  -1.3620020e-02  -2.5860000e-05  -1.5478957e-04   4.5011190e-04   3.5755799e-04   1.0816630e-04   1.8550494e-04   6.6873960e-10   2.3959811e-08   2.0260072e-07   1.2784772e-07
   1.0000000e+00  -5.2313369e-02  -1.8745677e-01   4.0265073e-01   6.9571589e-04   1.5255960e-03   1.0524405e-03   2.7366886e-03   3.5140041e-02   1.6212761e-01   4.8402060e-07   2.3274432e-06   1.1076310e-06  -9.8659530e-03   3.1223120e-02  -5.6683500e-03   1.2881985e-04   4.7797900e-05  -2.0654230e-04   9.7337029e-05   9.7488322e-04   3.2130192e-05   1.6594554e-08   2.2846392e-09   4.2659722e-08
   1.0000000e+00  -5.8703083e-02  -1.8306582e-01   3.9354873e-01   1.3160378e-03   1.8859005e-03   1.2324157e-03   3.4460520e-03   3.3513094e-02   1.5488060e-01   1.7319555e-06   3.5566207e-06   1.5188485e-06  -6.3897140e-03   4.3909500e-03  -9.1020000e-03   6.2032191e-04   3.6030450e-04   1.7997520e-04   4.0828445e-05   1.9280442e-05   8.2846404e-05   3.8479927e-07   1.2981933e-07   3.2391073e-08
   1.0000000e+00  -6.0643719e-02  -1.7503174e-01   4.3318716e-01   5.0591978e-04   1.5431904e-03   1.1186888e-03   3.6776607e-03   3.0636110e-02   1.8765112e-01   2.5595482e-07   2.3814366e-06   1.2514646e-06  -1.9406360e-03   8.0340800e-03   3.9638430e-02  -8.1011802e-04  -3.4271010e-04  -1.1372690e-04   3.7660681e-06   6.4546441e-05   1.5712051e-03   6.5629121e-07   1.1745021e-07   1.2933808e-08
   1.0000000e+00   1.4032977e-02  -1.7699822e-01   6.8686645e-02   1.5220772e-03   1.2986684e-03   5.4062167e-04   1.9692444e-04   3.1328370e-02   4.7178552e-03   2.3167190e-06   1.6865396e-06   2.9227179e-07   7.4676696e-02  -1.9664800e-03  -3.6450052e-01   1.0161574e-03  -2.4452200e-04  -5.7806713e-04   5.5766089e-03   3.8670436e-06   1.3286063e-01   1.0325759e-06   5.9791008e-08   3.3416161e-07
   1.0000000e+00  -1.2947957e-02  -1.8722901e-01   2.4217504e-01  -1.9549863e-04   1.2429680e-03   1.0977203e-03   1.6764959e-04   3.5054702e-02   5.8648750e-02   3.8219714e-08   1.5449694e-06   1.2049899e-06  -2.6980934e-02  -1.0230790e-02   1.7348840e-01  -1.7175758e-03  -5.5700400e-05   5.5709863e-04   7.2797080e-04   1.0466906e-04   3.0098223e-02   2.9500667e-06   3.1025346e-09   3.1035888e-07
   1.0000000e+00  -6.9865948e-03  -2.0675179e-01   3.4975645e-01   1.3511506e-04   1.2629777e-03   1.2313043e-03   4.8812507e-05   4.2746303e-02   1.2232957e-01   1.8256079e-08   1.5951127e-06   1.5161103e-06   5.9613622e-03  -1.9522780e-02   1.0758141e-01   3.3061369e-04   2.0009700e-05   1.3358400e-04   3.5537839e-05   3.8113894e-04   1.1573760e-02   1.0930541e-07   4.0038809e-10   1.7844685e-08
   1.0000000e+00   7.4330732e-02  -2.4704512e-01   2.8273350e-01  -5.8954852e-04   7.5546050e-04   1.9742814e-03   5.5250577e-03   6.1031291e-02   7.9938232e-02   3.4756746e-07   5.7072057e-07   3.8977870e-06   8.1317327e-02  -4.0293330e-02  -6.7022950e-02  -7.2466358e-04  -5.0751720e-04   7.4297710e-04   6.6125076e-03   1.6235524e-03   4.4920758e-03   5.2513730e-07   2.5757371e-07   5.5201497e-07
   1.0000000e+00  -8.4229724e-03  -2.6312109e-01   3.6700125e-01   1.2382010e-03   1.5326242e-03   1.6339875e-03   7.0946464e-05   6.9232708e-02   1.3468992e-01   1.5331417e-06   2.3489369e-06   2.6699152e-06  -8.2753704e-02  -1.6075970e-02   8.4267750e-02   1.8277495e-03   7.7716370e-04  -3.4029390e-04   6.8481756e-03   2.5843681e-04   7.1010537e-03   3.3406683e-06   6.0398342e-07   1.1579994e-07
   1.0000000e+00  -9.3840508e-03  -2.1407594e-01   2.0781223e-01   6.3572787e-04   1.6109647e-03   1.0425797e-03   8.8060409e-05   4.5828508e-02   4.3185923e-02   4.0414992e-07   2.5952073e-06   1.0869724e-06  -9.6107840e-04   4.9045150e-02  -1.5918902e-01  -6.0247313e-04   7.8340500e-05  -5.9140780e-04   9.2367169e-07   2.4054267e-03   2.5341144e-02   3.6297387e-07   6.1372339e-09   3.4976319e-07
   1.0000000e+00   1.9439006e-03  -1.8222598e-01   2.6622786e-01   1.5586117e-03   1.3540600e-03   1.1925960e-03   3.7787495e-06   3.3206308e-02   7.0877273e-02   2.4292704e-06   1.8334785e-06   1.4222852e-06   1.1327951e-02   3.1849960e-02   5.8415630e-02   9.2288383e-04  -2.5690470e-04   1.5001630e-04   1.2832248e-04   1.0144200e-03   3.4123858e-03   8.5171456e-07   6.6000025e-08   2.2504890e-08
   1.0000000e+00   1.0603587e-02  -1.9018090e-01   1.1903564e-01   9.2811658e-04   1.5294353e-03   1.2648440e-03   1.1243606e-04   3.6168775e-02   1.4169484e-02   8.6140039e-07   2.3391723e-06   1.5998303e-06   8.6596864e-03  -7.9549200e-03  -1.4719222e-01  -6.3049512e-04   1.7537530e-04   7.2248000e-05   7.4990169e-05   6.3280752e-05   2.1665550e-02   3.9752410e-07   3.0756496e-08   5.2197735e-09
   1.0000000e+00   5.7621673e-02  -1.7201175e-01   1.1997507e-01   9.0919028e-04   5.0556880e-04   1.2358182e-03   3.3202572e-03   2.9588042e-02   1.4394017e-02   8.2662697e-07   2.5559981e-07   1.5272466e-06   4.7018086e-02   1.8169150e-02   9.3943000e-04  -1.8926300e-05  -1.0238665e-03  -2.9025800e-05   2.2107004e-03   3.3011801e-04   8.8252872e-07   3.5820483e-10   1.0483026e-06   8.4249707e-10
   1.0000000e+00   6.0834191e-02  -2.2272988e-01   2.5055654e-01   1.4640201e-03   1.9154792e-04   2.4112763e-03   3.7007988e-03   4.9608599e-02   6.2778580e-02   2.1433549e-06   3.6690606e-08   5.8142534e-06   3.2125180e-03  -5.0718130e-02   1.3058147e-01   5.5482982e-04  -3.1402088e-04   1.1754581e-03   1.0320272e-05   2.5723287e-03   1.7051520e-02   3.0783613e-07   9.8609113e-08   1.3817017e-06
   1.0000000e+00   2.6200602e-02  -1.8063198e-01   3.3447542e-01   9.9078539e-04   7.0055860e-04   2.1735067e-03   6.8647155e-04   3.2627912e-02   1.1187381e-01   9.8165569e-07   4.9078235e-07   4.7241314e-06  -3.4633589e-02   4.2097900e-02   8.3918880e-02  -4.7323471e-04   5.0901068e-04  -2.3776960e-04   1.1994855e-03   1.7722332e-03   7.0423784e-03   2.2395109e-07   2.5909187e-07   5.6534383e-08
   1.0000000e+00   3.3055603e-02  -2.3580069e-01   2.3474128e-01   1.0437972e-03   6.9813673e-04   2.1023720e-03   1.0926729e-03   5.5601965e-02   5.5103469e-02   1.0895126e-06   4.8739489e-07   4.4199680e-06   6.8550010e-03  -5.5168710e-02  -9.9734140e-02   5.3011810e-05  -2.4218700e-06  -7.1134700e-05   4.6991039e-05   3.0435866e-03   9.9468987e-03   2.8102520e-09   5.8654543e-12   5.0601455e-09
   1.0000000e+00   3.2016683e-02  -1.4608158e-01   1.9383517e-01   1.5218016e-03   8.4593287e-04   1.3753360e-03   1.0250680e-03   2.1339828e-02   3.7572073e-02   2.3158801e-06   7.1560242e-07   1.8915491e-06  -1.0389200e-03   8.9719110e-02  -4.0906110e-02   4.7800440e-04   1.4779614e-04  -7.2703600e-04   1.0793548e-06   8.0495187e-03   1.6733098e-03   2.2848821e-07   2.1843699e-08   5.2858135e-07
   1.0000000e+00   2.2749837e-02  -2.3349135e-01   1.7073578e-01   3.6042249e-04   9.6896238e-04   1.0640458e-03   5.1755508e-04   5.4518211e-02   2.9150707e-02   1.2990437e-07   9.3888809e-07   1.1321935e-06  -9.2668460e-03  -8.7409770e-02  -2.3099390e-02  -1.1613791e-03   1.2302951e-04  -3.1129020e-04   8.5874435e-05   7.6404679e-03   5.3358182e-04   1.3488014e-06   1.5136260e-08   9.6901589e-08
   1.0000000e+00   2.0119882e-02  -1.7689907e-01   1.6054448e-01   8.4139677e-04   1.0224175e-03   8.9804955e-04   4.0480965e-04   3.1293281e-02   2.5774530e-02   7.0794852e-07   1.0453375e-06   8.0649299e-07  -2.6299550e-03   5.6592280e-02  -1.0191300e-02   4.8097428e-04   5.3455120e-05  -1.6599625e-04   6.9166633e-06   3.2026862e-03   1.0386260e-04   2.3133626e-07   2.8574499e-09   2.7554755e-08
   1.0000000e+00  -2.4462901e-03  -2.8586358e-01   2.6403038e-01   1.2068557e-04   1.3451908e-03   1.3461229e-03   5.9843353e-06   8.1717986e-02   6.9712042e-02   1.4565007e-08   1.8095383e-06   1.8120469e-06  -2.2566172e-02  -1.0896451e-01   1.0348590e-01  -7.2071120e-04   3.2277330e-04   4.4807335e-04   5.0923212e-04   1.1873264e-02   1.0709331e-02   5.1942463e-07   1.0418260e-07   2.0076973e-07
   1.0000000e+00  -2.5600455e-02  -2.2432589e-01   2.9673313e-01   9.8452921e-04   1.3546058e-03   1.6699769e-03   6.5538330e-04   5.0322105e-02   8.8050550e-02   9.6929777e-07   1.8349569e-06   2.7888228e-06  -2.3154165e-02   6.1537690e-02   3.2702750e-02   8.6384364e-04   9.4150000e-06   3.2385400e-04   5.3611535e-04   3.7868873e-03   1.0694699e-03   7.4622583e-07   8.8642225e-11   1.0488141e-07
   1.0000000e+00   6.0596198e-03  -3.1598241e-01   3.4061129e-01   2.6360203e-04   9.2811819e-04   1.8627615e-03   3.6718992e-05   9.9844883e-02   1.1601605e-01   6.9486030e-08   8.6140337e-07   3.4698804e-06   3.1660075e-02  -9.1656520e-02   4.3878160e-02  -7.2092718e-04  -4.2648761e-04   1.9278460e-04   1.0023603e-03   8.4009177e-03   1.9252929e-03   5.1973600e-07   1.8189168e-07   3.7165902e-08
   1.0000000e+00   1.2127242e-02  -2.5659517e-01   2.2329205e-01   1.5036669e-03   1.3618684e-03   1.9538498e-03   1.4707000e-04   6.5841081e-02   4.9859340e-02   2.2610141e-06   1.8546855e-06   3.8175290e-06   6.0676222e-03   5.9387240e-02  -1.1731924e-01   1.2400649e-03   4.3375021e-04   9.1088300e-05   3.6816039e-05   3.5268443e-03   1.3763804e-02   1.5377609e-06   1.8813924e-07   8.2970784e-09
   1.0000000e+00   1.8594412e-02  -3.2845443e-01   2.7484202e-01  -1.2145073e-04   9.1387093e-04   2.1241388e-03   3.4575216e-04   1.0788231e-01   7.5538136e-02   1.4750280e-08   8.3516008e-07   4.5119656e-06   6.4671700e-03  -7.1859260e-02   5.1549970e-02  -1.6251176e-03  -4.4799747e-04   1.7028900e-04   4.1824288e-05   5.1637532e-03   2.6573994e-03   2.6410073e-06   2.0070173e-07   2.8998344e-08
   1.0000000e+00   4.5509213e-02  -2.2492821e-01   1.2984465e-01   1.6186634e-03   7.0348291e-04   1.4684508e-03   2.0710885e-03   5.0592700e-02   1.6859633e-02   2.6200712e-06   4.9488820e-07   2.1563478e-06   2.6914801e-02   1.0352622e-01  -1.4499737e-01   1.7401141e-03  -2.1038802e-04  -6.5568800e-04   7.2440651e-04   1.0717678e-02   2.1024237e-02   3.0279972e-06   4.4263119e-08   4.2992675e-07
   1.0000000e+00   4.2938866e-02  -2.8772284e-01   2.6647442e-01   6.9097893e-05   6.0454924e-04   1.8092396e-03   1.8437462e-03   8.2784433e-02   7.1008617e-02   4.7745188e-09   3.6547978e-07   3.2733479e-06  -2.5703470e-03  -6.2794630e-02   1.3662977e-01  -1.5495655e-03  -9.8933670e-05   3.4078880e-04   6.6066837e-06   3.9431656e-03   1.8667694e-02   2.4011533e-06   9.7878711e-09   1.1613701e-07
   1.0000000e+00   3.3379839e-02  -2.5711286e-01   2.0023521e-01   1.0317248e-03   1.0643173e-03   1.6089982e-03   1.1142137e-03   6.6107023e-02   4.0094139e-02   1.0644561e-06   1.1327713e-06   2.5888752e-06  -9.5590270e-03   3.0609980e-02  -6.6239210e-02   9.6262691e-04   4.5976806e-04  -2.0024140e-04   9.1374997e-05   9.3697088e-04   4.3876329e-03   9.2665056e-07   2.1138667e-07   4.0096618e-08
   1.0000000e+00   4.5845073e-02  -3.2539930e-01   2.2216158e-01  -3.4115116e-04   7.4621742e-04   1.4661933e-03   2.1017707e-03   1.0588470e-01   4.9355768e-02   1.1638411e-07   5.5684044e-07   2.1497228e-06   1.2465234e-02  -6.8286440e-02   2.1926370e-02  -1.3728760e-03  -3.1809988e-04  -1.4280490e-04   1.5538206e-04   4.6630379e-03   4.8076570e-04   1.8847884e-06   1.0118753e-07   2.0393239e-08
   1.0000000e+00   6.2642915e-02  -2.2726585e-01   1.0613482e-01   1.5383460e-03   6.6034325e-04   1.2918371e-03   3.9241348e-03   5.1649767e-02   1.1264600e-02   2.3665084e-06   4.3605321e-07   1.6688431e-06   1.6797842e-02   9.8133450e-02  -1.1602676e-01   1.8794972e-03  -8.5874170e-05  -1.7435620e-04   2.8216750e-04   9.6301740e-03   1.3462209e-02   3.5325096e-06   7.3743731e-09   3.0400084e-08
   1.0000000e+00   7.9378358e-02  -2.1903215e-01   3.0319991e-02   9.6963690e-04   7.0881220e-04   1.0700662e-03   6.3009237e-03   4.7975083e-02   9.1930185e-04   9.4019572e-07   5.0241473e-07   1.1450417e-06   1.6735443e-02   8.2337000e-03  -7.5814829e-02  -5.6870910e-04   4.8468950e-05  -2.2177090e-04   2.8007505e-04   6.7793816e-05   5.7478883e-03   3.2343004e-07   2.3492391e-09   4.9182332e-08
   1.0000000e+00   5.0445641e-02  -2.2552808e-01   1.9735368e-01  -2.8521236e-05   7.5523049e-04   1.6278566e-03   2.5447627e-03   5.0862915e-02   3.8948475e-02   8.1346090e-10   5.7037309e-07   2.6499171e-06  -2.8932717e-02  -6.4959300e-03   1.6703369e-01  -9.9815814e-04   4.6418290e-05   5.5779040e-04   8.3710211e-04   4.2197107e-05   2.7900253e-02   9.9631966e-07   2.1546576e-09   3.1113013e-07
   1.0000000e+00   7.8832894e-02  -1.9418756e-01   2.1935045e-02   1.6644510e-03   7.6745947e-04   1.4512319e-03   6.2146252e-03   3.7708808e-02   4.8114620e-04   2.7703971e-06   5.8899404e-07   2.1060740e-06   2.8387253e-02   3.1340520e-02  -1.7541863e-01   1.6929722e-03   1.2228980e-05  -1.7662470e-04   8.0583613e-04   9.8222819e-04   3.0771698e-02   2.8661550e-06   1.4954795e-10   3.1196285e-08
   1.0000000e+00   9.1456997e-02  -2.7572895e-01   1.5201243e-01   2.5047775e-04  -1.4376472e-04   1.7764994e-03   8.3643823e-03   7.6026454e-02   2.3107779e-02   6.2739103e-08   2.0668295e-08   3.1559501e-06   1.2624103e-02  -8.1541390e-02   1.3007738e-01  -1.4139732e-03  -9.1122419e-04   3.2526750e-04   1.5936798e-04   6.6489983e-03   1.6920126e-02   1.9993204e-06   8.3032952e-07   1.0579895e-07
   1.0000000e+00   8.1018201e-02  -2.5373160e-01   7.4495152e-02   1.9649873e-03   3.8176663e-04   1.4796530e-03   6.5639489e-03   6.4379725e-02   5.5495277e-03   3.8611751e-06   1.4574576e-07   2.1893730e-06  -1.0438796e-02   2.1997350e-02  -7.7517278e-02   1.7145096e-03   5.2553135e-04  -2.9684640e-04   1.0896846e-04   4.8388341e-04   6.0089284e-03   2.9395430e-06   2.7618320e-07   8.8117785e-08
   1.0000000e+00   5.7272321e-02  -3.0674652e-01   1.8770962e-01   2.7558588e-04   6.2347428e-04   1.7008815e-03   3.2801188e-03   9.4093428e-02   3.5234901e-02   7.5947577e-08   3.8872018e-07   2.8929979e-06  -2.3745880e-02  -5.3014920e-02   1.1321447e-01  -1.6894014e-03   2.4170765e-04   2.2122850e-04   5.6386682e-04   2.8105817e-03   1.2817516e-02   2.8540772e-06   5.8422588e-08   4.8942049e-08
   1.0000000e+00   4.9218563e-02  -2.5444005e-01   2.8035300e-02   1.7014777e-03   1.0502969e-03   1.3618932e-03   2.4224669e-03   6.4739739e-02   7.8597805e-04   2.8950264e-06   1.1031236e-06   1.8547531e-06  -8.0537580e-03   5.2306470e-02  -1.5967432e-01   1.4258918e-03   4.2682262e-04  -3.3898830e-04   6.4863018e-05   2.7359668e-03   2.5495888e-02   2.0331675e-06   1.8217755e-07   1.1491307e-07
   1.0000000e+00   4.7073464e-02  -3.2543712e-01   1.6418060e-01   1.5867696e-04   6.3419891e-04   1.4429818e-03   2.2159110e-03   1.0590932e-01   2.6955269e-02   2.5178378e-08   4.0220826e-07   2.0821965e-06  -2.1450990e-03  -7.0997070e-02   1.3614530e-01  -1.5428007e-03  -4.1609799e-04   8.1088600e-05   4.6014497e-06   5.0405839e-03   1.8535543e-02   2.3802341e-06   1.7313754e-07   6.5753610e-09
   1.0000000e+00   3.8604144e-02  -2.8163233e-01   8.9227134e-02   5.9768576e-04   1.0430920e-03   1.3533986e-03   1.4902799e-03   7.9316769e-02   7.9614814e-03   3.5722827e-07   1.0880409e-06   1.8316878e-06  -8.4693200e-03   4.3804790e-02  -7.4953466e-02   4.3900880e-04   4.0889309e-04  -8.9583200e-05   7.1729381e-05   1.9188596e-03   5.6180221e-03   1.9272873e-07   1.6719356e-07   8.0251497e-09
   1.0000000e+00   3.9875847e-02  -3.0603680e-01   1.3944689e-01  -4.6176477e-04   7.4836852e-04   1.1383637e-03   1.5900832e-03   9.3658523e-02   1.9445435e-02   2.1322670e-07   5.6005544e-07   1.2958719e-06   1.2717030e-03  -2.4404470e-02   5.0219756e-02  -1.0594505e-03  -2.9472348e-04  -2.1503490e-04   1.6172285e-06   5.9557816e-04   2.5220239e-03   1.1224354e-06   8.6861930e-08   4.6240008e-08
   1.0000000e+00   6.4254053e-02  -2.8224931e-01   7.3944472e-02   1.3126288e-03   8.9175918e-04   1.0339356e-03   4.1285833e-03   7.9664673e-02   5.4677849e-03   1.7229944e-06   7.9523444e-07   1.0690228e-06   2.4378206e-02   2.3787490e-02  -6.5502418e-02   1.7743936e-03   1.4339066e-04  -1.0442810e-04   5.9429693e-04   5.6584468e-04   4.2905668e-03   3.1484725e-06   2.0560881e-08   1.0905228e-08
   1.0000000e+00   6.6745497e-02  -2.8602866e-01   8.2094963e-02   7.5854568e-06   8.3972831e-04   1.1723707e-03   4.4549614e-03   8.1812394e-02   6.7395829e-03   5.7539155e-11   7.0514363e-07   1.3744531e-06   2.4914440e-03  -3.7793500e-03   8.1504910e-03  -1.3050433e-03  -5.2030870e-05   1.3843510e-04   6.2072932e-06   1.4283486e-05   6.6430504e-05   1.7031381e-06   2.7072114e-09   1.9164277e-08
   1.0000000e+00   7.3749937e-02  -2.9188542e-01   9.3006804e-02   1.1184430e-03   6.9000543e-04   1.4264626e-03   5.4390532e-03   8.5197098e-02   8.6502656e-03   1.2509147e-06   4.7610749e-07   2.0347955e-06   7.0044400e-03  -5.8567600e-03   1.0911841e-02   1.1108575e-03  -1.4972288e-04   2.5409190e-04   4.9062180e-05   3.4301638e-05   1.1906827e-04   1.2340045e-06   2.2416941e-08   6.4562694e-08
   1.0000000e+00   4.9656673e-02  -3.0823463e-01   2.2320296e-01   8.2452324e-04   7.9823878e-04   1.4368078e-03   2.4657852e-03   9.5008587e-02   4.9819561e-02   6.7983857e-07   6.3718515e-07   2.0644167e-06  -2.4093264e-02  -1.6349210e-02   1.3019616e-01  -2.9391976e-04   1.0823335e-04   1.0345200e-05   5.8048537e-04   2.6729667e-04   1.6951039e-02   8.6388825e-08   1.1714458e-08   1.0702316e-10
   1.0000000e+00   3.6445966e-02  -3.1957298e-01   2.0256108e-01   4.9383624e-04   9.0173628e-04   1.4694779e-03   1.3283084e-03   1.0212689e-01   4.1030991e-02   2.4387423e-07   8.1312832e-07   2.1593653e-06  -1.3210707e-02  -1.1338350e-02  -2.0641880e-02  -3.3068700e-04   1.0349750e-04   3.2670100e-05   1.7452278e-04   1.2855818e-04   4.2608721e-04   1.0935389e-07   1.0711733e-08   1.0673354e-09
   1.0000000e+00   4.4276264e-02  -3.3013193e-01   1.8825185e-01   1.5575333e-03   9.5532411e-04   1.7026918e-03   1.9603876e-03   1.0898709e-01   3.5438759e-02   2.4259100e-06   9.1264416e-07   2.8991594e-06   7.8302980e-03  -1.0558950e-02  -1.4309230e-02   1.0636971e-03   5.3587830e-05   2.3321390e-04   6.1313567e-05   1.1149143e-04   2.0475406e-04   1.1314514e-06   2.8716555e-09   5.4388723e-08
   1.0000000e+00   4.6946129e-02  -2.8612095e-01   1.2385458e-01   5.7405554e-04   1.1613528e-03   1.5672959e-03   2.2039390e-03   8.1865198e-02   1.5339957e-02   3.2953976e-07   1.3487403e-06   2.4564164e-06   2.6698650e-03   4.4010980e-02  -6.4397270e-02  -9.8347776e-04   2.0602869e-04  -1.3539590e-04   7.1281791e-06   1.9369664e-03   4.1470084e-03   9.6722850e-07   4.2447821e-08   1.8332050e-08
   1.0000000e+00   4.7825083e-02  -3.2508367e-01   1.9897557e-01   4.0504781e-04   9.1257440e-04   1.6001063e-03   2.2872386e-03   1.0567939e-01   3.9591277e-02   1.6406373e-07   8.3279204e-07   2.5603402e-06   8.7895400e-04  -3.8962720e-02   7.5120990e-02  -1.6900773e-04  -2.4877840e-04   3.2810400e-05   7.7256013e-07   1.5180935e-03   5.6431631e-03   2.8563613e-08   6.1890692e-08   1.0765223e-09
   1.0000000e+00   7.8628699e-02  -2.7627412e-01  -7.8083469e-03   1.9302688e-03   5.9476710e-04   1.3750491e-03   6.1824723e-03   7.6327389e-02   6.0970281e-05   3.7259376e-06   3.5374790e-07   1.8907600e-06   3.0803616e-02   4.8809550e-02  -2.0678392e-01   1.5252210e-03  -3.1780730e-04  -2.2505720e-04   9.4886276e-04   2.3823722e-03   4.2759588e-02   2.3262991e-06   1.0100148e-07   5.0650743e-08
   1.0000000e+00   9.2120978e-02  -2.7681622e-01   6.1311785e-02   3.7240221e-04   2.2321992e-04   1.4395877e-03   8.4862746e-03   7.6627220e-02   3.7591350e-03   1.3868341e-07   4.9827133e-08   2.0724127e-06   1.3492279e-02  -5.4210000e-04   6.9120132e-02  -1.5578666e-03  -3.7154718e-04   6.4538600e-05   1.8204159e-04   2.9387241e-07   4.7775926e-03   2.4269483e-06   1.3804731e-07   4.1652309e-09
   1.0000000e+00   5.0136063e-02  -3.0185568e-01   1.0888113e-01   8.0744100e-04   1.0459284e-03   1.5504646e-03   2.5136248e-03   9.1116852e-02   1.1855100e-02   6.5196097e-07   1.0939662e-06   2.4039405e-06  -4.1984915e-02  -2.5039460e-02   4.7569345e-02   4.3503879e-04   8.2270848e-04   1.1087690e-04   1.7627331e-03   6.2697456e-04   2.2628426e-03   1.8925875e-07   6.7684924e-07   1.2293687e-08
   1.0000000e+00   5.1257173e-02  -3.0320871e-01   1.0400481e-01   1.5396900e-04   9.4939976e-04   1.3393034e-03   2.6272978e-03   9.1935522e-02   1.0817001e-02   2.3706453e-08   9.0135990e-07   1.7937336e-06   1.1211100e-03  -1.3530300e-03  -4.8763200e-03  -6.5347200e-04  -9.6528640e-05  -2.1116120e-04   1.2568876e-06   1.8306902e-06   2.3778497e-05   4.2702565e-07   9.3177783e-09   4.4589052e-08
   1.0000000e+00   5.1690666e-02  -3.6425634e-01   1.1616717e-01   8.6964039e-04   9.5825800e-04   1.5315088e-03   2.6719250e-03   1.3268268e-01   1.3494811e-02   7.5627441e-07   9.1825839e-07   2.3455192e-06   4.3349300e-04  -6.1047630e-02   1.2162360e-02   7.1567139e-04   8.8582400e-06   1.9220540e-04   1.8791618e-07   3.7268131e-03   1.4792300e-04   5.1218554e-07   7.8468416e-11   3.6942916e-08
   1.0000000e+00   6.1994227e-02  -2.8571847e-01   2.9883789e-02   8.5930929e-04   6.9204060e-04   1.3176480e-03   3.8432842e-03   8.1635044e-02   8.9304084e-04   7.3841246e-07   4.7892019e-07   1.7361963e-06   1.0303561e-02   7.8537870e-02  -8.6283381e-02  -1.0331100e-05  -2.6621740e-04  -2.1386080e-04   1.0616337e-04   6.1681970e-03   7.4448218e-03   1.0673163e-10   7.0871704e-08   4.5736442e-08
   1.0000000e+00   4.1067765e-02  -3.5563476e-01   1.6452820e-01   3.7312078e-04   1.1976784e-03   1.4511591e-03   1.6865613e-03   1.2647608e-01   2.7069529e-02   1.3921912e-07   1.4344335e-06   2.1058627e-06  -2.0926462e-02  -6.9916290e-02   1.3464441e-01  -4.8618851e-04   5.0563780e-04   1.3351110e-04   4.3791681e-04   4.8882876e-03   1.8129117e-02   2.3637927e-07   2.5566958e-07   1.7825214e-08
   1.0000000e+00   1.6721649e-02  -2.7064180e-01   1.2811276e-01   2.3307726e-04   1.3558189e-03   1.4508431e-03   2.7961355e-04   7.3246984e-02   1.6412879e-02   5.4325009e-08   1.8382449e-06   2.1049457e-06  -2.4346116e-02   8.4992960e-02  -3.6415440e-02  -1.4004352e-04   1.5814050e-04  -3.1600000e-07   5.9273336e-04   7.2238032e-03   1.3260843e-03   1.9612187e-08   2.5008418e-08   9.9856000e-14
   1.0000000e+00   2.0003020e-02  -3.4943977e-01   1.8757399e-01   3.5385261e-04   1.1869142e-03   1.3918905e-03   4.0012081e-04   1.2210815e-01   3.5184002e-02   1.2521167e-07   1.4087653e-06   1.9373592e-06   3.2813710e-03  -7.8797970e-02   5.9461230e-02   1.2077535e-04  -1.6890470e-04  -5.8952600e-05   1.0767396e-05   6.2091201e-03   3.5356379e-03   1.4586685e-08   2.8528798e-08   3.4754090e-09
   1.0000000e+00   2.7723105e-03  -2.6603118e-01   1.4022143e-01   4.8820435e-04   1.2747507e-03   1.3531550e-03   7.6857055e-06   7.0772589e-02   1.9662049e-02   2.3834349e-07   1.6249893e-06   1.8310285e-06  -1.7230710e-02   8.3408590e-02  -4.7352560e-02   1.3435174e-04   8.7836500e-05  -3.8735500e-05   2.9689735e-04   6.9569929e-03   2.2422649e-03   1.8050390e-08   7.7152507e-09   1.5004390e-09
   1.0000000e+00   2.2909588e-02  -3.1751914e-01   1.5235341e-01   6.3664686e-04   1.0346161e-03   1.1457254e-03   5.2484922e-04   1.0081840e-01   2.3211562e-02   4.0531922e-07   1.0704305e-06   1.3126867e-06   2.0137278e-02  -5.1487960e-02   1.2131980e-02   1.4844251e-04  -2.4013460e-04  -2.0742960e-04   4.0550995e-04   2.6510100e-03   1.4718494e-04   2.2035179e-08   5.7664626e-08   4.3027039e-08
   1.0000000e+00   2.3657800e-02  -3.0040149e-01   1.3319236e-01  -2.4878852e-04   1.0078650e-03   1.3079695e-03   5.5969150e-04   9.0241055e-02   1.7740205e-02   6.1895728e-08   1.0157919e-06   1.7107842e-06   7.4821200e-04   1.7117650e-02  -1.9161050e-02  -8.8543538e-04  -2.6751100e-05   1.6224410e-04   5.5982120e-07   2.9301394e-04   3.6714584e-04   7.8399581e-07   7.1562135e-10   2.6323148e-08
   1.0000000e+00   3.7837068e-02  -3.2597815e-01   1.1860279e-01   1.6898021e-03   1.2968397e-03   1.2884112e-03   1.4316437e-03   1.0626175e-01   1.4066622e-02   2.8554311e-06   1.6817932e-06   1.6600034e-06   1.4179268e-02  -2.5576660e-02  -1.4589570e-02   1.9385906e-03   2.8897470e-04  -1.9558300e-05   2.0105164e-04   6.5416554e-04   2.1285555e-04   3.7581336e-06   8.3506377e-08   3.8252710e-10
   1.0000000e+00   2.6909781e-02  -3.4343215e-01   1.6122115e-01  -1.7851246e-04   1.1225713e-03   1.5616433e-03   7.2413631e-04   1.1794564e-01   2.5992259e-02   3.1866698e-08   1.2601663e-06   2.4387298e-06  -1.0927287e-02  -1.7454000e-02   4.2618360e-02  -1.8683146e-03  -1.7426840e-04   2.7323210e-04   1.1940560e-04   3.0464212e-04   1.8163246e-03   3.4905993e-06   3.0369475e-08   7.4655780e-08
   1.0000000e+00   3.9790252e-02  -3.1030958e-01   1.3554341e-01   1.1809653e-03   8.5748923e-04   1.5064131e-03   1.5832642e-03   9.6292035e-02   1.8372016e-02   1.3946790e-06   7.3528778e-07   2.2692804e-06   1.2880471e-02   3.3122570e-02  -2.5677740e-02   1.3594778e-03  -2.6508207e-04  -5.5230200e-05   1.6590653e-04   1.0971046e-03   6.5934633e-04   1.8481798e-06   7.0268504e-08   3.0503750e-09
   1.0000000e+00   3.1605912e-02  -3.4397120e-01   1.4643607e-01  -2.5722660e-04   7.1851170e-04   1.3918209e-03   9.9893367e-04   1.1831619e-01   2.1443523e-02   6.6165524e-08   5.1625906e-07   1.9371654e-06  -8.1843400e-03  -3.3661620e-02   1.0892660e-02  -1.4381919e-03  -1.3897753e-04  -1.1459220e-04   6.6983421e-05   1.1331047e-03   1.1865004e-04   2.0683959e-06   1.9314754e-08   1.3131372e-08
   1.0000000e+00   2.6299436e-02  -3.2255479e-01   9.9274994e-02   1.4008511e-03   8.7942812e-04   1.2065614e-03   6.9166033e-04   1.0404159e-01   9.8555244e-03   1.9623838e-06   7.7339382e-07   1.4557904e-06  -5.3064760e-03   2.1416410e-02  -4.7161076e-02   1.6580777e-03   1.6091642e-04  -1.8525950e-04   2.8158688e-05   4.5866262e-04   2.2241671e-03   2.7492217e-06   2.5894094e-08   3.4321082e-08
   1.0000000e+00   4.0380104e-02  -2.9063245e-01  -6.6644669e-03   2.8518205e-04   9.9917928e-04   1.1468867e-03   1.6305528e-03   8.4467221e-02   4.4415119e-05   8.1328802e-08   9.9835923e-07   1.3153491e-06   1.4080668e-02   3.1922340e-02  -1.0593946e-01  -1.1156691e-03   1.1975116e-04  -5.9674700e-05   1.9826521e-04   1.0190358e-03   1.1223169e-02   1.2447174e-06   1.4340340e-08   3.5610698e-09
   1.0000000e+00   2.7109866e-02  -3.2920214e-01   1.3580661e-01   8.0204864e-04   1.1806479e-03   1.2154889e-03   7.3494483e-04   1.0837405e-01   1.8443435e-02   6.4328202e-07   1.3939295e-06   1.4774133e-06  -1.3270238e-02  -3.8569690e-02   1.4247108e-01   5.1686659e-04   1.8146862e-04   6.8602200e-05   1.7609922e-04   1.4876210e-03   2.0298008e-02   2.6715107e-07   3.2930860e-08   4.7062618e-09
   1.0000000e+00   6.4326958e-02  -3.6247717e-01  -4.0181580e-02   8.3877137e-04   9.3675412e-04   1.0986897e-03   4.1379575e-03   1.3138970e-01   1.6145594e-03   7.0353741e-07   8.7750828e-07   1.2071191e-06   3.7217092e-02  -3.3275030e-02  -1.7598819e-01   3.6722730e-05  -2.4389378e-04  -1.1679920e-04   1.3851119e-03   1.1072276e-03   3.0971843e-02   1.3485589e-09   5.9484176e-08   1.3642053e-08
   1.0000000e+00   8.9681918e-02  -3.5083732e-01   7.6231719e-02  -6.5427892e-05   1.2466183e-04   1.2375782e-03   8.0428464e-03   1.2308683e-01   5.8112750e-03   4.2808091e-09   1.5540572e-08   1.5315998e-06   2.5354960e-02   1.1639850e-02   1.1641330e-01  -9.0419926e-04  -8.1209229e-04   1.3888850e-04   6.4287400e-04   1.3548611e-04   1.3552056e-02   8.1757631e-07   6.5949389e-07   1.9290015e-08
   1.0000000e+00   8.5169153e-02  -3.5490663e-01  -5.8532938e-02   1.9015732e-03   6.8438642e-04   1.2529728e-03   7.2537846e-03   1.2595872e-01   3.4261048e-03   3.6159806e-06   4.6838477e-07   1.5699408e-06  -4.5127650e-03  -4.0693100e-03  -1.3476466e-01   1.9670011e-03   5.5972459e-04   1.5394600e-05   2.0365048e-05   1.6559284e-05   1.8161513e-02   3.8690933e-06   3.1329162e-07   2.3699371e-10
   1.0000000e+00   9.1694157e-02  -3.8169095e-01   7.0619124e-02  -5.0184012e-04   4.1862843e-04   1.5600080e-03   8.4078184e-03   1.4568798e-01   4.9870607e-03   2.5184351e-07   1.7524976e-07   2.4336250e-06   6.5250040e-03  -2.6784320e-02   1.2915206e-01  -2.4034133e-03  -2.6575799e-04   3.0703520e-04   4.2575677e-05   7.1739980e-04   1.6680255e-02   5.7763956e-06   7.0627309e-08   9.4270614e-08
   1.0000000e+00   7.4405530e-02  -3.8811422e-01   4.0470311e-02   1.1012694e-03   8.1521724e-04   1.5106587e-03   5.5361829e-03   1.5063265e-01   1.6378461e-03   1.2127943e-06   6.6457915e-07   2.2820897e-06  -1.7288627e-02  -6.4232700e-03  -3.0148813e-02   1.6031095e-03   3.9658881e-04  -4.9349300e-05   2.9889662e-04   4.1258397e-05   9.0895093e-04   2.5699601e-06   1.5728268e-07   2.4353534e-09
   1.0000000e+00   8.2145169e-02  -4.6133011e-01   8.0547199e-02  -8.7633074e-04   4.5626827e-04   1.5731877e-03   6.7478288e-03   2.1282547e-01   6.4878513e-03   7.6795557e-07   2.0818073e-07   2.4749195e-06   7.7396390e-03  -7.3215890e-02   4.0076888e-02  -1.9776001e-03  -3.5894897e-04   6.2529000e-05   5.9902012e-05   5.3605665e-03   1.6061570e-03   3.9109023e-06   1.2884436e-07   3.9098758e-09
   1.0000000e+00   8.3984867e-02  -3.9734536e-01  -1.8240514e-02   1.9894111e-03   7.8640655e-04   1.5438002e-03   7.0534579e-03   1.5788334e-01   3.3271635e-04   3.9577565e-06   6.1843526e-07   2.3833191e-06   1.8396980e-03   6.3984750e-02  -9.8787713e-02   2.8657418e-03   3.3013828e-04  -2.9387500e-05   3.3844887e-06   4.0940482e-03   9.7590122e-03   8.2124763e-06   1.0899128e-07   8.6362516e-10
   1.0000000e+00   9.1119255e-02  -3.8443050e-01  -1.8814559e-02  -1.5969420e-06   8.6926525e-04   1.7145100e-03   8.3027186e-03   1.4778681e-01   3.5398763e-04   2.5502238e-12   7.5562207e-07   2.9395445e-06   7.1343880e-03   1.2914860e-02  -5.7404500e-04  -1.9910080e-03   8.2858700e-05   1.7070980e-04   5.0899492e-05   1.6679361e-04   3.2952766e-07   3.9641130e-06   6.8655642e-09   2.9141836e-08
   1.0000000e+00   7.9111619e-02  -4.1400752e-01   8.9287019e-02  -2.9451332e-04   6.2479568e-04   1.7057046e-03   6.2586483e-03   1.7140223e-01   7.9721718e-03   8.6738096e-08   3.9036964e-07   2.9094282e-06  -1.2007636e-02  -2.9577020e-02   1.0810158e-01  -2.9291638e-04  -2.4446957e-04  -8.8054000e-06   1.4418332e-04   8.7480011e-04   1.1685951e-02   8.5800005e-08   5.9765371e-08   7.7535069e-11
   1.0000000e+00   8.9063367e-02  -4.1553101e-01  -3.6550553e-02   1.9062277e-03   8.0846920e-04   1.5908098e-03   7.9322833e-03   1.7266602e-01   1.3359429e-03   3.6337040e-06   6.5362245e-07   2.5306758e-06   9.9517480e-03  -1.5234900e-03  -1.2583757e-01   2.2007410e-03   1.8367352e-04  -1.1489480e-04   9.9037288e-05   2.3210218e-06   1.5835095e-02   4.8432610e-06   3.3735962e-08   1.3200815e-08
   1.0000000e+00   7.4408713e-02  -4.3934909e-01   8.2641561e-02  -2.8383894e-04   8.6263655e-04   1.7142471e-03   5.5366566e-03   1.9302762e-01   6.8296276e-03   8.0564544e-08   7.4414182e-07   2.9386431e-06  -1.4654654e-02  -2.3818080e-02   1.1919211e-01  -2.1900666e-03   5.4167350e-05   1.2343730e-04   2.1475888e-04   5.6730093e-04   1.4206760e-02   4.7963919e-06   2.9341018e-09   1.5236767e-08
   1.0000000e+00   6.2545258e-02  -4.1320455e-01   2.4430137e-02   1.6484954e-03   1.0725233e-03   1.7985435e-03   3.9119093e-03   1.7073800e-01   5.9683159e-04   2.7175371e-06   1.1503062e-06   3.2347587e-06  -1.1863455e-02   2.6144540e-02  -5.8211424e-02   1.9323343e-03   2.0988675e-04   8.4296400e-05   1.4074156e-04   6.8353697e-04   3.3885699e-03   3.7339160e-06   4.4052448e-08   7.1058831e-09
   1.0000000e+00   6.0899946e-02  -4.9013751e-01   1.4033139e-01  -7.2814826e-04   5.9532009e-04   1.6353685e-03   3.7088034e-03   2.4023478e-01   1.9692899e-02   5.3019989e-07   3.5440601e-07   2.6744301e-06  -1.6453120e-03  -7.6932960e-02   1.1590125e-01  -2.3766437e-03  -4.7720321e-04  -1.6317500e-04   2.7070516e-06   5.9186803e-03   1.3433100e-02   5.6484351e-06   2.2772290e-07   2.6626081e-08
   1.0000000e+00   7.4237821e-02  -4.3737486e-01  -1.6986037e-02   9.0923504e-04   6.0817261e-04   1.4569560e-03   5.5112541e-03   1.9129677e-01   2.8852545e-04   8.2670836e-07   3.6987392e-07   2.1227208e-06   1.3337875e-02   5.2762650e-02  -1.5731743e-01   1.6373833e-03   1.2852520e-05  -1.7841250e-04   1.7789891e-04   2.7838972e-03   2.4748773e-02   2.6810241e-06   1.6518727e-10   3.1831020e-08
   1.0000000e+00   6.7703346e-02  -4.5252991e-01   8.9425590e-02  -1.0850400e-03   5.6292516e-04   1.6009695e-03   4.5837431e-03   2.0478332e-01   7.9969361e-03   1.1773118e-06   3.1688474e-07   2.5631033e-06  -6.5344750e-03  -1.5155050e-02   1.0641163e-01  -1.9942750e-03  -4.5247450e-05   1.4401350e-04   4.2699364e-05   2.2967554e-04   1.1323434e-02   3.9771329e-06   2.0473317e-09   2.0739888e-08
   1.0000000e+00   6.9466265e-02  -4.0473101e-01  -1.1305136e-02   1.4484781e-03   8.4110087e-04   1.4677101e-03   4.8255620e-03   1.6380719e-01   1.2780610e-04   2.0980888e-06   7.0745067e-07   2.1541729e-06   1.7629190e-03   4.7798900e-02  -1.0073073e-01   2.5335181e-03   2.7817571e-04  -1.3325940e-04   3.1078834e-06   2.2847348e-03   1.0146679e-02   6.4187140e-06   7.7381726e-08   1.7758068e-08
   1.0000000e+00   6.5635361e-02  -4.2059685e-01   9.8552251e-02  -9.3365689e-04   7.5543266e-04   1.6451375e-03   4.3080006e-03   1.7690171e-01   9.7125462e-03   8.7171519e-07   5.7067850e-07   2.7064774e-06  -3.8309040e-03  -1.5865840e-02   1.0985739e-01  -2.3821350e-03  -8.5668210e-05   1.7742740e-04   1.4675825e-05   2.5172488e-04   1.2068645e-02   5.6745671e-06   7.3390422e-09   3.1480482e-08
   1.0000000e+00   6.6128275e-02  -4.0093584e-01  -2.4337151e-03   1.5838100e-03   9.1925981e-04   1.4448137e-03   4.3729488e-03   1.6074955e-01   5.9229692e-06   2.5084541e-06   8.4503860e-07   2.0874866e-06   4.9291400e-04   1.9661010e-02  -1.0098597e-01   2.5174669e-03   1.6382715e-04  -2.0032380e-04   2.4296421e-07   3.8655531e-04   1.0198165e-02   6.3376395e-06   2.6839335e-08   4.0129625e-08
   1.0000000e+00   5.0052253e-02  -4.0116296e-01   7.7761053e-02  -4.6802426e-04   1.0252571e-03   1.5783042e-03   2.5052280e-03   1.6093172e-01   6.0467814e-03   2.1904671e-07   1.0511521e-06   2.4910441e-06  -1.6076022e-02  -2.2712000e-04   8.0194768e-02  -2.0518343e-03   1.0599729e-04   1.3349050e-04   2.5843848e-04   5.1583494e-08   6.4312008e-03   4.2100238e-06   1.1235425e-08   1.7819714e-08
   1.0000000e+00   6.1272769e-02  -4.2835112e-01   7.2048940e-02   1.8354416e-03   8.3158236e-04   1.6624767e-03   3.7543522e-03   1.8348468e-01   5.1910498e-03   3.3688459e-06   6.9152922e-07   2.7638288e-06   1.1220516e-02  -2.7188160e-02  -5.7121130e-03   2.3034659e-03  -1.9367474e-04   8.4172500e-05   1.2589998e-04   7.3919604e-04   3.2628235e-05   5.3059550e-06   3.7509905e-08   7.0850098e-09
   1.0000000e+00   6.0786446e-02  -4.2454346e-01   3.6116063e-02   1.0524052e-03   8.2901465e-04   1.5472266e-03   3.6949920e-03   1.8023715e-01   1.3043700e-03   1.1075567e-06   6.8726529e-07   2.3939102e-06  -4.8632300e-04   3.8076600e-03  -3.5932877e-02  -7.8303640e-04  -2.5677100e-06  -1.1525010e-04   2.3651006e-07   1.4498275e-05   1.2911716e-03   6.1314600e-07   6.5931346e-12   1.3282586e-08
   1.0000000e+00   3.8483620e-02  -4.2411175e-01   9.8355123e-02   1.7363472e-03   6.5641915e-04   1.4608048e-03   1.4809890e-03   1.7987078e-01   9.6737302e-03   3.0149016e-06   4.3088610e-07   2.1339507e-06  -2.2302826e-02   4.3171000e-04   6.2239060e-02   6.8394200e-04  -1.7259550e-04  -8.6421800e-05   4.9741605e-04   1.8637352e-07   3.8737006e-03   4.6777666e-07   2.9789207e-08   7.4687275e-09
   1.0000000e+00   3.5672927e-02  -4.0481031e-01   1.9300170e-03   2.1278214e-03   1.0384601e-03   1.3386453e-03   1.2725577e-03   1.6387139e-01   3.7249656e-06   4.5276239e-06   1.0783994e-06   1.7919712e-06  -2.8106930e-03   1.9301440e-02  -9.6425106e-02   3.9147420e-04   3.8204095e-04  -1.2215950e-04   7.8999951e-06   3.7254559e-04   9.2978011e-03   1.5325205e-07   1.4595529e-07   1.4922943e-08
   1.0000000e+00   3.0774265e-02  -3.9480659e-01   1.8017907e-01   9.5235692e-04   1.1185356e-03   1.6837472e-03   9.4705539e-04   1.5587224e-01   3.2464497e-02   9.0698370e-07   1.2511219e-06   2.8350046e-06  -4.8986620e-03   1.0003720e-02   1.7824905e-01  -1.1754645e-03   8.0075500e-05   3.4510190e-04   2.3996889e-05   1.0007441e-04   3.1772725e-02   1.3817167e-06   6.4120857e-09   1.1909532e-07
   1.0000000e+00   3.8287708e-02  -4.1474767e-01  -7.1740182e-02   2.4192626e-03   1.3663540e-03   1.4372829e-03   1.4659486e-03   1.7201563e-01   5.1466537e-03   5.8528315e-06   1.8669233e-06   2.0657821e-06   7.5134430e-03  -1.9941080e-02  -2.5191925e-01   1.4669057e-03   2.4781840e-04  -2.4646430e-04   5.6451826e-05   3.9764667e-04   6.3463310e-02   2.1518123e-06   6.1413959e-08   6.0744651e-08
   1.0000000e+00   4.4041213e-02  -3.7031868e-01   9.3197588e-02   1.7551438e-03   1.1336494e-03   1.6362872e-03   1.9396284e-03   1.3713592e-01   8.6857904e-03   3.0805298e-06   1.2851610e-06   2.6774358e-06   5.7535050e-03   4.4428990e-02   1.6493777e-01  -6.6411880e-04  -2.3270460e-04   1.9900430e-04   3.3102820e-05   1.9739352e-03   2.7204468e-02   4.4105378e-07   5.4151431e-08   3.9602711e-08
   1.0000000e+00   5.1670460e-02  -3.8584964e-01   1.5689935e-01   2.0870528e-03   8.2938746e-04   1.8783732e-03   2.6698364e-03   1.4887994e-01   2.4617406e-02   4.3557894e-06   6.8788356e-07   3.5282859e-06   7.6292470e-03  -1.5530960e-02   6.3701762e-02   3.3190900e-04  -3.0426194e-04   2.4208600e-04   5.8205410e-05   2.4121072e-04   4.0579145e-03   1.1016358e-07   9.2575328e-08   5.8605631e-08
   1.0000000e+00   1.5379709e-02  -3.7928104e-01   3.1233977e-01   1.1031740e-03   1.1862123e-03   1.8771400e-03   2.3653545e-04   1.4385411e-01   9.7556132e-02   1.2169929e-06   1.4070996e-06   3.5236546e-06  -3.6290751e-02   6.5686000e-03   1.5544042e-01  -9.8387880e-04   3.5682484e-04  -1.2332000e-06   1.3170186e-03   4.3146506e-05   2.4161724e-02   9.6801749e-07   1.2732397e-07   1.5207822e-12
   1.0000000e+00   4.2409712e-02  -4.7557249e-01   9.0402623e-02   9.5648878e-04   4.8664066e-04   1.5632776e-03   1.7985837e-03   2.2616919e-01   8.1726342e-03   9.1487079e-07   2.3681913e-07   2.4438369e-06   2.7030003e-02  -9.6291450e-02  -2.2193715e-01  -1.4668522e-04  -6.9957164e-04  -3.1386240e-04   7.3062106e-04   9.2720433e-03   4.9256097e-02   2.1516554e-08   4.8940048e-07   9.8509606e-08
   1.0000000e+00   5.9766027e-02  -3.7728558e-01   5.9605740e-02   9.9358907e-04   5.9419226e-04   1.5882041e-03   3.5719780e-03   1.4234441e-01   3.5528442e-03   9.8721924e-07   3.5306444e-07   2.5223923e-06   1.7356315e-02   9.8286910e-02  -3.0796883e-02   3.7100290e-05   1.0755160e-04   2.4926500e-05   3.0124167e-04   9.6603167e-03   9.4844800e-04   1.3764315e-09   1.1567347e-08   6.2133040e-10
   1.0000000e+00   6.1046316e-02  -4.9284910e-01   3.9545951e-02  -2.7854061e-04   4.8527137e-04   1.4854621e-03   3.7266527e-03   2.4290024e-01   1.5638822e-03   7.7584871e-08   2.3548830e-07   2.2065977e-06   1.2802890e-03  -1.1556352e-01  -2.0059789e-02  -1.2721297e-03  -1.0892089e-04  -1.0274200e-04   1.6391399e-06   1.3354927e-02   4.0239513e-04   1.6183139e-06   1.1863760e-08   1.0555919e-08
   1.0000000e+00   8.0682119e-02  -3.3291993e-01  -1.0437839e-01   1.0033948e-03   8.0894979e-04   1.5765141e-03   6.5096043e-03   1.1083568e-01   1.0894848e-02   1.0068011e-06   6.5439976e-07   2.4853967e-06   1.9635803e-02   1.5992917e-01  -1.4392434e-01   1.2819354e-03   3.2367842e-04   9.1052000e-05   3.8556476e-04   2.5577339e-02   2.0714216e-02   1.6433584e-06   1.0476772e-07   8.2904667e-09
   1.0000000e+00   5.2626352e-02  -4.7677556e-01   1.3031884e-01  -7.2534320e-04   1.0369970e-03   1.4659740e-03   2.7695329e-03   2.2731493e-01   1.6983000e-02   5.2612276e-07   1.0753628e-06   2.1490798e-06  -2.8055767e-02  -1.4385563e-01   2.3469723e-01  -1.7287380e-03   2.2804721e-04  -1.1054010e-04   7.8712606e-04   2.0694442e-02   5.5082790e-02   2.9885351e-06   5.2005530e-08   1.2219114e-08
   1.0000000e+00   4.2818064e-02  -3.9088974e-01   4.7304168e-02   1.4092183e-03   7.5246173e-04   1.4186532e-03   1.8333866e-03   1.5279479e-01   2.2376843e-03   1.9858962e-06   5.6619866e-07   2.0125769e-06  -9.8082880e-03   8.5885820e-02  -8.3014672e-02   2.1345615e-03  -2.8453527e-04  -4.7320800e-05   9.6202513e-05   7.3763741e-03   6.8914358e-03   4.5563528e-06   8.0960320e-08   2.2392581e-09
   1.0000000e+00   5.1413297e-02  -4.8350204e-01   7.5581431e-02   8.7392583e-04   6.4164172e-04   1.5485942e-03   2.6433271e-03   2.3377422e-01   5.7125527e-03   7.6374636e-07   4.1170410e-07   2.3981440e-06   8.5952330e-03  -9.2612300e-02   2.8277263e-02  -5.3529247e-04  -1.1082001e-04   1.2994100e-04   7.3878030e-05   8.5770381e-03   7.9960360e-04   2.8653803e-07   1.2281075e-08   1.6884663e-08
   1.0000000e+00   4.2544404e-02  -3.8596098e-01   7.2811777e-02   1.2434084e-03   8.2563153e-04   1.3638337e-03   1.8100263e-03   1.4896588e-01   5.3015549e-03   1.5460644e-06   6.8166742e-07   1.8600424e-06  -8.8688930e-03   9.7541060e-02  -2.7696540e-03   3.6948257e-04   1.8398981e-04  -1.8476050e-04   7.8657263e-05   9.5142584e-03   7.6709833e-06   1.3651737e-07   3.3852250e-08   3.4136442e-08
   1.0000000e+00   6.1028284e-02  -4.2410650e-01   1.0846105e-02   8.4271320e-04   7.4710729e-04   1.3370449e-03   3.7244514e-03   1.7986632e-01   1.1763799e-04   7.1016554e-07   5.5816930e-07   1.7876891e-06   1.8483880e-02  -3.8145520e-02  -6.1965672e-02  -4.0069520e-04  -7.8524240e-05  -2.6788800e-05   3.4165382e-04   1.4550807e-03   3.8397445e-03   1.6055664e-07   6.1660563e-09   7.1763981e-10
   1.0000000e+00   6.4348438e-02  -3.3783338e-01  -1.0499198e-02   1.5236088e-03   9.8703353e-04   1.3656509e-03   4.1407215e-03   1.1413139e-01   1.1023316e-04   2.3213838e-06   9.7423519e-07   1.8650024e-06   3.3201540e-03   8.6273120e-02  -2.1345303e-02   6.8089560e-04   2.3992624e-04   2.8606000e-05   1.1023423e-05   7.4430512e-03   4.5562196e-04   4.6361882e-07   5.7564601e-08   8.1830324e-10
   1.0000000e+00   6.0396081e-02  -4.5758383e-01   1.3569353e-01   7.1198167e-04   8.8347378e-04   1.6671436e-03   3.6476866e-03   2.0938296e-01   1.8412734e-02   5.0691790e-07   7.8052592e-07   2.7793678e-06  -3.9523570e-03  -1.1975045e-01   1.4619273e-01  -8.1162713e-04  -1.0355975e-04   3.0149270e-04   1.5621126e-05   1.4340170e-02   2.1372314e-02   6.5873860e-07   1.0724622e-08   9.0897848e-08
   1.0000000e+00   7.1304043e-02  -3.9524767e-01  -6.0589492e-02   1.9476500e-03   1.1092545e-03   1.6350569e-03   5.0842665e-03   1.5622072e-01   3.6710865e-03   3.7933405e-06   1.2304455e-06   2.6734111e-06   1.0907962e-02   6.2336160e-02  -1.9628302e-01   1.2356683e-03   2.2578072e-04  -3.2086700e-05   1.1898363e-04   3.8857968e-03   3.8527025e-02   1.5268762e-06   5.0976934e-08   1.0295563e-09
   1.0000000e+00   6.7476949e-02  -5.3397958e-01   1.8115684e-01   5.3741099e-04   7.9881460e-04   1.6223575e-03   4.5531386e-03   2.8513419e-01   3.2817801e-02   2.8881057e-07   6.3810477e-07   2.6320439e-06  -3.8270940e-03  -1.3873191e-01   2.4174633e-01  -1.4102390e-03  -3.1043990e-04  -1.2699400e-05   1.4646648e-05   1.9246543e-02   5.8441289e-02   1.9887741e-06   9.6372932e-08   1.6127476e-10
   1.0000000e+00   9.0774337e-02  -4.5169608e-01  -7.1316681e-02   2.1750574e-03   6.5788949e-04   1.5751386e-03   8.2399803e-03   2.0402935e-01   5.0860690e-03   4.7308747e-06   4.3281858e-07   2.4810616e-06   2.3297388e-02   8.2283500e-02  -2.5247352e-01   1.6376464e-03  -1.4092511e-04  -4.7218900e-05   5.4276829e-04   6.7705744e-03   6.3742879e-02   2.6818858e-06   1.9859887e-08   2.2296245e-09
   1.0000000e+00   7.0713853e-02  -4.9835052e-01   1.3662831e-01  -2.3198722e-04   9.6675799e-04   1.6192227e-03   5.0004490e-03   2.4835324e-01   1.8667295e-02   5.3818070e-08   9.3462101e-07   2.6218822e-06  -2.0060484e-02  -4.6654440e-02   2.0794499e-01  -2.4070446e-03   3.0886850e-04   4.4084100e-05   4.0242302e-04   2.1766368e-03   4.3241119e-02   5.7938638e-06   9.5399750e-08   1.9434079e-09
   1.0000000e+00   2.7691096e-02  -4.4596662e-01  -3.0926277e-02   2.8565240e-03   1.9266452e-03   1.5661251e-03   7.6679680e-04   1.9888623e-01   9.5643461e-04   8.1597294e-06   3.7119617e-06   2.4527478e-06  -4.3022757e-02   5.2383900e-02  -1.6755459e-01   3.0885112e-03   9.5988721e-04  -5.3097600e-05   1.8509576e-03   2.7440730e-03   2.8074540e-02   9.5389016e-06   9.2138346e-07   2.8193551e-09
   1.0000000e+00   5.9197832e-02  -4.4032631e-01   8.1478212e-02   1.5353503e-04   1.0782718e-03   1.5439666e-03   3.5043833e-03   1.9388726e-01   6.6386990e-03   2.3573005e-08   1.1626701e-06   2.3838329e-06   3.1506736e-02   5.6403100e-03   1.1240449e-01  -2.7029890e-03  -8.4837340e-04  -2.2158500e-05   9.9267441e-04   3.1813097e-05   1.2634769e-02   7.3061494e-06   7.1973743e-07   4.9099912e-10
