   1.0000000e+00   0.0000000e+00   0.0000000e+00   1.4210855e-14   0.0000000e+00   0.0000000e+00   0.0000000e+00   0.0000000e+00   0.0000000e+00   2.0194840e-28   0.0000000e+00   0.0000000e+00   0.0000000e+00   0.0000000e+00   0.0000000e+00   0.0000000e+00   0.0000000e+00   0.0000000e+00   0.0000000e+00   0.0000000e+00   0.0000000e+00   0.0000000e+00   0.0000000e+00   0.0000000e+00   0.0000000e+00
   1.0000000e+00   1.4692834e-02   1.2809681e-03  -1.2868331e-02   2.6328913e-04  -1.2209397e-04   2.0796872e-04   2.1587937e-04   1.6408793e-06   1.6559394e-04   6.9321166e-08   1.4906938e-08   4.3250988e-08   1.4692834e-02   1.2809681e-03  -1.2868331e-02   2.6328913e-04  -1.2209397e-04   2.0796872e-04   2.1587937e-04   1.6408793e-06   1.6559394e-04   6.9321166e-08   1.4906938e-08   4.3250988e-08
   1.0000000e+00   2.6898821e-02  -4.8632566e-02   4.2019903e-02  -9.5392118e-05  -2.4636486e-04   2.1585192e-04   7.2354657e-04   2.3651265e-03   1.7656722e-03   9.0996562e-09   6.0695644e-08   4.6592051e-08   1.2205987e-02  -4.9913534e-02   5.4888234e-02  -3.5868125e-04  -1.2427089e-04   7.8832000e-06   1.4898612e-04   2.4913609e-03   3.0127182e-03   1.2865224e-07   1.5443254e-08   6.2144842e-11
   1.0000000e+00   4.7767594e-02  -2.2429875e-02   4.0636145e-02  -5.3179845e-04  -2.6074728e-04   5.1856504e-04   2.2817430e-03   5.0309929e-04   1.6512963e-03   2.8280959e-07   6.7989144e-08   2.6890970e-07   2.0868773e-02   2.6202691e-02  -1.3837580e-03  -4.3640633e-04  -1.4382420e-05   3.0271312e-04   4.3550569e-04   6.8658102e-04   1.9147862e-06   1.9045049e-07   2.0685401e-10   9.1635233e-08
   1.0000000e+00   5.3184322e-02  -3.3748079e-02   8.0840640e-02  -1.3785114e-03   7.4222180e-05   2.6856946e-04   2.8285721e-03   1.1389328e-03   6.5352091e-03   1.9002937e-06   5.5089320e-09   7.2129555e-08   5.4167280e-03  -1.1318204e-02   4.0204495e-02  -8.4671295e-04   3.3496946e-04  -2.4999558e-04   2.9340942e-05   1.2810174e-04   1.6164014e-03   7.1692282e-07   1.1220454e-07   6.2497790e-08
   1.0000000e+00   5.5785966e-02  -4.1059077e-02   2.5968525e-02  -8.6330694e-04   1.0206587e-04   1.8507392e-04   3.1120740e-03   1.6858478e-03   6.7436429e-04   7.4529887e-07   1.0417442e-08   3.4252356e-08   2.6016440e-03  -7.3109980e-03  -5.4872115e-02   5.1520446e-04   2.7843690e-05  -8.3495540e-05   6.7685515e-06   5.3450692e-05   3.0109490e-03   2.6543564e-07   7.7527107e-10   6.9715052e-09
   1.0000000e+00   6.4348032e-02  -6.2901639e-02   3.7137646e-02  -1.0255580e-03   1.8653524e-04   4.2397988e-04   4.1406692e-03   3.9566162e-03   1.3792048e-03   1.0517692e-06   3.4795396e-08   1.7975894e-07   8.5620660e-03  -2.1842562e-02   1.1169121e-02  -1.6225106e-04   8.4469370e-05   2.3890596e-04   7.3308974e-05   4.7709751e-04   1.2474926e-04   2.6325406e-08   7.1350745e-09   5.7076058e-08
   1.0000000e+00   2.8775668e-02  -1.3425641e-01   5.9207972e-02  -6.2748657e-04   5.5616414e-04   4.8649031e-05   8.2803907e-04   1.8024784e-02   3.5055839e-03   3.9373940e-07   3.0931855e-07   2.3667282e-09  -3.5572364e-02  -7.1354771e-02   2.2070326e-02   3.9807143e-04   3.6962890e-04  -3.7533085e-04   1.2653931e-03   5.0915033e-03   4.8709929e-04   1.5846086e-07   1.3662552e-07   1.4087325e-07
   1.0000000e+00   6.0882479e-02  -1.0427970e-01   5.8300066e-02  -4.7362212e-04   8.2438574e-05   4.3433831e-04   3.7066762e-03   1.0874256e-02   3.3988977e-03   2.2431791e-07   6.7961185e-09   1.8864977e-07   3.2106811e-02   2.9976710e-02  -9.0790600e-04   1.5386445e-04  -4.7372557e-04   3.8568928e-04   1.0308473e-03   8.9860314e-04   8.2429330e-07   2.3674269e-08   2.2441591e-07   1.4875622e-07
   1.0000000e+00   7.2182775e-02  -1.0265355e-01  -1.2312860e-02   1.0919541e-03   3.3632403e-04   4.2927914e-04   5.2103530e-03   1.0537751e-02   1.5160652e-04   1.1923638e-06   1.1311385e-07   1.8428058e-07   1.1300296e-02   1.6261500e-03  -7.0612926e-02   1.5655762e-03   2.5388546e-04  -5.0591700e-06   1.2769669e-04   2.6443638e-06   4.9861853e-03   2.4510289e-06   6.4457825e-08   2.5595201e-11
   1.0000000e+00   7.7597799e-02  -9.3994870e-02  -1.5251902e-02  -1.6719273e-04   3.4765172e-05   1.2662939e-03   6.0214184e-03   8.8350356e-03   2.3262051e-04   2.7953409e-08   1.2086172e-09   1.6035002e-06   5.4150240e-03   8.6586800e-03  -2.9390420e-03  -1.2591468e-03  -3.0155886e-04   8.3701476e-04   2.9322485e-05   7.4972739e-05   8.6379679e-06   1.5854507e-06   9.0937745e-08   7.0059371e-07
   1.0000000e+00   5.8791372e-02  -1.1465106e-01   3.8030847e-02  -1.1283650e-03  -1.7211277e-04   6.4362062e-04   3.4564254e-03   1.3144866e-02   1.4463453e-03   1.2732076e-06   2.9622806e-08   4.1424750e-07  -1.8806427e-02  -2.0656190e-02   5.3282749e-02  -9.6117227e-04  -2.0687794e-04  -6.2267328e-04   3.5368170e-04   4.2667819e-04   2.8390513e-03   9.2385213e-07   4.2798483e-08   3.8772201e-07
   1.0000000e+00   7.4415578e-02  -1.0361520e-01   5.5496615e-02  -1.7533148e-03  -4.0319976e-05   1.0980096e-03   5.5376782e-03   1.0736110e-02   3.0798743e-03   3.0741128e-06   1.6257005e-09   1.2056251e-06   1.5624206e-02   1.1035860e-02   1.7465768e-02  -6.2494980e-04   1.3179279e-04   4.5438898e-04   2.4411581e-04   1.2179021e-04   3.0505305e-04   3.9056225e-07   1.7369341e-08   2.0646935e-07
   1.0000000e+00   7.4032028e-02  -8.1326482e-02   2.1464998e-02  -5.7227295e-04   1.1018167e-04   1.3568654e-03   5.4807412e-03   6.6139967e-03   4.6074614e-04   3.2749633e-07   1.2140000e-08   1.8410837e-06  -3.8355000e-04   2.2288718e-02  -3.4031617e-02   1.1810418e-03   1.5050165e-04   2.5885580e-04   1.4711060e-07   4.9678695e-04   1.1581510e-03   1.3948599e-06   2.2650745e-08   6.7006325e-08
   1.0000000e+00   8.6118247e-02  -9.8377372e-02   2.4987494e-02  -2.1292036e-04  -2.0714249e-04   1.3902908e-03   7.4163525e-03   9.6781073e-03   6.2437486e-04   4.5335080e-08   4.2908011e-08   1.9329085e-06   1.2086219e-02  -1.7050890e-02   3.5224960e-03   3.5935259e-04  -3.1732416e-04   3.3425400e-05   1.4607669e-04   2.9073285e-04   1.2407978e-05   1.2913428e-07   1.0069462e-07   1.1172574e-09
   1.0000000e+00   8.6163710e-02  -1.1646792e-01   7.9863450e-02  -1.3921858e-03   1.1043553e-04   1.2387911e-03   7.4241849e-03   1.3564776e-02   6.3781706e-03   1.9381813e-06   1.2196006e-08   1.5346034e-06   4.5463000e-05  -1.8090548e-02   5.4875956e-02  -1.1792654e-03   3.1757802e-04  -1.5149970e-04   2.0668844e-09   3.2726793e-04   3.0113705e-03   1.3906670e-06   1.0085580e-07   2.2952159e-08
   1.0000000e+00   1.1803078e-01  -9.6072149e-02   5.4196069e-02  -7.6525759e-04  -1.0932839e-05   2.0575026e-03   1.3931265e-02   9.2298578e-03   2.9372139e-03   5.8561918e-07   1.1952697e-10   4.2333169e-06   3.1867070e-02   2.0395771e-02  -2.5667381e-02   6.2692821e-04  -1.2136837e-04   8.1871150e-04   1.0155102e-03   4.1598747e-04   6.5881445e-04   3.9303898e-07   1.4730281e-08   6.7028852e-07
   1.0000000e+00   1.2656714e-01  -1.1420767e-01   7.0448069e-02  -9.7576627e-04   9.9066189e-05   1.9364397e-03   1.6019241e-02   1.3043392e-02   4.9629304e-03   9.5211981e-07   9.8141098e-09   3.7497987e-06   8.5363600e-03  -1.8135521e-02   1.6252000e-02  -2.1050868e-04   1.0999903e-04  -1.2106290e-04   7.2869442e-05   3.2889712e-04   2.6412750e-04   4.4313904e-08   1.2099786e-08   1.4656226e-08
   1.0000000e+00   1.2244406e-01  -1.2647581e-01   6.5753136e-02  -8.2204742e-04   2.7380292e-04   1.8678833e-03   1.4992548e-02   1.5996131e-02   4.3234749e-03   6.7576196e-07   7.4968039e-08   3.4889880e-06  -4.1230800e-03  -1.2268140e-02  -4.6949330e-03   1.5371885e-04   1.7473673e-04  -6.8556400e-05   1.6999789e-05   1.5050726e-04   2.2042396e-05   2.3629485e-08   3.0532925e-08   4.6999800e-09
   1.0000000e+00   1.2906376e-01  -1.2779736e-01   8.7923668e-02  -8.8069623e-04   1.6020300e-04   2.0567759e-03   1.6657454e-02   1.6332165e-02   7.7305714e-03   7.7562585e-07   2.5665001e-08   4.2303271e-06   6.6197000e-03  -1.3215500e-03   2.2170532e-02  -5.8648810e-05  -1.1359992e-04   1.8889260e-04   4.3820428e-05   1.7464944e-06   4.9153249e-04   3.4396829e-09   1.2904942e-08   3.5680414e-08
   1.0000000e+00   1.2427144e-01  -1.2178176e-01   6.1934633e-02  -3.0964931e-04   9.8595585e-05   2.1650228e-03   1.5443391e-02   1.4830797e-02   3.8358988e-03   9.5882695e-08   9.7210894e-09   4.6873237e-06  -4.7923200e-03   6.0156000e-03  -2.5989035e-02   5.7104692e-04  -6.1607415e-05   1.0824690e-04   2.2966331e-05   3.6187443e-05   6.7542994e-04   3.2609458e-07   3.7954736e-09   1.1717391e-08
   1.0000000e+00   1.1479313e-01  -1.5075072e-01   5.7222754e-02  -5.1500302e-04   2.1714144e-04   1.8919936e-03   1.3177463e-02   2.2725780e-02   3.2744436e-03   2.6522811e-07   4.7150405e-08   3.5796398e-06  -9.4783100e-03  -2.8968960e-02  -4.7118790e-03  -2.0535371e-04   1.1854585e-04  -2.7302920e-04   8.9838360e-05   8.3920064e-04   2.2201804e-05   4.2170146e-08   1.4053120e-08   7.4544944e-08
   1.0000000e+00   1.3124898e-01  -1.0528078e-01   2.3868964e-02   6.3086277e-04   2.7517719e-04   2.3683310e-03   1.7226295e-02   1.1084043e-02   5.6972744e-04   3.9798783e-07   7.5722486e-08   5.6089917e-06   1.6455850e-02   4.5469940e-02  -3.3353790e-02   1.1458658e-03   5.8035750e-05   4.7633740e-04   2.7079500e-04   2.0675154e-03   1.1124753e-03   1.3130084e-06   3.3681483e-09   2.2689732e-07
   1.0000000e+00   1.2577046e-01  -1.0147626e-01   4.2791272e-02   8.4951656e-05   1.9217740e-04   2.2972176e-03   1.5818209e-02   1.0297431e-02   1.8310930e-03   7.2167839e-09   3.6932153e-08   5.2772087e-06  -5.4785200e-03   3.8045200e-03   1.8922308e-02  -5.4591111e-04  -8.2999790e-05  -7.1113400e-05   3.0014181e-05   1.4474372e-05   3.5805374e-04   2.9801894e-07   6.8889651e-09   5.0571157e-09
   1.0000000e+00   9.9191823e-02  -1.4550877e-01   5.4123329e-02  -4.6658461e-04   4.3291496e-04   1.8291613e-03   9.8390178e-03   2.1172802e-02   2.9293347e-03   2.1770120e-07   1.8741536e-07   3.3458311e-06  -2.6578637e-02  -4.4032510e-02   1.1332057e-02  -5.5153627e-04   2.4073756e-04  -4.6805630e-04   7.0642394e-04   1.9388619e-03   1.2841552e-04   3.0419225e-07   5.7954573e-08   2.1907670e-07
   1.0000000e+00   1.0635310e-01  -1.2580982e-01   7.2713960e-02  -2.9352524e-04   2.0712995e-04   2.2613431e-03   1.1310982e-02   1.5828111e-02   5.2873200e-03   8.6157067e-08   4.2902816e-08   5.1136726e-06   7.1612770e-03   1.9698950e-02   1.8590631e-02   1.7305937e-04  -2.2578501e-04   4.3218180e-04   5.1283888e-05   3.8804863e-04   3.4561156e-04   2.9949546e-08   5.0978871e-08   1.8678111e-07
   1.0000000e+00   1.1310256e-01  -1.5340922e-01   1.0910842e-01  -9.7327470e-04   6.1154011e-04   1.8805417e-03   1.2792189e-02   2.3534389e-02   1.1904647e-02   9.4726364e-07   3.7398131e-07   3.5364371e-06   6.7494600e-03  -2.7599400e-02   3.6394460e-02  -6.7974946e-04   4.0441016e-04  -3.8080140e-04   4.5555210e-05   7.6172688e-04   1.3245567e-03   4.6205933e-07   1.6354758e-07   1.4500971e-07
   1.0000000e+00   1.1239847e-01  -1.8055740e-01   6.5573972e-02  -2.2148503e-04   2.1516771e-04   1.8381876e-03   1.2633416e-02   3.2600975e-02   4.2999458e-03   4.9055619e-08   4.6297143e-08   3.3789337e-06  -7.0409000e-04  -2.7148180e-02  -4.3534448e-02   7.5178967e-04  -3.9637240e-04  -4.2354100e-05   4.9574273e-07   7.3702368e-04   1.8952482e-03   5.6518771e-07   1.5711108e-07   1.7938698e-09
   1.0000000e+00   1.2458641e-01  -1.8445531e-01   6.1679884e-02  -3.1374780e-04   3.1948472e-04   2.0923445e-03   1.5521774e-02   3.4023761e-02   3.8044081e-03   9.8437682e-08   1.0207049e-07   4.3779055e-06   1.2187940e-02  -3.8979100e-03  -3.8940880e-03  -9.2262770e-05   1.0431701e-04   2.5415690e-04   1.4854588e-04   1.5193702e-05   1.5163921e-05   8.5124187e-09   1.0882039e-08   6.4595730e-08
   1.0000000e+00   1.1245109e-01  -2.0691456e-01   7.5660743e-02  -4.3414943e-04   1.1426766e-04   1.8536093e-03   1.2645248e-02   4.2813635e-02   5.7245480e-03   1.8848573e-07   1.3057098e-08   3.4358674e-06  -1.2135320e-02  -2.2459250e-02   1.3980859e-02  -1.2040163e-04  -2.0521706e-04  -2.3873520e-04   1.4726599e-04   5.0441791e-04   1.9546442e-04   1.4496553e-08   4.2114042e-08   5.6994496e-08
   1.0000000e+00   1.0571229e-01  -1.8769242e-01   7.5962586e-02  -1.0774645e-03  -1.7519840e-06   1.9262972e-03   1.1175088e-02   3.5228445e-02   5.7703145e-03   1.1609297e-06   3.0694479e-12   3.7106209e-06  -6.7388000e-03   1.9222140e-02   3.0184300e-04  -6.4331507e-04  -1.1601964e-04   7.2687900e-05   4.5411425e-05   3.6949067e-04   9.1109197e-08   4.1385428e-07   1.3460558e-08   5.2835308e-09
   1.0000000e+00   7.9488962e-02  -2.0565811e-01   5.5811754e-02  -7.9566016e-04   4.3760092e-04   1.2427073e-03   6.3184951e-03   4.2295258e-02   3.1149519e-03   6.3307509e-07   1.9149457e-07   1.5443214e-06  -2.6223328e-02  -1.7965690e-02  -2.0150832e-02   2.8180434e-04   4.3935290e-04  -6.8358990e-04   6.8766293e-04   3.2276602e-04   4.0605603e-04   7.9413686e-08   1.9303097e-07   4.6729515e-07
   1.0000000e+00   8.4398307e-02  -2.0768517e-01   3.4790332e-02   2.5133565e-04   2.1594311e-04   1.6724853e-03   7.1230742e-03   4.3133130e-02   1.2103672e-03   6.3169609e-08   4.6631427e-08   2.7972071e-06   4.9093450e-03  -2.0270600e-03  -2.1021422e-02   1.0469958e-03  -2.2165781e-04   4.2977800e-04   2.4101668e-05   4.1089722e-06   4.4190018e-04   1.0962002e-06   4.9132185e-08   1.8470913e-07
   1.0000000e+00   1.2762789e-01  -2.8051631e-01   4.6144725e-03  -6.1421269e-04   7.4966912e-04   1.4284802e-03   1.6288878e-02   7.8689400e-02   2.1293356e-05   3.7725723e-07   5.6200379e-07   2.0405557e-06   4.3229583e-02  -7.2831140e-02  -3.0175859e-02  -8.6554834e-04   5.3372601e-04  -2.4400510e-04   1.8687968e-03   5.3043750e-03   9.1058250e-04   7.4917393e-07   2.8486345e-07   5.9538489e-08
   1.0000000e+00   8.0578932e-02  -2.8062011e-01  -3.0690140e-02  -1.0924363e-04   8.9966604e-05   1.9070652e-03   6.4929643e-03   7.8747646e-02   9.4188469e-04   1.1934171e-08   8.0939898e-09   3.6368977e-06  -4.7048958e-02  -1.0380000e-04  -3.5304612e-02   5.0496906e-04  -6.5970252e-04   4.7858500e-04   2.2136044e-03   1.0774440e-08   1.2464157e-03   2.5499375e-07   4.3520741e-07   2.2904360e-07
   1.0000000e+00   6.1065822e-02  -2.4575033e-01   9.0399571e-03  -2.3650228e-04   2.2406216e-04   1.3134241e-03   3.7290346e-03   6.0393225e-02   8.1720824e-05   5.5933328e-08   5.0203852e-08   1.7250829e-06  -1.9513110e-02   3.4869780e-02   3.9730097e-02  -1.2725865e-04   1.3409556e-04  -5.9364110e-04   3.8076146e-04   1.2159016e-03   1.5784806e-03   1.6194764e-08   1.7981618e-08   3.5240976e-07
   1.0000000e+00   9.6237536e-02  -2.3505851e-01   3.3230126e-02  -5.0281038e-04   3.7223482e-04   1.9330007e-03   9.2616633e-03   5.5252503e-02   1.1042413e-03   2.5281828e-07   1.3855876e-07   3.7364917e-06   3.5171714e-02   1.0691820e-02   2.4190169e-02  -2.6630810e-04   1.4817266e-04   6.1957660e-04   1.2370495e-03   1.1431501e-04   5.8516427e-04   7.0920004e-08   2.1955137e-08   3.8387516e-07
   1.0000000e+00   1.1357641e-01  -2.4434747e-01   3.5776532e-02   4.5316965e-04   4.9782735e-04   2.1522894e-03   1.2899601e-02   5.9705686e-02   1.2799602e-03   2.0536273e-07   2.4783207e-07   4.6323497e-06   1.7338874e-02  -9.2889600e-03   2.5464060e-03   9.5598003e-04   1.2559253e-04   2.1928870e-04   3.0063655e-04   8.6284778e-05   6.4841835e-06   9.1389782e-07   1.5773484e-08   4.8087534e-08
   1.0000000e+00   1.0788417e-01  -2.6230797e-01   9.5244492e-02  -9.3880498e-04   2.7471389e-04   1.7499785e-03   1.1638994e-02   6.8805471e-02   9.0715133e-03   8.8135479e-07   7.5467721e-08   3.0624248e-06  -5.6922400e-03  -1.7960500e-02   5.9467960e-02  -1.3919746e-03  -2.2311346e-04  -4.0231090e-04   3.2401596e-05   3.2257956e-04   3.5364383e-03   1.9375934e-06   4.9779616e-08   1.6185406e-07
   1.0000000e+00   7.0963004e-02  -2.5465154e-01   1.0839306e-01  -1.2298550e-03   2.8266708e-04   1.5721955e-03   5.0357479e-03   6.4847407e-02   1.1749055e-02   1.5125433e-06   7.9900678e-08   2.4717987e-06  -3.6921166e-02   7.6564300e-03   1.3148568e-02  -2.9105002e-04   7.9531900e-06  -1.7778300e-04   1.3631725e-03   5.8620920e-05   1.7288484e-04   8.4710114e-08   6.3253231e-11   3.1606795e-08
   1.0000000e+00   5.4065662e-02  -3.1284883e-01  -2.6891487e-02   5.5907870e-04   3.6769433e-04   1.4190976e-03   2.9230958e-03   9.7874390e-02   7.2315207e-04   3.1256899e-07   1.3519912e-07   2.0138380e-06  -1.6897342e-02  -5.8197290e-02  -1.3528455e-01   1.7889337e-03   8.5027250e-05  -1.5309790e-04   2.8552017e-04   3.3869246e-03   1.8301909e-02   3.2002838e-06   7.2296332e-09   2.3438967e-08
   1.0000000e+00   7.2969885e-02  -2.7088982e-01   4.1545157e-02   1.3954953e-05   3.1638381e-04   1.4216792e-03   5.3246041e-03   7.3381295e-02   1.7260001e-03   1.9474071e-10   1.0009872e-07   2.0211717e-06   1.8904223e-02   4.1959010e-02   6.8436644e-02  -5.4512375e-04  -5.1310520e-05   2.5816000e-06   3.5736965e-04   1.7605585e-03   4.6835742e-03   2.9715990e-07   2.6327695e-09   6.6646586e-12
   1.0000000e+00   7.6849020e-02  -2.4274426e-01   2.9426171e-02   1.6884882e-04   3.0428538e-04   1.5396673e-03   5.9057719e-03   5.8924776e-02   8.6589954e-04   2.8509924e-08   9.2589592e-08   2.3705754e-06   3.8791350e-03   2.8145560e-02  -1.2118986e-02   1.5489387e-04  -1.2098430e-05   1.1798810e-04   1.5047688e-05   7.9217255e-04   1.4686982e-04   2.3992110e-08   1.4637201e-10   1.3921192e-08
   1.0000000e+00   9.0053607e-02  -2.4950908e-01   5.7736195e-02  -5.8181985e-05   1.3838801e-04   1.8888172e-03   8.1096521e-03   6.2254781e-02   3.3334682e-03   3.3851434e-09   1.9151241e-08   3.5676304e-06   1.3204587e-02  -6.7648200e-03   2.8310024e-02  -2.2703081e-04  -1.6589737e-04   3.4914990e-04   1.7436112e-04   4.5762790e-05   8.0145746e-04   5.1542986e-08   2.7521937e-08   1.2190565e-07
   1.0000000e+00   7.8900021e-02  -2.7172980e-01   2.5371543e-02   1.7692310e-04   2.1038882e-04   1.9389726e-03   6.2252133e-03   7.3837084e-02   6.4371519e-04   3.1301783e-08   4.4263456e-08   3.7596147e-06  -1.1153586e-02  -2.2220720e-02  -3.2364652e-02   2.3510509e-04   7.2000810e-05   5.0155400e-05   1.2440248e-04   4.9376040e-04   1.0474707e-03   5.5274401e-08   5.1841166e-09   2.5155641e-09
   1.0000000e+00   5.4073363e-02  -2.8662952e-01   5.6981066e-02  -2.6659354e-04   4.1705008e-04   1.3569782e-03   2.9239286e-03   8.2156482e-02   3.2468419e-03   7.1072116e-08   1.7393077e-07   1.8413898e-06  -2.4826658e-02  -1.4899720e-02   3.1609523e-02  -4.4351664e-04   2.0666126e-04  -5.8199440e-04   6.1636295e-04   2.2200166e-04   9.9916194e-04   1.9670701e-07   4.2708876e-08   3.3871748e-07
   1.0000000e+00   9.9011926e-02  -2.8351007e-01   2.4416426e-02   2.6915917e-04   2.9402083e-04   2.0563176e-03   9.8033615e-03   8.0377960e-02   5.9616186e-04   7.2446659e-08   8.6448248e-08   4.2284421e-06   4.4938563e-02   3.1194500e-03  -3.2564640e-02   5.3575271e-04  -1.2302925e-04   6.9933940e-04   2.0194744e-03   9.7309683e-06   1.0604558e-03   2.8703097e-07   1.5136196e-08   4.8907560e-07
   1.0000000e+00   9.5487838e-02  -2.7684863e-01   2.6796785e-02   2.0727654e-04   2.5657208e-04   2.1339559e-03   9.1179272e-03   7.6645164e-02   7.1806769e-04   4.2963564e-08   6.5829232e-08   4.5537678e-06  -3.5240880e-03   6.6614400e-03   2.3803590e-03  -6.1882630e-05  -3.7448750e-05   7.7638300e-05   1.2419196e-05   4.4374783e-05   5.6661090e-06   3.8294599e-09   1.4024089e-09   6.0277056e-09
   1.0000000e+00   1.1332239e-01  -3.1993924e-01   2.8002769e-02   5.7728744e-05   5.3482463e-04   1.9919419e-03   1.2841964e-02   1.0236112e-01   7.8415507e-04   3.3326079e-09   2.8603738e-07   3.9678325e-06   1.7834552e-02  -4.3090610e-02   1.2059840e-03  -1.4954780e-04   2.7825255e-04  -1.4201400e-04   3.1807125e-04   1.8568007e-03   1.4543974e-06   2.2364543e-08   7.7424482e-08   2.0167976e-08
   1.0000000e+00   6.2874324e-02  -2.9010756e-01   1.8655633e-02   1.3015836e-04   2.7759143e-04   1.4700675e-03   3.9531806e-03   8.4162396e-02   3.4803264e-04   1.6941199e-08   7.7057002e-08   2.1610985e-06  -5.0448066e-02   2.9831680e-02  -9.3471360e-03   7.2429616e-05  -2.5723320e-04  -5.2187440e-04   2.5450074e-03   8.8992913e-04   8.7368951e-05   5.2460493e-09   6.6168919e-08   2.7235289e-07
   1.0000000e+00   5.4675422e-02  -3.1449239e-01   1.1146102e-02   2.0246561e-04   3.4157329e-04   1.5559396e-03   2.9894018e-03   9.8905463e-02   1.2423559e-04   4.0992323e-08   1.1667231e-07   2.4209480e-06  -8.1989020e-03  -2.4384830e-02  -7.5095310e-03   7.2307250e-05   6.3981860e-05   8.5872100e-05   6.7221994e-05   5.9461993e-04   5.6393056e-05   5.2283384e-09   4.0936784e-09   7.3740176e-09
   1.0000000e+00   4.9389658e-02  -3.1230371e-01   3.4989634e-02  -2.9898843e-04   7.8229790e-04   1.1368207e-03   2.4393383e-03   9.7533607e-02   1.2242745e-03   8.9394081e-08   6.1199000e-07   1.2923613e-06  -5.2857640e-03   2.1886800e-03   2.3843532e-02  -5.0145404e-04   4.4072461e-04  -4.1911890e-04   2.7939301e-05   4.7903201e-06   5.6851402e-04   2.5145615e-07   1.9423818e-07   1.7566065e-07
   1.0000000e+00   5.5896598e-02  -3.0126490e-01   7.8910979e-03   3.2845339e-04   4.3772899e-04   1.2525368e-03   3.1244297e-03   9.0760540e-02   6.2269426e-05   1.0788163e-07   1.9160667e-07   1.5688484e-06   6.5069400e-03   1.1038810e-02  -2.7098536e-02   6.2744182e-04  -3.4456891e-04   1.1571610e-04   4.2340268e-05   1.2185533e-04   7.3433066e-04   3.9368324e-07   1.1872773e-07   1.3390216e-08
   1.0000000e+00   5.7813381e-02  -2.6468922e-01  -1.7052510e-02   9.0355601e-04   6.5383599e-04   1.1044535e-03   3.3423870e-03   7.0060383e-02   2.9078810e-04   8.1641346e-07   4.2750150e-07   1.2198175e-06   1.9167830e-03   3.6575680e-02  -2.4943608e-02   5.7510262e-04   2.1610700e-04  -1.4808330e-04   3.6740571e-06   1.3377804e-03   6.2218358e-04   3.3074302e-07   4.6702235e-08   2.1928664e-08
   1.0000000e+00   6.5151586e-02  -2.9196748e-01  -1.6913134e-02   8.0881796e-04   9.2565719e-04   9.2782355e-04   4.2447292e-03   8.5245009e-02   2.8605410e-04   6.5418649e-07   8.5684123e-07   8.6085654e-07   7.3382050e-03  -2.7278260e-02   1.3937600e-04  -9.4738050e-05   2.7182120e-04  -1.7662995e-04   5.3849253e-05   7.4410347e-04   1.9425669e-08   8.9752981e-09   7.3886765e-08   3.1198139e-08
   1.0000000e+00   1.0025955e-01  -2.7011808e-01  -4.0285108e-02   1.7166459e-03   3.1377353e-04   1.7391058e-03   1.0051977e-02   7.2963777e-02   1.6228899e-03   2.9468731e-06   9.8453828e-08   3.0244890e-06   3.5107964e-02   2.1849400e-02  -2.3371974e-02   9.0782794e-04  -6.1188366e-04   8.1128225e-04   1.2325691e-03   4.7739628e-04   5.4624917e-04   8.2415157e-07   3.7440161e-07   6.5817889e-07
   1.0000000e+00   9.9506555e-02  -2.3515886e-01  -6.3862004e-02   2.0143640e-03   6.5309529e-04   1.4797256e-03   9.9015545e-03   5.5299689e-02   4.0783556e-03   4.0576623e-06   4.2653346e-07   2.1895879e-06  -7.5299500e-04   3.4959220e-02  -2.3576896e-02   2.9771810e-04   3.3932176e-04  -2.5938020e-04   5.6700147e-07   1.2221471e-03   5.5587002e-04   8.8636067e-08   1.1513926e-07   6.7278088e-08
   1.0000000e+00   1.1961932e-01  -2.8910325e-01   1.5983954e-02   5.5955447e-06   4.8011153e-04   1.8634872e-03   1.4308782e-02   8.3580689e-02   2.5548679e-04   3.1310120e-11   2.3050708e-07   3.4725845e-06   2.0112765e-02  -5.3944390e-02   7.9845958e-02  -2.0087685e-03  -1.7298376e-04   3.8376160e-04   4.0452332e-04   2.9099972e-03   6.3753770e-03   4.0351507e-06   2.9923381e-08   1.4727297e-07
   1.0000000e+00   1.2647358e-01  -2.8937941e-01  -2.3082996e-02   7.5064382e-04   4.8054592e-05   2.2479083e-03   1.5995566e-02   8.3740443e-02   5.3282470e-04   5.6346614e-07   2.3092438e-09   5.0530917e-06   6.8542600e-03  -2.7616000e-04  -3.9066950e-02   7.4504828e-04  -4.3205694e-04   3.8442110e-04   4.6980880e-05   7.6264346e-08   1.5262266e-03   5.5509693e-07   1.8667320e-07   1.4777958e-07
   1.0000000e+00   1.4283337e-01  -2.9293997e-01  -5.1248666e-02   1.7713550e-03   2.9937381e-04   2.6101587e-03   2.0401372e-02   8.5813826e-02   2.6264258e-03   3.1376985e-06   8.9624678e-08   6.8129284e-06   1.6359790e-02  -3.5605600e-03  -2.8165670e-02   1.0207112e-03   2.5131922e-04   3.6225040e-04   2.6764273e-04   1.2677588e-05   7.9330497e-04   1.0418513e-06   6.3161349e-08   1.3122535e-07
   1.0000000e+00   1.1261199e-01  -3.2827138e-01   2.8741949e-03   3.5489712e-04   7.1364038e-04   1.8385758e-03   1.2681460e-02   1.0776210e-01   8.2609963e-06   1.2595197e-07   5.0928259e-07   3.3803610e-06  -3.0221380e-02  -3.5331410e-02   5.4122861e-02  -1.4164579e-03   4.1426657e-04  -7.7158290e-04   9.1333181e-04   1.2483085e-03   2.9292841e-03   2.0063529e-06   1.7161679e-07   5.9534017e-07
   1.0000000e+00   8.1065570e-02  -3.4186111e-01  -2.3713863e-03   6.9330024e-04   1.4105084e-04   1.6155341e-03   6.5716266e-03   1.1686902e-01   5.6234730e-06   4.8066522e-07   1.9895339e-08   2.6099504e-06  -3.1546420e-02  -1.3589730e-02  -5.2455812e-03   3.3840312e-04  -5.7258954e-04  -2.2304170e-04   9.9517661e-04   1.8468076e-04   2.7516122e-05   1.1451667e-07   3.2785878e-07   4.9747600e-08
   1.0000000e+00   1.0188406e-01  -3.1406027e-01  -5.3955352e-02   1.7439200e-03   2.1385697e-04   1.7812730e-03   1.0380362e-02   9.8633853e-02   2.9111800e-03   3.0412570e-06   4.5734804e-08   3.1729335e-06   2.0818490e-02   2.7800840e-02  -5.1583966e-02   1.0506198e-03   7.2806130e-05   1.6573890e-04   4.3340953e-04   7.7288670e-04   2.6609055e-03   1.1038019e-06   5.3007326e-09   2.7469383e-08
   1.0000000e+00   9.7585994e-02  -2.9941063e-01  -4.3275291e-02   1.7861590e-03   3.9198523e-04   1.7810434e-03   9.5230262e-03   8.9646725e-02   1.8727508e-03   3.1903640e-06   1.5365242e-07   3.1721156e-06  -4.2980660e-03   1.4649640e-02   1.0680061e-02   4.2239000e-05   1.7812826e-04  -2.2960000e-07   1.8473371e-05   2.1461195e-04   1.1406370e-04   1.7841331e-09   3.1729677e-08   5.2716160e-14
   1.0000000e+00   7.5977939e-02  -3.4277253e-01  -5.5517824e-02   1.9505960e-03   4.7393808e-04   2.0861052e-03   5.7726472e-03   1.1749301e-01   3.0822288e-03   3.8048248e-06   2.2461730e-07   4.3518349e-06  -2.1608055e-02  -4.3361900e-02  -1.2242533e-02   1.6443700e-04   8.1952850e-05   3.0506180e-04   4.6690804e-04   1.8802544e-03   1.4987961e-04   2.7039527e-08   6.7162696e-09   9.3062702e-08
   1.0000000e+00   7.9670381e-02  -3.7760962e-01   3.0120239e-02  -5.9967722e-04   6.8373434e-04   1.4614051e-03   6.3473696e-03   1.4258903e-01   9.0722880e-04   3.5961277e-07   4.6749265e-07   2.1357049e-06   3.6924420e-03  -3.4837090e-02   8.5638063e-02  -2.5502732e-03   2.0979626e-04  -6.2470010e-04   1.3634128e-05   1.2136228e-03   7.3338778e-03   6.5038935e-06   4.4014471e-08   3.9025021e-07
   1.0000000e+00   9.8865401e-02  -4.0305691e-01  -9.3717565e-03   4.9194359e-04   6.3749312e-04   1.5553393e-03   9.7743675e-03   1.6245487e-01   8.7829820e-05   2.4200850e-07   4.0639748e-07   2.4190803e-06   1.9195020e-02  -2.5447290e-02  -3.9491996e-02   1.0916208e-03  -4.6241220e-05   9.3934200e-05   3.6844879e-04   6.4756457e-04   1.5596177e-03   1.1916360e-06   2.1382504e-09   8.8236339e-09
   1.0000000e+00   1.0550797e-01  -3.8540883e-01  -2.4583865e-02   7.2675053e-04   8.3204495e-04   1.5486434e-03   1.1131932e-02   1.4853997e-01   6.0436642e-04   5.2816633e-07   6.9229880e-07   2.3982964e-06   6.6425690e-03   1.7648080e-02  -1.5212108e-02   2.3480694e-04   1.9455183e-04  -6.6959000e-06   4.4123723e-05   3.1145473e-04   2.3140825e-04   5.5134299e-08   3.7850415e-08   4.4835077e-11
   1.0000000e+00   1.0393448e-01  -4.3026261e-01  -9.4723113e-03   5.9411510e-04   7.3782007e-04   1.4580185e-03   1.0802376e-02   1.8512591e-01   8.9724681e-05   3.5297275e-07   5.4437846e-07   2.1258179e-06  -1.5734900e-03  -4.4853780e-02   1.5111554e-02  -1.3263543e-04  -9.4224880e-05  -9.0624900e-05   2.4758708e-06   2.0118616e-03   2.2835906e-04   1.7592157e-08   8.8783280e-09   8.2128725e-09
   1.0000000e+00   9.6648563e-02  -4.5153184e-01   3.1226358e-02  -2.3966940e-04   7.1570241e-04   1.4529245e-03   9.3409447e-03   2.0388100e-01   9.7508543e-04   5.7441421e-08   5.1222994e-07   2.1109896e-06  -7.2859170e-03  -2.1269230e-02   4.0698669e-02  -8.3378450e-04  -2.2117660e-05  -5.0940000e-06   5.3084587e-05   4.5238014e-04   1.6563817e-03   6.9519659e-07   4.8919088e-10   2.5948836e-11
   1.0000000e+00   9.3350943e-02  -4.4148784e-01  -3.6781614e-03   2.3935546e-04   8.0214396e-04   1.2034629e-03   8.7143986e-03   1.9491151e-01   1.3528871e-05   5.7291036e-08   6.4343493e-07   1.4483230e-06  -3.2976200e-03   1.0044000e-02  -3.4904519e-02   4.7902486e-04   8.6441550e-05  -2.4946160e-04   1.0874298e-05   1.0088194e-04   1.2183255e-03   2.2946482e-07   7.4721416e-09   6.2231090e-08
   1.0000000e+00   7.2794010e-02  -4.3857542e-01  -3.2926906e-02   1.2475729e-03   1.0285055e-03   1.0744376e-03   5.2989679e-03   1.9234840e-01   1.0841811e-03   1.5564381e-06   1.0578236e-06   1.1544162e-06  -2.0556933e-02   2.9124200e-03  -2.9248745e-02   1.0082174e-03   2.2636154e-04  -1.2902530e-04   4.2258749e-04   8.4821903e-06   8.5548906e-04   1.0165024e-06   5.1239547e-08   1.6647528e-08
   1.0000000e+00   1.3516369e-01  -5.3891177e-01   1.0543033e-01  -2.3440256e-03   1.4790526e-03   1.3731606e-03   1.8269223e-02   2.9042590e-01   1.1115554e-02   5.4944560e-06   2.1875966e-06   1.8855700e-06   6.2369680e-02  -1.0033635e-01   1.3835724e-01  -3.5915985e-03   4.5054710e-04   2.9872300e-04   3.8899770e-03   1.0067383e-02   1.9142725e-02   1.2899580e-05   2.0299269e-07   8.9235431e-08
   1.0000000e+00   2.1868681e-02  -5.5082063e-01   9.3522891e-02  -2.5345120e-03   9.4528456e-04   2.5527860e-04   4.7823921e-04   3.0340337e-01   8.7465311e-03   6.4237511e-06   8.9356290e-07   6.5167164e-08  -1.1329501e-01  -1.1908860e-02  -1.1907439e-02  -1.9048640e-04  -5.3376804e-04  -1.1178820e-03   1.2835759e-02   1.4182095e-04   1.4178710e-04   3.6285069e-08   2.8490832e-07   1.2496602e-06
   1.0000000e+00  -1.0447881e-02  -5.2022769e-01   3.3107762e-03  -4.4316900e-04   8.9280961e-04   3.0273795e-04   1.0915822e-04   2.7063685e-01   1.0961239e-05   1.9639876e-07   7.9710900e-07   9.1650266e-08  -3.2316562e-02   3.0592940e-02  -9.0212115e-02   2.0913430e-03  -5.2474950e-05   4.7459350e-05   1.0443602e-03   9.3592798e-04   8.1382257e-03   4.3737155e-06   2.7536204e-09   2.2523899e-09
   1.0000000e+00   2.8518385e-02  -4.8785844e-01  -8.6950991e-03  -5.8932774e-04   1.2306808e-03   2.9129982e-04   8.1329828e-04   2.3800586e-01   7.5604748e-05   3.4730719e-07   1.5145752e-06   8.4855585e-08   3.8966266e-02   3.2369250e-02  -1.2005875e-02  -1.4615874e-04   3.3787119e-04  -1.1438130e-05   1.5183699e-03   1.0477683e-03   1.4414104e-04   2.1362377e-08   1.1415694e-07   1.3083082e-10
   1.0000000e+00   7.6304818e-02  -4.7832867e-01   1.1519219e-02  -1.2499389e-04   1.0046103e-03   1.1227856e-03   5.8224253e-03   2.2879832e-01   1.3269241e-04   1.5623473e-08   1.0092419e-06   1.2606475e-06   4.7786433e-02   9.5297700e-03   2.0214318e-02   4.6433385e-04  -2.2607050e-04   8.3148578e-04   2.2835432e-03   9.0816516e-05   4.0861866e-04   2.1560592e-07   5.1107871e-08   6.9136860e-07
   1.0000000e+00   1.0974490e-01  -5.0582307e-01   3.6662700e-02  -1.0322020e-04   1.2627305e-03   1.1694314e-03   1.2043943e-02   2.5585698e-01   1.3441536e-03   1.0654410e-08   1.5944883e-06   1.3675698e-06   3.3440082e-02  -2.7494400e-02   2.5143481e-02   2.1773690e-05   2.5812020e-04   4.6645800e-05   1.1182391e-03   7.5594203e-04   6.3219464e-04   4.7409358e-10   6.6626038e-08   2.1758307e-09
   1.0000000e+00   1.2437111e-01  -5.4397117e-01   7.8622423e-02  -6.2591553e-04   1.1792507e-03   1.2195691e-03   1.5468173e-02   2.9590463e-01   6.1814854e-03   3.9177025e-07   1.3906322e-06   1.4873488e-06   1.4626210e-02  -3.8148100e-02   4.1959723e-02  -5.2269533e-04  -8.3479800e-05   5.0137700e-05   2.1392602e-04   1.4552775e-03   1.7606184e-03   2.7321041e-07   6.9688770e-09   2.5137890e-09
   1.0000000e+00   1.5890890e-01  -5.3091098e-01   5.6243744e-03   5.6249782e-04   1.2873779e-03   1.8518653e-03   2.5252038e-02   2.8186647e-01   3.1633587e-05   3.1640380e-07   1.6573419e-06   3.4294051e-06   3.4537790e-02   1.3060190e-02  -7.2998049e-02   1.1884134e-03   1.0812720e-04   6.3229620e-04   1.1928589e-03   1.7056856e-04   5.3287151e-03   1.4123263e-06   1.1691491e-08   3.9979848e-07
   1.0000000e+00   1.6006855e-01  -5.4807088e-01   2.6032853e-02  -3.7373490e-04   1.3724217e-03   1.5016403e-03   2.5621941e-02   3.0038169e-01   6.7770944e-04   1.3967778e-07   1.8835413e-06   2.2549236e-06   1.1596500e-03  -1.7159900e-02   2.0408479e-02  -9.3623272e-04   8.5043800e-05  -3.5022500e-04   1.3447881e-06   2.9446217e-04   4.1650600e-04   8.7653171e-07   7.2324479e-09   1.2265755e-07
   1.0000000e+00   1.8217936e-01  -5.4724256e-01   2.4313832e-02  -6.3613644e-04   1.1573658e-03   1.8330277e-03   3.3189319e-02   2.9947442e-01   5.9116243e-04   4.0466957e-07   1.3394956e-06   3.3599905e-06   2.2110810e-02   8.2832000e-04  -1.7190210e-03  -2.6240154e-04  -2.1505590e-04   3.3138740e-04   4.8888792e-04   6.8611402e-07   2.9550332e-06   6.8854568e-08   4.6249040e-08   1.0981761e-07
   1.0000000e+00   1.9666530e-01  -5.6047289e-01   8.9621203e-03  -2.7513185e-04   1.5809548e-03   1.3335797e-03   3.8677240e-02   3.1412986e-01   8.0319600e-05   7.5697535e-08   2.4994181e-06   1.7784348e-06   1.4485940e-02  -1.3230330e-02  -1.5351712e-02   3.6100459e-04   4.2358900e-04  -4.9944800e-04   2.0984246e-04   1.7504163e-04   2.3567505e-04   1.3032431e-07   1.7942764e-07   2.4944830e-07
   1.0000000e+00   1.5924660e-01  -5.9489485e-01   1.2482218e-02  -4.9001572e-04   1.1464803e-03   1.1840633e-03   2.5359480e-02   3.5389988e-01   1.5580577e-04   2.4011541e-07   1.3144171e-06   1.4020059e-06  -3.7418700e-02  -3.4421960e-02   3.5200977e-03  -2.1488387e-04  -4.3447450e-04  -1.4951640e-04   1.4001591e-03   1.1848713e-03   1.2391088e-05   4.6175078e-08   1.8876809e-07   2.2355154e-08
   1.0000000e+00   1.6932736e-01  -5.8085960e-01   5.0489749e-02  -8.9252900e-04   1.2175796e-03   1.6216642e-03   2.8671755e-02   3.3739787e-01   2.5492148e-03   7.9660802e-07   1.4825001e-06   2.6297948e-06   1.0080760e-02   1.4035250e-02   3.8007531e-02  -4.0251328e-04   7.1099300e-05   4.3760090e-04   1.0162172e-04   1.9698824e-04   1.4445724e-03   1.6201694e-07   5.0551105e-09   1.9149455e-07
   1.0000000e+00   1.6848655e-01  -5.8023133e-01  -2.4125168e-02   4.9787864e-04   1.2404695e-03   1.5161384e-03   2.8387718e-02   3.3666840e-01   5.8202373e-04   2.4788314e-07   1.5387646e-06   2.2986756e-06  -8.4081000e-04   6.2827000e-04  -7.4614917e-02   1.3904076e-03   2.2889900e-05  -1.0552580e-04   7.0696146e-07   3.9472319e-07   5.5673858e-03   1.9332334e-06   5.2394752e-10   1.1135694e-08
   1.0000000e+00   1.7574354e-01  -5.7185870e-01   6.4026780e-05   6.9772955e-04   9.2605457e-04   1.9891309e-03   3.0885792e-02   3.2702237e-01   4.0994286e-09   4.8682652e-07   8.5757707e-07   3.9566417e-06   7.2569900e-03   8.3726300e-03   2.4189195e-02   1.9985091e-04  -3.1441493e-04   4.7299250e-04   5.2663904e-05   7.0100933e-05   5.8511714e-04   3.9940386e-08   9.8856748e-08   2.2372191e-07
   1.0000000e+00   1.6838724e-01  -6.0479267e-01   3.4374115e-02  -4.0923830e-04   1.0538410e-03   1.7079083e-03   2.8354263e-02   3.6577417e-01   1.1815798e-03   1.6747599e-07   1.1105809e-06   2.9169508e-06  -7.3563000e-03  -3.2933970e-02   3.4310088e-02  -1.1069679e-03   1.2778643e-04  -2.8122260e-04   5.4115150e-05   1.0846464e-03   1.1771822e-03   1.2253778e-06   1.6329372e-08   7.9086151e-08
   1.0000000e+00   1.6599623e-01  -5.9372371e-01   1.1032637e-02   7.2300171e-04   8.6079330e-04   1.7054245e-03   2.7554748e-02   3.5250784e-01   1.2171908e-04   5.2273147e-07   7.4096511e-07   2.9084727e-06  -2.3910100e-03   1.1068960e-02  -2.3341478e-02   1.1322400e-03  -1.9304770e-04  -2.4838000e-06   5.7169288e-06   1.2252188e-04   5.4482460e-04   1.2819674e-06   3.7267414e-08   6.1692624e-12
   1.0000000e+00   1.8592452e-01  -6.0885284e-01  -2.1952241e-02   7.4175380e-04   1.0131551e-03   2.1495612e-03   3.4567927e-02   3.7070178e-01   4.8190088e-04   5.5019870e-07   1.0264833e-06   4.6206134e-06   1.9928290e-02  -1.5129130e-02  -3.2984878e-02   1.8752090e-05   1.5236180e-04   4.4413670e-04   3.9713674e-04   2.2889057e-04   1.0880022e-03   3.5164088e-10   2.3214118e-08   1.9725741e-07
   1.0000000e+00   1.6020095e-01  -6.2444483e-01   4.9356035e-02  -5.1692361e-04   1.0758177e-03   1.7960937e-03   2.5664344e-02   3.8993135e-01   2.4360182e-03   2.6721002e-07   1.1573837e-06   3.2259526e-06  -2.5723570e-02  -1.5591990e-02   7.1308276e-02  -1.2586774e-03   6.2662600e-05  -3.5346750e-04   6.6170205e-04   2.4311015e-04   5.0848702e-03   1.5842688e-06   3.9266014e-09   1.2493927e-07
   1.0000000e+00   4.7380386e-02  -7.1506858e-01  -1.7037616e-02  -1.4094589e-03   1.4099169e-03   4.2284836e-04   2.2449010e-03   5.1132307e-01   2.9028036e-04   1.9865744e-06   1.9878657e-06   1.7880074e-07  -1.1282056e-01  -9.0623750e-02  -6.6393651e-02  -8.9253529e-04   3.3409920e-04  -1.3732453e-03   1.2728480e-02   8.2126641e-03   4.4081169e-03   7.9661924e-07   1.1162228e-07   1.8858028e-06
   1.0000000e+00  -4.1324297e-02  -6.9740490e-01  -1.8168190e-01   1.0239362e-03   7.0297357e-04  -5.4855960e-04   1.7076975e-03   4.8637359e-01   3.3008313e-02   1.0484453e-06   4.9417184e-07   3.0091763e-07  -8.8704683e-02   1.7663680e-02  -1.6464428e-01   2.4333951e-03  -7.0694333e-04  -9.7140796e-04   7.8685208e-03   3.1200559e-04   2.7107740e-02   5.9214117e-06   4.9976887e-07   9.4363342e-07
   1.0000000e+00  -5.9716894e-02  -6.3174016e-01  -1.5721089e-01   7.4263024e-04   1.5590674e-04  -1.6390033e-05   3.5661074e-03   3.9909563e-01   2.4715264e-02   5.5149967e-07   2.4306912e-08   2.6863318e-10  -1.8392597e-02   6.5664740e-02   2.4471010e-02  -2.8130596e-04  -5.4706683e-04   5.3216957e-04   3.3828762e-04   4.3118581e-03   5.9883033e-04   7.9133043e-08   2.9928212e-07   2.8320445e-07
   1.0000000e+00  -6.7071866e-02  -6.5253001e-01  -1.5774578e-01   7.5108144e-04   4.5463008e-04  -3.7614439e-04   4.4986352e-03   4.2579541e-01   2.4883731e-02   5.6412333e-07   2.0668851e-07   1.4148460e-07  -7.3549720e-03  -2.0789850e-02  -5.3489000e-04   8.4512000e-06   2.9872334e-04  -3.5975436e-04   5.4095613e-05   4.3221786e-04   2.8610731e-07   7.1422781e-11   8.9235634e-08   1.2942320e-07
   1.0000000e+00  -7.8839153e-03  -6.3440891e-01  -1.5583039e-01   9.8780155e-04   3.1579488e-04   7.3440780e-04   6.2156120e-05   4.0247467e-01   2.4283110e-02   9.7575190e-07   9.9726406e-08   5.3935482e-07   5.9187951e-02   1.8121100e-02   1.9153900e-03   2.3672011e-04  -1.3883520e-04   1.1105522e-03   3.5032135e-03   3.2837427e-04   3.6687189e-06   5.6036410e-08   1.9275213e-08   1.2333262e-06
   1.0000000e+00   2.4804248e-02  -6.4666408e-01  -6.3459566e-02   7.8009693e-04   5.6801593e-04   7.0049549e-04   6.1525072e-04   4.1817443e-01   4.0271165e-03   6.0855122e-07   3.2264210e-07   4.9069393e-07   3.2688163e-02  -1.2255170e-02   9.2370824e-02  -2.0770462e-04   2.5222105e-04  -3.3912310e-05   1.0685160e-03   1.5018919e-04   8.5323691e-03   4.3141209e-08   6.3615458e-08   1.1500448e-09
   1.0000000e+00   4.1503196e-02  -6.4357201e-01   2.5190645e-03  -4.0901489e-04   6.4777594e-04   8.7057883e-04   1.7225153e-03   4.1418493e-01   6.3456860e-06   1.6729318e-07   4.1961367e-07   7.5790750e-07   1.6698948e-02   3.0920700e-03   6.5978630e-02  -1.1891118e-03   7.9760010e-05   1.7008334e-04   2.7885486e-04   9.5608969e-06   4.3531797e-03   1.4139869e-06   6.3616592e-09   2.8928343e-08
   1.0000000e+00   5.8308337e-02  -6.5287080e-01  -2.4520671e-02  -1.1696831e-04   1.1310825e-03   1.1850200e-03   3.3998622e-03   4.2624028e-01   6.0126331e-04   1.3681586e-08   1.2793476e-06   1.4042724e-06   1.6805141e-02  -9.2987900e-03  -2.7039736e-02   2.9204658e-04   4.8330656e-04   3.1444117e-04   2.8241276e-04   8.6467495e-05   7.3114730e-04   8.5291205e-08   2.3358523e-07   9.8873249e-08
   1.0000000e+00   8.5459158e-02  -6.5479102e-01   1.7942955e-02  -8.8318309e-04   1.3470388e-03   1.2941054e-03   7.3032677e-03   4.2875128e-01   3.2194963e-04   7.8001237e-07   1.8145135e-06   1.6747088e-06   2.7150821e-02  -1.9202200e-03   4.2463626e-02  -7.6621478e-04   2.1595630e-04   1.0908540e-04   7.3716708e-04   3.6872448e-06   1.8031595e-03   5.8708509e-07   4.6637124e-08   1.1899624e-08
   1.0000000e+00   8.8780083e-02  -6.4404316e-01  -3.4084372e-03  -3.8022756e-04   1.2842973e-03   1.3665163e-03   7.8819031e-03   4.1479159e-01   1.1617444e-05   1.4457300e-07   1.6494196e-06   1.8673668e-06   3.3209250e-03   1.0747860e-02  -2.1351392e-02   5.0295553e-04  -6.2741500e-05   7.2410900e-05   1.1028543e-05   1.1551649e-04   4.5588195e-04   2.5296427e-07   3.9364958e-09   5.2433384e-09
   1.0000000e+00   1.2194344e-01  -6.4656278e-01  -1.0368799e-02   5.1413948e-04   1.2167618e-03   1.8311023e-03   1.4870203e-02   4.1804343e-01   1.0751199e-04   2.6433940e-07   1.4805093e-06   3.3529356e-06   3.3163357e-02  -2.5196200e-03  -6.9603618e-03   8.9436704e-04  -6.7535500e-05   4.6458600e-04   1.0998082e-03   6.3484849e-06   4.8446636e-05   7.9989240e-07   4.5610438e-09   2.1584015e-07
   1.0000000e+00   1.3587001e-01  -6.5516541e-01  -3.6113055e-02   2.6872572e-04   1.1515806e-03   1.9330716e-03   1.8460660e-02   4.2924171e-01   1.3041527e-03   7.2213513e-08   1.3261379e-06   3.7367658e-06   1.3926570e-02  -8.6026300e-03  -2.5744256e-02  -2.4541376e-04  -6.5181200e-05   1.0196930e-04   1.9394935e-04   7.4005243e-05   6.6276672e-04   6.0227914e-08   4.2485888e-09   1.0397738e-08
   1.0000000e+00   1.1283095e-01  -6.9145302e-01  -4.7761901e-03  -6.8214589e-04   1.4324738e-03   1.1753964e-03   1.2730823e-02   4.7810728e-01   2.2811992e-05   4.6532302e-07   2.0519812e-06   1.3815567e-06  -2.3039060e-02  -3.6287610e-02   3.1336865e-02  -9.5087161e-04   2.8089320e-04  -7.5767520e-04   5.3079829e-04   1.3167906e-03   9.8199910e-04   9.0415682e-07   7.8900990e-08   5.7407171e-07
   1.0000000e+00   1.2305942e-01  -6.7041330e-01  -4.6223548e-02  -4.7372608e-04   1.3146955e-03   1.7098309e-03   1.5143621e-02   4.4945399e-01   2.1366164e-03   2.2441640e-07   1.7284243e-06   2.9235217e-06   1.0228470e-02   2.1039720e-02  -4.1447358e-02   2.0841981e-04  -1.1777830e-04   5.3443450e-04   1.0462160e-04   4.4266982e-04   1.7178835e-03   4.3438817e-08   1.3871728e-08   2.8562023e-07
   1.0000000e+00   1.3992948e-01  -6.6149226e-01  -7.1060706e-02   1.7068897e-05   1.3438306e-03   1.9466720e-03   1.9580259e-02   4.3757201e-01   5.0496239e-03   2.9134724e-10   1.8058807e-06   3.7895319e-06   1.6870060e-02   8.9210400e-03  -2.4837158e-02   4.9079498e-04   2.9135100e-05   2.3684110e-04   2.8459892e-04   7.9584955e-05   6.1688442e-04   2.4087971e-07   8.4885405e-10   5.6093707e-08
   1.0000000e+00   9.2486757e-02  -7.1239542e-01  -1.6295493e-01   1.3172543e-03   1.2829204e-03   9.7557270e-04   8.5538002e-03   5.0750723e-01   2.6554309e-02   1.7351589e-06   1.6458848e-06   9.5174209e-07  -4.7442723e-02  -5.0903160e-02  -9.1894224e-02   1.3001854e-03  -6.0910200e-05  -9.7109930e-04   2.2508120e-03   2.5911317e-03   8.4445484e-03   1.6904821e-06   3.7100525e-09   9.4303385e-07
   1.0000000e+00   8.9250830e-02  -7.0970990e-01  -1.0649759e-01  -3.1013724e-05   1.3910416e-03   8.8704547e-04   7.9657107e-03   5.0368814e-01   1.1341737e-02   9.6185108e-10   1.9349967e-06   7.8684967e-07  -3.2359270e-03   2.6855200e-03   5.6457340e-02  -1.3482680e-03   1.0812120e-04  -8.8527230e-05   1.0471224e-05   7.2120177e-06   3.1874312e-03   1.8178267e-06   1.1690194e-08   7.8370705e-09
   1.0000000e+00   1.0195700e-01  -6.9374038e-01  -1.0243457e-01   1.9822932e-05   1.3051125e-03   1.2756548e-03   1.0395230e-02   4.8127571e-01   1.0492841e-02   3.9294863e-10   1.7033186e-06   1.6272952e-06   1.2706170e-02   1.5969520e-02   4.0630200e-03   5.0836656e-05  -8.5929100e-05   3.8860933e-04   1.6144676e-04   2.5502557e-04   1.6508132e-05   2.5843656e-09   7.3838102e-09   1.5101721e-07
   1.0000000e+00   1.5043667e-01  -6.9035619e-01  -8.4347834e-02   7.1334402e-05   1.3492449e-03   1.6589083e-03   2.2631192e-02   4.7659167e-01   7.1145571e-03   5.0885969e-09   1.8204618e-06   2.7519767e-06   4.8479670e-02   3.3841900e-03   1.8086736e-02   5.1511470e-05   4.4132400e-05   3.8325350e-04   2.3502784e-03   1.1452742e-05   3.2713002e-04   2.6534315e-09   1.9476687e-09   1.4688325e-07
   1.0000000e+00   1.4598666e-01  -6.8856027e-01  -1.2508110e-01   1.0167627e-03   1.3817038e-03   1.8007784e-03   2.1312105e-02   4.7411525e-01   1.5645282e-02   1.0338064e-06   1.9091054e-06   3.2428028e-06  -4.4500100e-03   1.7959200e-03  -4.0733266e-02   9.4542830e-04   3.2458900e-05   1.4187010e-04   1.9802589e-05   3.2253286e-06   1.6591990e-03   8.9383467e-07   1.0535802e-09   2.0127125e-08
   1.0000000e+00   1.2004559e-01  -7.1063753e-01  -1.0970844e-01   7.3797829e-04   1.2730086e-03   1.4702021e-03   1.4410944e-02   5.0500570e-01   1.2035942e-02   5.4461196e-07   1.6205509e-06   2.1614942e-06  -2.5941070e-02  -2.2077260e-02   1.5372660e-02  -2.7878441e-04  -1.0869520e-04  -3.3057630e-04   6.7293911e-04   4.8740541e-04   2.3631868e-04   7.7720747e-08   1.1814647e-08   1.0928069e-07
   1.0000000e+00   6.0682752e-02  -7.9338157e-01  -1.5313775e-02  -7.2962233e-04   1.5317278e-03   4.5000029e-04   3.6823964e-03   6.2945432e-01   2.3451170e-04   5.3234874e-07   2.3461901e-06   2.0250026e-07  -5.9362838e-02  -8.2744040e-02   9.4394665e-02  -1.4676006e-03   2.5871920e-04  -1.0202018e-03   3.5239465e-03   6.8465762e-03   8.9103528e-03   2.1538516e-06   6.6935624e-08   1.0408117e-06
   1.0000000e+00   6.4066820e-02  -7.6554293e-01  -9.8972912e-02   3.7125441e-04   1.1105187e-03   5.0000768e-04   4.1045574e-03   5.8605598e-01   9.7956373e-03   1.3782984e-07   1.2332518e-06   2.5000768e-07   3.3840680e-03   2.7838640e-02  -8.3659137e-02   1.1008767e-03  -4.2120910e-04   5.0007390e-05   1.1451916e-05   7.7498988e-04   6.9988512e-03   1.2119296e-06   1.7741711e-07   2.5007391e-09
   1.0000000e+00   7.5927160e-02  -7.8303696e-01  -1.0585459e-01   6.9054199e-04   1.3675972e-03   6.2709435e-04   5.7649336e-03   6.1314688e-01   1.1205194e-02   4.7684824e-07   1.8703221e-06   3.9324732e-07   1.1860340e-02  -1.7494030e-02  -6.8816780e-03   3.1928758e-04   2.5707850e-04   1.2708667e-04   1.4066766e-04   3.0604109e-04   4.7357492e-05   1.0194456e-07   6.6089355e-08   1.6151022e-08
   1.0000000e+00   9.3575173e-02  -7.6878856e-01  -1.1358895e-01   1.3378428e-03   1.2903818e-03   1.1079454e-03   8.7563130e-03   5.9103585e-01   1.2902450e-02   1.7898234e-06   1.6650852e-06   1.2275430e-06   1.7648013e-02   1.4248400e-02  -7.7343600e-03   6.4730081e-04  -7.7215400e-05   4.8085105e-04   3.1145236e-04   2.0301690e-04   5.9820325e-05   4.1899834e-07   5.9622180e-09   2.3121773e-07
   1.0000000e+00   7.6012039e-02  -7.5914249e-01  -1.1351497e-01   1.9179219e-03   1.4386735e-03   3.6740164e-04   5.7778301e-03   5.7629732e-01   1.2885648e-02   3.6784244e-06   2.0697814e-06   1.3498397e-07  -1.7563134e-02   9.6460700e-03   7.3980000e-05   5.8007910e-04   1.4829170e-04  -7.4054376e-04   3.0846368e-04   9.3046666e-05   5.4730404e-09   3.3649176e-07   2.1990428e-08   5.4840506e-07
   1.0000000e+00   9.2826706e-02  -8.2768467e-01  -6.2949310e-02   6.8024007e-04   1.3525924e-03   6.8804769e-04   8.6167973e-03   6.8506191e-01   3.9626156e-03   4.6272655e-07   1.8295062e-06   4.7340962e-07   1.6814667e-02  -6.8542180e-02   5.0565660e-02  -1.2376818e-03  -8.6081100e-05   3.2064605e-04   2.8273303e-04   4.6980304e-03   2.5568860e-03   1.5318563e-06   7.4099558e-09   1.0281389e-07
   1.0000000e+00   1.2527401e-01  -8.0767278e-01  -7.7998351e-02   6.9435463e-04   1.2015744e-03   1.5155881e-03   1.5693578e-02   6.5233532e-01   6.0837428e-03   4.8212835e-07   1.4437810e-06   2.2970073e-06   3.2447304e-02   2.0011890e-02  -1.5049041e-02   1.4114560e-05  -1.5101800e-04   8.2754041e-04   1.0528275e-03   4.0047574e-04   2.2647364e-04   1.9922080e-10   2.2806436e-08   6.8482313e-07
   1.0000000e+00   1.1867857e-01  -8.2342489e-01  -8.6213923e-02   5.8293642e-04   1.2726555e-03   1.4304374e-03   1.4084603e-02   6.7802855e-01   7.4328405e-03   3.3981487e-07   1.6196520e-06   2.0461512e-06  -6.5954400e-03  -1.5752110e-02  -8.2155720e-03  -1.1141821e-04   7.1081100e-05  -8.5150700e-05   4.3499829e-05   2.4812897e-04   6.7495623e-05   1.2414018e-08   5.0525228e-09   7.2506417e-09
   1.0000000e+00   1.0458141e-01  -8.1626995e-01  -1.2899660e-01   1.5035888e-03   1.0578224e-03   1.4488987e-03   1.0937271e-02   6.6629663e-01   1.6640123e-02   2.2607793e-06   1.1189882e-06   2.0993074e-06  -1.4097160e-02   7.1549400e-03  -4.2782677e-02   9.2065238e-04  -2.1483310e-04   1.8461300e-05   1.9872992e-04   5.1193166e-05   1.8303575e-03   8.4760080e-07   4.6153261e-08   3.4081960e-10
   1.0000000e+00   5.4427338e-02  -8.2687149e-01  -1.2347284e-01   1.4362126e-03   9.0509306e-04   9.7434114e-04   2.9623351e-03   6.8371646e-01   1.5245542e-02   2.0627066e-06   8.1919345e-07   9.4934066e-07  -5.0154072e-02  -1.0601540e-02   5.5237600e-03  -6.7376200e-05  -1.5272934e-04  -4.7455756e-04   2.5154309e-03   1.1239265e-04   3.0511925e-05   4.5395523e-09   2.3326251e-08   2.2520488e-07
   1.0000000e+00  -3.4633542e-03  -9.0818432e-01  -1.5389613e-01   3.8228952e-04   1.8845720e-03   1.4096570e-04   1.1994822e-05   8.2479876e-01   2.3684019e-02   1.4614528e-07   3.5516116e-06   1.9871329e-08  -5.7890692e-02  -8.1312830e-02  -3.0423290e-02  -1.0539231e-03   9.7947894e-04  -8.3337544e-04   3.3513322e-03   6.6117763e-03   9.2557657e-04   1.1107539e-06   9.5937899e-07   6.9451462e-07
   1.0000000e+00  -5.4649258e-02  -9.0735304e-01  -1.4886199e-01   1.9689194e-04   1.5673003e-03   1.5029099e-04   2.9865414e-03   8.2328954e-01   2.2159892e-02   3.8766436e-08   2.4564302e-06   2.2587382e-08  -5.1185904e-02   8.3128000e-04   5.0341400e-03  -1.8539758e-04  -3.1727170e-04   9.3252900e-06   2.6199967e-03   6.9102644e-07   2.5342566e-05   3.4372263e-08   1.0066133e-07   8.6961034e-11
   1.0000000e+00  -6.9129603e-03  -8.6022272e-01  -2.1834292e-01   1.6841137e-03   1.8468439e-03   8.0312781e-04   4.7789020e-05   7.3998313e-01   4.7673631e-02   2.8362390e-06   3.4108324e-06   6.4501428e-07   4.7736298e-02   4.7130320e-02  -6.9480930e-02   1.4872218e-03   2.7954360e-04   6.5283682e-04   2.2787541e-03   2.2212671e-03   4.8275996e-03   2.2118286e-06   7.8144624e-08   4.2619591e-07
   1.0000000e+00  -1.5228180e-02  -8.5395643e-01  -2.6869226e-01   3.0710765e-03   1.6858668e-03   7.3701901e-04   2.3189747e-04   7.2924158e-01   7.2195531e-02   9.4315109e-06   2.8421469e-06   5.4319702e-07  -8.3152197e-03   6.2662900e-03  -5.0349340e-02   1.3869628e-03  -1.6097710e-04  -6.6108800e-05   6.9142879e-05   3.9266390e-05   2.5350560e-03   1.9236658e-06   2.5913627e-08   4.3703734e-09
   1.0000000e+00  -2.4986203e-02  -8.7926956e-01  -1.2224471e-01  -2.1237862e-05   1.5527809e-03   6.7266858e-04   6.2431034e-04   7.7311496e-01   1.4943769e-02   4.5104678e-10   2.4111285e-06   4.5248302e-07  -9.7580230e-03  -2.5313130e-02   1.4644755e-01  -3.0923144e-03  -1.3308590e-04  -6.4350430e-05   9.5219013e-05   6.4075455e-04   2.1446885e-02   9.5624081e-06   1.7711857e-08   4.1409778e-09
   1.0000000e+00  -4.6217812e-02  -8.6155387e-01  -1.5379710e-01   1.2371504e-03   1.5659891e-03   2.4292977e-04   2.1360861e-03   7.4227507e-01   2.3653548e-02   1.5305411e-06   2.4523219e-06   5.9014873e-08  -2.1231609e-02   1.7715690e-02  -3.1552390e-02   1.2583883e-03   1.3208200e-05  -4.2973881e-04   4.5078122e-04   3.1384567e-04   9.9555331e-04   1.5835410e-06   1.7445655e-10   1.8467544e-07
   1.0000000e+00  -3.7747623e-03  -8.7048621e-01  -1.7859794e-01   1.6368085e-03   1.5436976e-03   9.5939115e-04   1.4248830e-05   7.5774624e-01   3.1897224e-02   2.6791421e-06   2.3830023e-06   9.2043138e-07   4.2443050e-02  -8.9323400e-03  -2.4800840e-02   3.9965810e-04  -2.2291500e-05   7.1646138e-04   1.8014125e-03   7.9786698e-05   6.1508166e-04   1.5972660e-07   4.9691097e-10   5.1331691e-07
   1.0000000e+00  -3.5827084e-02  -9.0754714e-01  -1.8393484e-01   1.4185001e-03   1.3042316e-03   2.8622754e-04   1.2835799e-03   8.2364181e-01   3.3832025e-02   2.0121425e-06   1.7010201e-06   8.1926205e-08  -3.2052322e-02  -3.7060930e-02  -5.3369000e-03  -2.1830840e-04  -2.3946600e-04  -6.7316361e-04   1.0273513e-03   1.3735125e-03   2.8482502e-05   4.7658558e-08   5.7343965e-08   4.5314925e-07
   1.0000000e+00  -3.7826186e-02  -8.9478328e-01  -1.6085757e-01   7.6200045e-04   1.3547598e-03   4.5270111e-04   1.4308203e-03   8.0063712e-01   2.5875158e-02   5.8064469e-07   1.8353741e-06   2.0493829e-07  -1.9991020e-03   1.2763860e-02   2.3077270e-02  -6.5649965e-04   5.0528200e-05   1.6647357e-04   3.9964088e-06   1.6291612e-04   5.3256039e-04   4.3099179e-07   2.5530990e-09   2.7713450e-08
   1.0000000e+00  -3.8195445e-02  -8.8885102e-01  -1.5991758e-01   9.2825367e-04   1.6559005e-03   4.8999823e-04   1.4588920e-03   7.9005614e-01   2.5573632e-02   8.6165488e-07   2.7420065e-06   2.4009827e-07  -3.6925900e-04   5.9322600e-03   9.3999000e-04   1.6625322e-04   3.0114070e-04   3.7297120e-05   1.3635221e-07   3.5191709e-05   8.8358120e-07   2.7640133e-08   9.0685721e-08   1.3910752e-09
   1.0000000e+00  -1.0182156e-02  -8.6896404e-01  -1.2410098e-01   1.1194460e-03   1.4879873e-03   1.0024800e-03   1.0367630e-04   7.5509850e-01   1.5401053e-02   1.2531593e-06   2.2141062e-06   1.0049662e-06   2.8013289e-02   1.9886980e-02   3.5816600e-02   1.9119233e-04  -1.6791320e-04   5.1248177e-04   7.8474436e-04   3.9549197e-04   1.2828288e-03   3.6554507e-08   2.8194843e-08   2.6263756e-07
   1.0000000e+00   3.4469059e-02  -8.9641488e-01  -7.9624593e-02   5.5007780e-04   1.5967318e-03   1.3300747e-03   1.1881160e-03   8.0355964e-01   6.3400758e-03   3.0258559e-07   2.5495524e-06   1.7690987e-06   4.4651215e-02  -2.7450840e-02   4.4476387e-02  -5.6936820e-04   1.0874450e-04   3.2759470e-04   1.9937310e-03   7.5354862e-04   1.9781490e-03   3.2418015e-07   1.1825366e-08   1.0731829e-07
   1.0000000e+00   3.5440106e-02  -9.1941598e-01  -9.6048173e-02   7.8512225e-04   1.7632096e-03   1.2242006e-03   1.2560011e-03   8.4532574e-01   9.2252515e-03   6.1641695e-07   3.1089081e-06   1.4986671e-06   9.7104700e-04  -2.3001100e-02  -1.6423580e-02   2.3504445e-04   1.6647780e-04  -1.0587410e-04   9.4293228e-07   5.2905060e-04   2.6973398e-04   5.5245893e-08   2.7714858e-08   1.1209325e-08
   1.0000000e+00   3.0734846e-02  -9.0018934e-01  -1.3129114e-01   1.4296353e-03   1.9050700e-03   1.7867836e-03   9.4463076e-04   8.1034085e-01   1.7237363e-02   2.0438571e-06   3.6292917e-06   3.1925956e-06  -4.7052600e-03   1.9226640e-02  -3.5242967e-02   6.4451305e-04   1.4186040e-04   5.6258300e-04   2.2139472e-05   3.6966369e-04   1.2420667e-03   4.1539707e-07   2.0124373e-08   3.1649963e-07
   1.0000000e+00   5.5114929e-02  -8.9660450e-01  -1.4927244e-01   1.3311595e-03   1.8713375e-03   2.0558596e-03   3.0376554e-03   8.0389963e-01   2.2282261e-02   1.7719856e-06   3.5019040e-06   4.2265587e-06   2.4380083e-02   3.5848400e-03  -1.7981300e-02  -9.8475800e-05  -3.3732500e-05   2.6907600e-04   5.9438845e-04   1.2851078e-05   3.2332715e-04   9.6974832e-09   1.1378816e-09   7.2401894e-08
   1.0000000e+00   6.2460863e-02  -8.7607802e-01  -1.4832490e-01   1.7909501e-03   1.7350481e-03   1.8865066e-03   3.9013594e-03   7.6751270e-01   2.2000276e-02   3.2075023e-06   3.0103919e-06   3.5589072e-06   7.3459340e-03   2.0526480e-02   9.4754000e-04   4.5979060e-04  -1.3628940e-04  -1.6935300e-04   5.3962746e-05   4.2133638e-04   8.9783205e-07   2.1140740e-07   1.8574801e-08   2.8680439e-08
   1.0000000e+00   6.1218551e-02  -8.8868209e-01  -1.7071965e-01   2.4460183e-03   1.5332641e-03   2.0272306e-03   3.7477110e-03   7.8975586e-01   2.9145199e-02   5.9830055e-06   2.3508988e-06   4.1096639e-06  -1.2423120e-03  -1.2604070e-02  -2.2394750e-02   6.5506820e-04  -2.0178400e-04   1.4072400e-04   1.5433391e-06   1.5886258e-04   5.0152483e-04   4.2911435e-07   4.0716783e-08   1.9803244e-08
   1.0000000e+00   9.0205176e-02  -9.0687590e-01  -1.3508959e-01   1.5528213e-03   1.9709930e-03   1.9657449e-03   8.1369738e-03   8.2242390e-01   1.8249197e-02   2.4112540e-06   3.8848134e-06   3.8641530e-06   2.8986625e-02  -1.8193810e-02   3.5630060e-02  -8.9319700e-04   4.3772890e-04  -6.1485700e-05   8.4022443e-04   3.3101472e-04   1.2695012e-03   7.9780088e-07   1.9160659e-07   3.7804913e-09
   1.0000000e+00   9.2967542e-02  -9.3726442e-01  -9.0439816e-02   5.3061073e-04   1.9516557e-03   1.9035462e-03   8.6429639e-03   8.7846459e-01   8.1793603e-03   2.8154775e-07   3.8089600e-06   3.6234881e-06   2.7623660e-03  -3.0388520e-02   4.4649774e-02  -1.0222106e-03  -1.9337300e-05  -6.2198700e-05   7.6306659e-06   9.2346215e-04   1.9936023e-03   1.0449144e-06   3.7393117e-10   3.8686783e-09
   1.0000000e+00   7.5814155e-02  -9.2922675e-01  -1.0593535e-01   1.6426218e-04   2.2548495e-03   1.8889484e-03   5.7477861e-03   8.6346235e-01   1.1222298e-02   2.6982064e-08   5.0843463e-06   3.5681261e-06  -1.7153387e-02   8.0376700e-03  -1.5495534e-02  -3.6634855e-04   3.0319380e-04  -1.4597800e-05   2.9423869e-04   6.4604139e-05   2.4011157e-04   1.3421126e-07   9.1926480e-08   2.1309576e-10
   1.0000000e+00   8.5493387e-02  -9.2759822e-01  -1.6761373e-01   1.8375261e-03   2.0973477e-03   2.1004665e-03   7.3091192e-03   8.6043846e-01   2.8094362e-02   3.3765022e-06   4.3988674e-06   4.4119595e-06   9.6792320e-03   1.6285300e-03  -6.1678380e-02   1.6732639e-03  -1.5750180e-04   2.1151810e-04   9.3687532e-05   2.6521100e-06   3.8042226e-03   2.7998121e-06   2.4806817e-08   4.4739907e-08
   1.0000000e+00   9.5349247e-02  -9.4006360e-01  -1.3740906e-01   1.4380685e-03   2.1113172e-03   1.9773307e-03   9.0914789e-03   8.8371957e-01   1.8881250e-02   2.0680410e-06   4.4576603e-06   3.9098367e-06   9.8558600e-03  -1.2465380e-02   3.0204670e-02  -3.9945760e-04   1.3969500e-05  -1.2313580e-04   9.7137976e-05   1.5538570e-04   9.1232209e-04   1.5956637e-07   1.9514693e-10   1.5162425e-08
   1.0000000e+00   9.7596422e-02  -9.3101981e-01  -1.7108082e-01   2.4498591e-03   1.4741437e-03   2.3945650e-03   9.5250616e-03   8.6679789e-01   2.9268647e-02   6.0018096e-06   2.1730996e-06   5.7339415e-06   2.2471750e-03   9.0437900e-03  -3.3671760e-02   1.0117906e-03  -6.3717350e-04   4.1723430e-04   5.0497955e-06   8.1790138e-05   1.1337874e-03   1.0237202e-06   4.0599007e-07   1.7408446e-07
   1.0000000e+00   7.1985547e-02  -9.3359808e-01  -2.0123190e-01   3.5787972e-03   1.8667385e-03   1.6591241e-03   5.1819190e-03   8.7160537e-01   4.0494278e-02   1.2807789e-05   3.4847126e-06   2.7526928e-06  -2.5610875e-02  -2.5782700e-03  -3.0151080e-02   1.1289381e-03   3.9259480e-04  -7.3544090e-04   6.5591692e-04   6.6474762e-06   9.0908763e-04   1.2745012e-06   1.5413068e-07   5.4087332e-07
   1.0000000e+00   5.9575034e-02  -9.2382903e-01  -2.1709516e-01   3.5751159e-03   1.9672099e-03   1.4708865e-03   3.5491847e-03   8.5346008e-01   4.7130308e-02   1.2781454e-05   3.8699148e-06   2.1635071e-06  -1.2410513e-02   9.7690500e-03  -1.5863260e-02  -3.6813000e-06   1.0047140e-04  -1.8823760e-04   1.5402083e-04   9.5434338e-05   2.5164302e-04   1.3551970e-11   1.0094502e-08   3.5433394e-08
   1.0000000e+00   6.3277327e-02  -9.3981301e-01  -2.3089649e-01   4.1195141e-03   1.8132100e-03   1.6344603e-03   4.0040201e-03   8.8324849e-01   5.3313189e-02   1.6970396e-05   3.2877305e-06   2.6714605e-06   3.7022930e-03  -1.5983980e-02  -1.3801330e-02   5.4439820e-04  -1.5399990e-04   1.6357380e-04   1.3706973e-05   2.5548762e-04   1.9047671e-04   2.9636940e-07   2.3715969e-08   2.6756388e-08
   1.0000000e+00   8.0724188e-02  -9.6059328e-01  -1.7494368e-01   2.1371396e-03   2.0868969e-03   1.8514387e-03   6.5163945e-03   9.2273945e-01   3.0605291e-02   4.5673657e-06   4.3551387e-06   3.4278253e-06   1.7446861e-02  -2.0780270e-02   5.5952810e-02  -1.9823745e-03   2.7368690e-04   2.1697840e-04   3.0439296e-04   4.3181962e-04   3.1307169e-03   3.9298087e-06   7.4904519e-08   4.7079626e-08
   1.0000000e+00   6.7293067e-02  -9.9714159e-01  -1.3491195e-01   1.2597332e-03   1.9961057e-03   1.4068775e-03   4.5283569e-03   9.9429135e-01   1.8201234e-02   1.5869277e-06   3.9844380e-06   1.9793043e-06  -1.3431121e-02  -3.6548310e-02   4.0031730e-02  -8.7740640e-04  -9.0791200e-05  -4.4456120e-04   1.8039501e-04   1.3357790e-03   1.6025394e-03   7.6984199e-07   8.2430420e-09   1.9763466e-07
   1.0000000e+00   6.8157661e-02  -1.0047835e+00  -1.5115707e-01   5.6898948e-04   2.3514158e-03   1.3700660e-03   4.6454668e-03   1.0095899e+00   2.2848460e-02   3.2374903e-07   5.5291563e-06   1.8770808e-06   8.6459400e-04  -7.6419100e-03  -1.6245120e-02  -6.9074372e-04   3.5531010e-04  -3.6811500e-05   7.4752278e-07   5.8398788e-05   2.6390392e-04   4.7712689e-07   1.2624527e-07   1.3550865e-09
   1.0000000e+00   6.9604232e-02  -1.0015044e+00  -1.8171429e-01   1.6192031e-03   2.1783909e-03   1.7494100e-03   4.8447491e-03   1.0030111e+00   3.3020083e-02   2.6218187e-06   4.7453869e-06   3.0604353e-06   1.4465710e-03   3.2791000e-03  -3.0557220e-02   1.0502136e-03  -1.7302490e-04   3.7934400e-04   2.0925677e-06   1.0752497e-05   9.3374369e-04   1.1029486e-06   2.9937616e-08   1.4390187e-07
   1.0000000e+00   9.1765717e-02  -1.0086734e+00  -1.3998171e-01   5.5245820e-04   2.2433673e-03   1.6317289e-03   8.4209468e-03   1.0174220e+00   1.9594879e-02   3.0521006e-07   5.0326968e-06   2.6625392e-06   2.2161485e-02  -7.1690000e-03   4.1732580e-02  -1.0667449e-03   6.4976400e-05  -1.1768110e-04   4.9113142e-04   5.1394561e-05   1.7416082e-03   1.1379447e-06   4.2219326e-09   1.3848841e-08
   1.0000000e+00   3.4542015e-02  -1.0353908e+00  -1.7060529e-01   1.3827081e-03   1.8854909e-03   7.4005849e-04   1.1931508e-03   1.0720341e+00   2.9106165e-02   1.9118817e-06   3.5550759e-06   5.4768657e-07  -5.7223702e-02  -2.6717400e-02  -3.0623580e-02   8.3024990e-04  -3.5787640e-04  -8.9167041e-04   3.2745521e-03   7.1381946e-04   9.3780365e-04   6.8931490e-07   1.2807552e-07   7.9507612e-07
   1.0000000e+00  -3.1640860e-02  -1.1487898e+00  -2.4107982e-01   2.5773836e-03   1.7352388e-03   1.8322236e-04   1.0011440e-03   1.3197180e+00   5.8119480e-02   6.6429062e-06   3.0110537e-06   3.3570433e-08  -6.6182875e-02  -1.1339900e-01  -7.0474530e-02   1.1946755e-03  -1.5025210e-04  -5.5683613e-04   4.3801729e-03   1.2859333e-02   4.9666594e-03   1.4272496e-06   2.2575694e-08   3.1006648e-07
   1.0000000e+00  -9.4188443e-02  -1.0936496e+00  -3.0231987e-01   3.3943188e-03   1.4475765e-03  -8.1639295e-05   8.8714628e-03   1.1960694e+00   9.1397304e-02   1.1521400e-05   2.0954777e-06   6.6649745e-09  -6.2547583e-02   5.5140200e-02  -6.1240050e-02   8.1693520e-04  -2.8766230e-04  -2.6486166e-04   3.9122001e-03   3.0404417e-03   3.7503437e-03   6.6738312e-07   8.2749599e-08   7.0151696e-08
   1.0000000e+00  -8.9480786e-02  -1.0835504e+00  -2.6770990e-01   2.0979631e-03   1.4505896e-03  -1.6001035e-04   8.0068111e-03   1.1740815e+00   7.1668591e-02   4.4014492e-06   2.1042102e-06   2.5603312e-08   4.7076570e-03   1.0099200e-02   3.4609970e-02  -1.2963557e-03   3.0131000e-06  -7.8371055e-05   2.2162034e-05   1.0199384e-04   1.1978500e-03   1.6805381e-06   9.0787716e-12   6.1420223e-09
   1.0000000e+00  -5.6610633e-02  -1.0449158e+00  -2.6911701e-01   3.3296132e-03   1.1970431e-03   5.0138124e-04   3.2047638e-03   1.0918490e+00   7.2423965e-02   1.1086324e-05   1.4329122e-06   2.5138315e-07   3.2870153e-02   3.8634600e-02  -1.4071100e-03   1.2316501e-03  -2.5354650e-04   6.6139159e-04   1.0804470e-03   1.4926323e-03   1.9799586e-06   1.5169620e-06   6.4285828e-08   4.3743884e-07
   1.0000000e+00  -5.2662083e-02  -1.0850351e+00  -1.7791053e-01   1.8285801e-03   1.3511482e-03   3.9496435e-04   2.7732950e-03   1.1773012e+00   3.1652157e-02   3.3437052e-06   1.8256015e-06   1.5599684e-07   3.9485500e-03  -4.0119300e-02   9.1206480e-02  -1.5010331e-03   1.5410510e-04  -1.0641689e-04   1.5591047e-05   1.6095582e-03   8.3186220e-03   2.2531004e-06   2.3748382e-08   1.1324554e-08
   1.0000000e+00  -4.3430677e-02  -1.1117320e+00  -2.2736577e-01   2.6942573e-03   1.5694908e-03   6.6515384e-04   1.8862237e-03   1.2359480e+00   5.1695193e-02   7.2590224e-06   2.4633014e-06   4.4242963e-07   9.2314060e-03  -2.6696900e-02  -4.9455240e-02   8.6567720e-04   2.1834260e-04   2.7018949e-04   8.5218857e-05   7.1272447e-04   2.4458208e-03   7.4939701e-07   4.7673491e-08   7.3002361e-08
   1.0000000e+00  -2.0854413e-02  -1.1100451e+00  -2.5456099e-01   3.6432809e-03   1.8186391e-03   9.3802436e-04   4.3490654e-04   1.2322001e+00   6.4801298e-02   1.3273496e-05   3.3074482e-06   8.7988970e-07   2.2576264e-02   1.6869000e-03  -2.7195220e-02   9.4902360e-04   2.4914830e-04   2.7287052e-04   5.0968770e-04   2.8456316e-06   7.3957999e-04   9.0064579e-07   6.2074875e-08   7.4458321e-08
   1.0000000e+00  -4.4604063e-02  -1.1745648e+00  -2.3298136e-01   2.3732117e-03   2.2928119e-03   4.1316704e-04   1.9895224e-03   1.3796025e+00   5.4280314e-02   5.6321338e-06   5.2569864e-06   1.7070700e-07  -2.3749650e-02  -6.4519700e-02   2.1579630e-02  -1.2700692e-03   4.7417280e-04  -5.2485732e-04   5.6404588e-04   4.1627917e-03   4.6568043e-04   1.6130758e-06   2.2483984e-07   2.7547521e-07
   1.0000000e+00  -7.5871667e-03  -1.1392229e+00  -2.5706402e-01   3.3452062e-03   1.7411362e-03   1.0979163e-03   5.7565099e-05   1.2978288e+00   6.6081910e-02   1.1190405e-05   3.0315553e-06   1.2054202e-06   3.7016896e-02   3.5341900e-02  -2.4082660e-02   9.7199450e-04  -5.5167570e-04   6.8474926e-04   1.3702506e-03   1.2490499e-03   5.7997451e-04   9.4477331e-07   3.0434608e-07   4.6888155e-07
   1.0000000e+00  -5.0244049e-02  -1.1277368e+00  -2.4636171e-01   2.7857947e-03   1.5525359e-03   9.2917797e-04   2.5244645e-03   1.2717903e+00   6.0694092e-02   7.7606521e-06   2.4103677e-06   8.6337170e-07  -4.2656882e-02   1.1486100e-02   1.0702310e-02  -5.5941150e-04  -1.8860030e-04  -1.6873833e-04   1.8196096e-03   1.3193049e-04   1.1453944e-04   3.1294123e-07   3.5570073e-08   2.8472624e-08
   1.0000000e+00  -7.2521265e-02  -1.1336099e+00  -2.4667607e-01   3.3662640e-03   1.5176645e-03   9.9570426e-04   5.2593339e-03   1.2850714e+00   6.0849084e-02   1.1331733e-05   2.3033055e-06   9.9142697e-07  -2.2277216e-02  -5.8731000e-03  -3.1436000e-04   5.8046930e-04  -3.4871400e-05   6.6526290e-05   4.9627435e-04   3.4493304e-05   9.8822210e-08   3.3694461e-07   1.2160145e-09   4.4257473e-09
   1.0000000e+00  -2.6903885e-02  -1.1493429e+00  -1.8994047e-01   2.2771847e-03   1.8628332e-03   1.2637116e-03   7.2381903e-04   1.3209891e+00   3.6077382e-02   5.1855702e-06   3.4701475e-06   1.5969670e-06   4.5617380e-02  -1.5733000e-02   5.6735600e-02  -1.0890793e-03   3.4516870e-04   2.6800734e-04   2.0809454e-03   2.4752729e-04   3.2189283e-03   1.1860937e-06   1.1914143e-07   7.1827934e-08
   1.0000000e+00  -2.0207190e-02  -1.1734435e+00  -2.2829901e-01   2.6649840e-03   1.9678252e-03   1.0405176e-03   4.0833053e-04   1.3769696e+00   5.2120438e-02   7.1021397e-06   3.8723360e-06   1.0826769e-06   6.6966950e-03  -2.4100600e-02  -3.8358540e-02   3.8779930e-04   1.0499200e-04  -2.2319400e-04   4.4845724e-05   5.8083892e-04   1.4713776e-03   1.5038830e-07   1.1023320e-08   4.9815562e-08
   1.0000000e+00   6.4999472e-03  -1.1646927e+00  -2.5957355e-01   3.1448606e-03   1.8777881e-03   1.6769889e-03   4.2249314e-05   1.3565091e+00   6.7378428e-02   9.8901482e-06   3.5260881e-06   2.8122918e-06   2.6707137e-02   8.7508000e-03  -3.1274540e-02   4.7987660e-04  -9.0037100e-05   6.3647130e-04   7.1327118e-04   7.6576501e-05   9.7809685e-04   2.3028155e-07   8.1066794e-09   4.0509572e-07
   1.0000000e+00  -1.6558247e-02  -1.1849840e+00  -2.5201133e-01   2.7780495e-03   2.0314464e-03   1.0309390e-03   2.7417554e-04   1.4041871e+00   6.3509710e-02   7.7175590e-06   4.1267745e-06   1.0628352e-06  -2.3058194e-02  -2.0291300e-02   7.5622200e-03  -3.6681110e-04   1.5365830e-04  -6.4604990e-04   5.3168032e-04   4.1173686e-04   5.7187171e-05   1.3455038e-07   2.3610873e-08   4.1738047e-07
   1.0000000e+00  -1.3875430e-02  -1.1637936e+00  -2.7085089e-01   3.4724561e-03   1.8705242e-03   1.3642148e-03   1.9252756e-04   1.3544155e+00   7.3360205e-02   1.2057951e-05   3.4988608e-06   1.8610820e-06   2.6828170e-03   2.1190400e-02  -1.8839560e-02   6.9440660e-04  -1.6092220e-04   3.3327580e-04   7.1975071e-06   4.4903305e-04   3.5492902e-04   4.8220053e-07   2.5895954e-08   1.1107276e-07
   1.0000000e+00  -1.1065631e-02  -1.1741561e+00  -2.8527031e-01   3.1785557e-03   2.0004171e-03   1.4490671e-03   1.2244819e-04   1.3786425e+00   8.1379150e-02   1.0103216e-05   4.0016686e-06   2.0997955e-06   2.8097990e-03  -1.0362500e-02  -1.4419420e-02  -2.9390040e-04   1.2989290e-04   8.4852300e-05   7.8949704e-06   1.0738141e-04   2.0791967e-04   8.6377445e-08   1.6872165e-08   7.1999128e-09
   1.0000000e+00  -4.7472911e-02  -1.1972798e+00  -2.5698864e-01   2.2845271e-03   2.3598777e-03   6.4105093e-04   2.2536773e-03   1.4334789e+00   6.6043161e-02   5.2190641e-06   5.5690228e-06   4.1094629e-07  -3.6407280e-02  -2.3123700e-02   2.8281670e-02  -8.9402860e-04   3.5946060e-04  -8.0801617e-04   1.3254900e-03   5.3470550e-04   7.9985286e-04   7.9928714e-07   1.2921192e-07   6.5289013e-07
   1.0000000e+00  -3.4741535e-02  -1.2009133e+00  -3.2220946e-01   3.6066149e-03   2.0417155e-03   1.0541226e-03   1.2069743e-03   1.4421928e+00   1.0381894e-01   1.3007671e-05   4.1686022e-06   1.1111745e-06   1.2731376e-02  -3.6335000e-03  -6.5220820e-02   1.3220878e-03  -3.1816220e-04   4.1307167e-04   1.6208793e-04   1.3202322e-05   4.2537554e-03   1.7479162e-06   1.0122719e-07   1.7062820e-07
   1.0000000e+00  -3.7606184e-02  -1.1923120e+00  -3.1084027e-01   3.3113606e-03   2.0234395e-03   1.3777394e-03   1.4142251e-03   1.4216079e+00   9.6621673e-02   1.0965109e-05   4.0943074e-06   1.8981659e-06  -2.8646490e-03   8.6013000e-03   1.1369190e-02  -2.9525430e-04  -1.8276000e-05   3.2361680e-04   8.2062139e-06   7.3982362e-05   1.2925848e-04   8.7175102e-08   3.3401218e-10   1.0472783e-07
   1.0000000e+00  -4.0076120e-02  -1.2159910e+00  -2.9156302e-01   3.2180760e-03   1.9287200e-03   8.9586783e-04   1.6060954e-03   1.4786341e+00   8.5008995e-02   1.0356013e-05   3.7199608e-06   8.0257917e-07  -2.4699360e-03  -2.3679000e-02   1.9277250e-02  -9.3284600e-05  -9.4719500e-05  -4.8187157e-04   6.1005838e-06   5.6069504e-04   3.7161237e-04   8.7020166e-09   8.9717837e-09   2.3220021e-07
   1.0000000e+00  -3.6666928e-02  -1.1938590e+00  -2.6929670e-01   2.7690437e-03   1.9681346e-03   1.2971458e-03   1.3444636e-03   1.4252993e+00   7.2520713e-02   7.6676030e-06   3.8735538e-06   1.6825872e-06   3.4091920e-03   2.2132000e-02   2.2266320e-02  -4.4903230e-04   3.9414600e-05   4.0127797e-04   1.1622590e-05   4.8982542e-04   4.9578901e-04   2.0163001e-07   1.5535107e-09   1.6102401e-07
   1.0000000e+00  -3.9058899e-02  -1.2094101e+00  -2.3641449e-01   2.8278619e-03   2.1376391e-03   1.0585318e-03   1.5255976e-03   1.4626728e+00   5.5891811e-02   7.9968029e-06   4.5695009e-06   1.1204896e-06  -2.3919710e-03  -1.5551100e-02   3.2882210e-02   5.8818200e-05   1.6950450e-04  -2.3861400e-04   5.7215253e-06   2.4183671e-04   1.0812397e-03   3.4595807e-09   2.8731776e-08   5.6936641e-08
   1.0000000e+00  -4.4479746e-02  -1.2504586e+00  -2.7735298e-01   2.9025233e-03   2.1433849e-03   9.2388893e-04   1.9784478e-03   1.5636467e+00   7.6924676e-02   8.4246415e-06   4.5940988e-06   8.5357075e-07  -5.4208470e-03  -4.1048500e-02  -4.0938490e-02   7.4661400e-05   5.7458000e-06  -1.3464287e-04   2.9385582e-05   1.6849794e-03   1.6759600e-03   5.5743246e-09   3.3014218e-11   1.8128702e-08
   1.0000000e+00  -2.0502540e-02  -1.2119492e+00  -2.9337211e-01   3.4982772e-03   2.2089871e-03   1.3930256e-03   4.2035415e-04   1.4688209e+00   8.6067195e-02   1.2237943e-05   4.8796240e-06   1.9405203e-06   2.3977206e-02   3.8509400e-02  -1.6019130e-02   5.9575390e-04   6.5602200e-05   4.6913667e-04   5.7490641e-04   1.4829739e-03   2.5661253e-04   3.5492271e-07   4.3036486e-09   2.2008922e-07
   1.0000000e+00  -6.7171393e-02  -1.3284032e+00  -2.4563876e-01   2.3905536e-03   1.8451915e-03  -5.0082531e-05   4.5119960e-03   1.7646551e+00   6.0338400e-02   5.7147465e-06   3.4047317e-06   2.5082599e-09  -4.6668853e-02  -1.1645400e-01   4.7733350e-02  -1.1077236e-03  -3.6379560e-04  -1.4431081e-03   2.1779818e-03   1.3561534e-02   2.2784727e-03   1.2270516e-06   1.3234724e-07   2.0825611e-06
   1.0000000e+00  -6.3110169e-02  -1.3122236e+00  -3.3252026e-01   4.7385576e-03   1.6936327e-03  -3.9822385e-04   3.9828934e-03   1.7219308e+00   1.1056972e-01   2.2453928e-05   2.8683917e-06   1.5858223e-07   4.0612240e-03   1.6179600e-02  -8.6881500e-02   2.3480040e-03  -1.5155880e-04  -3.4814132e-04   1.6493540e-05   2.6177946e-04   7.5483950e-03   5.5131228e-06   2.2970070e-08   1.2120238e-07
   1.0000000e+00  -1.3587714e-02  -1.3419660e+00  -3.8208159e-01   4.3094531e-03   1.9664148e-03   9.6568472e-04   1.8462597e-04   1.8008727e+00   1.4598634e-01   1.8571386e-05   3.8667872e-06   9.3254698e-07   4.9522455e-02  -2.9742400e-02  -4.9561330e-02  -4.2910450e-04   2.7278210e-04   1.3639086e-03   2.4524735e-03   8.8461036e-04   2.4563254e-03   1.8413067e-07   7.4410074e-08   1.8602466e-06
   1.0000000e+00  -3.0867680e-02  -1.3584255e+00  -3.7957536e-01   3.7992373e-03   2.5971210e-03   4.3007666e-04   9.5281367e-04   1.8453198e+00   1.4407745e-01   1.4434204e-05   6.7450375e-06   1.8496593e-07  -1.7279966e-02  -1.6459500e-02   2.5062300e-03  -5.1021580e-04   6.3070620e-04  -5.3560806e-04   2.9859722e-04   2.7091514e-04   6.2811888e-06   2.6032016e-07   3.9779031e-07   2.8687599e-07
   1.0000000e+00  -1.3434287e-02  -1.3442541e+00  -3.9366959e-01   3.9617047e-03   2.6028371e-03   8.2733940e-04   1.8048007e-04   1.8070191e+00   1.5497575e-01   1.5695104e-05   6.7747610e-06   6.8449048e-07   1.7433393e-02   1.4171400e-02  -1.4094230e-02   1.6246740e-04   5.7161000e-06   3.9726274e-04   3.0392319e-04   2.0082858e-04   1.9864732e-04   2.6395656e-08   3.2673799e-11   1.5781768e-07
   1.0000000e+00   1.8234828e-02  -1.3285792e+00  -3.6738616e-01   5.3528976e-03   2.1630384e-03   1.6112204e-03   3.3250895e-04   1.7651227e+00   1.3497259e-01   2.8653513e-05   4.6787351e-06   2.5960312e-06   3.1669115e-02   1.5674900e-02   2.6283430e-02   1.3911929e-03  -4.3979870e-04   7.8388100e-04   1.0029328e-03   2.4570249e-04   6.9081869e-04   1.9354177e-06   1.9342290e-07   6.1446942e-07
   1.0000000e+00  -3.6841877e-02  -1.3308579e+00  -3.0271975e-01   2.2611820e-03   2.5716500e-03   3.3160063e-04   1.3573239e-03   1.7711827e+00   9.1639247e-02   5.1129440e-06   6.6133837e-06   1.0995898e-07  -5.5076705e-02  -2.2787000e-03   6.4666410e-02  -3.0917156e-03   4.0861160e-04  -1.2796198e-03   3.0334434e-03   5.1924737e-06   4.1817446e-03   9.5587054e-06   1.6696344e-07   1.6374268e-06
   1.0000000e+00  -9.5927516e-02  -1.3400037e+00  -3.5672412e-01   3.5197481e-03   2.4619542e-03   2.6191244e-04   9.2020883e-03   1.7956099e+00   1.2725210e-01   1.2388627e-05   6.0612185e-06   6.8598126e-08  -5.9085639e-02  -9.1458000e-03  -5.4004370e-02   1.2585661e-03  -1.0969580e-04  -6.9688190e-05   3.4911127e-03   8.3645658e-05   2.9164720e-03   1.5839886e-06   1.2033169e-08   4.8564438e-09
   1.0000000e+00  -5.9882389e-02  -1.3012800e+00  -3.8824388e-01   3.8524200e-03   2.0024968e-03   9.3420896e-04   3.5859005e-03   1.6933296e+00   1.5073331e-01   1.4841140e-05   4.0099934e-06   8.7274638e-07   3.6045127e-02   3.8723700e-02  -3.1519760e-02   3.3267190e-04  -4.5945740e-04   6.7229652e-04   1.2992512e-03   1.4995249e-03   9.9349527e-04   1.1067059e-07   2.1110110e-07   4.5198261e-07
   1.0000000e+00  -5.1599578e-02  -1.3012364e+00  -3.6363890e-01   3.8765769e-03   2.6342943e-03   1.1523325e-03   2.6625164e-03   1.6932162e+00   1.3223325e-01   1.5027848e-05   6.9395065e-06   1.3278702e-06   8.2828110e-03   4.3600000e-05   2.4604980e-02   2.4156900e-05   6.3179750e-04   2.1812354e-04   6.8604958e-05   1.9009600e-09   6.0540504e-04   5.8355582e-10   3.9916808e-07   4.7577879e-08
   1.0000000e+00  -6.6118798e-02  -1.4079700e+00  -2.4514490e-01   1.4057832e-03   2.3616510e-03   2.5756637e-04   4.3716954e-03   1.9823795e+00   6.0096022e-02   1.9762264e-06   5.5773954e-06   6.6340435e-08  -1.4519220e-02  -1.0673360e-01   1.1849400e-01  -2.4707937e-03  -2.7264330e-04  -8.9476613e-04   2.1080775e-04   1.1392061e-02   1.4040828e-02   6.1048215e-06   7.4334369e-08   8.0060643e-07
   1.0000000e+00  -9.1450331e-02  -1.3831262e+00  -3.1551522e-01   4.4662541e-03   2.0356706e-03   2.4070046e-05   8.3631630e-03   1.9130381e+00   9.9549854e-02   1.9947426e-05   4.1439548e-06   5.7936711e-10  -2.5331533e-02   2.4843800e-02  -7.0370320e-02   3.0604709e-03  -3.2598040e-04  -2.3349632e-04   6.4168656e-04   6.1721440e-04   4.9519819e-03   9.3664821e-06   1.0626322e-07   5.4520533e-08
   1.0000000e+00  -1.5769889e-01  -1.4718850e+00  -3.6029402e-01   4.3479128e-03   9.2270070e-04  -5.5768076e-04   2.4868940e-02   2.1664455e+00   1.2981178e-01   1.8904346e-05   8.5137658e-07   3.1100783e-07  -6.6248559e-02  -8.8758800e-02  -4.4778800e-02  -1.1834130e-04  -1.1129699e-03  -5.8175081e-04   4.3888716e-03   7.8781246e-03   2.0051409e-03   1.4004663e-08   1.2387020e-06   3.3843400e-07
   1.0000000e+00  -2.7774627e-01  -1.3900827e+00  -3.2844928e-01   2.5563739e-03   1.1832021e-03  -1.7914503e-03   7.7142990e-02   1.9323299e+00   1.0787893e-01   6.5350475e-06   1.3999672e-06   3.2092942e-06  -1.2004738e-01   8.1802300e-02   3.1844740e-02  -1.7915389e-03   2.6050140e-04  -1.2337695e-03   1.4411373e-02   6.6916163e-03   1.0140875e-03   3.2096116e-06   6.7860979e-08   1.5221873e-06
   1.0000000e+00  -2.8067751e-01  -1.3570185e+00  -3.8980631e-01   6.6068066e-03   1.6598632e-03  -2.4816271e-03   7.8779865e-02   1.8414992e+00   1.5194896e-01   4.3649893e-05   2.7551458e-06   6.1584731e-06  -2.9312400e-03   3.3064200e-02  -6.1357030e-02   4.0504327e-03   4.7666110e-04  -6.9017680e-04   8.5921679e-06   1.0932413e-03   3.7646851e-03   1.6406005e-05   2.2720580e-07   4.7634402e-07
   1.0000000e+00  -2.2385131e-01  -1.4020826e+00  -2.6164646e-01   6.2135045e-03   1.9177222e-03  -2.4090587e-03   5.0109409e-02   1.9658356e+00   6.8458870e-02   3.8607638e-05   3.6776584e-06   5.8035638e-06   5.6826200e-02  -4.5064100e-02   1.2815985e-01  -3.9330210e-04   2.5785900e-04   7.2568400e-05   3.2292170e-03   2.0307731e-03   1.6424947e-02   1.5468654e-07   6.6491264e-08   5.2661727e-09
   1.0000000e+00  -2.9562871e-01  -1.4530712e+00  -3.4843204e-01   3.4012867e-03   1.5883756e-03  -1.3886423e-03   8.7396334e-02   2.1114159e+00   1.2140489e-01   1.1568751e-05   2.5229370e-06   1.9283274e-06  -7.1777400e-02  -5.0988600e-02  -8.6785580e-02  -2.8122178e-03  -3.2934660e-04   1.0204164e-03   5.1519952e-03   2.5998373e-03   7.5317369e-03   7.9085690e-06   1.0846918e-07   1.0412496e-06
   1.0000000e+00  -2.9341857e-01  -1.4271346e+00  -3.6372251e-01   4.1035018e-03   2.5248093e-03  -1.9609625e-03   8.6094457e-02   2.0367132e+00   1.3229406e-01   1.6838727e-05   6.3746620e-06   3.8453739e-06   2.2101400e-03   2.5936600e-02  -1.5290470e-02   7.0221510e-04   9.3643370e-04  -5.7232020e-04   4.8847188e-06   6.7270722e-04   2.3379847e-04   4.9310605e-07   8.7690807e-07   3.2755041e-07
   1.0000000e+00  -2.4397683e-01  -1.4171124e+00  -3.6427025e-01   5.2323180e-03   2.0353371e-03  -7.6884334e-04   5.9524694e-02   2.0082076e+00   1.3269282e-01   2.7377152e-05   4.1425971e-06   5.9112008e-07   4.9441740e-02   1.0022200e-02  -5.4774000e-04   1.1288162e-03  -4.8947220e-04   1.1921192e-03   2.4444857e-03   1.0044449e-04   3.0001911e-07   1.2742260e-06   2.3958303e-07   1.4211481e-06
   1.0000000e+00  -1.9856237e-01  -1.4499859e+00  -3.2227441e-01   4.6312351e-03   2.4849002e-03  -4.3080651e-04   3.9427015e-02   2.1024591e+00   1.0386080e-01   2.1448339e-05   6.1747290e-06   1.8559425e-07   4.5414460e-02  -3.2873500e-02   4.1995840e-02  -6.0108290e-04   4.4956310e-04   3.3803683e-04   2.0624732e-03   1.0806670e-03   1.7636506e-03   3.6130065e-07   2.0210698e-07   1.1426890e-07
   1.0000000e+00  -2.2385224e-01  -1.4482646e+00  -9.8201665e-02   1.8505979e-03   2.3515109e-03  -6.1756483e-05   5.0109825e-02   2.0974704e+00   9.6435670e-03   3.4247126e-06   5.5296035e-06   3.8138632e-09  -2.5289870e-02   1.7213000e-03   2.2407275e-01  -2.7806372e-03  -1.3338930e-04   3.6905003e-04   6.3957752e-04   2.9628737e-06   5.0208595e-02   7.7319432e-06   1.7792705e-08   1.3619792e-07
   1.0000000e+00  -2.7562593e-01  -1.4751342e+00  -2.3191517e-01   3.0262117e-03   1.7833462e-03  -1.8760099e-03   7.5969653e-02   2.1760209e+00   5.3784646e-02   9.1579573e-06   3.1803237e-06   3.5194131e-06  -5.1773690e-02  -2.6869600e-02  -1.3371351e-01   1.1756138e-03  -5.6816470e-04  -1.8142534e-03   2.6805150e-03   7.2197540e-04   1.7879301e-02   1.3820678e-06   3.2281113e-07   3.2915155e-06
   1.0000000e+00  -2.4662078e-01  -1.3856336e+00  -1.6992346e-01   1.7405637e-03   1.9505112e-03  -8.7522207e-04   6.0821809e-02   1.9199805e+00   2.8873982e-02   3.0295620e-06   3.8044939e-06   7.6601367e-07   2.9005150e-02   8.9500600e-02   6.1991710e-02  -1.2856480e-03   1.6716500e-04   1.0007878e-03   8.4129873e-04   8.0103574e-03   3.8429721e-03   1.6528908e-06   2.7944137e-08   1.0015763e-06
   1.0000000e+00  -3.0403581e-01  -1.3874850e+00  -2.7146294e-01   2.7169099e-03   2.0310204e-03  -1.4465415e-03   9.2437774e-02   1.9251146e+00   7.3692128e-02   7.3815994e-06   4.1250439e-06   2.0924823e-06  -5.7415030e-02  -1.8514000e-03  -1.0153948e-01   9.7634620e-04   8.0509200e-05  -5.7131943e-04   3.2964857e-03   3.4276820e-06   1.0310266e-02   9.5325190e-07   6.4817313e-09   3.2640589e-07
   1.0000000e+00  -3.0799596e-01  -1.3814065e+00  -2.2866573e-01   2.5060867e-03   1.7533514e-03  -1.4155816e-03   9.4861511e-02   1.9082839e+00   5.2288016e-02   6.2804705e-06   3.0742411e-06   2.0038713e-06  -3.9601500e-03   6.0785000e-03   4.2797210e-02  -2.1082320e-04  -2.7766900e-04   3.0959900e-05   1.5682788e-05   3.6948162e-05   1.8316012e-03   4.4446422e-08   7.7100074e-08   9.5851541e-10
   1.0000000e+00  -3.2252606e-01  -1.4136034e+00  -2.6836402e-01   3.8944307e-03   1.8118532e-03  -2.1076454e-03   1.0402306e-01   1.9982746e+00   7.2019247e-02   1.5166590e-05   3.2828120e-06   4.4421691e-06  -1.4530100e-02  -3.2196900e-02  -3.9698290e-02   1.3883440e-03   5.8501800e-05  -6.9206380e-04   2.1112381e-04   1.0366404e-03   1.5759542e-03   1.9274991e-06   3.4224606e-09   4.7895230e-07
   1.0000000e+00  -3.6343936e-01  -1.4134118e+00  -2.0369506e-01   2.8294242e-03   1.9009178e-03  -2.0901141e-03   1.3208817e-01   1.9977329e+00   4.1491677e-02   8.0056413e-06   3.6134885e-06   4.3685770e-06  -4.0913300e-02   1.9160000e-04   6.4668960e-02  -1.0650065e-03   8.9064600e-05   1.7531300e-05   1.6738981e-03   3.6710560e-08   4.1820744e-03   1.1342388e-06   7.9325030e-09   3.0734648e-10
   1.0000000e+00  -3.5473364e-01  -1.4349208e+00  -2.3070799e-01   3.4070465e-03   1.6891331e-03  -2.0681858e-03   1.2583596e-01   2.0589977e+00   5.3226177e-02   1.1607966e-05   2.8531706e-06   4.2773925e-06   8.7057200e-03  -2.1509000e-02  -2.7012930e-02   5.7762230e-04  -2.1178470e-04   2.1928300e-05   7.5789561e-05   4.6263708e-04   7.2969839e-04   3.3364752e-07   4.4852759e-08   4.8085034e-10
   1.0000000e+00  -3.4959607e-01  -1.4253949e+00  -2.2316158e-01   2.8752452e-03   1.9215431e-03  -1.8537738e-03   1.2221741e-01   2.0317506e+00   4.9801091e-02   8.2670350e-06   3.6923279e-06   3.4364773e-06   5.1375700e-03   9.5259000e-03   7.5464100e-03  -5.3180130e-04   2.3241000e-04   2.1441200e-04   2.6394626e-05   9.0742771e-05   5.6948304e-05   2.8281262e-07   5.4014408e-08   4.5972506e-08
   1.0000000e+00  -3.6606306e-01  -1.4238794e+00  -2.1226577e-01   2.9166642e-03   1.8641262e-03  -2.1251983e-03   1.3400216e-01   2.0274325e+00   4.5056757e-02   8.5069301e-06   3.4749665e-06   4.5164678e-06  -1.6466990e-02   1.5155000e-03   1.0895810e-02   4.1419000e-05  -5.7416900e-05  -2.7142450e-04   2.7116176e-04   2.2967403e-06   1.1871868e-04   1.7155336e-09   3.2967004e-09   7.3671259e-08
   1.0000000e+00  -3.5574932e-01  -1.4555597e+00  -2.0851126e-01   2.8458931e-03   1.7785407e-03  -2.0384001e-03   1.2655758e-01   2.1186540e+00   4.3476946e-02   8.0991075e-06   3.1632070e-06   4.1550750e-06   1.0313740e-02  -3.1680300e-02   3.7545100e-03  -7.0771100e-05  -8.5585500e-05   8.6798200e-05   1.0637323e-04   1.0036414e-03   1.4096345e-05   5.0085486e-09   7.3248778e-09   7.5339275e-09
