   1.0000000e+00   0.0000000e+00   1.3786259e-14   0.0000000e+00   0.0000000e+00   0.0000000e+00  -3.4694470e-18   0.0000000e+00   1.9006094e-28   0.0000000e+00   0.0000000e+00   0.0000000e+00   1.2037062e-35   0.0000000e+00   0.0000000e+00   0.0000000e+00   0.0000000e+00   0.0000000e+00   0.0000000e+00   0.0000000e+00   0.0000000e+00   0.0000000e+00   0.0000000e+00   0.0000000e+00   0.0000000e+00
   1.0000000e+00  -3.3320846e-02   1.5733394e-02   3.6442098e-02   4.2426395e-04   9.3124878e-06  -2.7543512e-04   1.1102788e-03   2.4753969e-04   1.3280265e-03   1.7999990e-07   8.6722429e-11   7.5864505e-08  -3.3320846e-02   1.5733394e-02   3.6442098e-02   4.2426395e-04   9.3124878e-06  -2.7543512e-04   1.1102788e-03   2.4753969e-04   1.3280265e-03   1.7999990e-07   8.6722429e-11   7.5864505e-08
   1.0000000e+00  -3.7185468e-02  -1.0171645e-02   4.3338831e-02   2.9495836e-04  -6.3353153e-05  -2.3925199e-04   1.3827590e-03   1.0346236e-04   1.8782543e-03   8.7000434e-08   4.0136220e-09   5.7241515e-08  -3.8646220e-03  -2.5905039e-02   6.8967330e-03  -1.2930559e-04  -7.2665641e-05   3.6183130e-05   1.4935303e-05   6.7107105e-04   4.7564926e-05   1.6719936e-08   5.2802954e-09   1.3092189e-09
   1.0000000e+00  -1.5405872e-02   1.2158355e-02  -3.1690932e-03   1.1845488e-03  -6.0078699e-05   5.7664100e-05   2.3734089e-04   1.4782560e-04   1.0043152e-05   1.4031559e-06   3.6094501e-09   3.3251484e-09   2.1779596e-02   2.2330000e-02  -4.6507924e-02   8.8959044e-04   3.2744540e-06   2.9691609e-04   4.7435080e-04   4.9862890e-04   2.1629870e-03   7.9137115e-07   1.0722049e-11   8.8159165e-08
   1.0000000e+00  -9.4131913e-03   2.9655980e-02  -1.1141642e-01   1.9086630e-03   4.1559049e-04   1.5280637e-04   8.8608170e-05   8.7947715e-04   1.2413619e-02   3.6429944e-06   1.7271546e-07   2.3349787e-08   5.9926807e-03   1.7497625e-02  -1.0824733e-01   7.2411420e-04   4.7566919e-04   9.5142270e-05   3.5912222e-05   3.0616688e-04   1.1717484e-02   5.2434137e-07   2.2626118e-07   9.0520515e-09
   1.0000000e+00   1.0174721e-02   3.4733125e-02  -6.5690871e-02   8.6095250e-04   5.1517221e-04   3.0021595e-04   1.0352495e-04   1.2063900e-03   4.3152905e-03   7.4123921e-07   2.6540241e-07   9.0129617e-08   1.9587912e-02   5.0771450e-03   4.5725549e-02  -1.0477105e-03   9.9581720e-05   1.4740958e-04   3.8368631e-04   2.5777401e-05   2.0908258e-03   1.0976973e-06   9.9165190e-09   2.1729584e-08
   1.0000000e+00  -6.9212747e-03   3.8353575e-02  -6.1996972e-02   8.6366061e-04   4.2481005e-04   6.2252361e-05   4.7904043e-05   1.4709967e-03   3.8436245e-03   7.4590965e-07   1.8046358e-07   3.8753565e-09  -1.7095996e-02   3.6204500e-03   3.6938990e-03   2.7081100e-06  -9.0362160e-05  -2.3796359e-04   2.9227307e-04   1.3107658e-05   1.3644890e-05   7.3338598e-12   8.1653200e-09   5.6626670e-08
   1.0000000e+00  -1.3564330e-02   8.9573330e-03  -1.2213151e-02  -6.0653443e-05   1.8904248e-04  -7.1621239e-06   1.8399105e-04   8.0233814e-05   1.4916106e-04   3.6788401e-09   3.5737059e-08   5.1296019e-11  -6.6430553e-03  -2.9396242e-02   4.9783821e-02  -9.2431405e-04  -2.3576757e-04  -6.9414485e-05   4.4130184e-05   8.6413904e-04   2.4784288e-03   8.5435647e-07   5.5586347e-08   4.8183707e-09
   1.0000000e+00  -3.6190952e-02   1.0939869e-02   2.4121942e-02   7.9899497e-05   1.4181323e-04  -1.7994452e-04   1.3097850e-03   1.1968073e-04   5.8186809e-04   6.3839296e-09   2.0110992e-08   3.2380030e-08  -2.2626622e-02   1.9825360e-03   3.6335093e-02   1.4055294e-04  -4.7229250e-05  -1.7278240e-04   5.1196402e-04   3.9304490e-06   1.3202390e-03   1.9755129e-08   2.2306021e-09   2.9853756e-08
   1.0000000e+00  -5.7750876e-02   2.7488421e-02   2.4191706e-02   3.2747371e-04   3.9538921e-04  -2.8740561e-04   3.3351637e-03   7.5561329e-04   5.8523864e-04   1.0723903e-07   1.5633263e-07   8.2601985e-08  -2.1559924e-02   1.6548552e-02   6.9764000e-05   2.4757421e-04   2.5357598e-04  -1.0746109e-04   4.6483032e-04   2.7385457e-04   4.8670157e-09   6.1292991e-08   6.4300778e-08   1.1547886e-08
   1.0000000e+00  -4.6965422e-02   1.5885313e-02  -4.6409929e-02   1.3562110e-03   7.0950523e-04  -1.6916563e-04   2.2057509e-03   2.5234317e-04   2.1538815e-03   1.8393083e-06   5.0339767e-07   2.8617010e-08   1.0785454e-02  -1.1603108e-02  -7.0601635e-02   1.0287373e-03   3.1411602e-04   1.1823998e-04   1.1632602e-04   1.3463212e-04   4.9845909e-03   1.0583004e-06   9.8668874e-08   1.3980693e-08
   1.0000000e+00  -5.8061850e-02  -1.4150532e-02  -6.9366362e-03   1.0353840e-03   6.1070296e-04   1.5456409e-04   3.3711784e-03   2.0023756e-04   4.8116922e-05   1.0720200e-06   3.7295811e-07   2.3890058e-08  -1.1096428e-02  -3.0035845e-02   3.9473293e-02  -3.2082700e-04  -9.8802270e-05   3.2372972e-04   1.2313071e-04   9.0215198e-04   1.5581408e-03   1.0292996e-07   9.7618886e-09   1.0480093e-07
   1.0000000e+00  -5.4732640e-02  -4.0538105e-02   2.8884982e-02  -5.9687278e-05   9.7130008e-04  -1.2802519e-04   2.9956619e-03   1.6433380e-03   8.3434219e-04   3.5625712e-09   9.4342385e-07   1.6390449e-08   3.3292100e-03  -2.6387573e-02   3.5821618e-02  -1.0950713e-03   3.6059712e-04  -2.8258928e-04   1.1083639e-05   6.9630401e-04   1.2831883e-03   1.1991811e-06   1.3003028e-07   7.9856701e-08
   1.0000000e+00  -6.4995810e-02  -2.1685671e-04  -2.1120301e-02   1.6971048e-03   1.0389674e-03  -3.3447704e-05   4.2244553e-03   4.7026833e-08   4.4606711e-04   2.8801647e-06   1.0794533e-06   1.1187489e-09  -1.0263170e-02   4.0321248e-02  -5.0005283e-02   1.7567921e-03   6.7667320e-05   9.4577486e-05   1.0533266e-04   1.6258031e-03   2.5005283e-03   3.0863184e-06   4.5788662e-09   8.9449009e-09
   1.0000000e+00  -7.5759532e-02  -4.0453748e-02   4.7237728e-02   4.5558930e-04   8.7736988e-04  -2.7773777e-04   5.7395067e-03   1.6365057e-03   2.2314029e-03   2.0756161e-07   7.6977791e-07   7.7138269e-08  -1.0763722e-02  -4.0236891e-02   6.8358029e-02  -1.2415155e-03  -1.6159752e-04  -2.4429007e-04   1.1585771e-04   1.6190074e-03   4.6728201e-03   1.5413607e-06   2.6113758e-08   5.9677636e-08
   1.0000000e+00  -7.3788942e-02  -3.4573323e-02   5.3720997e-02   4.6721270e-04   1.0601315e-03  -4.1813712e-04   5.4448080e-03   1.1953147e-03   2.8859455e-03   2.1828771e-07   1.1238788e-06   1.7483865e-07   1.9705900e-03   5.8804250e-03   6.4832690e-03   1.1623400e-05   1.8276162e-04  -1.4039935e-04   3.8832249e-06   3.4579398e-05   4.2032777e-05   1.3510343e-10   3.3401810e-08   1.9711977e-08
   1.0000000e+00  -8.0133933e-02  -4.8104884e-02   4.2892661e-02   6.9197992e-04   1.1391354e-03  -4.7986466e-04   6.4214472e-03   2.3140799e-03   1.8397804e-03   4.7883621e-07   1.2976295e-06   2.3027009e-07  -6.3449910e-03  -1.3531561e-02  -1.0828336e-02   2.2476722e-04   7.9003900e-05  -6.1727540e-05   4.0258911e-05   1.8310314e-04   1.1725286e-04   5.0520303e-08   6.2416162e-09   3.8102892e-09
   1.0000000e+00  -7.4428151e-02  -4.0189054e-02   2.4645080e-02   9.7859865e-04   1.2599430e-03  -5.4006795e-04   5.5395497e-03   1.6151601e-03   6.0737997e-04   9.5765532e-07   1.5874564e-06   2.9167339e-07   5.7057820e-03   7.9158300e-03  -1.8247581e-02   2.8661873e-04   1.2080760e-04  -6.0203290e-05   3.2555948e-05   6.2660365e-05   3.3297421e-04   8.2150296e-08   1.4594476e-08   3.6244361e-09
   1.0000000e+00  -7.7460545e-02  -4.4586764e-02  -2.3467422e-02   1.5167948e-03   9.1263617e-04  -7.4088478e-04   6.0001360e-03   1.9879795e-03   5.5071990e-04   2.3006665e-06   8.3290478e-07   5.4891026e-07  -3.0323940e-03  -4.3977100e-03  -4.8112502e-02   5.3819615e-04  -3.4730683e-04  -2.0081683e-04   9.1954134e-06   1.9339853e-05   2.3148128e-03   2.8965510e-07   1.2062203e-07   4.0327399e-08
   1.0000000e+00  -7.9840746e-02  -6.5144424e-02  -9.9081616e-03   1.7450857e-03   9.6648284e-04  -7.8353628e-04   6.3745447e-03   4.2437960e-03   9.8171666e-05   3.0453241e-06   9.3408908e-07   6.1392910e-07  -2.3802010e-03  -2.0557660e-02   1.3559260e-02   2.2829090e-04   5.3846670e-05  -4.2651500e-05   5.6653568e-06   4.2261738e-04   1.8385354e-04   5.2116735e-08   2.8994639e-09   1.8191505e-09
   1.0000000e+00  -7.3319641e-02  -3.8301091e-02  -7.2309502e-02   2.7300107e-03   9.7418700e-04  -5.6635044e-04   5.3757698e-03   1.4669736e-03   5.2286641e-03   7.4529584e-06   9.4904031e-07   3.2075282e-07   6.5211050e-03   2.6843333e-02  -6.2401340e-02   9.8492500e-04   7.7041600e-06   2.1718584e-04   4.2524810e-05   7.2056453e-04   3.8939273e-03   9.7007726e-07   5.9354081e-11   4.7169689e-08
   1.0000000e+00  -8.4095826e-02  -4.3403854e-03  -9.0577764e-02   2.5864987e-03   1.3481622e-03  -8.3736171e-04   7.0721080e-03   1.8838945e-05   8.2043313e-03   6.6899755e-06   1.8175413e-06   7.0117463e-07  -1.0776185e-02   3.3960706e-02  -1.8268262e-02  -1.4351200e-04   3.7397520e-04  -2.7101127e-04   1.1612616e-04   1.1533295e-03   3.3372940e-04   2.0595694e-08   1.3985745e-07   7.3447108e-08
   1.0000000e+00  -8.4089882e-02   7.7184062e-03  -9.2830027e-02   2.7541995e-03   1.3852286e-03  -7.7585867e-04   7.0711083e-03   5.9573794e-05   8.6174139e-03   7.5856149e-06   1.9188583e-06   6.0195668e-07   5.9440000e-06   1.2058792e-02  -2.2522630e-03   1.6770080e-04   3.7066400e-05   6.1503040e-05   3.5331136e-11   1.4541445e-04   5.0726886e-06   2.8123558e-08   1.3739180e-09   3.7826239e-09
   1.0000000e+00  -7.7222456e-02  -4.8823835e-03  -3.6043922e-02   2.5681726e-03   1.0150227e-03  -6.0230101e-04   5.9633077e-03   2.3837669e-05   1.2991643e-03   6.5955105e-06   1.0302711e-06   3.6276651e-07   6.8674260e-03  -1.2600790e-02   5.6786105e-02  -1.8602690e-04  -3.7020590e-04   1.7355766e-04   4.7161540e-05   1.5877990e-04   3.2246617e-03   3.4606008e-08   1.3705241e-07   3.0122261e-08
   1.0000000e+00  -8.9035224e-02  -1.7607077e-06  -4.5765430e-02   2.5780914e-03   9.8344240e-04  -7.1400377e-04   7.9272711e-03   3.1000916e-12   2.0944746e-03   6.6465553e-06   9.6715895e-07   5.0980138e-07  -1.1812768e-02   4.8806228e-03  -9.7215080e-03   9.9188000e-06  -3.1580300e-05  -1.1170276e-04   1.3954149e-04   2.3820479e-05   9.4507718e-05   9.8382593e-11   9.9731535e-10   1.2477507e-08
   1.0000000e+00  -7.6860989e-02  -3.1709698e-02  -8.8908627e-03   2.7358685e-03   8.5081590e-04  -5.7665637e-04   5.9076116e-03   1.0055049e-03   7.9047440e-05   7.4849764e-06   7.2388770e-07   3.3253257e-07   1.2174235e-02  -3.1707937e-02   3.6874567e-02   1.5777710e-04  -1.3262650e-04   1.3734740e-04   1.4821200e-04   1.0053933e-03   1.3597337e-03   2.4893613e-08   1.7589789e-08   1.8864308e-08
   1.0000000e+00  -8.0370971e-02  -3.2273202e-02  -3.9216290e-02   2.5598045e-03   1.1277244e-03  -8.7640852e-04   6.4594930e-03   1.0415596e-03   1.5379174e-03   6.5525991e-06   1.2717623e-06   7.6809189e-07  -3.5099820e-03  -5.6350400e-04  -3.0325427e-02  -1.7606400e-04   2.7690850e-04  -2.9975215e-04   1.2319974e-05   3.1753676e-07   9.1963154e-04   3.0998532e-08   7.6678317e-08   8.9851351e-08
   1.0000000e+00  -8.2480921e-02  -1.5542720e-02  -3.0075460e-02   3.1625484e-03   9.6129356e-04  -8.2523409e-04   6.8031023e-03   2.4157614e-04   9.0453329e-04   1.0001712e-05   9.2408531e-07   6.8101130e-07  -2.1099500e-03   1.6730482e-02   9.1408300e-03   6.0274390e-04  -1.6643084e-04   5.1174430e-05   4.4518890e-06   2.7990903e-04   8.3554773e-05   3.6330021e-07   2.7699225e-08   2.6188223e-09
   1.0000000e+00  -7.2212325e-02  -3.3537154e-02  -2.8872965e-02   2.0731541e-03   1.0118144e-03  -7.4004964e-04   5.2146199e-03   1.1247407e-03   8.3364811e-04   4.2979679e-06   1.0237684e-06   5.4767347e-07   1.0268596e-02  -1.7994434e-02   1.2024950e-03  -1.0893943e-03   5.0520840e-05   8.5184450e-05   1.0544406e-04   3.2379965e-04   1.4459942e-06   1.1867799e-06   2.5523553e-09   7.2563905e-09
   1.0000000e+00  -8.1904801e-02  -2.8007432e-02   3.8152413e-01   3.8681233e-04  -2.3072076e-04  -2.7766934e-04   6.7083964e-03   7.8441625e-04   1.4556066e-01   1.4962378e-07   5.3232069e-08   7.7100262e-08  -9.6924760e-03   5.5297220e-03   4.1039709e-01  -1.6863418e-03  -1.2425352e-03   4.6238030e-04   9.3944091e-05   3.0577825e-05   1.6842578e-01   2.8437486e-06   1.5438936e-06   2.1379554e-07
   1.0000000e+00  -3.8156132e-02  -3.7295390e-03   1.0901968e+00  -4.8863781e-03  -1.6591985e-03   3.7559768e-04   1.4558904e-03   1.3909461e-05   1.1885291e+00   2.3876691e-05   2.7529397e-06   1.4107362e-07   4.3748669e-02   2.4277893e-02   7.0867267e-01  -5.2731904e-03  -1.4284777e-03   6.5326702e-04   1.9139460e-03   5.8941609e-04   5.0221695e-01   2.7806537e-05   2.0405487e-06   4.2675780e-07
   1.0000000e+00   2.5869438e-02   1.4966063e-02   1.0336408e+00  -1.0837454e-02  -3.9702126e-03  -1.8130005e-04   6.6922782e-04   2.2398304e-04   1.0684133e+00   1.1745041e-04   1.5762588e-05   3.2869708e-08   6.4025570e-02   1.8695602e-02  -5.6556000e-02  -5.9510759e-03  -2.3110141e-03  -5.5689773e-04   4.0992736e-03   3.4952553e-04   3.1985811e-03   3.5415304e-05   5.3407862e-06   3.1013508e-07
   1.0000000e+00   6.8654092e-02   1.2366943e-02   7.6826428e-01  -8.2314464e-03  -3.4483131e-03   4.3819777e-04   4.7133843e-03   1.5294128e-04   5.9023000e-01   6.7756710e-05   1.1890863e-05   1.9201729e-07   4.2784654e-02  -2.5991200e-03  -2.6537652e-01   2.6060076e-03   5.2189950e-04   6.1949782e-04   1.8305266e-03   6.7554248e-06   7.0424697e-02   6.7912756e-06   2.7237909e-07   3.8377755e-07
   1.0000000e+00   9.1397233e-02  -3.2227741e-03   8.1345790e-01  -8.6922668e-03  -3.5080406e-03   4.9087152e-04   8.3534542e-03   1.0386273e-05   6.6171376e-01   7.5555502e-05   1.2306349e-05   2.4095485e-07   2.2743141e-02  -1.5589717e-02   4.5193620e-02  -4.6082040e-04  -5.9727500e-05   5.2673750e-05   5.1725046e-04   2.4303928e-04   2.0424633e-03   2.1235544e-07   3.5673743e-09   2.7745239e-09
   1.0000000e+00   9.4279825e-02  -1.4875056e-02   7.9523217e-01  -7.9404391e-03  -3.3787361e-03   6.0898923e-04   8.8886854e-03   2.2126729e-04   6.3239420e-01   6.3050573e-05   1.1415858e-05   3.7086788e-07   2.8825920e-03  -1.1652282e-02  -1.8225730e-02   7.5182770e-04   1.2930450e-04   1.1811771e-04   8.3093366e-06   1.3577567e-04   3.3217723e-04   5.6524489e-07   1.6719654e-08   1.3951793e-08
   1.0000000e+00   1.2049581e-01  -3.0412878e-02   7.6881643e-01  -7.9067346e-03  -3.5077962e-03   8.3037625e-04   1.4519240e-02   9.2494315e-04   5.9107870e-01   6.2516452e-05   1.2304634e-05   6.8952472e-07   2.6215985e-02  -1.5537822e-02  -2.6415740e-02   3.3704500e-05  -1.2906010e-04   2.2138702e-04   6.8727787e-04   2.4142391e-04   6.9779132e-04   1.1359933e-09   1.6656509e-08   4.9012213e-08
   1.0000000e+00   9.6539822e-02  -7.1182981e-03   7.4316825e-01  -6.7936336e-03  -2.9594471e-03   5.7540657e-04   9.3199372e-03   5.0670168e-05   5.5229905e-01   4.6153457e-05   8.7583271e-06   3.3109272e-07  -2.3955988e-02   2.3294580e-02  -2.5648180e-02   1.1131010e-03   5.4834910e-04  -2.5496968e-04   5.7388936e-04   5.4263745e-04   6.5782914e-04   1.2389938e-06   3.0068674e-07   6.5009538e-08
   1.0000000e+00   1.1653793e-01  -4.0115650e-02   8.0020033e-01  -7.7033134e-03  -3.2251927e-03   9.1252599e-04   1.3581089e-02   1.6092654e-03   6.4032057e-01   5.9341037e-05   1.0401868e-05   8.3270368e-07   1.9998108e-02  -3.2997352e-02   5.7032080e-02  -9.0967980e-04  -2.6574560e-04   3.3711942e-04   3.9992432e-04   1.0888252e-03   3.2526581e-03   8.2751734e-07   7.0620724e-08   1.1364950e-07
   1.0000000e+00   1.1623521e-01  -2.6855172e-02   8.0245337e-01  -7.2759727e-03  -2.8899177e-03   9.9612206e-04   1.3510624e-02   7.2120026e-04   6.4393141e-01   5.2939779e-05   8.3516243e-06   9.9225916e-07  -3.0272000e-04   1.3260478e-02   2.2530400e-03   4.2734070e-04   3.3527500e-04   8.3596070e-05   9.1639398e-08   1.7584028e-04   5.0761892e-06   1.8262007e-07   1.1240933e-07   6.9883029e-09
   1.0000000e+00   1.1912820e-01  -1.2339559e-02   6.9336991e-01  -5.5577098e-03  -2.5165574e-03   9.4131340e-04   1.4191528e-02   1.5226472e-04   4.8076183e-01   3.0888138e-05   6.3330611e-06   8.8607092e-07   2.8929900e-03   1.4515613e-02  -1.0908346e-01   1.7182629e-03   3.7336030e-04  -5.4808660e-05   8.3693911e-06   2.1070302e-04   1.1899201e-02   2.9524274e-06   1.3939791e-07   3.0039892e-09
   1.0000000e+00   1.2611765e-01  -3.1014094e-02   7.8271874e-01  -6.7315519e-03  -2.7587260e-03   1.0872684e-03   1.5905662e-02   9.6187403e-04   6.1264863e-01   4.5313791e-05   7.6105691e-06   1.1821526e-06   6.9894500e-03  -1.8674535e-02   8.9348830e-02  -1.1738421e-03  -2.4216860e-04   1.4595500e-04   4.8852411e-05   3.4873826e-04   7.9832134e-03   1.3779053e-06   5.8645631e-08   2.1302862e-08
   1.0000000e+00   1.2956222e-01  -7.2694486e-02   8.5314726e-01  -7.7475080e-03  -2.7441340e-03   1.0941804e-03   1.6786369e-02   5.2844883e-03   7.2786025e-01   6.0023880e-05   7.5302714e-06   1.1972307e-06   3.4445700e-03  -4.1680392e-02   7.0428520e-02  -1.0159561e-03   1.4592000e-05   6.9120000e-06   1.1865062e-05   1.7372551e-03   4.9601764e-03   1.0321668e-06   2.1292646e-10   4.7775744e-11
   1.0000000e+00   1.3726558e-01  -1.0456744e-01   8.9976801e-01  -8.3382057e-03  -3.0178529e-03   1.1534123e-03   1.8841839e-02   1.0934350e-02   8.0958247e-01   6.9525674e-05   9.1074361e-06   1.3303599e-06   7.7033600e-03  -3.1872954e-02   4.6620750e-02  -5.9069770e-04  -2.7371890e-04   5.9231900e-05   5.9341755e-05   1.0158852e-03   2.1734943e-03   3.4892377e-07   7.4922036e-08   3.5084180e-09
   1.0000000e+00   1.6122157e-01  -1.1746233e-01   8.6246797e-01  -7.3930454e-03  -3.1092071e-03   1.0090873e-03   2.5992395e-02   1.3797399e-02   7.4385100e-01   5.4657120e-05   9.6671688e-06   1.0182572e-06   2.3955990e-02  -1.2894890e-02  -3.7300040e-02   9.4516030e-04  -9.1354200e-05  -1.4432500e-04   5.7388946e-04   1.6627819e-04   1.3912930e-03   8.9332799e-07   8.3455899e-09   2.0829706e-08
   1.0000000e+00   1.7815093e-01  -1.5377370e-01   8.4380636e-01  -6.2790892e-03  -3.5249942e-03   1.1378769e-03   3.1737754e-02   2.3646351e-02   7.1200917e-01   3.9426961e-05   1.2425584e-05   1.2947638e-06   1.6929360e-02  -3.6311370e-02  -1.8661610e-02   1.1139562e-03  -4.1578710e-04   1.2878960e-04   2.8660323e-04   1.3185156e-03   3.4825569e-04   1.2408984e-06   1.7287891e-07   1.6586761e-08
   1.0000000e+00   1.8750041e-01  -1.7285515e-01   8.1086136e-01  -6.7190573e-03  -2.9629166e-03   1.1158176e-03   3.5156404e-02   2.9878903e-02   6.5749615e-01   4.5145731e-05   8.7788748e-06   1.2450489e-06   9.3494800e-03  -1.9081450e-02  -3.2945000e-02  -4.3996810e-04   5.6207760e-04  -2.2059300e-05   8.7412776e-05   3.6410173e-04   1.0853730e-03   1.9357193e-07   3.1593123e-07   4.8661272e-10
   1.0000000e+00   1.8874621e-01  -1.3334367e-01   6.6871010e-01  -4.2493407e-03  -2.9090405e-03   1.2697936e-03   3.5625132e-02   1.7780534e-02   4.4717320e-01   1.8056896e-05   8.4625166e-06   1.6123758e-06   1.2458000e-03   3.9511480e-02  -1.4215126e-01   2.4697166e-03   5.3876100e-05   1.5397600e-04   1.5520176e-06   1.5611571e-03   2.0206981e-02   6.0995001e-06   2.9026342e-09   2.3708609e-08
   1.0000000e+00   1.6578884e-01  -1.8945762e-01   7.9057004e-01  -5.5180116e-03  -3.0025146e-03   8.3785963e-04   2.7485939e-02   3.5894190e-02   6.2500099e-01   3.0448452e-05   9.0150939e-06   7.0200876e-07  -2.2957370e-02  -5.6113950e-02   1.2185994e-01  -1.2686709e-03  -9.3474100e-05  -4.3193397e-04   5.2704084e-04   3.1487754e-03   1.4849845e-02   1.6095259e-06   8.7374074e-09   1.8656695e-07
   1.0000000e+00   1.6774862e-01  -1.4306161e-01   7.5843839e-01  -5.0973899e-03  -2.7360007e-03   9.1076283e-04   2.8139600e-02   2.0466624e-02   5.7522879e-01   2.5983384e-05   7.4856998e-06   8.2948893e-07   1.9597800e-03   4.6396010e-02  -3.2131650e-02   4.2062170e-04   2.6651390e-04   7.2903200e-05   3.8407376e-06   2.1525897e-03   1.0324429e-03   1.7692261e-07   7.1029659e-08   5.3148766e-09
   1.0000000e+00   1.9110433e-01  -1.7544050e-01   7.4647109e-01  -4.8708631e-03  -2.7311873e-03   1.0103669e-03   3.6520865e-02   3.0779369e-02   5.5721909e-01   2.3725307e-05   7.4593841e-06   1.0208413e-06   2.3355710e-02  -3.2378890e-02  -1.1967300e-02   2.2652680e-04   4.8134000e-06   9.9604070e-05   5.4548919e-04   1.0483925e-03   1.4321627e-04   5.1314391e-08   2.3168820e-11   9.9209708e-09
   1.0000000e+00   1.9364193e-01  -1.6592205e-01   7.5972477e-01  -5.5771743e-03  -2.0853856e-03   1.0173136e-03   3.7497197e-02   2.7530127e-02   5.7718173e-01   3.1104873e-05   4.3488331e-06   1.0349270e-06   2.5376000e-03   9.5184500e-03   1.3253680e-02  -7.0631120e-04   6.4580170e-04   6.9467000e-06   6.4394138e-06   9.0600890e-05   1.7566003e-04   4.9887551e-07   4.1705984e-07   4.8256641e-11
   1.0000000e+00   1.9135498e-01  -1.4306110e-01   7.5113469e-01  -5.2650052e-03  -1.8328802e-03   1.1335301e-03   3.6616728e-02   2.0466478e-02   5.6420332e-01   2.7720280e-05   3.3594498e-06   1.2848905e-06  -2.2869500e-03   2.2860950e-02  -8.5900800e-03   3.1216910e-04   2.5250540e-04   1.1621650e-04   5.2301403e-06   5.2262303e-04   7.3789474e-05   9.7449547e-08   6.3758977e-08   1.3506275e-08
   1.0000000e+00   2.2155108e-01  -1.8065086e-01   7.6389581e-01  -5.7301984e-03  -1.6396037e-03   1.3628944e-03   4.9084881e-02   3.2634733e-02   5.8353681e-01   3.2835174e-05   2.6883003e-06   1.8574811e-06   3.0196100e-02  -3.7589760e-02   1.2761120e-02  -4.6519320e-04   1.9327650e-04   2.2936430e-04   9.1180446e-04   1.4129901e-03   1.6284618e-04   2.1640471e-07   3.7355805e-08   5.2607982e-08
   1.0000000e+00   2.1366057e-01  -1.7309660e-01   7.9599163e-01  -5.5425948e-03  -1.1994462e-03   1.3227325e-03   4.5650839e-02   2.9962433e-02   6.3360268e-01   3.0720357e-05   1.4386712e-06   1.7496213e-06  -7.8905100e-03   7.5542600e-03   3.2095820e-02   1.8760360e-04   4.4015750e-04  -4.0161900e-05   6.2260148e-05   5.7066844e-05   1.0301417e-03   3.5195111e-08   1.9373862e-07   1.6129782e-09
   1.0000000e+00   2.2144788e-01  -1.9739687e-01   7.6347171e-01  -5.0646182e-03  -1.0098343e-03   1.5750057e-03   4.9039164e-02   3.8965524e-02   5.8288905e-01   2.5650358e-05   1.0197653e-06   2.4806430e-06   7.7873100e-03  -2.4300270e-02  -3.2519920e-02   4.7797660e-04   1.8961190e-04   2.5227320e-04   6.0642197e-05   5.9050312e-04   1.0575452e-03   2.2846163e-07   3.5952673e-08   6.3641767e-08
   1.0000000e+00   2.3238698e-01  -1.8930299e-01   7.6227582e-01  -4.9401618e-03  -2.6887920e-04   1.6873394e-03   5.4003708e-02   3.5835622e-02   5.8106443e-01   2.4405199e-05   7.2296024e-08   2.8471143e-06   1.0939100e-02   8.0938800e-03  -1.1958900e-03   1.2445640e-04   7.4095510e-04   1.1233370e-04   1.1966391e-04   6.5510893e-05   1.4301529e-06   1.5489396e-08   5.4901446e-07   1.2618860e-08
   1.0000000e+00   2.3576511e-01  -1.8973585e-01   7.5913500e-01  -4.5658106e-03  -4.0695059e-04   1.8424405e-03   5.5585187e-02   3.5999693e-02   5.7628595e-01   2.0846626e-05   1.6560878e-07   3.3945870e-06   3.3781300e-03  -4.3286000e-04  -3.1408200e-03   3.7435120e-04  -1.3807139e-04   1.5510110e-04   1.1411762e-05   1.8736778e-07   9.8647503e-06   1.4013882e-07   1.9063709e-08   2.4056351e-08
   1.0000000e+00   2.4677205e-01  -2.0069396e-01   7.8542105e-01  -4.8823387e-03  -4.6295766e-04   1.7270909e-03   6.0896445e-02   4.0278066e-02   6.1688623e-01   2.3837231e-05   2.1432979e-07   2.9828430e-06   1.1006940e-02  -1.0958110e-02   2.6286050e-02  -3.1652810e-04  -5.6007070e-05  -1.1534960e-04   1.2115273e-04   1.2008017e-04   6.9095642e-04   1.0019004e-07   3.1367919e-09   1.3305530e-08
   1.0000000e+00   2.2647015e-01  -1.5332262e-01   5.5652002e-01  -3.4689060e-03  -6.9846676e-04   1.4266615e-03   5.1288729e-02   2.3507826e-02   3.0971453e-01   1.2033309e-05   4.8785581e-07   2.0353630e-06  -2.0301900e-02   4.7371340e-02  -2.2890103e-01   1.4134327e-03  -2.3550910e-04  -3.0042940e-04   4.1216714e-04   2.2440439e-03   5.2395682e-02   1.9977920e-06   5.5464536e-08   9.0257824e-08
   1.0000000e+00   2.1855386e-01  -1.4847836e-01   5.7260666e-01  -4.9683722e-03  -7.3785661e-04   1.2575250e-03   4.7765790e-02   2.2045823e-02   3.2787839e-01   2.4684722e-05   5.4443238e-07   1.5813691e-06  -7.9162900e-03   4.8442600e-03   1.6086640e-02  -1.4994662e-03  -3.9389850e-05  -1.6913650e-04   6.2667647e-05   2.3466855e-05   2.5877999e-04   2.2483989e-06   1.5515603e-09   2.8607156e-08
   1.0000000e+00   2.3037877e-01  -1.2332889e-01   5.6466244e-01  -4.3318197e-03  -4.6911383e-04   1.3995699e-03   5.3074378e-02   1.5210015e-02   3.1884367e-01   1.8764662e-05   2.2006779e-07   1.9587959e-06   1.1824910e-02   2.5149470e-02  -7.9442200e-03   6.3655250e-04   2.6874278e-04   1.4204490e-04   1.3982850e-04   6.3249584e-04   6.3110631e-05   4.0519909e-07   7.2222682e-08   2.0176754e-08
   1.0000000e+00   2.2341859e-01  -1.4781530e-01   5.1002973e-01  -3.5778072e-03  -8.5540104e-04   1.4240444e-03   4.9915866e-02   2.1849363e-02   2.6013033e-01   1.2800704e-05   7.3171094e-07   2.0279025e-06  -6.9601800e-03  -2.4486410e-02  -5.4632710e-02   7.5401250e-04  -3.8628721e-04   2.4474500e-05   4.8444106e-05   5.9958427e-04   2.9847330e-03   5.6853485e-07   1.4921781e-07   5.9900115e-10
   1.0000000e+00   2.2946430e-01  -1.5035970e-01   5.1820854e-01  -4.0449761e-03  -2.8651222e-04   1.4590872e-03   5.2653865e-02   2.2608039e-02   2.6854009e-01   1.6361832e-05   8.2089252e-08   2.1289355e-06   6.0457100e-03  -2.5444000e-03   8.1788100e-03  -4.6716890e-04   5.6888882e-04   3.5042800e-05   3.6550609e-05   6.4739714e-06   6.6892933e-05   2.1824678e-07   3.2363449e-07   1.2279978e-09
   1.0000000e+00   2.1521382e-01  -1.3773903e-01   4.8922231e-01  -3.2635794e-03   2.8203678e-04   1.6328111e-03   4.6316988e-02   1.8972040e-02   2.3933847e-01   1.0650951e-05   7.9544745e-08   2.6660721e-06  -1.4250480e-02   1.2620670e-02  -2.8986230e-02   7.8139670e-04   5.6854900e-04   1.7372390e-04   2.0307618e-04   1.5928131e-04   8.4020153e-04   6.1058080e-07   3.2324797e-07   3.0179993e-08
   1.0000000e+00   2.1485010e-01  -1.5254646e-01   5.3537038e-01  -3.6920012e-03  -2.8842382e-04   1.6143024e-03   4.6160565e-02   2.3270422e-02   2.8662144e-01   1.3630873e-05   8.3188300e-08   2.6059722e-06  -3.6372000e-04  -1.4807430e-02   4.6148070e-02  -4.2842180e-04  -5.7046060e-04  -1.8508700e-05   1.3229224e-07   2.1925998e-04   2.1296444e-03   1.8354524e-07   3.2542530e-07   3.4257198e-10
   1.0000000e+00   1.9276598e-01  -1.7292035e-01   5.9912223e-01  -4.4046085e-03   5.0093238e-04   1.1767358e-03   3.7158723e-02   2.9901447e-02   3.5894745e-01   1.9400576e-05   2.5093325e-07   1.3847071e-06  -2.2084120e-02  -2.0373890e-02   6.3751850e-02  -7.1260730e-04   7.8935620e-04  -4.3756660e-04   4.8770836e-04   4.1509539e-04   4.0642984e-03   5.0780916e-07   6.2308321e-07   1.9146453e-07
   1.0000000e+00   2.0023971e-01  -1.7865042e-01   6.2548970e-01  -4.0122280e-03   5.1315809e-04   1.5537145e-03   4.0095941e-02   3.1915973e-02   3.9123736e-01   1.6097974e-05   2.6333123e-07   2.4140287e-06   7.4737300e-03  -5.7300700e-03   2.6367470e-02   3.9238050e-04   1.2225710e-05   3.7697870e-04   5.5856640e-05   3.2833702e-05   6.9524347e-04   1.5396246e-07   1.4946799e-10   1.4211294e-07
   1.0000000e+00   2.1160924e-01  -2.1569150e-01   6.5906084e-01  -4.7072676e-03   5.2710947e-04   1.4781411e-03   4.4778470e-02   4.6522823e-02   4.3436119e-01   2.2158368e-05   2.7784439e-07   2.1849011e-06   1.1369530e-02  -3.7041080e-02   3.3571140e-02  -6.9503960e-04   1.3951380e-05  -7.5573400e-05   1.2926621e-04   1.3720416e-03   1.1270214e-03   4.8308005e-07   1.9464100e-10   5.7113388e-09
   1.0000000e+00   2.1918214e-01  -1.9436700e-01   6.4375305e-01  -4.3580392e-03   8.9507793e-04   1.7684503e-03   4.8040810e-02   3.7778531e-02   4.1441799e-01   1.8992506e-05   8.0116450e-07   3.1274165e-06   7.5729000e-03   2.1324500e-02  -1.5307790e-02   3.4922840e-04   3.6796846e-04   2.9030920e-04   5.7348814e-05   4.5473430e-04   2.3432843e-04   1.2196048e-07   1.3540079e-07   8.4279432e-08
   1.0000000e+00   2.0725726e-01  -2.2176466e-01   6.1379016e-01  -3.5328173e-03   9.4547843e-04   1.7506084e-03   4.2955572e-02   4.9179564e-02   3.7673836e-01   1.2480798e-05   8.9392946e-07   3.0646298e-06  -1.1924880e-02  -2.7397660e-02  -2.9962890e-02   8.2522190e-04   5.0400500e-05  -1.7841900e-05   1.4220276e-04   7.5063177e-04   8.9777478e-04   6.8099118e-07   2.5402104e-09   3.1833340e-10
   1.0000000e+00   2.2089167e-01  -2.3431914e-01   4.7633797e-01  -2.9471030e-03   7.9937054e-04   1.9131952e-03   4.8793130e-02   5.4905459e-02   2.2689786e-01   8.6854161e-06   6.3899326e-07   3.6603159e-06   1.3634410e-02  -1.2554480e-02  -1.3745219e-01   5.8571430e-04  -1.4610789e-04   1.6258680e-04   1.8589714e-04   1.5761497e-04   1.8893105e-02   3.4306124e-07   2.1347516e-08   2.6434468e-08
   1.0000000e+00   2.2023612e-01  -1.6223934e-01   3.5687543e-01  -2.5552335e-03   7.5610025e-04   1.9537852e-03   4.8503949e-02   2.6321603e-02   1.2736007e-01   6.5292182e-06   5.7168759e-07   3.8172766e-06  -6.5555000e-04   7.2079800e-02  -1.1946254e-01   3.9186950e-04  -4.3270290e-05   4.0590000e-05   4.2974580e-07   5.1954976e-03   1.4271298e-02   1.5356171e-07   1.8723180e-09   1.6475481e-09
   1.0000000e+00   2.1940679e-01  -1.8483879e-01   4.6277450e-01  -3.9337558e-03   9.1214752e-04   2.1016641e-03   4.8139339e-02   3.4165378e-02   2.1416024e-01   1.5474435e-05   8.3201310e-07   4.4169920e-06  -8.2933000e-04  -2.2599450e-02   1.0589907e-01  -1.3785223e-03   1.5604727e-04   1.4787890e-04   6.8778825e-07   5.1073514e-04   1.1214613e-02   1.9003237e-06   2.4350750e-08   2.1868169e-08
   1.0000000e+00   2.2930434e-01  -1.8097880e-01   5.2395776e-01  -5.0483911e-03   9.0712510e-04   2.0651751e-03   5.2580480e-02   3.2753326e-02   2.7453173e-01   2.5486253e-05   8.2287595e-07   4.2649482e-06   9.8975500e-03   3.8599900e-03   6.1183260e-02  -1.1146353e-03  -5.0224200e-06  -3.6489000e-05   9.7961496e-05   1.4899523e-05   3.7433913e-03   1.2424119e-06   2.5224703e-11   1.3314471e-09
   1.0000000e+00   2.1313596e-01  -1.7753705e-01   5.3448914e-01  -4.2458248e-03   5.2800765e-04   1.9605088e-03   4.5426937e-02   3.1519404e-02   2.8567864e-01   1.8027028e-05   2.7879208e-07   3.8435948e-06  -1.6168380e-02   3.4417500e-03   1.0531380e-02   8.0256630e-04  -3.7911745e-04  -1.0466630e-04   2.6141651e-04   1.1845643e-05   1.1090996e-04   6.4411267e-07   1.4373004e-07   1.0955034e-08
   1.0000000e+00   2.2478815e-01  -1.9427173e-01   5.5486934e-01  -4.2676064e-03   5.3137287e-04   1.9768408e-03   5.0529712e-02   3.7741505e-02   3.0787998e-01   1.8212464e-05   2.8235713e-07   3.9078995e-06   1.1652190e-02  -1.6734680e-02   2.0380200e-02  -2.1781600e-05   3.3652200e-06   1.6332000e-05   1.3577353e-04   2.8004951e-04   4.1535255e-04   4.7443810e-10   1.1324706e-11   2.6673422e-10
   1.0000000e+00   2.1962478e-01  -1.7731255e-01   5.3807166e-01  -3.4537012e-03   8.0487332e-04   2.0546941e-03   4.8235044e-02   3.1439740e-02   2.8952111e-01   1.1928052e-05   6.4782106e-07   4.2217678e-06  -5.1633700e-03   1.6959180e-02  -1.6797680e-02   8.1390520e-04   2.7350045e-04   7.7853300e-05   2.6660390e-05   2.8761379e-04   2.8216205e-04   6.6244167e-07   7.4802496e-08   6.0611363e-09
   1.0000000e+00   2.2687440e-01  -2.2661060e-01   6.7330755e-01  -5.3827909e-03   7.0227746e-04   1.9731190e-03   5.1471993e-02   5.1352364e-02   4.5334306e-01   2.8974438e-05   4.9319363e-07   3.8931986e-06   7.2496200e-03  -4.9298050e-02   1.3523589e-01  -1.9290897e-03  -1.0259586e-04  -8.1575100e-05   5.2556990e-05   2.4302977e-03   1.8288746e-02   3.7213871e-06   1.0525910e-08   6.6544969e-09
   1.0000000e+00   2.3557420e-01  -2.3317783e-01   7.1893431e-01  -5.2739926e-03   7.2019798e-04   1.9558886e-03   5.5495204e-02   5.4371900e-02   5.1686654e-01   2.7814998e-05   5.1868513e-07   3.8255002e-06   8.6998000e-03  -6.5672300e-03   4.5626760e-02   1.0879830e-04   1.7920520e-05  -1.7230400e-05   7.5686520e-05   4.3128510e-05   2.0818012e-03   1.1837070e-08   3.2114504e-10   2.9688668e-10
   1.0000000e+00   2.1952544e-01  -2.2643788e-01   7.4052693e-01  -5.1352546e-03   4.0065262e-04   1.7344737e-03   4.8191419e-02   5.1274113e-02   5.4838013e-01   2.6370840e-05   1.6052252e-07   3.0083990e-06  -1.6048760e-02   6.7399500e-03   2.1592620e-02   1.3873800e-04  -3.1954536e-04  -2.2141490e-04   2.5756270e-04   4.5426926e-05   4.6624124e-04   1.9248233e-08   1.0210924e-07   4.9024558e-08
   1.0000000e+00   2.0257943e-01  -2.0972366e-01   7.1739259e-01  -5.3467021e-03   9.3609653e-04   1.4053900e-03   4.1038425e-02   4.3984014e-02   5.1465213e-01   2.8587223e-05   8.7627671e-07   1.9751211e-06  -1.6946010e-02   1.6714220e-02  -2.3134340e-02  -2.1144750e-04   5.3544391e-04  -3.2908370e-04   2.8716725e-04   2.7936515e-04   5.3519769e-04   4.4710045e-08   2.8670018e-07   1.0829608e-07
   1.0000000e+00   1.6364153e-01  -1.9416101e-01   6.1074058e-01  -4.9866487e-03   1.0512176e-03   6.6194750e-04   2.6778550e-02   3.7698498e-02   3.7300406e-01   2.4866665e-05   1.1050584e-06   4.3817449e-07  -3.8937900e-02   1.5562650e-02  -1.0665201e-01   3.6005340e-04   1.1512107e-04  -7.4344250e-04   1.5161601e-03   2.4219608e-04   1.1374651e-02   1.2963845e-07   1.3252861e-08   5.5270675e-07
   1.0000000e+00   1.5909850e-01  -2.4443171e-01   7.4768147e-01  -6.6031348e-03   4.1256437e-04   7.6636097e-04   2.5312333e-02   5.9746861e-02   5.5902758e-01   4.3601389e-05   1.7020936e-07   5.8730914e-07  -4.5430300e-03  -5.0270700e-02   1.3694089e-01  -1.6164861e-03  -6.3865323e-04   1.0441347e-04   2.0639122e-05   2.5271433e-03   1.8752807e-02   2.6130273e-06   4.0787795e-07   1.0902173e-08
   1.0000000e+00   1.7399149e-01  -2.3232948e-01   8.1219595e-01  -7.2793671e-03   5.6929260e-04   1.3642688e-03   3.0273039e-02   5.3976987e-02   6.5966226e-01   5.2989185e-05   3.2409406e-07   1.8612294e-06   1.4892990e-02   1.2102230e-02   6.4514480e-02  -6.7623230e-04   1.5672823e-04   5.9790783e-04   2.2180115e-04   1.4646397e-04   4.1621181e-03   4.5729012e-07   2.4563738e-08   3.5749377e-07
   1.0000000e+00   1.6212086e-01  -2.3654636e-01   8.1481605e-01  -6.6710912e-03   5.7514809e-04   1.2159101e-03   2.6283173e-02   5.5954180e-02   6.6392520e-01   4.4503458e-05   3.3079533e-07   1.4784374e-06  -1.1870630e-02  -4.2168800e-03   2.6201000e-03   6.0827590e-04   5.8554900e-06  -1.4835870e-04   1.4091186e-04   1.7782077e-05   6.8649240e-06   3.6999957e-07   3.4286763e-11   2.2010304e-08
   1.0000000e+00   1.5556819e-01  -2.3377196e-01   8.1297112e-01  -5.8613228e-03   7.6513440e-04   1.0731339e-03   2.4201462e-02   5.4649329e-02   6.6092204e-01   3.4355105e-05   5.8543065e-07   1.1516164e-06  -6.5526700e-03   2.7744000e-03  -1.8449300e-03   8.0976840e-04   1.8998631e-04  -1.4277620e-04   4.2937484e-05   7.6972954e-06   3.4037667e-06   6.5572486e-07   3.6094798e-08   2.0385043e-08
   1.0000000e+00   1.6754947e-01  -2.3810664e-01   7.3388056e-01  -6.6180810e-03   2.9717855e-04   1.0811015e-03   2.8072825e-02   5.6694772e-02   5.3858068e-01   4.3798996e-05   8.8315091e-08   1.1687805e-06   1.1981280e-02  -4.3346800e-03  -7.9090560e-02  -7.5675820e-04  -4.6795585e-04   7.9676000e-06   1.4355107e-04   1.8789451e-05   6.2553167e-03   5.7268297e-07   2.1898268e-07   6.3482650e-11
   1.0000000e+00   1.8796891e-01  -2.0262082e-01   5.9840679e-01  -5.6765397e-03   1.4657290e-04   1.3412329e-03   3.5332311e-02   4.1055197e-02   3.5809069e-01   3.2223103e-05   2.1483615e-08   1.7989057e-06   2.0419440e-02   3.5485820e-02  -1.3547377e-01   9.4154130e-04  -1.5060565e-04   2.6013140e-04   4.1695353e-04   1.2592434e-03   1.8353142e-02   8.8650002e-07   2.2682062e-08   6.7668345e-08
   1.0000000e+00   1.8453096e-01  -1.9722923e-01   6.6424183e-01  -6.2579648e-03   6.7816019e-04   1.1573341e-03   3.4051675e-02   3.8899369e-02   4.4121721e-01   3.9162123e-05   4.5990124e-07   1.3394222e-06  -3.4379500e-03   5.3915900e-03   6.5835040e-02  -5.8142510e-04   5.3158729e-04  -1.8389880e-04   1.1819500e-05   2.9069243e-05   4.3342525e-03   3.3805515e-07   2.8258505e-07   3.3818769e-08
   1.0000000e+00   1.6484512e-01  -1.8069146e-01   6.0962285e-01  -5.2144707e-03   6.8431529e-04   8.3165777e-04   2.7173914e-02   3.2649404e-02   3.7164002e-01   2.7190705e-05   4.6828742e-07   6.9165465e-07  -1.9685840e-02   1.6537770e-02  -5.4618980e-02   1.0434941e-03   6.1551000e-06  -3.2567633e-04   3.8753230e-04   2.7349784e-04   2.9832330e-03   1.0888799e-06   3.7885256e-11   1.0606507e-07
   1.0000000e+00   1.4705150e-01  -1.6473560e-01   6.6904802e-01  -5.2979762e-03   1.0704619e-03   7.7518069e-04   2.1624144e-02   2.7137818e-02   4.4762525e-01   2.8068552e-05   1.1458887e-06   6.0090510e-07  -1.7793620e-02   1.5955860e-02   5.9425170e-02  -8.3505500e-05   3.8614661e-04  -5.6477080e-05   3.1661291e-04   2.5458947e-04   3.5313508e-03   6.9731685e-09   1.4910920e-07   3.1896606e-09
   1.0000000e+00   1.5865688e-01  -1.6496828e-01   6.0937170e-01  -4.5082855e-03   7.2934535e-04   9.7449944e-04   2.5172006e-02   2.7214533e-02   3.7133387e-01   2.0324638e-05   5.3194464e-07   9.4964916e-07   1.1605380e-02  -2.3268000e-04  -5.9676320e-02   7.8969070e-04  -3.4111655e-04   1.9931875e-04   1.3468484e-04   5.4139982e-08   3.5612632e-03   6.2361140e-07   1.1636050e-07   3.9727964e-08
   1.0000000e+00   1.5496605e-01  -1.4469757e-01   6.4819164e-01  -4.5291408e-03   8.5120876e-04   1.1936063e-03   2.4014477e-02   2.0937387e-02   4.2015240e-01   2.0513116e-05   7.2455635e-07   1.4246960e-06  -3.6908300e-03   2.0270710e-02   3.8819940e-02  -2.0855300e-05   1.2186341e-04   2.1910686e-04   1.3622226e-05   4.1090168e-04   1.5069877e-03   4.3494354e-10   1.4850691e-08   4.8007816e-08
   1.0000000e+00   1.5618010e-01  -1.9021497e-01   6.7150084e-01  -5.3371976e-03   8.0612090e-04   1.1701786e-03   2.4392224e-02   3.6181735e-02   4.5091338e-01   2.8485678e-05   6.4983091e-07   1.3693180e-06   1.2140500e-03  -4.5517400e-02   2.3309200e-02  -8.0805680e-04  -4.5087860e-05  -2.3427700e-05   1.4739174e-06   2.0718337e-03   5.4331880e-04   6.5295579e-07   2.0329151e-09   5.4885713e-10
   1.0000000e+00   1.6054992e-01  -2.4101067e-01   7.2584409e-01  -6.8881161e-03   1.1246896e-03   1.1481904e-03   2.5776277e-02   5.8086143e-02   5.2684964e-01   4.7446143e-05   1.2649267e-06   1.3183412e-06   4.3698200e-03  -5.0795700e-02   5.4343250e-02  -1.5509185e-03   3.1856870e-04  -2.1988200e-05   1.9095327e-05   2.5802031e-03   2.9531888e-03   2.4053482e-06   1.0148602e-07   4.8348094e-10
   1.0000000e+00   1.8773725e-01  -2.1282178e-01   6.3597313e-01  -5.7372715e-03   7.0976925e-04   1.6840832e-03   3.5245275e-02   4.5293110e-02   4.0446182e-01   3.2916284e-05   5.0377239e-07   2.8361362e-06   2.7187330e-02   2.8188890e-02  -8.9870960e-02   1.1508446e-03  -4.1492035e-04   5.3589280e-04   7.3915091e-04   7.9461352e-04   8.0767895e-03   1.3244433e-06   1.7215890e-07   2.8718109e-07
   1.0000000e+00   1.8124002e-01  -2.4416867e-01   6.4278719e-01  -5.4374621e-03   8.1818491e-04   1.6999837e-03   3.2847945e-02   5.9618339e-02   4.1317537e-01   2.9565994e-05   6.6942655e-07   2.8899446e-06  -6.4972300e-03  -3.1346890e-02   6.8140600e-03   2.9980940e-04   1.0841566e-04   1.5900500e-05   4.2213998e-05   9.8262751e-04   4.6431414e-05   8.9885676e-08   1.1753955e-08   2.5282590e-10
   1.0000000e+00   1.6360377e-01  -2.3208917e-01   6.6264116e-01  -5.9090575e-03   1.0376993e-03   1.2844065e-03   2.6766194e-02   5.3865383e-02   4.3909331e-01   3.4916961e-05   1.0768198e-06   1.6497001e-06  -1.7636250e-02   1.2079500e-02   1.9853970e-02  -4.7159540e-04   2.1951439e-04  -4.1557720e-04   3.1103731e-04   1.4591432e-04   3.9418012e-04   2.2240222e-07   4.8186567e-08   1.7270441e-07
   1.0000000e+00   1.6894087e-01  -2.5389290e-01   6.5977942e-01  -5.4114368e-03   9.4909690e-04   1.5299508e-03   2.8541018e-02   6.4461605e-02   4.3530888e-01   2.9283648e-05   9.0078493e-07   2.3407495e-06   5.3371000e-03  -2.1803730e-02  -2.8617400e-03   4.9762070e-04  -8.8602400e-05   2.4554430e-04   2.8484636e-05   4.7540264e-04   8.1895558e-06   2.4762636e-07   7.8503853e-09   6.0292003e-08
   1.0000000e+00   1.7896741e-01  -2.3836721e-01   6.4079359e-01  -5.3806088e-03   1.2176033e-03   1.6574269e-03   3.2029334e-02   5.6818927e-02   4.1061642e-01   2.8950951e-05   1.4825578e-06   2.7470639e-06   1.0026540e-02   1.5525690e-02  -1.8985830e-02   3.0828000e-05   2.6850640e-04   1.2747610e-04   1.0053150e-04   2.4104705e-04   3.6046174e-04   9.5036558e-10   7.2095687e-08   1.6250156e-08
   1.0000000e+00   1.6353908e-01  -2.4056359e-01   6.0705126e-01  -4.8590447e-03   1.1941498e-03   1.5721180e-03   2.6745031e-02   5.7870841e-02   3.6851123e-01   2.3610315e-05   1.4259937e-06   2.4715550e-06  -1.5428330e-02  -2.1963800e-03  -3.3742330e-02   5.2156410e-04  -2.3453500e-05  -8.5308900e-05   2.3803337e-04   4.8240851e-06   1.1385448e-03   2.7202911e-07   5.5006666e-10   7.2776084e-09
   1.0000000e+00   1.7680003e-01  -2.7137390e-01   6.1106963e-01  -4.4836480e-03   1.0725233e-03   1.9113521e-03   3.1258251e-02   7.3643794e-02   3.7340609e-01   2.0103099e-05   1.1503062e-06   3.6532669e-06   1.3260950e-02  -3.0810310e-02   4.0183700e-03   3.7539670e-04  -1.2162650e-04   3.3923410e-04   1.7585279e-04   9.4927520e-04   1.6147297e-05   1.4092268e-07   1.4793006e-08   1.1507977e-07
   1.0000000e+00   1.5982747e-01  -2.3782783e-01   6.2041918e-01  -4.5435689e-03   1.2271691e-03   1.6373499e-03   2.5544820e-02   5.6562077e-02   3.8491996e-01   2.0644018e-05   1.5059440e-06   2.6809147e-06  -1.6972560e-02   3.3546070e-02   9.3495500e-03  -5.9920900e-05   1.5464580e-04  -2.7400220e-04   2.8806779e-04   1.1253388e-03   8.7414085e-05   3.5905143e-09   2.3915323e-08   7.5077206e-08
   1.0000000e+00   1.5615201e-01  -2.6103364e-01   6.0951490e-01  -4.3859278e-03   9.5599933e-04   1.6340064e-03   2.4383450e-02   6.8138561e-02   3.7150841e-01   1.9236363e-05   9.1393472e-07   2.6699769e-06  -3.6754600e-03  -2.3205810e-02  -1.0904280e-02   1.5764110e-04  -2.7116977e-04  -3.3435000e-06   1.3509006e-05   5.3850962e-04   1.1890332e-04   2.4850716e-08   7.3533044e-08   1.1178992e-11
   1.0000000e+00   1.5756966e-01  -2.2533707e-01   5.2492891e-01  -3.9129219e-03   1.1974547e-03   1.6714016e-03   2.4828198e-02   5.0776795e-02   2.7555036e-01   1.5310958e-05   1.4338978e-06   2.7935833e-06   1.4176500e-03   3.5696570e-02  -8.4585990e-02   4.7300590e-04   2.4145537e-04   3.7395200e-05   2.0097315e-06   1.2742451e-03   7.1547897e-03   2.2373458e-07   5.8300696e-08   1.3984010e-09
   1.0000000e+00   1.6459957e-01  -2.5241917e-01   5.1733302e-01  -3.7099655e-03   1.1721293e-03   1.6993104e-03   2.7093018e-02   6.3715437e-02   2.6763345e-01   1.3763844e-05   1.3738871e-06   2.8876558e-06   7.0299100e-03  -2.7082100e-02  -7.5958900e-03   2.0295640e-04  -2.5325400e-05   2.7908800e-05   4.9419635e-05   7.3344014e-04   5.7697545e-05   4.1191300e-08   6.4137589e-10   7.7890112e-10
   1.0000000e+00   1.7046903e-01  -2.3199461e-01   5.6330504e-01  -3.7212266e-03   1.4059787e-03   1.8435382e-03   2.9059690e-02   5.3821499e-02   3.1731257e-01   1.3847527e-05   1.9767761e-06   3.3986331e-06   5.8694600e-03   2.0424560e-02   4.5972020e-02  -1.1261100e-05   2.3384940e-04   1.4422780e-04   3.4450561e-05   4.1716265e-04   2.1134266e-03   1.2681237e-10   5.4685542e-08   2.0801658e-08
   1.0000000e+00   1.6960224e-01  -2.3440480e-01   5.2234871e-01  -2.8673099e-03   1.3549239e-03   1.7197590e-03   2.8764920e-02   5.4945610e-02   2.7284817e-01   8.2214661e-06   1.8358188e-06   2.9575710e-06  -8.6679000e-04  -2.4101900e-03  -4.0956330e-02   8.5391670e-04  -5.1054800e-05  -1.2377920e-04   7.5132490e-07   5.8090158e-06   1.6774210e-03   7.2917373e-07   2.6065926e-09   1.5321290e-08
   1.0000000e+00   1.5259415e-01  -2.3512889e-01   5.3527812e-01  -3.0888633e-03   1.6630933e-03   1.4258432e-03   2.3284975e-02   5.5285595e-02   2.8652267e-01   9.5410765e-06   2.7658793e-06   2.0330288e-06  -1.7008090e-02  -7.2409000e-04   1.2929410e-02  -2.2155340e-04   3.0816940e-04  -2.9391580e-04   2.8927513e-04   5.2430633e-07   1.6716964e-04   4.9085909e-08   9.4968379e-08   8.6386497e-08
   1.0000000e+00   1.3577991e-01  -2.3053755e-01   4.9923396e-01  -2.4102218e-03   1.9707880e-03   9.8241224e-04   1.8436184e-02   5.3147562e-02   2.4923455e-01   5.8091691e-06   3.8840053e-06   9.6513381e-07  -1.6814240e-02   4.5913400e-03  -3.6044160e-02   6.7864150e-04   3.0769470e-04  -4.4343096e-04   2.8271867e-04   2.1080403e-05   1.2991815e-03   4.6055429e-07   9.4676028e-08   1.9663102e-07
   1.0000000e+00   1.4855004e-01  -2.3111634e-01   4.9000783e-01  -2.3660442e-03   1.4212353e-03   1.4136503e-03   2.2067114e-02   5.3414763e-02   2.4010767e-01   5.5981652e-06   2.0199098e-06   1.9984072e-06   1.2770130e-02  -5.7879000e-04  -9.2261300e-03   4.4177600e-05  -5.4955270e-04   4.3123806e-04   1.6307622e-04   3.3499786e-07   8.5121475e-05   1.9516603e-09   3.0200817e-07   1.8596626e-07
   1.0000000e+00   1.3937117e-01  -1.9991209e-01   3.9533560e-01  -6.3177683e-04   1.7840324e-03   1.2834520e-03   1.9424323e-02   3.9964844e-02   1.5629024e-01   3.9914196e-07   3.1827716e-06   1.6472490e-06  -9.1788700e-03   3.1204250e-02  -9.4672230e-02   1.7342674e-03   3.6279710e-04  -1.3019830e-04   8.4251654e-05   9.7370522e-04   8.9628311e-03   3.0076833e-06   1.3162174e-07   1.6951597e-08
   1.0000000e+00   1.4660702e-01  -2.4174140e-01   4.7021720e-01  -2.1711338e-03   1.7307530e-03   1.1286405e-03   2.1493618e-02   5.8438904e-02   2.2110422e-01   4.7138220e-06   2.9955059e-06   1.2738294e-06   7.2358500e-03  -4.1829310e-02   7.4881600e-02  -1.5393570e-03  -5.3279400e-05  -1.5481150e-04   5.2357525e-05   1.7496912e-03   5.6072540e-03   2.3696199e-06   2.8386945e-09   2.3966601e-08
   1.0000000e+00   1.5688912e-01  -2.6453285e-01   4.9734193e-01  -3.0258841e-03   1.9978374e-03   1.3340421e-03   2.4614196e-02   6.9977629e-02   2.4734900e-01   9.1559746e-06   3.9913543e-06   1.7796683e-06   1.0282100e-02  -2.2791450e-02   2.7124730e-02  -8.5475030e-04   2.6708440e-04   2.0540160e-04   1.0572158e-04   5.1945019e-04   7.3575098e-04   7.3059808e-07   7.1334077e-08   4.2189817e-08
   1.0000000e+00   1.6125019e-01  -2.7310796e-01   5.3416221e-01  -2.5119077e-03   1.5950023e-03   1.2979905e-03   2.6001624e-02   7.4587958e-02   2.8532927e-01   6.3096803e-06   2.5440323e-06   1.6847793e-06   4.3610700e-03  -8.5751100e-03   3.6820280e-02   5.1397640e-04  -4.0283510e-04  -3.6051600e-05   1.9018932e-05   7.3532512e-05   1.3557330e-03   2.6417174e-07   1.6227612e-07   1.2997179e-09
   1.0000000e+00   1.5803650e-01  -2.4131825e-01   5.4057368e-01  -3.3151403e-03   1.7488262e-03   1.1371101e-03   2.4975535e-02   5.8234498e-02   2.9221990e-01   1.0990155e-05   3.0583931e-06   1.2930194e-06  -3.2136900e-03   3.1789710e-02   6.4114700e-03  -8.0323260e-04   1.5382390e-04  -1.6088040e-04   1.0327803e-05   1.0105857e-03   4.1106948e-05   6.4518261e-07   2.3661792e-08   2.5882503e-08
   1.0000000e+00   9.6062283e-02  -2.3559732e-01   5.8105021e-01  -2.5004470e-03   2.0886201e-03  -3.2585589e-04   9.2279622e-03   5.5506097e-02   3.3761935e-01   6.2522352e-06   4.3623339e-06   1.0618206e-07  -6.1974217e-02   5.7209300e-03   4.0476530e-02   8.1469330e-04   3.3979390e-04  -1.4629660e-03   3.8408036e-03   3.2729040e-05   1.6383495e-03   6.6372517e-07   1.1545989e-07   2.1402695e-06
   1.0000000e+00   1.1453362e-01  -2.6407240e-01   4.1657675e-01  -1.0483431e-03   1.6614980e-03   2.3060750e-04   1.3117950e-02   6.9734232e-02   1.7353619e-01   1.0990233e-06   2.7605756e-06   5.3179819e-08   1.8471337e-02  -2.8475080e-02  -1.6447346e-01   1.4521039e-03  -4.2712210e-04   5.5646339e-04   3.4119029e-04   8.1083018e-04   2.7051519e-02   2.1086057e-06   1.8243329e-07   3.0965150e-07
   1.0000000e+00   1.4650182e-01  -2.9548891e-01   4.5557340e-01  -1.1042215e-03   2.1262942e-03   8.4754398e-04   2.1462783e-02   8.7313696e-02   2.0754712e-01   1.2193051e-06   4.5211270e-06   7.1833080e-07   3.1968200e-02  -3.1416510e-02   3.8996650e-02  -5.5878400e-05   4.6479620e-04   6.1693648e-04   1.0219658e-03   9.8699710e-04   1.5207387e-03   3.1223956e-09   2.1603551e-07   3.8061062e-07
   1.0000000e+00   1.5985268e-01  -2.9236008e-01   5.0755757e-01  -1.3635075e-03   1.9701135e-03   8.8566887e-04   2.5552879e-02   8.5474416e-02   2.5761469e-01   1.8591527e-06   3.8813472e-06   7.8440935e-07   1.3350860e-02   3.1288300e-03   5.1984170e-02  -2.5928600e-04  -1.5618070e-04   3.8124890e-05   1.7824546e-04   9.7895772e-06   2.7023539e-03   6.7229230e-08   2.4392411e-08   1.4535072e-09
   1.0000000e+00   1.6802517e-01  -2.8403161e-01   4.6606403e-01   1.9459028e-05   1.8325310e-03   1.1674857e-03   2.8232458e-02   8.0673955e-02   2.1721568e-01   3.7865377e-10   3.3581699e-06   1.3630229e-06   8.1724900e-03   8.3284700e-03  -4.1493540e-02   1.3829665e-03  -1.3758250e-04   2.8181683e-04   6.6789593e-05   6.9363413e-05   1.7217139e-03   1.9125964e-06   1.8928944e-08   7.9420726e-08
   1.0000000e+00   1.6982486e-01  -3.1962367e-01   4.8893959e-01   5.9998898e-04   1.7476302e-03   9.5332256e-04   2.8840483e-02   1.0215929e-01   2.3906192e-01   3.5998678e-07   3.0542113e-06   9.0882390e-07   1.7996900e-03  -3.5592060e-02   2.2875560e-02   5.8052995e-04  -8.4900800e-05  -2.1416314e-04   3.2388841e-06   1.2667947e-03   5.2329125e-04   3.3701503e-07   7.2081458e-09   4.5865851e-08
   1.0000000e+00   1.9575563e-01  -3.0373711e-01   4.6007374e-01   8.4901187e-04   1.6244681e-03   1.0960526e-03   3.8320267e-02   9.2256232e-02   2.1166785e-01   7.2082116e-07   2.6388966e-06   1.2013313e-06   2.5930770e-02   1.5886560e-02  -2.8865850e-02   2.4902289e-04  -1.2316210e-04   1.4273004e-04   6.7240483e-04   2.5238279e-04   8.3323730e-04   6.2012400e-08   1.5168903e-08   2.0371864e-08
   1.0000000e+00   1.9768798e-01  -3.7659526e-01   5.0912375e-01  -8.6314044e-05   1.7021774e-03   9.2188847e-04   3.9080537e-02   1.4182399e-01   2.5920699e-01   7.4501142e-09   2.8974079e-06   8.4987835e-07   1.9323500e-03  -7.2858150e-02   4.9050010e-02  -9.3532591e-04   7.7709300e-05  -1.7416413e-04   3.7339765e-06   5.3083100e-03   2.4059035e-03   8.7483457e-07   6.0387353e-09   3.0333144e-08
   1.0000000e+00   2.2180190e-01  -3.8266724e-01   5.5658213e-01  -1.2573537e-03   1.3668526e-03   1.3254196e-03   4.9196083e-02   1.4643422e-01   3.0978367e-01   1.5809383e-06   1.8682860e-06   1.7567371e-06   2.4113920e-02  -6.0719800e-03   4.7458380e-02  -1.1710397e-03  -3.3532480e-04   4.0353113e-04   5.8148114e-04   3.6868941e-05   2.2522978e-03   1.3713339e-06   1.1244272e-07   1.6283737e-07
   1.0000000e+00   2.1533503e-01  -3.4764921e-01   4.6904449e-01  -4.8412880e-04   1.6183569e-03   1.2025939e-03   4.6369175e-02   1.2085997e-01   2.2000273e-01   2.3438069e-07   2.6190791e-06   1.4462321e-06  -6.4668700e-03   3.5018030e-02  -8.7537640e-02   7.7322490e-04   2.5150430e-04  -1.2282570e-04   4.1820408e-05   1.2262624e-03   7.6628384e-03   5.9787675e-07   6.3254413e-08   1.5086153e-08
   1.0000000e+00   2.3848459e-01  -3.8203210e-01   4.8854632e-01  -8.5869228e-04   1.3012748e-03   1.3674931e-03   5.6874900e-02   1.4594853e-01   2.3867751e-01   7.3735243e-07   1.6933161e-06   1.8700374e-06   2.3149560e-02  -3.4382890e-02   1.9501830e-02  -3.7456348e-04  -3.1708210e-04   1.6489920e-04   5.3590213e-04   1.1821831e-03   3.8032137e-04   1.4029780e-07   1.0054106e-07   2.7191746e-08
   1.0000000e+00   2.4915285e-01  -3.8673960e-01   5.2540980e-01  -3.0935941e-04   1.1503331e-03   1.6573901e-03   6.2077143e-02   1.4956752e-01   2.7605546e-01   9.5703245e-08   1.3232662e-06   2.7469419e-06   1.0668260e-02  -4.7075000e-03   3.6863480e-02   5.4933287e-04  -1.5094170e-04   2.8989700e-04   1.1381177e-04   2.2160556e-05   1.3589162e-03   3.0176660e-07   2.2783397e-08   8.4040271e-08
   1.0000000e+00   2.3868315e-01  -4.6769509e-01   5.9513018e-01  -1.0496932e-03   1.6894010e-03   1.4228162e-03   5.6969646e-02   2.1873870e-01   3.5417993e-01   1.1018558e-06   2.8540757e-06   2.0244059e-06  -1.0469700e-02  -8.0955490e-02   6.9720380e-02  -7.4033379e-04   5.3906790e-04  -2.3457390e-04   1.0961462e-04   6.5537914e-03   4.8609314e-03   5.4809412e-07   2.9059420e-07   5.5024915e-08
   1.0000000e+00   2.6026529e-01  -4.7636210e-01   6.1348265e-01  -1.4433930e-03   1.5925379e-03   1.5315738e-03   6.7738021e-02   2.2692085e-01   3.7636096e-01   2.0833834e-06   2.5361770e-06   2.3457183e-06   2.1582140e-02  -8.6670100e-03   1.8352470e-02  -3.9369980e-04  -9.6863100e-05   1.0875760e-04   4.6578877e-04   7.5117062e-05   3.3681316e-04   1.5499953e-07   9.3824601e-09   1.1828216e-08
   1.0000000e+00   2.7986575e-01  -4.7157335e-01   6.1604791e-01  -1.0248117e-03   1.4387318e-03   1.9429137e-03   7.8324838e-02   2.2238142e-01   3.7951503e-01   1.0502390e-06   2.0699492e-06   3.7749136e-06   1.9600460e-02   4.7887500e-03   2.5652600e-03   4.1858130e-04  -1.5380610e-04   4.1133990e-04   3.8417803e-04   2.2932127e-05   6.5805589e-06   1.7521030e-07   2.3656316e-08   1.6920051e-07
   1.0000000e+00   2.8586103e-01  -5.1641444e-01   6.3357801e-01  -1.3820683e-03   1.1196658e-03   1.9038074e-03   8.1716528e-02   2.6668387e-01   4.0142109e-01   1.9101128e-06   1.2536515e-06   3.6244826e-06   5.9952800e-03  -4.4841090e-02   1.7530100e-02  -3.5725660e-04  -3.1906600e-04  -3.9106300e-05   3.5943382e-05   2.0107234e-03   3.0730441e-04   1.2763228e-07   1.0180311e-07   1.5293027e-09
   1.0000000e+00   2.8472158e-01  -4.8729628e-01   6.1523909e-01  -1.0136003e-03   1.3398687e-03   1.8783453e-03   8.1066378e-02   2.3745766e-01   3.7851914e-01   1.0273856e-06   1.7952481e-06   3.5281811e-06  -1.1394500e-03   2.9118160e-02  -1.8338920e-02   3.6846800e-04   2.2020290e-04  -2.5462100e-05   1.2983463e-06   8.4786724e-04   3.3631599e-04   1.3576867e-07   4.8489317e-08   6.4831854e-10
   1.0000000e+00   2.9113458e-01  -4.7798040e-01   4.8193078e-01  -2.6512095e-04   1.3044988e-03   1.8851005e-03   8.4759344e-02   2.2846526e-01   2.3225728e-01   7.0289118e-08   1.7017171e-06   3.5536039e-06   6.4130000e-03   9.3158800e-03  -1.3330831e-01   7.4847935e-04  -3.5369900e-05   6.7552000e-06   4.1126569e-05   8.6785620e-05   1.7771106e-02   5.6022134e-07   1.2510298e-09   4.5632727e-11
   1.0000000e+00   2.7385755e-01  -4.7886242e-01   5.0762541e-01  -3.9463392e-04   1.8099224e-03   1.5542372e-03   7.4997958e-02   2.2930922e-01   2.5768356e-01   1.5573593e-07   3.2758191e-06   2.4156533e-06  -1.7277030e-02  -8.8202000e-04   2.5694630e-02  -1.2951297e-04   5.0542360e-04  -3.3086330e-04   2.9849577e-04   7.7795928e-07   6.6021401e-04   1.6773609e-08   2.5545302e-07   1.0947052e-07
   1.0000000e+00   2.8097287e-01  -4.8165904e-01   5.7948086e-01  -1.5396389e-04   1.9782281e-03   1.6768729e-03   7.8945754e-02   2.3199543e-01   3.3579807e-01   2.3704879e-08   3.9133864e-06   2.8119027e-06   7.1153200e-03  -2.7966200e-03   7.1855450e-02   2.4067003e-04   1.6830570e-04   1.2263570e-04   5.0627779e-05   7.8210834e-06   5.1632057e-03   5.7922063e-08   2.8326809e-08   1.5039515e-08
   1.0000000e+00   2.7665489e-01  -4.9852868e-01   5.6745586e-01   1.7247854e-04   2.0893845e-03   1.6275229e-03   7.6537928e-02   2.4853084e-01   3.2200615e-01   2.9748847e-08   4.3655276e-06   2.6488308e-06  -4.3179800e-03  -1.6869640e-02  -1.2025000e-02   3.2644243e-04   1.1115640e-04  -4.9350000e-05   1.8644951e-05   2.8458475e-04   1.4460062e-04   1.0656466e-07   1.2355745e-08   2.4354225e-09
   1.0000000e+00   2.6096518e-01  -4.8732412e-01   5.9806328e-01  -5.0824616e-04   2.3827544e-03   1.5250765e-03   6.8102825e-02   2.3748480e-01   3.5767969e-01   2.5831416e-07   5.6775185e-06   2.3258583e-06  -1.5689710e-02   1.1204560e-02   3.0607420e-02  -6.8072470e-04   2.9336990e-04  -1.0244640e-04   2.4616700e-04   1.2554216e-04   9.3681416e-04   4.6338612e-07   8.6065898e-08   1.0495265e-08
   1.0000000e+00   2.6048326e-01  -5.0157132e-01   6.1401149e-01  -3.9949760e-04   2.3840036e-03   1.7149108e-03   6.7851529e-02   2.5157379e-01   3.7701011e-01   1.5959833e-07   5.6834732e-06   2.9409191e-06  -4.8192000e-04  -1.4247200e-02   1.5948210e-02   1.0874856e-04   1.2492000e-06   1.8983430e-04   2.3224689e-07   2.0298271e-04   2.5434540e-04   1.1826249e-08   1.5605006e-12   3.6037061e-08
   1.0000000e+00   2.7219538e-01  -4.7822852e-01   5.5190889e-01  -1.5146890e-03   2.0014551e-03   1.8737946e-03   7.4090325e-02   2.2870252e-01   3.0460342e-01   2.2942828e-06   4.0058225e-06   3.5111062e-06   1.1712120e-02   2.3342800e-02  -6.2102600e-02  -1.1151914e-03  -3.8254850e-04   1.5888380e-04   1.3717375e-04   5.4488631e-04   3.8567329e-03   1.2436519e-06   1.4634335e-07   2.5244062e-08
   1.0000000e+00   2.5708632e-01  -4.6895253e-01   5.9360646e-01  -6.6247120e-04   2.1416669e-03   1.9389192e-03   6.6093376e-02   2.1991648e-01   3.5236863e-01   4.3886809e-07   4.5867371e-06   3.7594077e-06  -1.5109060e-02   9.2759900e-03   4.1697570e-02   8.5221780e-04   1.4021180e-04   6.5124600e-05   2.2828369e-04   8.6043990e-05   1.7386873e-03   7.2627518e-07   1.9659349e-08   4.2412135e-09
   1.0000000e+00   2.2855152e-01  -5.0749120e-01   6.3827521e-01  -1.1721897e-04   2.3594077e-03   1.2908153e-03   5.2235797e-02   2.5754732e-01   4.0739524e-01   1.3740287e-08   5.5668047e-06   1.6662041e-06  -2.8534800e-02  -3.8538670e-02   4.4668750e-02   5.4525223e-04   2.1774080e-04  -6.4810390e-04   8.1423481e-04   1.4852291e-03   1.9952972e-03   2.9729999e-07   4.7411056e-08   4.2003867e-07
   1.0000000e+00   2.3505516e-01  -5.2255054e-01   7.2079815e-01  -1.6900393e-03   2.4701190e-03   1.5821756e-03   5.5250928e-02   2.7305907e-01   5.1954997e-01   2.8562328e-06   6.1014879e-06   2.5032796e-06   6.5036400e-03  -1.5059340e-02   8.2522940e-02  -1.5728203e-03   1.1071130e-04   2.9136030e-04   4.2297333e-05   2.2678372e-04   6.8100356e-03   2.4737638e-06   1.2256992e-08   8.4890824e-08
   1.0000000e+00   2.3637972e-01  -4.9294047e-01   6.7211162e-01  -4.0082220e-04   2.3216368e-03   1.7663292e-03   5.5875372e-02   2.4299031e-01   4.5173403e-01   1.6065844e-07   5.3899974e-06   3.1199188e-06   1.3245600e-03   2.9610070e-02  -4.8686530e-02   1.2892171e-03  -1.4848220e-04   1.8415360e-04   1.7544592e-06   8.7675625e-04   2.3703782e-03   1.6620807e-06   2.2046964e-08   3.3912548e-08
   1.0000000e+00   2.3712167e-01  -5.0550192e-01   6.9618738e-01  -4.1072904e-04   2.8229830e-03   1.8563342e-03   5.6226686e-02   2.5553219e-01   4.8467687e-01   1.6869834e-07   7.9692330e-06   3.4459767e-06   7.4195000e-04  -1.2561450e-02   2.4075760e-02  -9.9068400e-06   5.0134620e-04   9.0005000e-05   5.5048980e-07   1.5779003e-04   5.7964222e-04   9.8145479e-11   2.5134801e-07   8.1009000e-09
   1.0000000e+00   2.5708139e-01  -5.4582432e-01   7.8726002e-01  -1.7269740e-03   2.7863289e-03   2.1681168e-03   6.6090841e-02   2.9792419e-01   6.1977834e-01   2.9824392e-06   7.7636287e-06   4.7007305e-06   1.9959720e-02  -4.0322400e-02   9.1072640e-02  -1.3162450e-03  -3.6654100e-05   3.1178260e-04   3.9839042e-04   1.6258959e-03   8.2942258e-03   1.7325008e-06   1.3435230e-09   9.7208390e-08
   1.0000000e+00   2.6123156e-01  -5.6407918e-01   7.7853385e-01  -1.0770115e-03   2.5715795e-03   2.1496935e-03   6.8241928e-02   3.1818532e-01   6.0611496e-01   1.1599538e-06   6.6130211e-06   4.6211821e-06   4.1501700e-03  -1.8254860e-02  -8.7261700e-03   6.4996250e-04  -2.1474940e-04  -1.8423300e-05   1.7223911e-05   3.3323991e-04   7.6146043e-05   4.2245125e-07   4.6117305e-08   3.3941798e-10
   1.0000000e+00   2.6445229e-01  -5.5942749e-01   7.3235881e-01  -1.3765551e-03   2.6161499e-03   2.3089881e-03   6.9935014e-02   3.1295912e-01   5.3634943e-01   1.8949039e-06   6.8442403e-06   5.3314260e-06   3.2207300e-03   4.6516900e-03  -4.6175040e-02  -2.9954360e-04   4.4570400e-05   1.5929460e-04   1.0373102e-05   2.1638220e-05   2.1321343e-03   8.9726368e-08   1.9865206e-09   2.5374770e-08
   1.0000000e+00   2.7968423e-01  -5.4179698e-01   5.3961357e-01  -5.6692000e-05   2.4973510e-03   2.4090101e-03   7.8223269e-02   2.9354397e-01   2.9118280e-01   3.2139829e-09   6.2367620e-06   5.8033297e-06   1.5231940e-02   1.7630510e-02  -1.9274524e-01   1.3198631e-03  -1.1879890e-04   1.0002200e-04   2.3201200e-04   3.1083488e-04   3.7150728e-02   1.7420386e-06   1.4113179e-08   1.0004400e-08
   1.0000000e+00   2.7421681e-01  -5.5174684e-01   6.8505342e-01  -1.7921987e-03   2.6794803e-03   2.1692747e-03   7.5194859e-02   3.0442458e-01   4.6929819e-01   3.2119762e-06   7.1796147e-06   4.7057527e-06  -5.4674200e-03  -9.9498600e-03   1.4543985e-01  -1.7355067e-03   1.8212930e-04  -2.3973540e-04   2.9892681e-05   9.8999714e-05   2.1152750e-02   3.0119835e-06   3.3171082e-08   5.7473062e-08
   1.0000000e+00   2.5139924e-01  -4.9278953e-01   6.8628788e-01  -7.3116289e-04   2.8144464e-03   1.8753839e-03   6.3201578e-02   2.4284152e-01   4.7099105e-01   5.3459917e-07   7.9211085e-06   3.5170648e-06  -2.2817570e-02   5.8957310e-02   1.2344600e-03   1.0610358e-03   1.3496610e-04  -2.9389080e-04   5.2064150e-04   3.4759644e-03   1.5238915e-06   1.1257970e-06   1.8215848e-08   8.6371802e-08
   1.0000000e+00   2.7838979e-01  -4.9813880e-01   5.3693277e-01  -1.4112144e-04   2.3204797e-03   2.1946385e-03   7.7500875e-02   2.4814226e-01   2.8829680e-01   1.9915261e-08   5.3846260e-06   4.8164381e-06   2.6990550e-02  -5.3492700e-03  -1.4935511e-01   5.9004145e-04  -4.9396670e-04   3.1925460e-04   7.2848979e-04   2.8614690e-05   2.2306949e-02   3.4814891e-07   2.4400310e-07   1.0192350e-07
   1.0000000e+00   2.6522635e-01  -4.8834644e-01   6.0782451e-01  -3.5369672e-04   2.4514511e-03   1.8358103e-03   7.0345017e-02   2.3848225e-01   3.6945063e-01   1.2510137e-07   6.0096125e-06   3.3701995e-06  -1.3163440e-02   9.7923600e-03   7.0891740e-02  -2.1257528e-04   1.3097140e-04  -3.5882820e-04   1.7327615e-04   9.5890314e-05   5.0256388e-03   4.5188250e-08   1.7153508e-08   1.2875768e-07
   1.0000000e+00   2.5872861e-01  -5.2176250e-01   6.5535654e-01   5.2448694e-04   2.1510227e-03   1.6676211e-03   6.6940494e-02   2.7223611e-01   4.2949219e-01   2.7508655e-07   4.6268987e-06   2.7809601e-06  -6.4977400e-03  -3.3416060e-02   4.7532030e-02   8.7818366e-04  -3.0042840e-04  -1.6818920e-04   4.2220625e-05   1.1166331e-03   2.2592939e-03   7.7120654e-07   9.0257224e-08   2.8287607e-08
   1.0000000e+00   2.5686868e-01  -5.2856996e-01   7.0780954e-01  -1.3158499e-04   2.9166771e-03   1.3134930e-03   6.5981519e-02   2.7938620e-01   5.0099434e-01   1.7314610e-08   8.5070053e-06   1.7252639e-06  -1.8599300e-03  -6.8074600e-03   5.2453000e-02  -6.5607193e-04   7.6565440e-04  -3.5412810e-04   3.4593396e-06   4.6341512e-05   2.7513172e-03   4.3043038e-07   5.8622666e-07   1.2540671e-07
   1.0000000e+00   2.4762537e-01  -5.2400878e-01   6.6366986e-01   8.1610607e-04   3.0460091e-03   1.4277751e-03   6.1318324e-02   2.7458520e-01   4.4045768e-01   6.6602912e-07   9.2781714e-06   2.0385417e-06  -9.2433100e-03   4.5611800e-03  -4.4139680e-02   9.4769106e-04   1.2933200e-04   1.1428210e-04   8.5438780e-05   2.0804363e-05   1.9483114e-03   8.9811835e-07   1.6726766e-08   1.3060398e-08
   1.0000000e+00   2.1847000e-01  -5.0567483e-01   6.7990091e-01   6.1076985e-04   3.7287589e-03   8.4377871e-04   4.7729141e-02   2.5570703e-01   4.6226525e-01   3.7303981e-07   1.3903643e-05   7.1196251e-07  -2.9155370e-02   1.8333950e-02   1.6231050e-02  -2.0533622e-04   6.8274980e-04  -5.8399639e-04   8.5003560e-04   3.3613372e-04   2.6344698e-04   4.2162963e-08   4.6614729e-07   3.4105178e-07
   1.0000000e+00   1.9711673e-01  -4.7482362e-01   6.4791982e-01   2.7879341e-04   3.8950093e-03   8.3475726e-04   3.8855005e-02   2.2545747e-01   4.1980009e-01   7.7725765e-08   1.5171097e-05   6.9681968e-07  -2.1353270e-02   3.0851210e-02  -3.1981090e-02  -3.3197644e-04   1.6625040e-04  -9.0214500e-06   4.5596214e-04   9.5179716e-04   1.0227901e-03   1.1020836e-07   2.7639196e-08   8.1386560e-11
   1.0000000e+00   2.1145030e-01  -4.8213788e-01   6.0872402e-01  -1.0640463e-03   3.8154465e-03   1.3741618e-03   4.4711229e-02   2.3245694e-01   3.7054493e-01   1.1321945e-06   1.4557632e-05   1.8883207e-06   1.4333570e-02  -7.3142600e-03  -3.9195800e-02  -1.3428397e-03  -7.9562800e-05   5.3940454e-04   2.0545123e-04   5.3498399e-05   1.5363107e-03   1.8032185e-06   6.3302391e-09   2.9095726e-07
   1.0000000e+00   2.3510918e-01  -4.3313782e-01   5.3871937e-01  -4.0496724e-04   3.1560934e-03   1.6702021e-03   5.5276327e-02   1.8760837e-01   2.9021856e-01   1.6399847e-07   9.9609255e-06   2.7895751e-06   2.3658880e-02   4.9000060e-02  -7.0004650e-02   6.5907906e-04  -6.5935310e-04   2.9604030e-04   5.5974260e-04   2.4010059e-03   4.9006510e-03   4.3438521e-07   4.3474651e-07   8.7639859e-08
   1.0000000e+00   2.3241026e-01  -4.5814408e-01   5.8797865e-01  -1.5504747e-03   3.2458044e-03   1.9119001e-03   5.4014529e-02   2.0989600e-01   3.4571889e-01   2.4039718e-06   1.0535246e-05   3.6553620e-06  -2.6989200e-03  -2.5006260e-02   4.9259280e-02  -1.1455075e-03   8.9711000e-05   2.4169800e-04   7.2841692e-06   6.2531304e-04   2.4264767e-03   1.3121873e-06   8.0480635e-09   5.8417923e-08
   1.0000000e+00   2.5178902e-01  -4.4047603e-01   5.7858102e-01  -2.4644266e-03   3.4539455e-03   2.0279566e-03   6.3397711e-02   1.9401913e-01   3.3475600e-01   6.0733985e-06   1.1929740e-05   4.1126080e-06   1.9378760e-02   1.7668050e-02  -9.3976300e-03  -9.1395190e-04   2.0814110e-04   1.1605650e-04   3.7553634e-04   3.1215999e-04   8.8315450e-05   8.3530808e-07   4.3322718e-08   1.3469111e-08
   1.0000000e+00   2.3752102e-01  -4.8467130e-01   6.4103141e-01  -2.4596636e-03   3.3901870e-03   1.8999673e-03   5.6416235e-02   2.3490627e-01   4.1092127e-01   6.0499450e-06   1.1493368e-05   3.6098757e-06  -1.4268000e-02  -4.4195270e-02   6.2450390e-02   4.7630000e-06  -6.3758500e-05  -1.2798930e-04   2.0357582e-04   1.9532219e-03   3.9000512e-03   2.2686169e-11   4.0651463e-09   1.6381261e-08
   1.0000000e+00   2.4679539e-01  -4.8525406e-01   5.8359374e-01  -1.4676069e-03   3.2547727e-03   2.4986637e-03   6.0907965e-02   2.3547150e-01   3.4058165e-01   2.1538700e-06   1.0593545e-05   6.2433203e-06   9.2743700e-03  -5.8276000e-04  -5.7437670e-02   9.9205670e-04  -1.3541430e-04   5.9869640e-04   8.6013939e-05   3.3960922e-07   3.2990859e-03   9.8417650e-07   1.8337033e-08   3.5843738e-07
   1.0000000e+00   2.4964413e-01  -4.8681541e-01   6.0927774e-01  -2.5279214e-03   3.4738726e-03   2.2727357e-03   6.2322192e-02   2.3698924e-01   3.7121936e-01   6.3903866e-06   1.2067791e-05   5.1653276e-06   2.8487400e-03  -1.5613500e-03   2.5684000e-02  -1.0603145e-03   2.1909990e-04  -2.2592800e-04   8.1153196e-06   2.4378138e-06   6.5966786e-04   1.1242668e-06   4.8004766e-08   5.1043461e-08
   1.0000000e+00   2.5265903e-01  -4.8134853e-01   6.2000701e-01  -3.2457001e-03   3.5838566e-03   2.4152772e-03   6.3836585e-02   2.3169641e-01   3.8440869e-01   1.0534569e-05   1.2844028e-05   5.8335640e-06   3.0149000e-03   5.4668800e-03   1.0729270e-02  -7.1777870e-04   1.0998400e-04   1.4254150e-04   9.0896220e-06   2.9886777e-05   1.1511723e-04   5.1520626e-07   1.2096480e-08   2.0318079e-08
   1.0000000e+00   2.7155574e-01  -4.5891299e-01   6.0028100e-01  -2.5150631e-03   3.0566794e-03   2.3948635e-03   7.3742520e-02   2.1060113e-01   3.6033728e-01   6.3255424e-06   9.3432890e-06   5.7353712e-06   1.8896710e-02   2.2435540e-02  -1.9726010e-02   7.3063700e-04  -5.2717720e-04  -2.0413700e-05   3.5708565e-04   5.0335346e-04   3.8911547e-04   5.3383043e-07   2.7791580e-07   4.1671915e-10
   1.0000000e+00   2.9136887e-01  -5.1045655e-01   6.2423548e-01  -2.4537943e-03   3.1688186e-03   2.3878823e-03   8.4895818e-02   2.6056589e-01   3.8966993e-01   6.0211065e-06   1.0041411e-05   5.7019819e-06   1.9813130e-02  -5.1543560e-02   2.3954480e-02   6.1268800e-05   1.1213920e-04  -6.9812000e-06   3.9256012e-04   2.6567386e-03   5.7381711e-04   3.7538659e-09   1.2575200e-08   4.8737153e-11
   1.0000000e+00   3.0973013e-01  -4.9181281e-01   6.0879230e-01  -1.7722634e-03   2.4923777e-03   2.3487337e-03   9.5932753e-02   2.4187984e-01   3.7062806e-01   3.1409176e-06   6.2119466e-06   5.5165500e-06   1.8361260e-02   1.8643740e-02  -1.5443180e-02   6.8153090e-04  -6.7644090e-04  -3.9148600e-05   3.3713587e-04   3.4758904e-04   2.3849181e-04   4.6448437e-07   4.5757229e-07   1.5326129e-09
   1.0000000e+00   2.9790123e-01  -4.9650872e-01   6.0225232e-01  -1.3299039e-03   3.0777789e-03   2.1191937e-03   8.8745143e-02   2.4652091e-01   3.6270786e-01   1.7686444e-06   9.4727230e-06   4.4909819e-06  -1.1828900e-02  -4.6959100e-03  -6.5399800e-03   4.4235950e-04   5.8540120e-04  -2.2954000e-04   1.3992288e-04   2.2051571e-05   4.2771338e-05   1.9568193e-07   3.4269456e-07   5.2688612e-08
   1.0000000e+00   2.8528612e-01  -4.8280030e-01   6.0766922e-01  -1.3916397e-03   2.7711292e-03   1.8680401e-03   8.1388170e-02   2.3309613e-01   3.6926188e-01   1.9366611e-06   7.6791570e-06   3.4895738e-06  -1.2615110e-02   1.3708420e-02   5.4169000e-03  -6.1735800e-05  -3.0664970e-04  -2.5115360e-04   1.5914100e-04   1.8792078e-04   2.9342806e-05   3.8113090e-09   9.4034039e-08   6.3078131e-08
   1.0000000e+00   2.8597665e-01  -4.8538863e-01   5.2557192e-01  -4.4707057e-04   2.7993054e-03   1.8389195e-03   8.1782644e-02   2.3560212e-01   2.7622584e-01   1.9987209e-07   7.8361107e-06   3.3816249e-06   6.9053000e-04  -2.5883300e-03  -8.2097300e-02   9.4456913e-04   2.8176200e-05  -2.9120600e-05   4.7683168e-07   6.6994522e-06   6.7399667e-03   8.9221084e-07   7.9389825e-10   8.4800934e-10
   1.0000000e+00   2.8579580e-01  -4.9375631e-01   5.6522035e-01  -9.0423118e-04   2.6629399e-03   1.8422272e-03   8.1679239e-02   2.4379529e-01   3.1947404e-01   8.1763403e-07   7.0912489e-06   3.3938011e-06  -1.8085000e-04  -8.3676800e-03   3.9648430e-02  -4.5716061e-04  -1.3636550e-04   3.3077000e-06   3.2706723e-08   7.0018069e-05   1.5719980e-03   2.0899582e-07   1.8595550e-08   1.0940879e-11
   1.0000000e+00   2.9345426e-01  -4.9595485e-01   5.0783912e-01  -6.3272625e-04   2.7398166e-03   2.1330002e-03   8.6115403e-02   2.4597121e-01   2.5790057e-01   4.0034251e-07   7.5065950e-06   4.5496899e-06   7.6584600e-03  -2.1985400e-03  -5.7381230e-02   2.7150493e-04   7.6876700e-05   2.9077300e-04   5.8652010e-05   4.8335781e-06   3.2926056e-03   7.3714927e-08   5.9100270e-09   8.4548938e-08
   1.0000000e+00   2.7974656e-01  -5.0404516e-01   4.5484646e-01   7.0251521e-04   2.9487074e-03   1.9534233e-03   7.8258138e-02   2.5406152e-01   2.0688530e-01   4.9352762e-07   8.6948753e-06   3.8158626e-06  -1.3707700e-02  -8.0903100e-03  -5.2992660e-02   1.3352415e-03   2.0889080e-04  -1.7957690e-04   1.8790104e-04   6.5453116e-05   2.8082220e-03   1.7828698e-06   4.3635366e-08   3.2247863e-08
   1.0000000e+00   2.8949167e-01  -4.7740633e-01   4.1437688e-01   8.5543278e-04   3.2309920e-03   2.0492591e-03   8.3805427e-02   2.2791680e-01   1.7170820e-01   7.3176524e-07   1.0439309e-05   4.1994629e-06   9.7451100e-03   2.6638830e-02  -4.0469580e-02   1.5291757e-04   2.8228460e-04   9.5835800e-05   9.4967169e-05   7.0962726e-04   1.6377869e-03   2.3383783e-08   7.9684595e-08   9.1845006e-09
   1.0000000e+00   2.6815881e-01  -5.1159992e-01   4.0332396e-01   1.2643422e-03   3.5356572e-03   2.1433498e-03   7.1909147e-02   2.6173448e-01   1.6267022e-01   1.5985612e-06   1.2500872e-05   4.5939484e-06  -2.1332860e-02  -3.4193590e-02  -1.1052920e-02   4.0890942e-04   3.0466520e-04   9.4090700e-05   4.5509092e-04   1.1692016e-03   1.2216704e-04   1.6720691e-07   9.2820884e-08   8.8530598e-09
   1.0000000e+00   2.7050493e-01  -5.6553850e-01   5.3016445e-01  -1.1546839e-03   3.3329607e-03   1.9871423e-03   7.3172917e-02   3.1983379e-01   2.8107434e-01   1.3332949e-06   1.1108627e-05   3.9487345e-06   2.3461200e-03  -5.3938580e-02   1.2684049e-01  -2.4190261e-03  -2.0269650e-04  -1.5620750e-04   5.5042791e-06   2.9093704e-03   1.6088510e-02   5.8516873e-06   4.1085871e-08   2.4400783e-08
   1.0000000e+00   2.4996266e-01  -5.0214159e-01   4.9061891e-01  -4.3252008e-04   3.3587730e-03   1.7918498e-03   6.2481331e-02   2.5214618e-01   2.4070691e-01   1.8707362e-07   1.1281356e-05   3.2107257e-06  -2.0542270e-02   6.3396910e-02  -3.9545540e-02   7.2216382e-04   2.5812300e-05  -1.9529250e-04   4.2198486e-04   4.0191682e-03   1.5638497e-03   5.2152058e-07   6.6627483e-10   3.8139161e-08
   1.0000000e+00   2.7810866e-01  -5.6120331e-01   5.4533287e-01  -1.3608575e-03   3.0772384e-03   2.1693848e-03   7.7344427e-02   3.1494916e-01   2.9738794e-01   1.8519331e-06   9.4693962e-06   4.7062304e-06   2.8146000e-02  -5.9061720e-02   5.4713960e-02  -9.2833742e-04  -2.8153460e-04   3.7753500e-04   7.9219732e-04   3.4882868e-03   2.9936174e-03   8.6181037e-07   7.9261731e-08   1.4253268e-07
   1.0000000e+00   2.7328679e-01  -5.3514051e-01   4.9973611e-01  -1.4215263e-03   3.4535017e-03   2.1626290e-03   7.4685670e-02   2.8637537e-01   2.4973618e-01   2.0207370e-06   1.1926674e-05   4.6769642e-06  -4.8218700e-03   2.6062800e-02  -4.5596760e-02  -6.0668800e-05   3.7626330e-04  -6.7558000e-06   2.3250430e-05   6.7926954e-04   2.0790645e-03   3.6807033e-09   1.4157407e-07   4.5640834e-11
   1.0000000e+00   2.9086945e-01  -5.5608635e-01   5.0804306e-01  -9.0573222e-04   3.3905857e-03   2.3921699e-03   8.4605037e-02   3.0923203e-01   2.5810775e-01   8.2035085e-07   1.1496071e-05   5.7224768e-06   1.7582660e-02  -2.0945840e-02   8.3069500e-03   5.1579408e-04  -6.2916000e-05   2.2954090e-04   3.0914993e-04   4.3872821e-04   6.9005418e-05   2.6604353e-07   3.9584231e-09   5.2689025e-08
   1.0000000e+00   2.8148107e-01  -5.4885477e-01   4.9131172e-01  -6.5278954e-04   3.8140906e-03   2.5281207e-03   7.9231593e-02   3.0124156e-01   2.4138721e-01   4.2613418e-07   1.4547287e-05   6.3913943e-06  -9.3883800e-03   7.2315800e-03  -1.6731340e-02   2.5294268e-04   4.2350490e-04   1.3595080e-04   8.8141679e-05   5.2295749e-05   2.7993774e-04   6.3979999e-08   1.7935640e-07   1.8482620e-08
   1.0000000e+00   2.9087913e-01  -5.7065072e-01   5.1413258e-01   5.6894258e-05   3.8773646e-03   2.6580282e-03   8.4610668e-02   3.2564224e-01   2.6433231e-01   3.2369566e-09   1.5033956e-05   7.0651139e-06   9.3980600e-03  -2.1795950e-02   2.2820860e-02   7.0968380e-04   6.3274000e-05   1.2990750e-04   8.8323532e-05   4.7506344e-04   5.2079165e-04   5.0365109e-07   4.0035991e-09   1.6875959e-08
   1.0000000e+00   2.9383091e-01  -5.9028670e-01   5.7720693e-01  -8.8505533e-04   3.8390133e-03   2.4831516e-03   8.6336604e-02   3.4843839e-01   3.3316784e-01   7.8332294e-07   1.4738023e-05   6.1660419e-06   2.9517800e-03  -1.9635980e-02   6.3074350e-02  -9.4194959e-04  -3.8351300e-05  -1.7487660e-04   8.7130052e-06   3.8557171e-04   3.9783736e-03   8.8726903e-07   1.4708222e-09   3.0581825e-08
   1.0000000e+00   2.8207761e-01  -5.9034857e-01   5.8190526e-01  -1.2562707e-03   4.1586147e-03   2.5808773e-03   7.9567778e-02   3.4851143e-01   3.3861373e-01   1.5782161e-06   1.7294076e-05   6.6609276e-06  -1.1753300e-02  -6.1870000e-05   4.6983300e-03  -3.7121537e-04   3.1960140e-04   9.7725700e-05   1.3814006e-04   3.8278969e-09   2.2074305e-05   1.3780085e-07   1.0214505e-07   9.5503124e-09
   1.0000000e+00   2.8986834e-01  -6.0061439e-01   5.1921138e-01  -7.7209895e-04   4.1212763e-03   2.8846805e-03   8.4023655e-02   3.6073765e-01   2.6958046e-01   5.9613679e-07   1.6984918e-05   8.3213816e-06   7.7907300e-03  -1.0265820e-02  -6.2693880e-02   4.8417175e-04  -3.7338400e-05   3.0380320e-04   6.0695474e-05   1.0538706e-04   3.9305226e-03   2.3442228e-07   1.3941561e-09   9.2296384e-08
   1.0000000e+00   3.2351470e-01  -6.1603357e-01   5.4323952e-01  -8.6391821e-04   3.5761330e-03   3.4323983e-03   1.0466176e-01   3.7949736e-01   2.9510918e-01   7.4635467e-07   1.2788727e-05   1.1781358e-05   3.3646360e-02  -1.5419180e-02   2.4028140e-02  -9.1819260e-05  -5.4514330e-04   5.4771780e-04   1.1320775e-03   2.3775111e-04   5.7735151e-04   8.4307765e-09   2.9718122e-07   2.9999479e-07
   1.0000000e+00   3.4593015e-01  -6.2542902e-01   5.4424733e-01  -1.1634851e-03   3.3488478e-03   3.5712615e-03   1.1966767e-01   3.9116146e-01   2.9620516e-01   1.3536976e-06   1.1214782e-05   1.2753909e-05   2.2415450e-02  -9.3954500e-03   1.0078100e-03  -2.9956689e-04  -2.2728520e-04   1.3886320e-04   5.0245240e-04   8.8274481e-05   1.0156810e-06   8.9740322e-08   5.1658562e-08   1.9282988e-08
   1.0000000e+00   3.3819039e-01  -6.4608464e-01   5.4915000e-01  -1.4603961e-03   3.7905761e-03   3.4951555e-03   1.1437274e-01   4.1742536e-01   3.0156572e-01   2.1327568e-06   1.4368467e-05   1.2216112e-05  -7.7397600e-03  -2.0655620e-02   4.9026700e-03  -2.9691100e-04   4.4172830e-04  -7.6106000e-05   5.9903885e-05   4.2665464e-04   2.4036173e-05   8.8156142e-08   1.9512389e-07   5.7921232e-09
   1.0000000e+00   3.4734646e-01  -6.0693003e-01   4.7876244e-01  -2.9725153e-04   3.7601124e-03   3.5104489e-03   1.2064956e-01   3.6836406e-01   2.2921347e-01   8.8358472e-08   1.4138445e-05   1.2323251e-05   9.1560700e-03   3.9154610e-02  -7.0387560e-02   1.1631446e-03  -3.0463700e-05   1.5293400e-05   8.3833618e-05   1.5330835e-03   4.9544086e-03   1.3529053e-06   9.2803702e-10   2.3388808e-10
   1.0000000e+00   3.4204830e-01  -6.4057796e-01   5.0979391e-01  -1.1227370e-03   3.5885914e-03   3.3887656e-03   1.1699704e-01   4.1034012e-01   2.5988983e-01   1.2605384e-06   1.2877988e-05   1.1483732e-05  -5.2981600e-03  -3.3647930e-02   3.1031470e-02  -8.2548547e-04  -1.7152100e-04  -1.2168330e-04   2.8070499e-05   1.1321832e-03   9.6295213e-04   6.8142626e-07   2.9419453e-08   1.4806825e-08
   1.0000000e+00   3.3714057e-01  -6.3959169e-01   4.9972851e-01  -1.3130693e-03   3.6870736e-03   3.4948378e-03   1.1366376e-01   4.0907753e-01   2.4972858e-01   1.7241510e-06   1.3594512e-05   1.2213891e-05  -4.9077300e-03   9.8627000e-04  -1.0065400e-02  -1.9033230e-04   9.8482200e-05   1.0607220e-04   2.4085814e-05   9.7272851e-07   1.0131228e-04   3.6226384e-08   9.6987437e-09   1.1251312e-08
   1.0000000e+00   3.4508173e-01  -6.5081785e-01   4.1629868e-01   6.6319985e-04   3.2326037e-03   3.8554048e-03   1.1908140e-01   4.2356387e-01   1.7330459e-01   4.3983404e-07   1.0449727e-05   1.4864146e-05   7.9411600e-03  -1.1226160e-02  -8.3429830e-02   1.9762691e-03  -4.5446990e-04   3.6056700e-04   6.3062022e-05   1.2602667e-04   6.9605365e-03   3.9056398e-06   2.0654289e-07   1.3000856e-07
   1.0000000e+00   3.3643637e-01  -6.0832121e-01   4.8077648e-01  -1.3213340e-03   3.4279937e-03   3.9245094e-03   1.1318943e-01   3.7005469e-01   2.3114602e-01   1.7459235e-06   1.1751141e-05   1.5401774e-05  -8.6453600e-03   4.2496640e-02   6.4477800e-02  -1.9845339e-03   1.9539000e-04   6.9104600e-05   7.4742250e-05   1.8059644e-03   4.1573867e-03   3.9383746e-06   3.8177252e-08   4.7754457e-09
   1.0000000e+00   3.1822353e-01  -6.2508903e-01   5.7936818e-01  -1.7265188e-03   3.0797477e-03   3.7105465e-03   1.0126622e-01   3.9073630e-01   3.3566749e-01   2.9808672e-06   9.4848459e-06   1.3768155e-05  -1.8212840e-02  -1.6767820e-02   9.8591700e-02  -4.0518480e-04  -3.4824600e-04  -2.1396290e-04   3.3170754e-04   2.8115979e-04   9.7203233e-03   1.6417472e-07   1.2127528e-07   4.5780123e-08
   1.0000000e+00   3.3068949e-01  -6.6458504e-01   6.2583183e-01  -2.3804216e-03   3.4185357e-03   3.6411591e-03   1.0935554e-01   4.4167328e-01   3.9166548e-01   5.6664070e-06   1.1686386e-05   1.3258040e-05   1.2465960e-02  -3.9496010e-02   4.6463650e-02  -6.5390280e-04   3.3878800e-04  -6.9387400e-05   1.5540016e-04   1.5599348e-03   2.1588708e-03   4.2758887e-07   1.1477731e-07   4.8146113e-09
   1.0000000e+00   3.2845541e-01  -6.2058844e-01   5.9173658e-01  -1.7945265e-03   3.3801362e-03   3.8973550e-03   1.0788296e-01   3.8513001e-01   3.5015218e-01   3.2203254e-06   1.1425321e-05   1.5189376e-05  -2.2340800e-03   4.3996600e-02  -3.4095250e-02   5.8589510e-04  -3.8399500e-05   2.5619590e-04   4.9911134e-06   1.9357008e-03   1.1624861e-03   3.4327307e-07   1.4745216e-09   6.5636339e-08
   1.0000000e+00   3.3786505e-01  -6.3446898e-01   5.7251140e-01  -2.0351816e-03   3.5942463e-03   3.5583307e-03   1.1415279e-01   4.0255089e-01   3.2776930e-01   4.1419641e-06   1.2918606e-05   1.2661717e-05   9.4096400e-03  -1.3880540e-02  -1.9225180e-02  -2.4065510e-04   2.1411010e-04  -3.3902430e-04   8.8541325e-05   1.9266939e-04   3.6960755e-04   5.7914877e-08   4.5843135e-08   1.1493748e-07
   1.0000000e+00   3.1613508e-01  -5.9267345e-01   5.4413115e-01  -8.6213960e-04   3.5275484e-03   3.2767540e-03   9.9941389e-02   3.5126182e-01   2.9607871e-01   7.4328469e-07   1.2443598e-05   1.0737117e-05  -2.1729970e-02   4.1795530e-02  -2.8380250e-02   1.1730420e-03  -6.6697900e-05  -2.8157670e-04   4.7219160e-04   1.7468663e-03   8.0543859e-04   1.3760275e-06   4.4486099e-09   7.9285438e-08
   1.0000000e+00   3.5247707e-01  -6.2049530e-01   5.3076487e-01  -1.4735286e-03   3.1908762e-03   4.0880229e-03   1.2424008e-01   3.8501442e-01   2.8171135e-01   2.1712865e-06   1.0181691e-05   1.6711931e-05   3.6341990e-02  -2.7821850e-02  -1.3366280e-02  -6.1138900e-04  -3.3667220e-04   8.1126890e-04   1.3207402e-03   7.7405534e-04   1.7865744e-04   3.7379651e-07   1.1334817e-07   6.5815723e-07
   1.0000000e+00   3.5031021e-01  -5.9966834e-01   5.3908953e-01  -8.1589648e-04   3.5497543e-03   4.0456096e-03   1.2271724e-01   3.5960212e-01   2.9061752e-01   6.6568707e-07   1.2600756e-05   1.6366957e-05  -2.1668600e-03   2.0826960e-02   8.3246600e-03   6.5763212e-04   3.5887810e-04  -4.2413300e-05   4.6952823e-06   4.3376226e-04   6.9299964e-05   4.3248001e-07   1.2879349e-07   1.7988880e-09
   1.0000000e+00   3.1752337e-01  -6.2668725e-01   4.5087787e-01   2.5840274e-04   4.0073330e-03   3.0438831e-03   1.0082109e-01   3.9273691e-01   2.0329085e-01   6.6771976e-08   1.6058718e-05   9.2652243e-06  -3.2786840e-02  -2.7018910e-02  -8.8211660e-02   1.0742992e-03   4.5757870e-04  -1.0017265e-03   1.0749769e-03   7.3002150e-04   7.7812970e-03   1.1541188e-06   2.0937827e-07   1.0034560e-06
   1.0000000e+00   3.1016016e-01  -5.9948894e-01   3.2129692e-01   1.8220159e-03   4.0631180e-03   3.0740044e-03   9.6199325e-02   3.5938699e-01   1.0323171e-01   3.3197419e-06   1.6508928e-05   9.4495031e-06  -7.3632100e-03   2.7198310e-02  -1.2958095e-01   1.5636132e-03   5.5785000e-05   3.0121300e-05   5.4216862e-05   7.3974807e-04   1.6791223e-02   2.4448861e-06   3.1119662e-09   9.0729271e-10
   1.0000000e+00   3.0029453e-01  -6.2977190e-01   3.9321193e-01   1.0410263e-03   3.9164455e-03   3.2649138e-03   9.0176805e-02   3.9661265e-01   1.5461562e-01   1.0837358e-06   1.5338545e-05   1.0659662e-05  -9.8656300e-03  -3.0282960e-02   7.1915010e-02  -7.8098960e-04  -1.4667250e-04   1.9090940e-04   9.7330655e-05   9.1705767e-04   5.1717687e-03   6.0994476e-07   2.1512822e-08   3.6446399e-08
   1.0000000e+00   3.1031086e-01  -6.0199702e-01   3.8220431e-01   3.2642629e-04   3.5780728e-03   3.3901622e-03   9.6292830e-02   3.6240041e-01   1.4608013e-01   1.0655412e-07   1.2802605e-05   1.1493200e-05   1.0016330e-02   2.7774880e-02  -1.1007620e-02  -7.1460001e-04  -3.3837270e-04   1.2524840e-04   1.0032687e-04   7.7144396e-04   1.2116770e-04   5.1065317e-07   1.1449608e-07   1.5687162e-08
   1.0000000e+00   3.0480829e-01  -6.4103495e-01   3.7187086e-01   1.1183967e-03   3.8638003e-03   3.3701893e-03   9.2908094e-02   4.1092581e-01   1.3828794e-01   1.2508112e-06   1.4928953e-05   1.1358176e-05  -5.5025700e-03  -3.9037930e-02  -1.0333450e-02   7.9197041e-04   2.8572750e-04  -1.9972900e-05   3.0278277e-05   1.5239600e-03   1.0678019e-04   6.2721713e-07   8.1640204e-08   3.9891673e-10
   1.0000000e+00   2.5735470e-01  -6.2257390e-01   3.4138181e-01   1.1883832e-03   4.6110282e-03   2.4835510e-03   6.6231442e-02   3.8759826e-01   1.1654154e-01   1.4122546e-06   2.1261581e-05   6.1680256e-06  -4.7453590e-02   1.8461050e-02  -3.0489050e-02   6.9986500e-05   7.4722790e-04  -8.8663830e-04   2.2518432e-03   3.4081037e-04   9.2958217e-04   4.8981102e-09   5.5834953e-07   7.8612748e-07
   1.0000000e+00   2.9179667e-01  -6.3297845e-01   3.4594066e-01   1.6849435e-03   4.2976704e-03   3.2210589e-03   8.5145297e-02   4.0066172e-01   1.1967494e-01   2.8390346e-06   1.8469971e-05   1.0375220e-05   3.4441970e-02  -1.0404550e-02   4.5588500e-03   4.9656030e-04  -3.1335780e-04   7.3750790e-04   1.1862493e-03   1.0825466e-04   2.0783113e-05   2.4657213e-07   9.8193111e-08   5.4391790e-07
   1.0000000e+00   2.9250773e-01  -6.7018306e-01   3.8223626e-01   1.0285777e-03   4.5549506e-03   3.4623299e-03   8.5560772e-02   4.4914533e-01   1.4610456e-01   1.0579721e-06   2.0747575e-05   1.1987728e-05   7.1106000e-04  -3.7204610e-02   3.6295600e-02  -6.5636580e-04   2.5728020e-04   2.4127100e-04   5.0560632e-07   1.3841830e-03   1.3173706e-03   4.3081606e-07   6.6193101e-08   5.8211695e-08
