   1.0000000e+00   0.0000000e+00   0.0000000e+00   0.0000000e+00   0.0000000e+00   0.0000000e+00  -0.0000000e+00   0.0000000e+00   0.0000000e+00   0.0000000e+00   0.0000000e+00   0.0000000e+00   0.0000000e+00   0.0000000e+00   0.0000000e+00   0.0000000e+00   0.0000000e+00   0.0000000e+00   0.0000000e+00   0.0000000e+00   0.0000000e+00   0.0000000e+00   0.0000000e+00   0.0000000e+00   0.0000000e+00
   1.0000000e+00  -1.8711468e-02   9.3439136e-03  -2.2404256e-02   1.2043780e-03   4.5472839e-04   4.9607722e-05   3.5011903e-04   8.7308721e-05   5.0195069e-04   1.4505264e-06   2.0677791e-07   2.4609261e-09  -1.8711468e-02   9.3439136e-03  -2.2404256e-02   1.2043780e-03   4.5472839e-04   4.9607722e-05   3.5011903e-04   8.7308721e-05   5.0195069e-04   1.4505264e-06   2.0677791e-07   2.4609261e-09
   1.0000000e+00  -1.4206744e-02  -1.2999631e-02  -5.6586908e-04   2.4697882e-04   2.3554753e-04  -1.7481009e-04   2.0183158e-04   1.6899041e-04   3.2020782e-07   6.0998538e-08   5.5482639e-08   3.0558568e-08   4.5047240e-03  -2.2343545e-02   2.1838387e-02  -9.5739918e-04  -2.1918086e-04  -2.2441781e-04   2.0292538e-05   4.9923399e-04   4.7691514e-04   9.1661319e-07   4.8040249e-08   5.0363354e-08
   1.0000000e+00   1.0737322e-02  -5.2672418e-03  -2.8893834e-02   2.3149439e-04   2.0309898e-04   2.3457681e-04   1.1529008e-04   2.7743836e-05   8.3485364e-04   5.3589653e-08   4.1249196e-08   5.5026280e-08   2.4944066e-02   7.7323892e-03  -2.8327965e-02  -1.5484430e-05  -3.2448550e-05   4.0938690e-04   6.2220643e-04   5.9789843e-05   8.0247360e-04   2.3976757e-10   1.0529084e-09   1.6759763e-07
   1.0000000e+00   1.2803029e-03  -3.8546685e-02  -2.7362217e-02   8.3627566e-04   4.7153806e-04   2.5644018e-04   1.6391755e-06   1.4858469e-03   7.4869092e-04   6.9935698e-07   2.2234814e-07   6.5761566e-08  -9.4570191e-03  -3.3279443e-02   1.5316170e-03   6.0478127e-04   2.6843908e-04   2.1863370e-05   8.9435210e-05   1.1075213e-03   2.3458506e-06   3.6576038e-07   7.2059540e-08   4.7800695e-10
   1.0000000e+00   6.4657495e-03  -2.7940562e-02   3.8771036e-03  -3.1510919e-04   2.2278413e-05   7.1072276e-05   4.1805917e-05   7.8067500e-04   1.5031932e-05   9.9293802e-08   4.9632769e-10   5.0512684e-09   5.1854466e-03   1.0606123e-02   3.1239321e-02  -1.1513848e-03  -4.4925965e-04  -1.8536790e-04   2.6888856e-05   1.1248985e-04   9.7589515e-04   1.3256871e-06   2.0183423e-07   3.4361260e-08
   1.0000000e+00   7.6178997e-03  -3.1435747e-02  -3.3592022e-02   3.6214243e-04   9.5981501e-05   2.0683725e-04   5.8032396e-05   9.8820619e-04   1.1284239e-03   1.3114714e-07   9.2124485e-09   4.2781648e-08   1.1521502e-03  -3.4951850e-03  -3.7469126e-02   6.7725162e-04   7.3703088e-05   1.3576497e-04   1.3274501e-06   1.2216318e-05   1.4039354e-03   4.5866976e-07   5.4321452e-09   1.8432128e-08
   1.0000000e+00  -8.7668132e-05  -3.9344372e-02  -8.7400551e-03   1.9923253e-04   2.1887196e-04   1.3869263e-04   7.6857014e-09   1.5479796e-03   7.6388563e-05   3.9693601e-08   4.7904935e-08   1.9235646e-08  -7.7055678e-03  -7.9086250e-03   2.4851967e-02  -1.6290990e-04   1.2289046e-04  -6.8144620e-05   5.9375776e-05   6.2546349e-05   6.1762026e-04   2.6539636e-08   1.5102065e-08   4.6436892e-09
   1.0000000e+00  -1.6507430e-02  -2.2390298e-02  -5.2794652e-02   3.7362220e-04   3.6650628e-04   1.8123633e-04   2.7249525e-04   5.0132544e-04   2.7872753e-03   1.3959355e-07   1.3432685e-07   3.2846607e-08  -1.6419762e-02   1.6954074e-02  -4.4054597e-02   1.7438967e-04   1.4763432e-04   4.2543700e-05   2.6960858e-04   2.8744063e-04   1.9408075e-03   3.0411757e-08   2.1795892e-08   1.8099664e-09
   1.0000000e+00  -2.8171048e-02  -4.7980062e-02  -2.1948986e-02  -2.8287200e-04   1.2153952e-04  -1.1700041e-04   7.9360795e-04   2.3020863e-03   4.8175799e-04   8.0016568e-08   1.4771855e-08   1.3689096e-08  -1.1663618e-02  -2.5589764e-02   3.0845666e-02  -6.5649420e-04  -2.4496676e-04  -2.9823674e-04   1.3603998e-04   6.5483602e-04   9.5145511e-04   4.3098463e-07   6.0008714e-08   8.8945153e-08
   1.0000000e+00  -5.1557177e-02  -3.9905923e-02  -6.1570369e-02   3.3483539e-04   7.8548515e-04  -2.2649484e-04   2.6581425e-03   1.5924827e-03   3.7909103e-03   1.1211474e-07   6.1698692e-07   5.1299913e-08  -2.3386129e-02   8.0741390e-03  -3.9621383e-02   6.1770739e-04   6.6394563e-04  -1.0949443e-04   5.4691103e-04   6.5191721e-05   1.5698540e-03   3.8156242e-07   4.4082380e-07   1.1989030e-08
   1.0000000e+00  -5.3572371e-02  -4.5020818e-02  -3.5591760e-02  -3.6787875e-04   3.6614811e-04  -3.9422559e-04   2.8699989e-03   2.0268741e-03   1.2667734e-03   1.3533477e-07   1.3406444e-07   1.5541382e-07  -2.0151940e-03  -5.1148950e-03   2.5978609e-02  -7.0271414e-04  -4.1933704e-04  -1.6773075e-04   4.0610069e-06   2.6162151e-05   6.7488813e-04   4.9380716e-07   1.7584355e-07   2.8133604e-08
   1.0000000e+00  -4.2022578e-02  -5.1340764e-02  -6.5922710e-02   1.8612475e-04   4.7540181e-04  -1.1059770e-04   1.7658971e-03   2.6358740e-03   4.3458037e-03   3.4642423e-08   2.2600688e-07   1.2231851e-08   1.1549793e-02  -6.3199460e-03  -3.0330950e-02   5.5400350e-04   1.0925370e-04   2.8362789e-04   1.3339772e-04   3.9941717e-05   9.1996653e-04   3.0691988e-07   1.1936371e-08   8.0444780e-08
   1.0000000e+00  -2.8404517e-02  -8.2759205e-02  -3.7852657e-02   1.6527732e-04   4.5206593e-04  -1.1659810e-04   8.0681659e-04   6.8490860e-03   1.4328236e-03   2.7316593e-08   2.0436361e-07   1.3595117e-08   1.3618061e-02  -3.1418441e-02   2.8070053e-02  -2.0847430e-05  -2.3335880e-05  -6.0004000e-06   1.8545159e-04   9.8711843e-04   7.8792788e-04   4.3461534e-10   5.4456330e-10   3.6004800e-11
   1.0000000e+00  -3.2799738e-02  -5.2258834e-02  -4.9320216e-02   2.7310627e-04   5.7099262e-04   2.1285667e-05   1.0758228e-03   2.7309857e-03   2.4324837e-03   7.4587035e-08   3.2603257e-07   4.5307962e-10  -4.3952210e-03   3.0500371e-02  -1.1467559e-02   1.0782895e-04   1.1892669e-04   1.3788377e-04   1.9317968e-05   9.3027263e-04   1.3150491e-04   1.1627082e-08   1.4143558e-08   1.9011933e-08
   1.0000000e+00  -2.8458983e-02  -9.6442525e-02  -3.2637495e-02  -4.6911599e-05   1.1286016e-04  -1.2461450e-04   8.0991371e-04   9.3011606e-03   1.0652061e-03   2.2006981e-09   1.2737416e-08   1.5528774e-08   4.3407550e-03  -4.4183691e-02   1.6682721e-02  -3.2001787e-04  -4.5813246e-04  -1.4590017e-04   1.8842154e-05   1.9521986e-03   2.7831318e-04   1.0241144e-07   2.0988535e-07   2.1286859e-08
   1.0000000e+00  -1.6639519e-02  -1.0754846e-01  -5.6457756e-02   9.2799222e-04   6.6361532e-04   2.9333564e-04   2.7687359e-04   1.1566671e-02   3.1874782e-03   8.6116956e-07   4.4038529e-07   8.6045798e-08   1.1819464e-02  -1.1105935e-02  -2.3820261e-02   9.7490382e-04   5.5075516e-04   4.1795014e-04   1.3969973e-04   1.2334179e-04   5.6740483e-04   9.5043746e-07   3.0333125e-07   1.7468232e-07
   1.0000000e+00  -2.4841075e-02  -6.6595311e-02  -4.5075089e-02   3.5017879e-04   4.4694138e-04  -8.1495435e-05   6.1707901e-04   4.4349354e-03   2.0317636e-03   1.2262518e-07   1.9975660e-07   6.6415059e-09  -8.2015560e-03   4.0953149e-02   1.1382667e-02  -5.7781343e-04  -2.1667394e-04  -3.7483107e-04   6.7265521e-05   1.6771604e-03   1.2956511e-04   3.3386836e-07   4.6947596e-08   1.4049833e-07
   1.0000000e+00  -1.7592164e-02  -1.0051038e-01  -4.2008655e-02   1.9544086e-04   4.1472615e-04   1.6968083e-04   3.0948423e-04   1.0102336e-02   1.7647271e-03   3.8197130e-08   1.7199778e-07   2.8791584e-08   7.2489110e-03  -3.3915069e-02   3.0664340e-03  -1.5473793e-04  -3.2215230e-05   2.5117627e-04   5.2546711e-05   1.1502319e-03   9.4030175e-06   2.3943827e-08   1.0378210e-09   6.3089516e-08
   1.0000000e+00  -3.4370459e-02  -7.1763332e-02  -4.3758067e-02   4.8952276e-04   4.6921395e-04  -1.2589123e-04   1.1813285e-03   5.1499758e-03   1.9147684e-03   2.3963253e-07   2.2016173e-07   1.5848602e-08  -1.6778295e-02   2.8747048e-02  -1.7494120e-03   2.9408190e-04   5.4487800e-05  -2.9557206e-04   2.8151118e-04   8.2639277e-04   3.0604423e-06   8.6484164e-08   2.9689203e-09   8.7362843e-08
   1.0000000e+00  -1.9576290e-02  -9.6099943e-02  -3.3430533e-02  -1.5454895e-04   3.0714815e-04   2.7068718e-05   3.8323113e-04   9.2351990e-03   1.1176005e-03   2.3885378e-08   9.4339986e-08   7.3271549e-10   1.4794169e-02  -2.4336611e-02   1.0327534e-02  -6.4407171e-04  -1.6206580e-04   1.5295995e-04   2.1886744e-04   5.9227063e-04   1.0665796e-04   4.1482837e-07   2.6265324e-08   2.3396746e-08
   1.0000000e+00  -4.1648653e-02  -7.0086034e-02  -5.3464287e-02   3.0795891e-04   3.8731294e-04  -2.0593678e-04   1.7346103e-03   4.9120522e-03   2.8584300e-03   9.4838690e-08   1.5001131e-07   4.2409957e-08  -2.2072363e-02   2.6013909e-02  -2.0033754e-02   4.6250786e-04   8.0164790e-05  -2.3300550e-04   4.8718921e-04   6.7672346e-04   4.0135130e-04   2.1391352e-07   6.4263936e-09   5.4291562e-08
   1.0000000e+00  -4.3419603e-02  -1.1029794e-01   1.4780937e-02  -6.9440614e-04   1.9823963e-04  -2.0681375e-04   1.8852619e-03   1.2165636e-02   2.1847610e-04   4.8219989e-07   3.9298951e-08   4.2771927e-08  -1.7709500e-03  -4.0211906e-02   6.8245224e-02  -1.0023651e-03  -1.8907331e-04  -8.7697000e-07   3.1362639e-06   1.6169974e-03   4.6574106e-03   1.0047357e-06   3.5748717e-08   7.6907638e-13
   1.0000000e+00  -3.9566288e-02  -1.0709530e-01  -1.0668723e-02  -3.0887116e-04   3.7234225e-04  -2.1751796e-04   1.5654911e-03   1.1469403e-02   1.1382165e-04   9.5401393e-08   1.3863875e-07   4.7314063e-08   3.8533150e-03   3.2026400e-03  -2.5449660e-02   3.8553498e-04   1.7410262e-04  -1.0704210e-05   1.4848036e-05   1.0256903e-05   6.4768519e-04   1.4863722e-07   3.0311722e-08   1.1458011e-10
   1.0000000e+00  -4.6151551e-02  -1.3262367e-01  -9.3813040e-03  -9.8067055e-05   1.5358163e-04  -3.6663166e-04   2.1299657e-03   1.7589038e-02   8.8008865e-05   9.6171473e-09   2.3587317e-08   1.3441877e-07  -6.5852630e-03  -2.5528370e-02   1.2874190e-03   2.1080410e-04  -2.1876062e-04  -1.4911370e-04   4.3365689e-05   6.5169767e-04   1.6574477e-06   4.4438371e-08   4.7856209e-08   2.2234896e-08
   1.0000000e+00  -4.5978064e-02  -1.3475847e-01  -1.4779908e-02  -1.5166571e-04   4.1428898e-04  -2.1697198e-04   2.1139824e-03   1.8159845e-02   2.1844568e-04   2.3002488e-08   1.7163536e-07   4.7076840e-08   1.7348700e-04  -2.1348000e-03  -5.3986040e-03  -5.3598655e-05   2.6070735e-04   1.4965968e-04   3.0097739e-08   4.5573710e-06   2.9144925e-05   2.8728158e-09   6.7968322e-08   2.2398020e-08
   1.0000000e+00  -3.9222619e-02  -1.5831232e-01   9.8835659e-03  -9.9315831e-04   1.7771538e-04  -3.9693970e-04   1.5384138e-03   2.5062791e-02   9.7684875e-05   9.8636343e-07   3.1582756e-08   1.5756113e-07   6.7554450e-03  -2.3553850e-02   2.4663474e-02  -8.4149260e-04  -2.3657360e-04  -1.7996772e-04   4.5636037e-05   5.5478385e-04   6.0828694e-04   7.0810980e-07   5.5967068e-08   3.2388380e-08
   1.0000000e+00  -3.0789544e-02  -1.5138703e-01  -4.5628722e-03  -9.1496851e-04   2.6667316e-04  -2.7049309e-04   9.4799602e-04   2.2918033e-02   2.0819803e-05   8.3716737e-07   7.1114574e-08   7.3166512e-08   8.4330750e-03   6.9252900e-03  -1.4446438e-02   7.8189800e-05   8.8957780e-05   1.2644661e-04   7.1116754e-05   4.7959642e-05   2.0869957e-04   6.1136448e-09   7.9134866e-09   1.5988745e-08
   1.0000000e+00  -3.0651898e-02  -1.5087610e-01  -1.9959661e-02  -5.4249204e-04   2.2485495e-04  -2.0435534e-04   9.3953885e-04   2.2763598e-02   3.9838807e-04   2.9429761e-07   5.0559749e-08   4.1761105e-08   1.3764600e-04   5.1093000e-04  -1.5396789e-02   3.7247647e-04  -4.1818210e-05   6.6137750e-05   1.8946421e-08   2.6104946e-07   2.3706111e-04   1.3873872e-07   1.7487627e-09   4.3742020e-09
   1.0000000e+00  -4.2938693e-02  -1.6254980e-01   7.7448885e-03  -9.0018075e-04   3.6172027e-04  -2.7885992e-04   1.8437314e-03   2.6422437e-02   5.9983298e-05   8.1032538e-07   1.3084155e-07   7.7762855e-08  -1.2286795e-02  -1.1673700e-02   2.7704550e-02  -3.5768871e-04   1.3686532e-04  -7.4504580e-05   1.5096533e-04   1.3627527e-04   7.6754206e-04   1.2794121e-07   1.8732116e-08   5.5509324e-09
   1.0000000e+00  -4.3396474e-02  -1.3948126e-01  -1.3965648e-02  -1.0010275e-03   4.0988337e-04  -3.1910157e-04   1.8832540e-03   1.9455022e-02   1.9503932e-04   1.0020561e-06   1.6800438e-07   1.0182581e-07  -4.5778100e-04   2.3068540e-02  -2.1710537e-02  -1.0084675e-04   4.8163100e-05  -4.0241650e-05   2.0956344e-07   5.3215754e-04   4.7134740e-04   1.0170067e-08   2.3196842e-09   1.6193904e-09
   1.0000000e+00  -4.8292930e-02  -1.9364176e-01  -1.1049626e-02  -4.2173278e-04   4.3971441e-04  -3.5386249e-04   2.3322071e-03   3.7497131e-02   1.2209423e-04   1.7785854e-07   1.9334876e-07   1.2521866e-07  -4.8964560e-03  -5.4160500e-02   2.9160220e-03   5.7929472e-04   2.9831040e-05  -3.4760920e-05   2.3975281e-05   2.9333598e-03   8.5031843e-06   3.3558237e-07   8.8989095e-10   1.2083216e-09
   1.0000000e+00  -3.6375825e-02  -1.6163084e-01  -5.0045350e-02  -7.7331322e-04   4.5350135e-04  -9.5759838e-05   1.3232006e-03   2.6124528e-02   2.5045371e-03   5.9801334e-07   2.0566347e-07   9.1699466e-09   1.1917105e-02   3.2010920e-02  -3.8995724e-02  -3.5158044e-04   1.3786940e-05   2.5810265e-04   1.4201739e-04   1.0246990e-03   1.5206665e-03   1.2360881e-07   1.9007971e-10   6.6616979e-08
   1.0000000e+00  -5.1473747e-02  -1.8093572e-01  -3.0488893e-02  -2.1271293e-05   2.3650893e-04  -3.0880158e-04   2.6495466e-03   3.2737735e-02   9.2957260e-04   4.5246791e-10   5.5936474e-08   9.5358416e-08  -1.5097922e-02  -1.9304880e-02   1.9556457e-02   7.5204193e-04  -2.1699242e-04  -2.1304174e-04   2.2794725e-04   3.7267839e-04   3.8245501e-04   5.6556706e-07   4.7085710e-08   4.5386784e-08
   1.0000000e+00  -3.5216056e-02  -1.8860332e-01  -2.7322008e-02  -7.7893239e-04   1.6315780e-04  -2.8303508e-04   1.2401706e-03   3.5571212e-02   7.4649212e-04   6.0673567e-07   2.6620468e-08   8.0108857e-08   1.6257691e-02  -7.6676000e-03   3.1668850e-03  -7.5766110e-04  -7.3351130e-05   2.5766500e-05   2.6431252e-04   5.8792090e-05   1.0029161e-05   5.7405034e-07   5.3803883e-09   6.6391252e-10
   1.0000000e+00  -3.9340664e-02  -1.9185560e-01  -4.3751775e-02   3.5565093e-04   4.0244070e-04  -1.6268124e-04   1.5476878e-03   3.6808571e-02   1.9142178e-03   1.2648758e-07   1.6195852e-07   2.6465186e-08  -4.1246080e-03  -3.2522800e-03  -1.6429767e-02   1.1345833e-03   2.3928290e-04   1.2035384e-04   1.7012391e-05   1.0577325e-05   2.6993724e-04   1.2872793e-06   5.7256306e-08   1.4485047e-08
   1.0000000e+00  -3.1068483e-02  -1.8847875e-01  -3.0961742e-02  -7.3323092e-04   2.7724124e-04  -2.5654178e-04   9.6525064e-04   3.5524239e-02   9.5862947e-04   5.3762758e-07   7.6862705e-08   6.5813685e-08   8.2721810e-03   3.3768500e-03   1.2790033e-02  -1.0888818e-03  -1.2519946e-04  -9.3860540e-05   6.8428978e-05   1.1403116e-05   1.6358494e-04   1.1856637e-06   1.5674905e-08   8.8098010e-09
   1.0000000e+00  -4.0966173e-02  -2.0625264e-01  -3.2870725e-02   5.6026442e-05   3.4503671e-04  -3.5187416e-04   1.6782273e-03   4.2540152e-02   1.0804846e-03   3.1389622e-09   1.1905033e-07   1.2381542e-07  -9.8976900e-03  -1.7773890e-02  -1.9089830e-03   7.8925736e-04   6.7795470e-05  -9.5332380e-05   9.7964267e-05   3.1591117e-04   3.6442161e-06   6.2292718e-07   4.5962258e-09   9.0882627e-09
   1.0000000e+00  -3.0389763e-02  -2.5023389e-01  -7.0995249e-02  -8.1579348e-06   3.6783796e-05  -2.8305808e-04   9.2353770e-04   6.2617000e-02   5.0403254e-03   6.6551900e-11   1.3530476e-09   8.0121877e-08   1.0576410e-02  -4.3981250e-02  -3.8124524e-02  -6.4184377e-05  -3.0825291e-04   6.8816080e-05   1.1186045e-04   1.9343504e-03   1.4534793e-03   4.1196342e-09   9.5019859e-08   4.7356529e-09
   1.0000000e+00  -4.1368487e-02  -2.2481618e-01  -1.0020886e-01   7.8754088e-04   5.0703756e-04  -1.8975938e-04   1.7113517e-03   5.0542315e-02   1.0041816e-02   6.2022064e-07   2.5708709e-07   3.6008622e-08  -1.0978724e-02   2.5417710e-02  -2.9213611e-02   7.9569881e-04   4.7025376e-04   9.3298700e-05   1.2053238e-04   6.4605998e-04   8.5343507e-04   6.3313660e-07   2.2113860e-07   8.7046474e-09
   1.0000000e+00  -3.1034387e-02  -2.3982402e-01  -6.4208680e-02   2.6269126e-04  -1.1153243e-04  -3.5788609e-04   9.6313318e-04   5.7515561e-02   4.1227546e-03   6.9006698e-08   1.2439483e-08   1.2808245e-07   1.0334100e-02  -1.5007840e-02   3.6000180e-02  -5.2484962e-04  -6.1856999e-04  -1.6812671e-04   1.0679362e-04   2.2523526e-04   1.2960130e-03   2.7546712e-07   3.8262883e-07   2.8266591e-08
   1.0000000e+00  -3.0256267e-02  -2.2830278e-01  -7.1691845e-02   5.6546259e-04   3.3041946e-04  -4.5521214e-05   9.1544169e-04   5.2122159e-02   5.1397206e-03   3.1974794e-07   1.0917702e-07   2.0721809e-09   7.7812000e-04   1.1521240e-02  -7.4831650e-03   3.0277133e-04   4.4195189e-04   3.1236488e-04   6.0547073e-07   1.3273897e-04   5.5997758e-05   9.1670478e-08   1.9532147e-07   9.7571816e-08
   1.0000000e+00  -2.0433623e-02  -2.4773571e-01  -3.3581198e-02  -3.2883198e-04   9.3329676e-05  -1.9731532e-04   4.1753295e-04   6.1372982e-02   1.1276969e-03   1.0813047e-07   8.7104284e-09   3.8933336e-08   9.8226440e-03  -1.9432930e-02   3.8110647e-02  -8.9429457e-04  -2.3708978e-04  -1.5179411e-04   9.6484335e-05   3.7763877e-04   1.4524214e-03   7.9976278e-07   5.6211566e-08   2.3041451e-08
   1.0000000e+00  -1.1436174e-02  -2.4888819e-01  -6.6570200e-02   2.4187692e-04   4.5696111e-04   5.0300139e-05   1.3078608e-04   6.1945331e-02   4.4315915e-03   5.8504444e-08   2.0881346e-07   2.5301040e-09   8.9974490e-03  -1.1524800e-03  -3.2989002e-02   5.7070890e-04   3.6363143e-04   2.4761546e-04   8.0954089e-05   1.3282102e-06   1.0882743e-03   3.2570865e-07   1.3222782e-07   6.1313416e-08
   1.0000000e+00  -1.5282412e-02  -2.6673282e-01  -5.7538245e-02  -1.9560057e-04   1.1974706e-04  -1.9697708e-04   2.3355212e-04   7.1146397e-02   3.3106496e-03   3.8259583e-08   1.4339358e-08   3.8799970e-08  -3.8462380e-03  -1.7844630e-02   9.0319550e-03  -4.3747749e-04  -3.3721405e-04  -2.4727722e-04   1.4793547e-05   3.1843082e-04   8.1576211e-05   1.9138655e-07   1.1371332e-07   6.1146023e-08
   1.0000000e+00  -9.2515544e-03  -2.8199421e-01  -8.5250836e-02   2.7819819e-06   3.6635330e-04   1.4481941e-05   8.5591259e-05   7.9520734e-02   7.2677050e-03   7.7394233e-12   1.3421474e-07   2.0972662e-10   6.0308576e-03  -1.5261390e-02  -2.7712591e-02   1.9838255e-04   2.4660624e-04   2.1145902e-04   3.6371243e-05   2.3291002e-04   7.6798770e-04   3.9355637e-08   6.0814638e-08   4.4714918e-08
   1.0000000e+00  -1.9080880e-02  -2.7819779e-01  -5.6120283e-02   1.3402310e-05   1.6807381e-04  -1.2735710e-04   3.6407998e-04   7.7394010e-02   3.1494862e-03   1.7962191e-10   2.8248806e-08   1.6219831e-08  -9.8293256e-03   3.7964200e-03   2.9130553e-02   1.0620328e-05  -1.9827949e-04  -1.4183904e-04   9.6615642e-05   1.4412805e-05   8.4858912e-04   1.1279137e-10   3.9314756e-08   2.0118314e-08
   1.0000000e+00  -1.1489168e-02  -3.0021941e-01  -7.9822054e-02   6.2785577e-05   1.3321340e-04  -3.5851480e-05   1.3200098e-04   9.0131694e-02   6.3715603e-03   3.9420287e-09   1.7745810e-08   1.2853286e-09   7.5917120e-03  -2.2021620e-02  -2.3701771e-02   4.9383267e-05  -3.4860410e-05   9.1505620e-05   5.7634091e-05   4.8495175e-04   5.6177395e-04   2.4387071e-09   1.2152482e-09   8.3732785e-09
   1.0000000e+00  -1.3649664e-02  -2.9456310e-01  -6.1373715e-02   8.4245312e-05   7.1919772e-05   1.1921028e-05   1.8631333e-04   8.6767420e-02   3.7667329e-03   7.0972726e-09   5.1724536e-09   1.4211091e-10  -2.1604960e-03   5.6563100e-03   1.8448339e-02   2.1459735e-05  -6.1293628e-05   4.7772508e-05   4.6677430e-06   3.1993843e-05   3.4034121e-04   4.6052023e-10   3.7569088e-09   2.2822125e-09
   1.0000000e+00  -1.0462817e-02  -3.1534455e-01  -7.3160660e-02   1.8405251e-04   1.4910909e-04  -9.5547715e-05   1.0947054e-04   9.9442185e-02   5.3524822e-03   3.3875326e-08   2.2233521e-08   9.1293658e-09   3.1868470e-03  -2.0781450e-02  -1.1786945e-02   9.9807198e-05   7.7189318e-05  -1.0746874e-04   1.0155994e-05   4.3186866e-04   1.3893207e-04   9.9614768e-09   5.9581908e-09   1.1549531e-08
   1.0000000e+00  -4.3911688e-03  -3.0787628e-01  -8.6330969e-02   4.3073597e-04   3.3724492e-04   9.0830618e-05   1.9282363e-05   9.4787804e-02   7.4530362e-03   1.8553348e-07   1.1373414e-07   8.2502012e-09   6.0716482e-03   7.4682700e-03  -1.3170309e-02   2.4668346e-04   1.8813583e-04   1.8637833e-04   3.6864912e-05   5.5775057e-05   1.7345704e-04   6.0852729e-08   3.5395091e-08   3.4736883e-08
   1.0000000e+00  -3.4586848e-03  -3.2375041e-01  -6.5585483e-02   8.4128537e-05   1.0519575e-04  -9.6965979e-06   1.1962501e-05   1.0481433e-01   4.3014556e-03   7.0776107e-09   1.1066146e-08   9.4024011e-11   9.3248400e-04  -1.5874130e-02   2.0745486e-02  -3.4660743e-04  -2.3204917e-04  -1.0052722e-04   8.6952641e-07   2.5198800e-04   4.3037519e-04   1.2013671e-07   5.3846817e-08   1.0105721e-08
   1.0000000e+00   1.5394109e-03  -3.2050562e-01  -7.2018832e-02   4.3417107e-04   2.4849175e-04   3.5616643e-04   2.3697859e-06   1.0272385e-01   5.1867122e-03   1.8850452e-07   6.1748150e-08   1.2685453e-07   4.9980957e-03   3.2447900e-03  -6.4333490e-03   3.5004253e-04   1.4329600e-04   3.6586303e-04   2.4980961e-05   1.0528662e-05   4.1387979e-05   1.2252977e-07   2.0533744e-08   1.3385576e-07
   1.0000000e+00   2.6681418e-03  -3.4133448e-01  -4.3597246e-02   1.9626159e-04  -2.6474888e-05   4.7827467e-05   7.1189807e-06   1.1650923e-01   1.9007199e-03   3.8518612e-08   7.0091969e-10   2.2874666e-09   1.1287309e-03  -2.0828860e-02   2.8421586e-02  -2.3790948e-04  -2.7496664e-04  -3.0833896e-04   1.2740334e-06   4.3384141e-04   8.0778655e-04   5.6600921e-08   7.5606652e-08   9.5072916e-08
   1.0000000e+00   1.2178771e-02  -3.2665910e-01  -5.3367324e-02   2.8130276e-04   1.6680174e-04   3.3271382e-04   1.4832246e-04   1.0670617e-01   2.8480713e-03   7.9131243e-08   2.7822820e-08   1.1069849e-07   9.5106292e-03   1.4675380e-02  -9.7700780e-03   8.5041170e-05   1.9327663e-04   2.8488635e-04   9.0452068e-05   2.1536678e-04   9.5454424e-05   7.2320006e-09   3.7355855e-08   8.1160234e-08
   1.0000000e+00   1.6753589e-02  -3.1204170e-01  -5.1123188e-02   1.8192050e-04  -1.0023827e-04   1.1201271e-04   2.8068274e-04   9.7370023e-02   2.6135804e-03   3.3095068e-08   1.0047711e-08   1.2546847e-08   4.5748180e-03   1.4617400e-02   2.2441360e-03  -9.9382260e-05  -2.6704001e-04  -2.2070111e-04   2.0928960e-05   2.1366838e-04   5.0361464e-06   9.8768336e-09   7.1310367e-08   4.8708980e-08
   1.0000000e+00  -1.3016713e-02  -3.7175788e-01  -4.8959864e-02  -6.9221224e-05   1.7202953e-04  -1.0741428e-05   1.6943482e-04   1.3820392e-01   2.3970683e-03   4.7915779e-09   2.9594159e-08   1.1537828e-10  -2.9770302e-02  -5.9716180e-02   2.1633240e-03  -2.5114172e-04   2.7226780e-04  -1.2275414e-04   8.8627088e-04   3.5660222e-03   4.6799707e-06   6.3072166e-08   7.4129755e-08   1.5068578e-08
   1.0000000e+00  -2.4328791e-02  -3.2142352e-01  -1.1557051e-01   5.8285655e-04   3.0573325e-04  -1.9030205e-04   5.9189007e-04   1.0331308e-01   1.3356543e-02   3.3972176e-07   9.3472820e-08   3.6214870e-08  -1.1312078e-02   5.0334360e-02  -6.6610646e-02   6.5207777e-04   1.3370372e-04  -1.7956062e-04   1.2796311e-04   2.5335478e-03   4.4369782e-03   4.2520542e-07   1.7876685e-08   3.2242017e-08
   1.0000000e+00  -1.0401769e-01  -3.6859232e-01  -2.3078376e-01   3.5110557e-03   1.3467957e-03  -7.5443994e-04   1.0819680e-02   1.3586030e-01   5.3261144e-02   1.2327512e-05   1.8138587e-06   5.6917962e-07  -7.9688899e-02  -4.7168800e-02  -1.1521325e-01   2.9281992e-03   1.0410625e-03  -5.6413789e-04   6.3503206e-03   2.2248957e-03   1.3274093e-02   8.5743503e-06   1.0838110e-06   3.1825156e-07
   1.0000000e+00  -5.7957966e-02  -4.4335946e-01  -1.5224084e-01   5.4096965e-04   9.4981706e-04  -6.3923372e-04   3.3591258e-03   1.9656761e-01   2.3177273e-02   2.9264816e-07   9.0215245e-07   4.0861975e-07   4.6059724e-02  -7.4767140e-02   7.8542920e-02  -2.9700861e-03  -3.9697864e-04   1.1520622e-04   2.1214982e-03   5.5901252e-03   6.1689903e-03   8.8214111e-06   1.5759204e-07   1.3272473e-08
   1.0000000e+00  -6.3046468e-02  -4.0598160e-01  -1.4669083e-01   2.0307664e-03   8.6493271e-04  -5.3045690e-04   3.9748571e-03   1.6482106e-01   2.1518200e-02   4.1240122e-06   7.4810859e-07   2.8138452e-07  -5.0885020e-03   3.7377860e-02   5.5500100e-03   1.4897967e-03  -8.4884350e-05   1.0877682e-04   2.5892853e-05   1.3971044e-03   3.0802611e-05   2.2194944e-06   7.2053529e-09   1.1832397e-08
   1.0000000e+00  -4.4498404e-02  -4.2280513e-01  -1.1691905e-01   2.7563944e-04   5.2403218e-04  -5.5514408e-04   1.9801080e-03   1.7876418e-01   1.3670064e-02   7.5977101e-08   2.7460973e-07   3.0818495e-07   1.8548064e-02  -1.6823530e-02   2.9771780e-02  -1.7551270e-03  -3.4090053e-04  -2.4687180e-05   3.4403068e-04   2.8303116e-04   8.8635888e-04   3.0804706e-06   1.1621317e-07   6.0945686e-10
   1.0000000e+00  -4.6284704e-02  -3.8432139e-01  -9.9447499e-02   1.1863087e-03   5.0417388e-04  -4.7318569e-04   2.1422738e-03   1.4770293e-01   9.8898051e-03   1.4073283e-06   2.5419130e-07   2.2390470e-07  -1.7863000e-03   3.8483740e-02   1.7471551e-02   9.1066926e-04  -1.9858300e-05   8.1958390e-05   3.1908677e-06   1.4809982e-03   3.0525509e-04   8.2931850e-07   3.9435208e-10   6.7171777e-09
   1.0000000e+00  -3.6433094e-02  -4.2858960e-01  -9.6242875e-02   5.1231790e-04   4.6321159e-04  -4.2052527e-04   1.3273703e-03   1.8368905e-01   9.2626910e-03   2.6246963e-07   2.1456498e-07   1.7684150e-07   9.8516100e-03  -4.4268210e-02   3.2046240e-03  -6.7399080e-04  -4.0962290e-05   5.2660420e-05   9.7054220e-05   1.9596744e-03   1.0269615e-05   4.5426360e-07   1.6779092e-09   2.7731198e-09
   1.0000000e+00  -4.3395822e-02  -3.9172397e-01  -1.1420899e-01   7.9285961e-04   5.8637355e-04  -3.9685986e-04   1.8831974e-03   1.5344767e-01   1.3043693e-02   6.2862636e-07   3.4383394e-07   1.5749775e-07  -6.9627280e-03   3.6865630e-02  -1.7966115e-02   2.8054171e-04   1.2316196e-04   2.3665410e-05   4.8479581e-05   1.3590747e-03   3.2278129e-04   7.8703651e-08   1.5168868e-08   5.6005163e-10
   1.0000000e+00  -6.3978685e-02  -4.2306456e-01  -7.6024417e-02   2.5419972e-04   5.7825408e-04  -6.5095148e-04   4.0932721e-03   1.7898362e-01   5.7797120e-03   6.4617498e-08   3.3437778e-07   4.2373783e-07  -2.0582863e-02  -3.1340590e-02   3.8184573e-02  -5.3865989e-04  -8.1194700e-06  -2.5409162e-04   4.2365425e-04   9.8223258e-04   1.4580616e-03   2.9015448e-07   6.5925793e-11   6.4562551e-08
   1.0000000e+00  -6.3801094e-02  -3.8374624e-01  -6.9519901e-02  -4.4584383e-04   4.6716024e-04  -7.6345801e-04   4.0705796e-03   1.4726118e-01   4.8330166e-03   1.9877672e-07   2.1823869e-07   5.8286813e-07   1.7759100e-04   3.9318320e-02   6.5045160e-03  -7.0004355e-04  -1.1109384e-04  -1.1250653e-04   3.1538563e-08   1.5459303e-03   4.2308728e-05   4.9006097e-07   1.2341841e-08   1.2657719e-08
   1.0000000e+00  -7.9829671e-02  -4.1767009e-01  -3.9768705e-02  -5.9631438e-04   6.1543844e-04  -8.3481661e-04   6.3727764e-03   1.7444830e-01   1.5815499e-03   3.5559084e-07   3.7876447e-07   6.9691877e-07  -1.6028577e-02  -3.3923850e-02   2.9751196e-02  -1.5047055e-04   1.4827820e-04  -7.1358600e-05   2.5691528e-04   1.1508276e-03   8.8513366e-04   2.2641386e-08   2.1986425e-08   5.0920498e-09
   1.0000000e+00  -7.6691941e-02  -3.8728214e-01  -6.4784027e-02  -5.0582967e-04   5.7714317e-04  -7.9658656e-04   5.8816538e-03   1.4998746e-01   4.1969702e-03   2.5586366e-07   3.3309424e-07   6.3455015e-07   3.1377300e-03   3.0387950e-02  -2.5015322e-02   9.0484710e-05  -3.8295270e-05   3.8230050e-05   9.8453496e-06   9.2342751e-04   6.2576633e-04   8.1874827e-09   1.4665277e-09   1.4615367e-09
   1.0000000e+00  -8.0589428e-02  -4.1842108e-01  -1.9114332e-02  -9.9557841e-04   3.8980070e-04  -8.8709705e-04   6.4946559e-03   1.7507620e-01   3.6535769e-04   9.9117637e-07   1.5194459e-07   7.8694118e-07  -3.8974870e-03  -3.1138940e-02   4.5669695e-02  -4.8974874e-04  -1.8734247e-04  -9.0510490e-05   1.5190405e-05   9.6963358e-04   2.0857210e-03   2.3985383e-07   3.5097201e-08   8.1921488e-09
   1.0000000e+00  -7.0439543e-02  -4.3146180e-01  -5.5612387e-02  -5.1289611e-04   4.7858066e-04  -7.7453127e-04   4.9617292e-03   1.8615928e-01   3.0927376e-03   2.6306242e-07   2.2903945e-07   5.9989869e-07   1.0149885e-02  -1.3040720e-02  -3.6498055e-02   4.8268230e-04   8.8779960e-05   1.1256578e-04   1.0302017e-04   1.7006038e-04   1.3321080e-03   2.3298220e-07   7.8818813e-09   1.2671055e-08
   1.0000000e+00  -8.3948432e-02  -4.2765256e-01  -4.0220227e-02  -8.4838326e-04   5.0695900e-04  -9.3894750e-04   7.0473392e-03   1.8288671e-01   1.6176667e-03   7.1975416e-07   2.5700743e-07   8.8162241e-07  -1.3508889e-02   3.8092400e-03   1.5392160e-02  -3.3548715e-04   2.8378340e-05  -1.6441623e-04   1.8249008e-04   1.4510309e-05   2.3691859e-04   1.1255163e-07   8.0533018e-10   2.7032697e-08
   1.0000000e+00  -1.0888099e-01  -4.4845853e-01  -4.6497042e-02  -6.1681643e-04   8.1041129e-04  -9.9449743e-04   1.1855070e-02   2.0111505e-01   2.1619749e-03   3.8046251e-07   6.5676646e-07   9.8902514e-07  -2.4932558e-02  -2.0805970e-02  -6.2768150e-03   2.3156683e-04   3.0345229e-04  -5.5549930e-05   6.2163245e-04   4.3288839e-04   3.9398407e-05   5.3623197e-08   9.2083292e-08   3.0857947e-09
   1.0000000e+00  -1.2303622e-01  -4.2832344e-01  -2.1756156e-02  -7.4796383e-04   3.3991564e-04  -1.5673464e-03   1.5137911e-02   1.8346097e-01   4.7333032e-04   5.5944989e-07   1.1554264e-07   2.4565747e-06  -1.4155230e-02   2.0135090e-02   2.4740886e-02  -1.3114740e-04  -4.7049565e-04  -5.7284897e-04   2.0037054e-04   4.0542185e-04   6.1211144e-04   1.7199641e-08   2.2136616e-07   3.2815594e-07
   1.0000000e+00  -1.1074313e-01  -4.3132436e-01  -3.6941268e-02  -9.3555069e-04   7.8595714e-04  -1.1477171e-03   1.2264041e-02   1.8604070e-01   1.3646573e-03   8.7525509e-07   6.1772863e-07   1.3172545e-06   1.2293090e-02  -3.0009200e-03  -1.5185112e-02  -1.8758686e-04   4.4604150e-04   4.1962930e-04   1.5112006e-04   9.0055208e-06   2.3058763e-04   3.5188830e-08   1.9895302e-07   1.7608875e-07
   1.0000000e+00  -1.2890404e-01  -4.4882229e-01  -6.2377902e-02  -3.8049097e-04   6.6911372e-04  -1.3002333e-03   1.6616252e-02   2.0144145e-01   3.8910027e-03   1.4477338e-07   4.4771317e-07   1.6906066e-06  -1.8160910e-02  -1.7497930e-02  -2.5436634e-02   5.5505972e-04  -1.1684342e-04  -1.5251620e-04   3.2981865e-04   3.0617755e-04   6.4702235e-04   3.0809129e-07   1.3652385e-08   2.3261191e-08
   1.0000000e+00  -1.0932806e-01  -4.6969755e-01  -6.2363338e-02  -1.1265255e-03   5.4758509e-04  -1.1707972e-03   1.1952625e-02   2.2061579e-01   3.8891859e-03   1.2690597e-06   2.9984943e-07   1.3707661e-06   1.9575980e-02  -2.0875260e-02   1.4564000e-05  -7.4603453e-04  -1.2152863e-04   1.2943610e-04   3.8321899e-04   4.3577648e-04   2.1211010e-10   5.5656752e-07   1.4769208e-08   1.6753704e-08
   1.0000000e+00  -1.0115768e-01  -4.4471257e-01  -6.8477546e-02  -2.4689574e-04   6.8058242e-04  -8.0657993e-04   1.0232876e-02   1.9776927e-01   4.6891743e-03   6.0957506e-08   4.6319243e-07   6.5057118e-07   8.1703800e-03   2.4984980e-02  -6.1142080e-03   8.7962976e-04   1.3299733e-04   3.6421727e-04   6.6755109e-05   6.2424923e-04   3.7383539e-05   7.7374851e-07   1.7688290e-08   1.3265422e-07
   1.0000000e+00  -9.3785186e-02  -4.5662536e-01  -5.6718329e-02  -7.0996244e-04   7.3069267e-04  -9.5386445e-04   8.7956611e-03   2.0850672e-01   3.2169688e-03   5.0404667e-07   5.3391178e-07   9.0985739e-07   7.3724940e-03  -1.1912790e-02   1.1759217e-02  -4.6306670e-04   5.0110250e-05  -1.4728452e-04   5.4353668e-05   1.4191457e-04   1.3827918e-04   2.1443077e-07   2.5110372e-09   2.1692730e-08
   1.0000000e+00  -9.6300291e-02  -4.3058472e-01  -6.5086850e-02   3.2235595e-04   1.0577633e-03  -8.2646956e-04   9.2737460e-03   1.8540320e-01   4.2362980e-03   1.0391336e-07   1.1188632e-06   6.8305193e-07  -2.5151050e-03   2.6040640e-02  -8.3685210e-03   1.0323184e-03   3.2707063e-04   1.2739489e-04   6.3257532e-06   6.7811493e-04   7.0032144e-05   1.0656813e-06   1.0697520e-07   1.6229458e-08
   1.0000000e+00  -9.7822303e-02  -4.6813635e-01  -3.4886278e-02  -9.8231254e-04   7.2047344e-04  -1.2405234e-03   9.5692030e-03   2.1915164e-01   1.2170524e-03   9.6493793e-07   5.1908198e-07   1.5388983e-06  -1.5220120e-03  -3.7551630e-02   3.0200572e-02  -1.3046685e-03  -3.3728986e-04  -4.1405384e-04   2.3165205e-06   1.4101249e-03   9.1207455e-04   1.7021599e-06   1.1376445e-07   1.7144058e-07
   1.0000000e+00  -1.1750228e-01  -4.3785595e-01  -8.8929763e-02   7.8862546e-04   1.3946940e-03  -9.4782029e-04   1.3806786e-02   1.9171783e-01   7.9085027e-03   6.2193012e-07   1.9451714e-06   8.9836330e-07  -1.9679977e-02   3.0280400e-02  -5.4043485e-02   1.7709380e-03   6.7422056e-04   2.9270311e-04   3.8730149e-04   9.1690262e-04   2.9206983e-03   3.1362214e-06   4.5457336e-07   8.5675111e-08
   1.0000000e+00  -9.8093500e-02  -4.5905561e-01  -6.0871738e-02  -1.1475171e-03   9.0079502e-04  -1.0475356e-03   9.6223347e-03   2.1073205e-01   3.7053685e-03   1.3167955e-06   8.1143167e-07   1.0973308e-06   1.9408780e-02  -2.1199660e-02   2.8058025e-02  -1.9361426e-03  -4.9389898e-04  -9.9715310e-05   3.7670074e-04   4.4942558e-04   7.8725277e-04   3.7486480e-06   2.4393620e-07   9.9431430e-09
   1.0000000e+00  -1.1597169e-01  -4.1782438e-01  -1.1177898e-01   3.2561730e-04   1.0770329e-03  -1.2515605e-03   1.3449433e-02   1.7457721e-01   1.2494540e-02   1.0602663e-07   1.1599999e-06   1.5664037e-06  -1.7878190e-02   4.1231230e-02  -5.0907242e-02   1.4731344e-03   1.7623788e-04  -2.0402490e-04   3.1962968e-04   1.7000143e-03   2.5915473e-03   2.1701250e-06   3.1059790e-08   4.1626160e-08
   1.0000000e+00  -1.4349997e-01  -4.5090291e-01  -1.6966372e-01   1.4098739e-03   1.5964802e-03  -1.1915626e-03   2.0592241e-02   2.0331343e-01   2.8785778e-02   1.9877444e-06   2.5487490e-06   1.4198214e-06  -2.7528280e-02  -3.3078530e-02  -5.7884740e-02   1.0842566e-03   5.1944730e-04   5.9997900e-05   7.5780620e-04   1.0941891e-03   3.3506431e-03   1.1756124e-06   2.6982550e-07   3.5997480e-09
   1.0000000e+00  -1.3208958e-01  -5.4153602e-01  -1.5743253e-01  -4.7163403e-05   1.8298339e-03  -1.1550402e-03   1.7447657e-02   2.9326126e-01   2.4785002e-02   2.2243866e-09   3.3482921e-06   1.3341179e-06   1.1410390e-02  -9.0633110e-02   1.2231190e-02  -1.4570373e-03   2.3335370e-04   3.6522400e-05   1.3019700e-04   8.2143606e-03   1.4960201e-04   2.1229577e-06   5.4453949e-08   1.3338857e-09
   1.0000000e+00  -1.3935556e-01  -5.0949838e-01  -7.2705789e-02   2.4653440e-04   1.5356207e-03  -1.4245996e-03   1.9419972e-02   2.5958860e-01   5.2861318e-03   6.0779210e-08   2.3581309e-06   2.0294840e-06  -7.2659800e-03   3.2037640e-02   8.4726741e-02   2.9369780e-04  -2.9421320e-04  -2.6955940e-04   5.2794465e-05   1.0264104e-03   7.1786206e-03   8.6258399e-08   8.6561407e-08   7.2662270e-08
   1.0000000e+00  -1.2410762e-01  -5.5556347e-01  -7.2732146e-02  -2.7262024e-04   1.8295613e-03  -1.1188330e-03   1.5402701e-02   3.0865077e-01   5.2899651e-03   7.4321795e-08   3.3472946e-06   1.2517873e-06   1.5247940e-02  -4.6065090e-02  -2.6357000e-05  -5.1915464e-04   2.9394060e-04   3.0576660e-04   2.3249967e-04   2.1219925e-03   6.9469145e-10   2.6952154e-07   8.6401076e-08   9.3493214e-08
   1.0000000e+00  -1.2031877e-01  -5.6052200e-01  -3.9808849e-02   2.1324780e-04   1.4537957e-03  -1.2815393e-03   1.4476606e-02   3.1418491e-01   1.5847445e-03   4.5474624e-08   2.1135219e-06   1.6423430e-06   3.7888500e-03  -4.9585300e-03   3.2923297e-02   4.8586804e-04  -3.7576560e-04  -1.6270630e-04   1.4355384e-05   2.4587020e-05   1.0839435e-03   2.3606775e-07   1.4119979e-07   2.6473340e-08
   1.0000000e+00  -1.1878338e-01  -5.9374421e-01  -7.1166063e-02   1.3472898e-04   1.6360852e-03  -1.1496289e-03   1.4109491e-02   3.5253219e-01   5.0646085e-03   1.8151898e-08   2.6767748e-06   1.3216466e-06   1.5353900e-03  -3.3222210e-02  -3.1357214e-02  -7.8518820e-05   1.8228950e-04   1.3191040e-04   2.3574225e-06   1.1037152e-03   9.8327487e-04   6.1652051e-09   3.3229462e-08   1.7400354e-08
   1.0000000e+00  -1.2762207e-01  -6.0476240e-01  -9.0513935e-02   7.9537442e-04   1.6943510e-03  -1.2682892e-03   1.6287393e-02   3.6573756e-01   8.1927724e-03   6.3262047e-07   2.8708253e-06   1.6085575e-06  -8.8386900e-03  -1.1018190e-02  -1.9347872e-02   6.6064544e-04   5.8265800e-05  -1.1866030e-04   7.8122441e-05   1.2140051e-04   3.7434015e-04   4.3645240e-07   3.3949034e-09   1.4080267e-08
   1.0000000e+00  -1.1743749e-01  -6.1041033e-01  -1.1099374e-01   2.8104753e-04   1.6822562e-03  -1.2658835e-03   1.3791564e-02   3.7260077e-01   1.2319610e-02   7.8987714e-08   2.8299859e-06   1.6024610e-06   1.0184580e-02  -5.6479300e-03  -2.0479805e-02  -5.1432689e-04  -1.2094800e-05   2.4057000e-06   1.0372567e-04   3.1899113e-05   4.1942241e-04   2.6453215e-07   1.4628419e-10   5.7873925e-12
   1.0000000e+00  -1.2339642e-01  -5.9465993e-01  -1.1932686e-01   1.1026127e-03   1.4929443e-03  -1.2737418e-03   1.5226676e-02   3.5362043e-01   1.4238900e-02   1.2157548e-06   2.2288827e-06   1.6224182e-06  -5.9589300e-03   1.5750400e-02  -8.3331200e-03   8.2156517e-04  -1.8931190e-04  -7.8583000e-06   3.5508847e-05   2.4807510e-04   6.9440889e-05   6.7496933e-07   3.5838995e-08   6.1752879e-11
   1.0000000e+00  -1.1492103e-01  -6.1748515e-01  -9.8195719e-02  -6.7096660e-06   1.6686366e-03  -1.1929805e-03   1.3206843e-02   3.8128791e-01   9.6423992e-03   4.5019618e-11   2.7843481e-06   1.4232025e-06   8.4753900e-03  -2.2825220e-02   2.1131141e-02  -1.1093224e-03   1.7569230e-04   8.0761300e-05   7.1832236e-05   5.2099067e-04   4.4652512e-04   1.2305961e-06   3.0867784e-08   6.5223876e-09
   1.0000000e+00  -1.4945205e-01  -6.0023411e-01  -1.0842790e-01   3.7213220e-04   1.9099371e-03  -1.3690045e-03   2.2335915e-02   3.6028099e-01   1.1756609e-02   1.3848237e-07   3.6478597e-06   1.8741733e-06  -3.4531020e-02   1.7251040e-02  -1.0232181e-02   3.7884187e-04   2.4130050e-04  -1.7602400e-04   1.1923913e-03   2.9759838e-04   1.0469753e-04   1.4352116e-07   5.8225931e-08   3.0984449e-08
   1.0000000e+00  -1.4328497e-01  -6.0766196e-01  -9.1879402e-02   2.6884444e-06   1.6001577e-03  -1.5606063e-03   2.0530583e-02   3.6925306e-01   8.4418245e-03   7.2277333e-12   2.5605047e-06   2.4354920e-06   6.1670800e-03  -7.4278500e-03   1.6548498e-02  -3.6944376e-04  -3.0977940e-04  -1.9160180e-04   3.8032876e-05   5.5172956e-05   2.7385279e-04   1.3648869e-07   9.5963277e-08   3.6711250e-08
   1.0000000e+00  -1.2592333e-01  -6.1867928e-01  -9.5143630e-02   4.7853744e-04   1.5925047e-03  -1.2820607e-03   1.5856685e-02   3.8276405e-01   9.0523103e-03   2.2899808e-07   2.5360712e-06   1.6436796e-06   1.7361640e-02  -1.1017320e-02  -3.2642280e-03   4.7584900e-04  -7.6530000e-06   2.7854560e-04   3.0142654e-04   1.2138134e-04   1.0655184e-05   2.2643227e-07   5.8568409e-11   7.7587651e-08
   1.0000000e+00  -1.5483476e-01  -6.2639865e-01  -3.0681228e-02  -8.2641500e-04   2.0333898e-03  -1.4419883e-03   2.3973803e-02   3.9237527e-01   9.4133775e-04   6.8296175e-07   4.1346741e-06   2.0793303e-06  -2.8911430e-02  -7.7193700e-03   6.4462402e-02  -1.3049524e-03   4.4088510e-04  -1.5992760e-04   8.3587078e-04   5.9588673e-05   4.1554013e-03   1.7029009e-06   1.9437967e-07   2.5576837e-08
   1.0000000e+00  -1.5963689e-01  -5.9034750e-01  -3.5329403e-02  -7.4951369e-04   1.9819392e-03  -1.5849750e-03   2.5483937e-02   3.4851017e-01   1.2481667e-03   5.6177077e-07   3.9280830e-06   2.5121458e-06  -4.8021300e-03   3.6051150e-02  -4.6481750e-03   7.6901310e-05  -5.1450600e-05  -1.4298670e-04   2.3060453e-05   1.2996854e-03   2.1605531e-05   5.9138115e-09   2.6471642e-09   2.0445196e-08
   1.0000000e+00  -1.5235748e-01  -6.0515323e-01  -2.4986702e-02  -1.0760664e-03   1.8024637e-03  -1.7076049e-03   2.3212802e-02   3.6621043e-01   6.2433528e-04   1.1579189e-06   3.2488754e-06   2.9159145e-06   7.2794100e-03  -1.4805730e-02   1.0342701e-02  -3.2655271e-04  -1.7947550e-04  -1.2262990e-04   5.2989810e-05   2.1920964e-04   1.0697146e-04   1.0663667e-07   3.2211455e-08   1.5038092e-08
   1.0000000e+00  -1.4002833e-01  -6.0388816e-01  -3.9620584e-02  -5.3208269e-04   1.9548220e-03  -1.3747247e-03   1.9607933e-02   3.6468091e-01   1.5697907e-03   2.8311199e-07   3.8213291e-06   1.8898680e-06   1.2329150e-02   1.2650700e-03  -1.4633882e-02   5.4398371e-04   1.5235830e-04   3.3288020e-04   1.5200794e-04   1.6004021e-06   2.1415050e-04   2.9591828e-07   2.3213052e-08   1.1080923e-07
   1.0000000e+00  -1.3007920e-01  -6.2398602e-01  -1.4690304e-02  -1.1236180e-03   1.8382614e-03  -1.4566556e-03   1.6920598e-02   3.8935855e-01   2.1580503e-04   1.2625174e-06   3.3792050e-06   2.1218455e-06   9.9491300e-03  -2.0097860e-02   2.4930280e-02  -5.9153531e-04  -1.1656060e-04  -8.1930900e-05   9.8985188e-05   4.0392398e-04   6.2151886e-04   3.4991402e-07   1.3586373e-08   6.7126724e-09
   1.0000000e+00  -1.4338338e-01  -5.9782470e-01   1.4616531e-02  -9.7354307e-04   2.1177169e-03  -1.3282150e-03   2.0558794e-02   3.5739437e-01   2.1364298e-04   9.4778611e-07   4.4847249e-06   1.7641551e-06  -1.3304180e-02   2.6161320e-02   2.9306835e-02   1.5007493e-04   2.7945550e-04   1.2844060e-04   1.7700121e-04   6.8441466e-04   8.5889058e-04   2.2522485e-08   7.8095376e-08   1.6496988e-08
   1.0000000e+00  -1.4183049e-01  -6.6697031e-01   9.0886912e-03  -2.1645029e-03   1.4617404e-03  -1.8265817e-03   2.0115888e-02   4.4484939e-01   8.2604308e-05   4.6850728e-06   2.1366850e-06   3.3364007e-06   1.5528900e-03  -6.9145610e-02  -5.5278398e-03  -1.1909598e-03  -6.5597650e-04  -4.9836670e-04   2.4114674e-06   4.7811154e-03   3.0557013e-05   1.4183853e-06   4.3030517e-07   2.4836937e-07
   1.0000000e+00  -1.5888269e-01  -6.0832966e-01  -5.9008617e-03  -6.6759948e-04   2.0966769e-03  -1.2223496e-03   2.5243709e-02   3.7006498e-01   3.4820169e-05   4.4568907e-07   4.3960540e-06   1.4941385e-06  -1.7052200e-02   5.8640650e-02  -1.4989553e-02   1.4969034e-03   6.3493650e-04   6.0423210e-04   2.9077752e-04   3.4387258e-03   2.2468670e-04   2.2407198e-06   4.0314436e-07   3.6509643e-07
   1.0000000e+00  -1.4491325e-01  -6.9295810e-01   2.9396072e-04  -1.6092434e-03   1.7139002e-03  -1.5794656e-03   2.0999850e-02   4.8019093e-01   8.6412905e-08   2.5896643e-06   2.9374539e-06   2.4947116e-06   1.3969440e-02  -8.4628440e-02   6.1948224e-03  -9.4164392e-04  -3.8277670e-04  -3.5711600e-04   1.9514525e-04   7.1619729e-03   3.8375825e-05   8.8669327e-07   1.4651800e-07   1.2753184e-07
   1.0000000e+00  -1.4919050e-01  -6.2438609e-01  -1.7183430e-02  -7.5501293e-04   2.0371402e-03  -1.1702863e-03   2.2257805e-02   3.8985799e-01   2.9527027e-04   5.7004452e-07   4.1499402e-06   1.3695700e-06  -4.2772500e-03   6.8572010e-02  -1.7477391e-02   8.5423047e-04   3.2324000e-04   4.0917930e-04   1.8294868e-05   4.7021206e-03   3.0545919e-04   7.2970970e-07   1.0448410e-07   1.6742770e-07
   1.0000000e+00  -1.3544507e-01  -6.6870640e-01  -1.5620837e-02  -1.8444460e-03   1.4527330e-03  -1.3409288e-03   1.8345367e-02   4.4716825e-01   2.4401055e-04   3.4019810e-06   2.1104332e-06   1.7980900e-06   1.3745430e-02  -4.4320310e-02   1.5625930e-03  -1.0894331e-03  -5.8440720e-04  -1.7064250e-04   1.8893685e-04   1.9642899e-03   2.4416969e-06   1.1868644e-06   3.4153178e-07   2.9118863e-08
   1.0000000e+00  -1.4359515e-01  -6.4776564e-01  -2.5540282e-02  -1.3233041e-03   1.7095399e-03  -1.3491875e-03   2.0619567e-02   4.1960032e-01   6.5230600e-04   1.7511337e-06   2.9225267e-06   1.8203069e-06  -8.1500800e-03   2.0940760e-02  -9.9194450e-03   5.2114190e-04   2.5680690e-04  -8.2587000e-06   6.6423804e-05   4.3851543e-04   9.8395389e-05   2.7158888e-07   6.5949784e-08   6.8206126e-11
   1.0000000e+00  -1.3387700e-01  -6.8928832e-01  -2.5289422e-02  -1.6438717e-03   1.9020940e-03  -1.3569681e-03   1.7923051e-02   4.7511839e-01   6.3955487e-04   2.7023142e-06   3.6179616e-06   1.8413624e-06   9.7181500e-03  -4.1522680e-02   2.5086000e-04  -3.2056760e-04   1.9255410e-04  -7.7806000e-06   9.4442439e-05   1.7241330e-03   6.2930740e-08   1.0276359e-07   3.7077081e-08   6.0537736e-11
   1.0000000e+00  -1.5871685e-01  -6.6228677e-01  -5.0926496e-02  -1.2937147e-03   2.0825544e-03  -1.4346000e-03   2.5191038e-02   4.3862377e-01   2.5935080e-03   1.6736977e-06   4.3370328e-06   2.0580772e-06  -2.4839850e-02   2.7001550e-02  -2.5637074e-02   3.5015700e-04   1.8046040e-04  -7.7631900e-05   6.1701815e-04   7.2908370e-04   6.5725956e-04   1.2260992e-07   3.2565956e-08   6.0267119e-09
   1.0000000e+00  -1.4233743e-01  -6.9890611e-01  -4.1548880e-02  -1.6633419e-03   1.8159541e-03  -1.5494273e-03   2.0259944e-02   4.8846975e-01   1.7263094e-03   2.7667063e-06   3.2976893e-06   2.4007250e-06   1.6379420e-02  -3.6619340e-02   9.3776160e-03  -3.6962720e-04  -2.6660030e-04  -1.1482730e-04   2.6828540e-04   1.3409761e-03   8.7939682e-05   1.3662427e-07   7.1075720e-08   1.3185309e-08
   1.0000000e+00  -1.2493314e-01  -6.7230784e-01  -5.3656432e-02  -8.4029076e-04   1.5451528e-03  -1.2230751e-03   1.5608289e-02   4.5199783e-01   2.8790127e-03   7.0608856e-07   2.3874972e-06   1.4959127e-06   1.7404290e-02   2.6598270e-02  -1.2107552e-02   8.2305114e-04  -2.7080130e-04   3.2635220e-04   3.0290931e-04   7.0746797e-04   1.4659282e-04   6.7741318e-07   7.3333344e-08   1.0650576e-07
   1.0000000e+00  -1.1163268e-01  -7.1843703e-01  -3.9679047e-02  -1.5243339e-03   1.4773196e-03  -1.0694042e-03   1.2461855e-02   5.1615177e-01   1.5744268e-03   2.3235938e-06   2.1824732e-06   1.1436253e-06   1.3300460e-02  -4.6129190e-02   1.3977385e-02  -6.8404314e-04  -6.7833200e-05   1.5367090e-04   1.7690224e-04   2.1279022e-03   1.9536729e-04   4.6791502e-07   4.6013430e-09   2.3614746e-08
   1.0000000e+00  -1.3867597e-01  -6.9042943e-01  -5.2411781e-02  -4.6812712e-04   1.7284342e-03  -1.1870631e-03   1.9231025e-02   4.7669280e-01   2.7469948e-03   2.1914300e-07   2.9874848e-06   1.4091188e-06  -2.7043290e-02   2.8007600e-02  -1.2732734e-02   1.0562068e-03   2.5111460e-04  -1.1765890e-04   7.3133953e-04   7.8442566e-04   1.6212252e-04   1.1155728e-06   6.3058542e-08   1.3843617e-08
   1.0000000e+00  -1.3612541e-01  -7.0779268e-01  -1.5557415e-02  -1.4830933e-03   1.8973424e-03  -1.3407010e-03   1.8530127e-02   5.0097048e-01   2.4203316e-04   2.1995657e-06   3.5999082e-06   1.7974792e-06   2.5505600e-03  -1.7363250e-02   3.6854366e-02  -1.0149662e-03   1.6890820e-04  -1.5363790e-04   6.5053563e-06   3.0148245e-04   1.3582443e-03   1.0301563e-06   2.8529980e-08   2.3604604e-08
   1.0000000e+00  -1.4754643e-01  -6.7593949e-01  -3.5683182e-02  -1.4859416e-03   2.0125673e-03  -1.3876706e-03   2.1769949e-02   4.5689419e-01   1.2732895e-03   2.2080224e-06   4.0504271e-06   1.9256297e-06  -1.1421020e-02   3.1853190e-02  -2.0125767e-02  -2.8483000e-06   1.1522490e-04  -4.6969600e-05   1.3043970e-04   1.0146257e-03   4.0504650e-04   8.1128129e-12   1.3276778e-08   2.2061433e-09
   1.0000000e+00  -1.2206779e-01  -7.4039554e-01  -2.2900689e-02  -1.9336851e-03   1.8465148e-03  -1.4070916e-03   1.4900545e-02   5.4818556e-01   5.2444156e-04   3.7391381e-06   3.4096169e-06   1.9799068e-06   2.5478640e-02  -6.4456050e-02   1.2782493e-02  -4.4774350e-04  -1.6605250e-04  -1.9421000e-05   6.4916110e-04   4.1545824e-03   1.6339213e-04   2.0047424e-07   2.7573433e-08   3.7717524e-10
   1.0000000e+00  -1.3210052e-01  -7.1664770e-01  -6.8322257e-02  -1.4164996e-03   1.8495239e-03  -1.3428638e-03   1.7450547e-02   5.1358393e-01   4.6679308e-03   2.0064711e-06   3.4207387e-06   1.8032832e-06  -1.0032730e-02   2.3747840e-02  -4.5421568e-02   5.1718550e-04   3.0091000e-06   6.4227800e-05   1.0065567e-04   5.6395990e-04   2.0631188e-03   2.6748084e-07   9.0546828e-12   4.1252103e-09
   1.0000000e+00  -1.1845912e-01  -7.8474075e-01  -2.7321092e-02  -1.0607183e-03   1.6383098e-03  -1.2578754e-03   1.4032563e-02   6.1581804e-01   7.4644207e-04   1.1251233e-06   2.6840590e-06   1.5822505e-06   1.3641400e-02  -6.8093050e-02   4.1001165e-02   3.5578130e-04  -2.1121410e-04   8.4988400e-05   1.8608779e-04   4.6366635e-03   1.6810955e-03   1.2658033e-07   4.4611396e-08   7.2230281e-09
   1.0000000e+00  -1.8595621e-01  -8.6259101e-01  -2.7720478e-01   7.8048215e-04   2.7785949e-03  -2.1391762e-03   3.4579712e-02   7.4406325e-01   7.6842490e-02   6.0915239e-07   7.7205896e-06   4.5760748e-06  -6.7497090e-02  -7.7850260e-02  -2.4988369e-01   1.8412005e-03   1.1402851e-03  -8.8130080e-04   4.5558572e-03   6.0606630e-03   6.2441858e-02   3.3900191e-06   1.3002501e-06   7.7669110e-07
   1.0000000e+00  -1.9276426e-01  -7.8749006e-01  -1.5100804e-01  -1.5736548e-04   2.9147451e-03  -1.6653257e-03   3.7158060e-02   6.2014059e-01   2.2803428e-02   2.4763894e-08   8.4957390e-06   2.7733097e-06  -6.8080500e-03   7.5100950e-02   1.2619674e-01  -9.3784763e-04   1.3615020e-04   4.7385050e-04   4.6349545e-05   5.6401527e-03   1.5925617e-02   8.7955818e-07   1.8536877e-08   2.2453430e-07
   1.0000000e+00  -1.7761623e-01  -7.9436705e-01  -1.3871210e-01  -3.3206624e-04   2.3659352e-03  -1.9012512e-03   3.1547525e-02   6.3101901e-01   1.9241047e-02   1.1026799e-07   5.5976494e-06   3.6147561e-06   1.5148030e-02  -6.8769900e-03   1.2295940e-02  -1.7470076e-04  -5.4880990e-04  -2.3592550e-04   2.2946281e-04   4.7292991e-05   1.5119014e-04   3.0520356e-08   3.0119231e-07   5.5660842e-08
   1.0000000e+00  -1.7406554e-01  -7.8431513e-01  -1.0063095e-01  -2.4928825e-04   2.6774304e-03  -1.5321769e-03   3.0298812e-02   6.1515022e-01   1.0126588e-02   6.2144632e-08   7.1686335e-06   2.3475661e-06   3.5506900e-03   1.0051920e-02   3.8081150e-02   8.2777990e-05   3.1149520e-04   3.6907430e-04   1.2607399e-05   1.0104110e-04   1.4501740e-03   6.8521956e-09   9.7029260e-08   1.3621584e-07
   1.0000000e+00  -1.5939953e-01  -8.1474751e-01  -1.0285992e-01  -5.1495232e-04   2.5454238e-03  -1.6354522e-03   2.5408210e-02   6.6381351e-01   1.0580163e-02   2.6517589e-07   6.4791823e-06   2.6747039e-06   1.4666010e-02  -3.0432380e-02  -2.2289700e-03  -2.6566407e-04  -1.3200660e-04  -1.0327530e-04   2.1509185e-04   9.2612975e-04   4.9683073e-06   7.0577398e-08   1.7425742e-08   1.0665788e-08
   1.0000000e+00  -1.5783186e-01  -8.1396114e-01  -9.2254721e-02   9.1425094e-05   2.8451924e-03  -1.3174731e-03   2.4910896e-02   6.6253274e-01   8.5109335e-03   8.3585478e-09   8.0951198e-06   1.7357354e-06   1.5676700e-03   7.8637000e-04   1.0605199e-02   6.0637741e-04   2.9976860e-04   3.1797910e-04   2.4575892e-06   6.1837778e-07   1.1247025e-04   3.6769357e-07   8.9861214e-08   1.0111071e-07
   1.0000000e+00  -1.6468115e-01  -8.9298446e-01  -1.0514999e-01  -9.6851357e-04   2.4884345e-03  -1.8627694e-03   2.7119881e-02   7.9742125e-01   1.1056520e-02   9.3801854e-07   6.1923063e-06   3.4699098e-06  -6.8492900e-03  -7.9023320e-02  -1.2895269e-02  -1.0599387e-03  -3.5675790e-04  -5.4529630e-04   4.6912774e-05   6.2446851e-03   1.6628796e-04   1.1234700e-06   1.2727620e-07   2.9734805e-07
   1.0000000e+00  -1.6579318e-01  -8.0524883e-01  -1.0467633e-01   1.1105091e-05   2.4702083e-03  -1.4848549e-03   2.7487379e-02   6.4842568e-01   1.0957134e-02   1.2332305e-10   6.1019290e-06   2.2047941e-06  -1.1120300e-03   8.7735630e-02   4.7366000e-04   9.7961866e-04  -1.8226200e-05   3.7791450e-04   1.2366107e-06   7.6975408e-03   2.2435380e-07   9.5965272e-07   3.3219437e-10   1.4281937e-07
   1.0000000e+00  -1.5580467e-01  -8.5095118e-01  -1.1494609e-01  -3.1753639e-04   2.2720188e-03  -1.5637119e-03   2.4275095e-02   7.2411791e-01   1.3212604e-02   1.0082936e-07   5.1620694e-06   2.4451949e-06   9.9885100e-03  -4.5702350e-02  -1.0269760e-02  -3.2864148e-04  -1.9818950e-04  -7.8857000e-05   9.9770332e-05   2.0887048e-03   1.0546797e-04   1.0800522e-07   3.9279078e-08   6.2184264e-09
   1.0000000e+00  -1.5438288e-01  -8.0897085e-01  -1.1214095e-01  -1.9508622e-04   2.6509314e-03  -1.2089251e-03   2.3834074e-02   6.5443384e-01   1.2575593e-02   3.8058633e-08   7.0274373e-06   1.4614999e-06   1.4217900e-03   4.1980330e-02   2.8051400e-03   1.2245017e-04   3.7891260e-04   3.5478680e-04   2.0214868e-06   1.7623481e-03   7.8688104e-06   1.4994044e-08   1.4357476e-07   1.2587367e-07
   1.0000000e+00  -1.4397011e-01  -8.5269969e-01  -9.8923803e-02  -7.5375196e-04   2.3123255e-03  -1.4895697e-03   2.0727393e-02   7.2709676e-01   9.7859188e-03   5.6814202e-07   5.3468492e-06   2.2188179e-06   1.0412770e-02  -4.3728840e-02   1.3217147e-02  -5.5866574e-04  -3.3860590e-04  -2.8064460e-04   1.0842578e-04   1.9122114e-03   1.7469297e-04   3.1210741e-07   1.1465396e-07   7.8761392e-08
   1.0000000e+00  -1.4511661e-01  -8.3070660e-01  -1.1747998e-01  -4.5589149e-04   2.6170217e-03  -1.2509418e-03   2.1058830e-02   6.9007346e-01   1.3801546e-02   2.0783705e-07   6.8488026e-06   1.5648554e-06  -1.1465000e-03   2.1993090e-02  -1.8556177e-02   2.9786047e-04   3.0469620e-04   2.3862790e-04   1.3144622e-06   4.8369601e-04   3.4433170e-04   8.8720860e-08   9.2839774e-08   5.6943275e-08
   1.0000000e+00  -1.4139117e-01  -8.5169826e-01  -9.1450076e-02  -1.0631580e-03   2.4905634e-03  -1.3980318e-03   1.9991463e-02   7.2538993e-01   8.3631164e-03   1.1303049e-06   6.2029060e-06   1.9544929e-06   3.7254400e-03  -2.0991660e-02   2.6029904e-02  -6.0726651e-04  -1.2645830e-04  -1.4709000e-04   1.3878903e-05   4.4064979e-04   6.7755590e-04   3.6877261e-07   1.5991702e-08   2.1635468e-08
   1.0000000e+00  -1.2012007e-01  -8.4167914e-01  -9.0325274e-02  -1.2788403e-03   2.3935146e-03  -8.7006739e-04   1.4428831e-02   7.0842377e-01   8.1586551e-03   1.6354325e-06   5.7289121e-06   7.5701726e-07   2.1271100e-02   1.0019120e-02   1.1248020e-03  -2.1568230e-04  -9.7048800e-05   5.2796441e-04   4.5245970e-04   1.0038277e-04   1.2651795e-06   4.6518855e-08   9.4184696e-09   2.7874642e-07
   1.0000000e+00  -1.3043393e-01  -8.6563133e-01  -8.6156339e-02  -5.3252898e-04   2.5073953e-03  -1.1215581e-03   1.7013010e-02   7.4931760e-01   7.4229147e-03   2.8358711e-07   6.2870312e-06   1.2578926e-06  -1.0313860e-02  -2.3952190e-02   4.1689350e-03   7.4631132e-04   1.1388070e-04  -2.5149071e-04   1.0637571e-04   5.7370741e-04   1.7380019e-05   5.5698059e-07   1.2968814e-08   6.3247577e-08
   1.0000000e+00  -1.1155738e-01  -8.5242941e-01  -8.6918472e-02  -1.2447441e-03   2.4567829e-03  -9.3658852e-04   1.2445049e-02   7.2663590e-01   7.5548208e-03   1.5493879e-06   6.0357822e-06   8.7719806e-07   1.8876550e-02   1.3201920e-02  -7.6213300e-04  -7.1221512e-04  -5.0612400e-05   1.8496958e-04   3.5632414e-04   1.7429069e-04   5.8084671e-07   5.0725038e-07   2.5616150e-09   3.4213746e-08
   1.0000000e+00  -1.0847245e-01  -8.6322508e-01  -1.1256032e-01  -1.2063970e-03   2.5956658e-03  -8.2167095e-04   1.1766272e-02   7.4515754e-01   1.2669826e-02   1.4553937e-06   6.7374809e-06   6.7514315e-07   3.0849300e-03  -1.0795670e-02  -2.5641848e-02   3.8347100e-05   1.3888290e-04   1.1491757e-04   9.5167931e-06   1.1654649e-04   6.5750437e-04   1.4705001e-09   1.9288460e-08   1.3206048e-08
   1.0000000e+00  -1.1286044e-01  -8.7960827e-01  -8.2458295e-02  -1.3347200e-03   2.6286025e-03  -8.2021999e-04   1.2737479e-02   7.7371071e-01   6.7993704e-03   1.7814775e-06   6.9095511e-06   6.7276083e-07  -4.3879900e-03  -1.6383190e-02   3.0102025e-02  -1.2832300e-04   3.2936700e-05   1.4509600e-06   1.9254456e-05   2.6840891e-04   9.0613191e-04   1.6466792e-08   1.0848262e-09   2.1052849e-12
   1.0000000e+00  -7.6512566e-02  -8.7319790e-01  -5.9198401e-02  -2.0543907e-03   2.0877210e-03  -4.1387915e-04   5.8541728e-03   7.6247457e-01   3.5044507e-03   4.2205211e-06   4.3585790e-06   1.7129595e-07   3.6347874e-02   6.4103700e-03   2.3259894e-02  -7.1967070e-04  -5.4088150e-04   4.0634084e-04   1.3211679e-03   4.1092844e-05   5.4102267e-04   5.1792592e-07   2.9255280e-07   1.6511288e-07
   1.0000000e+00  -8.1735632e-02  -8.7831788e-01  -5.7139387e-02  -1.1114276e-03   2.1570557e-03  -4.5353562e-04   6.6807135e-03   7.7144230e-01   3.2649095e-03   1.2352713e-06   4.6528893e-06   2.0569456e-07  -5.2230660e-03  -5.1199800e-03   2.0590140e-03   9.4296310e-04   6.9334700e-05  -3.9656470e-05   2.7280418e-05   2.6214195e-05   4.2395387e-06   8.8917941e-07   4.8073006e-09   1.5726356e-09
   1.0000000e+00  -6.9771948e-02  -8.8505565e-01  -5.0125771e-02  -1.7870643e-03   1.8656104e-03  -5.0164755e-04   4.8681247e-03   7.8332350e-01   2.5125929e-03   3.1935988e-06   3.4805022e-06   2.5165026e-07   1.1963684e-02  -6.7377700e-03   7.0136160e-03  -6.7563670e-04  -2.9144530e-04  -4.8111930e-05   1.4312973e-04   4.5397545e-05   4.9190809e-05   4.5648495e-07   8.4940363e-08   2.3147578e-09
   1.0000000e+00  -6.2058512e-02  -8.9396824e-01  -1.1918560e-01  -6.6606672e-04   2.2091717e-03  -2.4978729e-04   3.8512589e-03   7.9917921e-01   1.4205207e-02   4.4364488e-07   4.8804396e-06   6.2393690e-08   7.7134360e-03  -8.9125900e-03  -6.9059829e-02   1.1209976e-03   3.4356130e-04   2.5186026e-04   5.9497095e-05   7.9434261e-05   4.7692600e-03   1.2566356e-06   1.1803437e-07   6.3433591e-08
   1.0000000e+00  -6.6229306e-02  -8.8237575e-01  -8.7963087e-02  -1.4579143e-03   2.0795370e-03  -2.5308886e-04   4.3863210e-03   7.7858696e-01   7.7375047e-03   2.1255141e-06   4.3244741e-06   6.4053971e-08  -4.1707940e-03   1.1592490e-02   3.1222513e-02  -7.9184758e-04  -1.2963470e-04  -3.3015700e-06   1.7395523e-05   1.3438582e-04   9.7484532e-04   6.2702259e-07   1.6805155e-08   1.0900364e-11
   1.0000000e+00  -3.9261869e-02  -8.8922631e-01  -9.6657446e-02  -1.5500647e-03   1.9893279e-03  -1.3014364e-05   1.5414944e-03   7.9072343e-01   9.3426619e-03   2.4027006e-06   3.9574255e-06   1.6937367e-10   2.6967437e-02  -6.8505600e-03  -8.6943590e-03  -9.2150400e-05  -9.0209100e-05   2.4007450e-04   7.2724266e-04   4.6930172e-05   7.5591878e-05   8.4916962e-09   8.1376817e-09   5.7635764e-08
   1.0000000e+00  -4.0566356e-02  -9.0481286e-01  -1.2411960e-01  -5.7816898e-04   1.9373592e-03   2.9560143e-04   1.6456292e-03   8.1868631e-01   1.5405675e-02   3.3427937e-07   3.7533607e-06   8.7380205e-08  -1.3044870e-03  -1.5586550e-02  -2.7462154e-02   9.7189572e-04  -5.1968700e-05   3.0861579e-04   1.7016863e-06   2.4294054e-04   7.5416990e-04   9.4458129e-07   2.7007458e-09   9.5243708e-08
   1.0000000e+00  -3.6910708e-02  -8.7912292e-01  -9.5348297e-02  -1.6727959e-03   1.9331762e-03   1.7017900e-04   1.3624004e-03   7.7285711e-01   9.0912977e-03   2.7982461e-06   3.7371702e-06   2.8960892e-08   3.6556480e-03   2.5689940e-02   2.8771303e-02  -1.0946269e-03  -4.1830000e-06  -1.2542243e-04   1.3363762e-05   6.5997302e-04   8.2778788e-04   1.1982081e-06   1.7497489e-11   1.5730786e-08
   1.0000000e+00  -3.9358769e-02  -8.9809749e-01  -1.0512671e-01  -1.0148515e-03   1.8627903e-03  -1.4911198e-04   1.5491127e-03   8.0657910e-01   1.1051625e-02   1.0299236e-06   3.4699877e-06   2.2234383e-08  -2.4480610e-03  -1.8974570e-02  -9.7784130e-03   6.5794440e-04  -7.0385900e-05  -3.1929098e-04   5.9930027e-06   3.6003431e-04   9.5617361e-05   4.3289083e-07   4.9541749e-09   1.0194673e-07
   1.0000000e+00  -3.9428940e-02  -9.0583722e-01  -1.0221808e-01  -1.2924452e-03   2.1958458e-03  -2.6086976e-05   1.5546413e-03   8.2054107e-01   1.0448536e-02   1.6704146e-06   4.8217388e-06   6.8053032e-10  -7.0171000e-05  -7.7397300e-03   2.9086300e-03  -2.7759370e-04   3.3305550e-04   1.2302500e-04   4.9239692e-09   5.9903420e-05   8.4601285e-06   7.7058262e-08   1.1092597e-07   1.5135152e-08
   1.0000000e+00  -3.6229971e-02  -9.2239563e-01  -1.3023397e-01  -9.3226404e-04   2.1418520e-03  -1.3298876e-05   1.3126108e-03   8.5081370e-01   1.6960887e-02   8.6911624e-07   4.5875300e-06   1.7686010e-10   3.1989690e-03  -1.6558410e-02  -2.8015890e-02   3.6018116e-04  -5.3993800e-05   1.2788100e-05   1.0233403e-05   2.7418094e-04   7.8489009e-04   1.2973047e-07   2.9153304e-09   1.6353550e-10
   1.0000000e+00  -2.4882562e-02  -9.7599820e-01  -1.1795394e-01  -1.1065321e-03   2.2255612e-03   1.1274791e-04   6.1914189e-04   9.5257249e-01   1.3913132e-02   1.2244133e-06   4.9531227e-06   1.2712091e-08   1.1347409e-02  -5.3602570e-02   1.2280030e-02  -1.7426806e-04   8.3709200e-05   1.2604679e-04   1.2876369e-04   2.8732355e-03   1.5079914e-04   3.0369357e-08   7.0072302e-09   1.5887792e-08
   1.0000000e+00  -1.0626561e-02  -9.1312735e-01  -1.0033209e-01  -1.3132472e-03   1.8980861e-03   2.2703324e-04   1.1292380e-04   8.3380156e-01   1.0066528e-02   1.7246182e-06   3.6027308e-06   5.1544092e-08   1.4256001e-02   6.2870850e-02   1.7621850e-02  -2.0671510e-04  -3.2747510e-04   1.1428533e-04   2.0323356e-04   3.9527438e-03   3.1052960e-04   4.2731133e-08   1.0723994e-07   1.3061137e-08
   1.0000000e+00  -1.8389683e-02  -9.5930166e-01  -7.2285415e-02  -9.2860288e-04   2.0552030e-03   1.7726394e-04   3.3818044e-04   9.2025967e-01   5.2251812e-03   8.6230331e-07   4.2238594e-06   3.1422504e-08  -7.7631220e-03  -4.6174310e-02   2.8046675e-02   3.8464432e-04   1.5711690e-04  -4.9769300e-05   6.0266063e-05   2.1320669e-03   7.8661598e-04   1.4795125e-07   2.4685720e-08   2.4769832e-09
   1.0000000e+00  -2.0920124e-02  -9.7758948e-01  -8.5478787e-02  -1.3810160e-03   2.3445539e-03   1.8284295e-04   4.3765159e-04   9.5568119e-01   7.3066230e-03   1.9072052e-06   5.4969330e-06   3.3431544e-08  -2.5304410e-03  -1.8287820e-02  -1.3193372e-02  -4.5241312e-04   2.8935090e-04   5.5790100e-06   6.4031317e-06   3.3444436e-04   1.7406506e-04   2.0467763e-07   8.3723943e-08   3.1125353e-11
   1.0000000e+00  -4.1015640e-02  -9.5762818e-01  -9.8818526e-02  -1.1755693e-03   2.2375095e-03  -4.4536647e-05   1.6822827e-03   9.1705173e-01   9.7651011e-03   1.3819632e-06   5.0064488e-06   1.9835129e-09  -2.0095516e-02   1.9961300e-02  -1.3339739e-02   2.0544670e-04  -1.0704440e-04  -2.2737960e-04   4.0382976e-04   3.9845350e-04   1.7794864e-04   4.2208347e-08   1.1458504e-08   5.1701481e-08
   1.0000000e+00  -2.6856346e-02  -9.9682224e-01  -9.9706859e-02  -1.9340762e-03   2.3674618e-03   1.8071903e-04   7.2126332e-04   9.9365458e-01   9.9414577e-03   3.7406507e-06   5.6048754e-06   3.2659368e-08   1.4159294e-02  -3.9194060e-02  -8.8833300e-04  -7.5850690e-04   1.2995230e-04   2.2525568e-04   2.0048561e-04   1.5361743e-03   7.8913552e-07   5.7533272e-07   1.6887600e-08   5.0740120e-08
   1.0000000e+00  -3.6070547e-02  -1.0030644e+00  -1.0310345e-01  -1.1613602e-03   2.3609537e-03   1.0653666e-04   1.3010844e-03   1.0061382e+00   1.0630321e-02   1.3487575e-06   5.5741024e-06   1.1350060e-08  -9.2142010e-03  -6.2421600e-03  -3.3965910e-03   7.7271600e-04  -6.5081000e-06  -7.4182370e-05   8.4901500e-05   3.8964561e-05   1.1536830e-05   5.9709002e-07   4.2355366e-11   5.5030240e-09
   1.0000000e+00  -3.0147022e-02  -1.0083339e+00  -7.5132062e-02  -1.8742714e-03   1.9637128e-03  -3.8603088e-05   9.0884294e-04   1.0167373e+00   5.6448267e-03   3.5128933e-06   3.8561680e-06   1.4901984e-09   5.9235250e-03  -5.2695000e-03   2.7971388e-02  -7.1291120e-04  -3.9724090e-04  -1.4513975e-04   3.5088148e-05   2.7767630e-05   7.8239855e-04   5.0824238e-07   1.5780033e-07   2.1065546e-08
   1.0000000e+00  -4.2681903e-02  -9.9889137e-01  -1.0801390e-01  -1.6902350e-03   2.4109753e-03   2.3762822e-06   1.8217448e-03   9.9778397e-01   1.1667003e-02   2.8568944e-06   5.8128019e-06   5.6467171e-12  -1.2534881e-02   9.4425300e-03  -3.2881838e-02   1.8403640e-04   4.4726250e-04   4.0979370e-05   1.5712324e-04   8.9161373e-05   1.0812153e-03   3.3869397e-08   2.0004374e-07   1.6793088e-09
   1.0000000e+00  -4.3258027e-02  -1.0294309e+00  -1.0074331e-01  -1.4021453e-03   2.4295166e-03  -4.9329404e-05   1.8712569e-03   1.0597280e+00   1.0149215e-02   1.9660114e-06   5.9025509e-06   2.4333901e-09  -5.7612400e-04  -3.0539530e-02   7.2705900e-03   2.8808970e-04   1.8541300e-05  -5.1705686e-05   3.3191886e-07   9.3266289e-04   5.2861479e-05   8.2995675e-08   3.4377981e-10   2.6734780e-09
   1.0000000e+00  -3.3869055e-02  -1.0119321e+00  -1.0761616e-01  -1.6474156e-03   2.3296910e-03   1.9518852e-04   1.1471129e-03   1.0240066e+00   1.1581238e-02   2.7139782e-06   5.4274602e-06   3.8098558e-08   9.3889720e-03   1.7498800e-02  -6.8728500e-03  -2.4527030e-04  -9.9825600e-05   2.4451792e-04   8.8152795e-05   3.0620800e-04   4.7236067e-05   6.0157520e-08   9.9651504e-09   5.9789015e-08
   1.0000000e+00  -5.1328186e-02  -1.0148455e+00  -1.2584219e-01  -1.2191908e-03   2.3532778e-03  -2.3266863e-05   2.6345827e-03   1.0299114e+00   1.5836257e-02   1.4864262e-06   5.5379164e-06   5.4134691e-10  -1.7459131e-02  -2.9134000e-03  -1.8226030e-02   4.2822480e-04   2.3586800e-05  -2.1845538e-04   3.0482126e-04   8.4878996e-06   3.3218817e-04   1.8337648e-07   5.5633713e-10   4.7722754e-08
   1.0000000e+00  -5.0369865e-02  -1.0484224e+00  -1.0999624e-01  -1.0308519e-03   2.4892735e-03   5.7034027e-05   2.5371233e-03   1.0991895e+00   1.2099173e-02   1.0626556e-06   6.1964826e-06   3.2528802e-09   9.5832100e-04  -3.3576900e-02   1.5845950e-02   1.8833890e-04   1.3599570e-04   8.0300890e-05   9.1837914e-07   1.1274082e-03   2.5109413e-04   3.5471541e-08   1.8494830e-08   6.4482329e-09
   1.0000000e+00  -2.3917985e-02  -1.0373148e+00  -1.0410706e-01  -1.2210394e-03   2.3007039e-03   1.5329527e-04   5.7207001e-04   1.0760220e+00   1.0838280e-02   1.4909372e-06   5.2932384e-06   2.3499440e-08   2.6451880e-02   1.1107600e-02   5.8891800e-03  -1.9018750e-04  -1.8856960e-04   9.6261243e-05   6.9970196e-04   1.2337878e-04   3.4682441e-05   3.6171285e-08   3.5558494e-08   9.2662269e-09
   1.0000000e+00  -3.4343885e-02  -1.0613353e+00  -8.3258099e-02  -6.8225587e-04   2.0308243e-03   1.5568651e-04   1.1795024e-03   1.1264326e+00   6.9319110e-03   4.6547307e-07   4.1242473e-06   2.4238289e-08  -1.0425900e-02  -2.4020500e-02   2.0848961e-02   5.3878353e-04  -2.6987960e-04   2.3912400e-06   1.0869939e-04   5.7698442e-04   4.3467917e-04   2.9028769e-07   7.2834998e-08   5.7180287e-12
   1.0000000e+00  -3.4073051e-02  -1.0410013e+00  -6.7118372e-02  -1.1224852e-03   2.4721986e-03   2.2845556e-04   1.1609728e-03   1.0836837e+00   4.5048759e-03   1.2599730e-06   6.1117659e-06   5.2191943e-08   2.7083400e-04   2.0334000e-02   1.6139727e-02  -4.4022933e-04   4.4137430e-04   7.2769050e-05   7.3351056e-08   4.1347156e-04   2.6049079e-04   1.9380186e-07   1.9481127e-07   5.2953346e-09
   1.0000000e+00  -3.4493787e-02  -1.0158815e+00  -7.4459473e-02  -1.2930164e-03   2.2476481e-03  -2.5096523e-05   1.1898213e-03   1.0320152e+00   5.5442131e-03   1.6718914e-06   5.0519220e-06   6.2983547e-10  -4.2073600e-04   2.5119800e-02  -7.3411010e-03  -1.7053120e-04  -2.2455050e-04  -2.5355208e-04   1.7701878e-07   6.3100435e-04   5.3891764e-05   2.9080890e-08   5.0422927e-08   6.4288659e-08
   1.0000000e+00  -2.8413117e-02  -1.0485399e+00  -9.9307913e-02  -1.5387082e-03   2.3530969e-03   1.4459553e-04   8.0730522e-04   1.0994359e+00   9.8620616e-03   2.3676229e-06   5.5370650e-06   2.0907867e-08   6.0806700e-03  -3.2658400e-02  -2.4848440e-02  -2.4569180e-04   1.0544880e-04   1.6969205e-04   3.6974548e-05   1.0665711e-03   6.1744497e-04   6.0364461e-08   1.1119449e-08   2.8795393e-08
   1.0000000e+00  -4.4754330e-02  -1.0737126e+00  -1.1532199e-01  -8.5011987e-04   2.5139465e-03   9.4392371e-05   2.0029501e-03   1.1528587e+00   1.3299161e-02   7.2270379e-07   6.3199270e-06   8.9099197e-09  -1.6341213e-02  -2.5172700e-02  -1.6014077e-02   6.8858833e-04   1.6084960e-04  -5.0203159e-05   2.6703524e-04   6.3366483e-04   2.5645066e-04   4.7415389e-07   2.5872594e-08   2.5203572e-09
   1.0000000e+00  -3.1085833e-02  -1.0838039e+00  -1.1080540e-01  -1.1920821e-03   2.4051409e-03   2.8246173e-04   9.6632901e-04   1.1746309e+00   1.2277837e-02   1.4210597e-06   5.7847027e-06   7.9784629e-08   1.3668497e-02  -1.0091300e-02   4.5165900e-03  -3.4196223e-04  -1.0880560e-04   1.8806936e-04   1.8682781e-04   1.0183434e-04   2.0399585e-05   1.1693817e-07   1.1838659e-08   3.5370084e-08
   1.0000000e+00  -3.8312317e-02  -1.0638388e+00  -1.1603714e-01  -1.0873846e-03   2.3520212e-03   4.4455214e-05   1.4678336e-03   1.1317530e+00   1.3464618e-02   1.1824053e-06   5.5320037e-06   1.9762661e-09  -7.2264840e-03   1.9965100e-02  -5.2317400e-03   1.0469750e-04  -5.3119700e-05  -2.3800652e-04   5.2222071e-05   3.9860522e-04   2.7371103e-05   1.0961567e-08   2.8217025e-09   5.6647102e-08
   1.0000000e+00  -1.8547960e-02  -1.1226974e+00  -9.6828275e-02  -1.7729375e-03   2.2227820e-03   2.4062139e-04   3.4402682e-04   1.2604495e+00   9.3757148e-03   3.1433074e-06   4.9407598e-06   5.7898653e-08   1.9764357e-02  -5.8858600e-02   1.9208865e-02  -6.8555290e-04  -1.2923920e-04   1.9616618e-04   3.9062981e-04   3.4643348e-03   3.6898049e-04   4.6998278e-07   1.6702771e-08   3.8481169e-08
   1.0000000e+00  -1.4772932e-02  -1.0893441e+00  -1.3129245e-01  -1.1284208e-03   2.4817620e-03   3.9348089e-04   2.1823952e-04   1.1866706e+00   1.7237707e-02   1.2733335e-06   6.1591426e-06   1.5482721e-07   3.7750280e-03   3.3353300e-02  -3.4464175e-02   6.4451670e-04   2.5898000e-04   1.5285950e-04   1.4250836e-05   1.1124426e-03   1.1877794e-03   4.1540178e-07   6.7070640e-08   2.3366027e-08
   1.0000000e+00  -1.7917394e-02  -1.1428064e+00  -1.0759828e-01  -8.5248647e-04   2.4854406e-03   4.6336953e-04   3.2103301e-04   1.3060065e+00   1.1577390e-02   7.2673318e-07   6.1774150e-06   2.1471132e-07  -3.1444620e-03  -5.3462300e-02   2.3694170e-02   2.7593433e-04   3.6786000e-06   6.9888640e-05   9.8876413e-06   2.8582175e-03   5.6141369e-04   7.6139754e-08   1.3532098e-11   4.8844220e-09
   1.0000000e+00  -1.2193580e-03  -1.1289613e+00  -1.2190322e-01  -9.6595363e-04   2.6815993e-03   5.6233212e-04   1.4868339e-06   1.2745536e+00   1.4860395e-02   9.3306642e-07   7.1909748e-06   3.1621741e-07   1.6698036e-02   1.3845100e-02  -1.4304940e-02  -1.1346716e-04   1.9615870e-04   9.8962590e-05   2.7882441e-04   1.9168679e-04   2.0463131e-04   1.2874796e-08   3.8478236e-08   9.7935942e-09
   1.0000000e+00   9.0155196e-04  -1.1378341e+00  -1.0341525e-01  -8.7429062e-04   2.5671005e-03   7.0077588e-04   8.1279594e-07   1.2946664e+00   1.0694714e-02   7.6438409e-07   6.5900050e-06   4.9108683e-07   2.1209100e-03  -8.8728000e-03   1.8487970e-02   9.1663010e-05  -1.1449880e-04   1.3844376e-04   4.4982591e-06   7.8726580e-05   3.4180503e-04   8.4021074e-09   1.3109975e-08   1.9166675e-08
   1.0000000e+00   9.9321614e-03  -1.1385173e+00  -9.6111892e-02  -1.5443510e-03   2.1832041e-03   5.3097475e-04   9.8647830e-05   1.2962216e+00   9.2374958e-03   2.3850200e-06   4.7663801e-06   2.8193419e-07   9.0306094e-03  -6.8320000e-04   7.3033580e-03  -6.7006038e-04  -3.8389640e-04  -1.6980113e-04   8.1551907e-05   4.6676224e-07   5.3339038e-05   4.4898091e-07   1.4737645e-07   2.8832424e-08
   1.0000000e+00  -7.6555335e-03  -1.1374513e+00  -1.2375364e-01  -1.1059652e-03   2.4083975e-03   5.5790688e-04   5.8607193e-05   1.2937955e+00   1.5314963e-02   1.2231590e-06   5.8003785e-06   3.1126009e-07  -1.7587695e-02   1.0660000e-03  -2.7641748e-02   4.3838580e-04   2.2519340e-04   2.6932130e-05   3.0932701e-04   1.1363560e-06   7.6406623e-04   1.9218211e-07   5.0712067e-08   7.2533963e-10
   1.0000000e+00  -4.0535152e-02  -1.1879659e+00  -1.3156418e-01  -3.2042264e-04   2.4458285e-03  -8.1753080e-06   1.6430985e-03   1.4112630e+00   1.7309133e-02   1.0267067e-07   5.9820771e-06   6.6835661e-11  -3.2879618e-02  -5.0514600e-02  -7.8105400e-03   7.8554256e-04   3.7431000e-05  -5.6608219e-04   1.0810693e-03   2.5517248e-03   6.1004535e-05   6.1707711e-07   1.4010798e-09   3.2044904e-07
   1.0000000e+00  -1.1258173e-01  -1.2905510e+00  -4.5315248e-01   3.2614362e-03   3.0434086e-03   1.5761254e-04   1.2674646e-02   1.6655219e+00   2.0534717e-01   1.0636966e-05   9.2623359e-06   2.4841713e-08  -7.2046578e-02  -1.0258510e-01  -3.2158830e-01   3.5818588e-03   5.9758010e-04   1.6578785e-04   5.1907094e-03   1.0523703e-02   1.0341903e-01   1.2829713e-05   3.5710198e-07   2.7485611e-08
   1.0000000e+00  -8.8285392e-02  -1.2476876e+00  -3.4964110e-01   2.4712504e-04   2.9172111e-03   2.9832383e-04   7.7943104e-03   1.5567243e+00   1.2224890e-01   6.1070785e-08   8.5101206e-06   8.8997108e-08   2.4296338e-02   4.2863400e-02   1.0351138e-01  -3.0143112e-03  -1.2619750e-04   1.4071129e-04   5.9031204e-04   1.8372711e-03   1.0714606e-02   9.0860718e-06   1.5925809e-08   1.9799667e-08
   1.0000000e+00  -8.6336986e-02  -1.1951419e+00  -2.8930908e-01   1.3497914e-03   2.7545323e-03   7.9673609e-05   7.4540752e-03   1.4283642e+00   8.3699744e-02   1.8219368e-06   7.5874482e-06   6.3478840e-09   1.9484060e-03   5.2545700e-02   6.0332020e-02   1.1026664e-03  -1.6267880e-04  -2.1865022e-04   3.7962859e-06   2.7610506e-03   3.6399526e-03   1.2158731e-06   2.6464392e-08   4.7807919e-08
   1.0000000e+00  -4.8559753e-02  -1.2318632e+00  -2.8594963e-01   8.8447708e-04   2.5888771e-03   6.0124042e-04   2.3580496e-03   1.5174869e+00   8.1767191e-02   7.8229971e-07   6.7022846e-06   3.6149004e-07   3.7777233e-02  -3.6721300e-02   3.3594500e-03  -4.6531432e-04  -1.6565520e-04   5.2156681e-04   1.4271193e-03   1.3484539e-03   1.1285904e-05   2.1651742e-07   2.7441645e-08   2.7203194e-07
   1.0000000e+00  -5.6200777e-02  -1.2251451e+00  -2.5744183e-01   9.7250504e-04   2.7045562e-03   4.3070496e-04   3.1585273e-03   1.5009805e+00   6.6276296e-02   9.4576605e-07   7.3146242e-06   1.8550676e-07  -7.6410240e-03   6.7181000e-03   2.8507800e-02   8.8027960e-05   1.1567910e-04  -1.7053546e-04   5.8385248e-05   4.5132868e-05   8.1269466e-04   7.7489217e-09   1.3381654e-08   2.9082343e-08
   1.0000000e+00  -3.2687987e-02  -1.2498242e+00  -2.6578971e-01   7.3272477e-04   2.5231872e-03   7.1888367e-04   1.0685045e-03   1.5620605e+00   7.0644170e-02   5.3688559e-07   6.3664736e-06   5.1679373e-07   2.3512790e-02  -2.4679100e-02  -8.3478800e-03  -2.3978027e-04  -1.8136900e-04   2.8817871e-04   5.5285129e-04   6.0905798e-04   6.9687100e-05   5.7494578e-08   3.2894714e-08   8.3046969e-08
   1.0000000e+00  -8.7696924e-03  -1.2210328e+00  -2.6716585e-01   9.7031232e-04   2.3926369e-03   8.4927959e-04   7.6907505e-05   1.4909211e+00   7.1377591e-02   9.4150600e-07   5.7247113e-06   7.2127582e-07   2.3918295e-02   2.8791400e-02  -1.3761400e-03   2.3758755e-04  -1.3055030e-04   1.3039592e-04   5.7208482e-04   8.2894471e-04   1.8937613e-06   5.6447844e-08   1.7043381e-08   1.7003096e-08
   1.0000000e+00  -2.5285926e-02  -1.2768414e+00  -2.4711620e-01   8.4975334e-04   2.7768240e-03   8.5067265e-04   6.3937805e-04   1.6303240e+00   6.1066416e-02   7.2208074e-07   7.7107515e-06   7.2364396e-07  -1.6516234e-02  -5.5808600e-02   2.0049650e-02  -1.2055898e-04   3.8418710e-04   1.3930600e-06   2.7278597e-04   3.1145998e-03   4.0198847e-04   1.4534468e-08   1.4759973e-07   1.9406162e-12
   1.0000000e+00  -1.3119319e-02  -1.2472273e+00  -2.8214721e-01   1.3464893e-03   2.7920343e-03   9.8431564e-04   1.7211653e-04   1.5555759e+00   7.9607048e-02   1.8130334e-06   7.7954555e-06   9.6887728e-07   1.2166607e-02   2.9614100e-02  -3.5031010e-02   4.9673596e-04   1.5210300e-05   1.3364299e-04   1.4802633e-04   8.7699492e-04   1.2271717e-03   2.4674661e-07   2.3135323e-10   1.7860449e-08
   1.0000000e+00  -1.5233660e-02  -1.2723491e+00  -2.6047147e-01   6.7005500e-04   2.4295787e-03   7.8170008e-04   2.3206440e-04   1.6188722e+00   6.7845387e-02   4.4897370e-07   5.9028527e-06   6.1105502e-07  -2.1143410e-03  -2.5121800e-02   2.1675740e-02  -6.7643430e-04  -3.6245560e-04  -2.0261556e-04   4.4704379e-06   6.3110484e-04   4.6983770e-04   4.5756336e-07   1.3137406e-07   4.1053065e-08
   1.0000000e+00   1.8241952e-03  -1.2625466e+00  -2.5762178e-01   2.5006420e-04   2.4833945e-03   1.0477731e-03   3.3276881e-06   1.5940239e+00   6.6368982e-02   6.2532104e-08   6.1672482e-06   1.0978285e-06   1.7057855e-02   9.8025000e-03   2.8496900e-03  -4.1999080e-04   5.3815800e-05   2.6607302e-04   2.9097042e-04   9.6089006e-05   8.1207331e-06   1.7639227e-07   2.8961403e-09   7.0794852e-08
   1.0000000e+00  -1.6511770e-02  -1.2771913e+00  -2.5944072e-01   1.0490668e-03   2.8560053e-03   9.7243612e-04   2.7263855e-04   1.6312176e+00   6.7309487e-02   1.1005412e-06   8.1567663e-06   9.4563201e-07  -1.8335965e-02  -1.4644700e-02  -1.8189400e-03   7.9900260e-04   3.7261080e-04  -7.5336980e-05   3.3620762e-04   2.1446724e-04   3.3085427e-06   6.3840515e-07   1.3883881e-07   5.6756606e-09
   1.0000000e+00  -2.7403380e-03  -1.2770945e+00  -2.3466525e-01   3.1057942e-04   2.3226880e-03   8.2518734e-04   7.5094524e-06   1.6309704e+00   5.5067780e-02   9.6459576e-08   5.3948795e-06   6.8093415e-07   1.3771432e-02   9.6800000e-05   2.4775470e-02  -7.3848738e-04  -5.3331730e-04  -1.4724878e-04   1.8965234e-04   9.3702400e-09   6.1382391e-04   5.4536361e-07   2.8442734e-07   2.1682203e-08
   1.0000000e+00   6.7562671e-03  -1.2823865e+00  -2.5094656e-01   8.5144632e-04   2.3993420e-03   9.6683072e-04   4.5647145e-05   1.6445151e+00   6.2974176e-02   7.2496084e-07   5.7568420e-06   9.3476164e-07   9.4966051e-03  -5.2920000e-03  -1.6281310e-02   5.4086690e-04   7.6654000e-05   1.4164338e-04   9.0185508e-05   2.8005264e-05   2.6508106e-04   2.9253700e-07   5.8758357e-09   2.0062847e-08
   1.0000000e+00  -4.6411120e-03  -1.2948568e+00  -2.2904371e-01   5.0067227e-04   2.6049820e-03   9.1067859e-04   2.1539921e-05   1.6766541e+00   5.2461021e-02   2.5067272e-07   6.7859312e-06   8.2933549e-07  -1.1397379e-02  -1.2470300e-02   2.1902850e-02  -3.5077405e-04   2.0564000e-04  -5.6152130e-05   1.2990025e-04   1.5550838e-04   4.7973484e-04   1.2304243e-07   4.2287810e-08   3.1530617e-09
   1.0000000e+00  -3.1057134e-03  -1.2557629e+00  -2.5333498e-01   5.8931610e-04   2.6578459e-03   1.0378994e-03   9.6454557e-06   1.5769405e+00   6.4178612e-02   3.4729347e-07   7.0641448e-06   1.0772352e-06   1.5353986e-03   3.9093900e-02  -2.4291270e-02   8.8643830e-05   5.2863900e-05   1.2722081e-04   2.3574489e-06   1.5283330e-03   5.9006580e-04   7.8577286e-09   2.7945919e-09   1.6185134e-08
   1.0000000e+00   3.3723639e-03  -1.2723551e+00  -2.3484725e-01   2.8204695e-04   2.5313362e-03   1.0067451e-03   1.1372838e-05   1.6188875e+00   5.5153231e-02   7.9550482e-08   6.4076630e-06   1.0135357e-06   6.4780773e-03  -1.6592200e-02   1.8487730e-02  -3.0726915e-04  -1.2650970e-04  -3.1154300e-05   4.1965486e-05   2.7530110e-04   3.4179616e-04   9.4414331e-08   1.6004704e-08   9.7059041e-10
   1.0000000e+00   2.1780035e-02  -1.3079093e+00  -2.4013009e-01   3.5698415e-04   2.5386289e-03   1.3595318e-03   4.7436992e-04   1.7106267e+00   5.7662460e-02   1.2743768e-07   6.4446367e-06   1.8483267e-06   1.8407671e-02  -3.5554200e-02  -5.2828400e-03   7.4937200e-05   7.2927000e-06   3.5278670e-04   3.3884236e-04   1.2641011e-03   2.7908398e-05   5.6155839e-09   5.3183473e-11   1.2445846e-07
   1.0000000e+00   1.9157457e-02  -1.2861909e+00  -2.1870984e-01   2.3821361e-04   2.1151800e-03   1.0957247e-03   3.6700816e-04   1.6542870e+00   4.7833994e-02   5.6745724e-08   4.4739864e-06   1.2006126e-06  -2.6225780e-03   2.1718400e-02   2.1420250e-02  -1.1877054e-04  -4.2344890e-04  -2.6380710e-04   6.8779154e-06   4.7168890e-04   4.5882711e-04   1.4106441e-08   1.7930897e-07   6.9594186e-08
   1.0000000e+00   2.5648981e-02  -1.3034631e+00  -2.0730339e-01   1.0377849e-04   2.2701845e-03   1.3194861e-03   6.5787023e-04   1.6990161e+00   4.2974696e-02   1.0769975e-08   5.1537377e-06   1.7410436e-06   6.4915240e-03  -1.7272200e-02   1.1406450e-02  -1.3443512e-04   1.5500450e-04   2.2376140e-04   4.2139884e-05   2.9832889e-04   1.3010710e-04   1.8072801e-08   2.4026395e-08   5.0069164e-08
   1.0000000e+00   2.1148617e-02  -1.3075029e+00  -2.6035041e-01   6.7357684e-04   2.4093325e-03   1.3144732e-03   4.4726400e-04   1.7095638e+00   6.7782336e-02   4.5370576e-07   5.8048831e-06   1.7278398e-06  -4.5003640e-03  -4.0398000e-03  -5.3047020e-02   5.6979835e-04   1.3914800e-04  -5.0129000e-06   2.0253276e-05   1.6319984e-05   2.8139863e-03   3.2467016e-07   1.9362166e-08   2.5129166e-11
   1.0000000e+00   1.1774757e-02  -1.3100912e+00  -2.2501399e-01   2.0073647e-04   2.2762248e-03   1.1977375e-03   1.3864490e-04   1.7163390e+00   5.0631296e-02   4.0295130e-08   5.1811993e-06   1.4345751e-06  -9.3738600e-03  -2.5883000e-03   3.5336420e-02  -4.7284037e-04  -1.3310770e-04  -1.1673570e-04   8.7869251e-05   6.6992969e-06   1.2486626e-03   2.2357802e-07   1.7717660e-08   1.3627224e-08
   1.0000000e+00  -5.1526362e-03  -1.3163222e+00  -2.3688155e-01   3.1474591e-04   2.5870470e-03   1.0795772e-03   2.6549660e-05   1.7327041e+00   5.6112869e-02   9.9064988e-08   6.6928122e-06   1.1654869e-06  -1.6927393e-02  -6.2310000e-03  -1.1867560e-02   1.1400944e-04   3.1082220e-04  -1.1816030e-04   2.8653664e-04   3.8825361e-05   1.4083898e-04   1.2998152e-08   9.6610440e-08   1.3961856e-08
   1.0000000e+00   3.7615020e-03  -1.3395697e+00  -2.1125443e-01   2.5459387e-04   2.5077160e-03   1.1264629e-03   1.4148897e-05   1.7944470e+00   4.4628434e-02   6.4818039e-08   6.2886395e-06   1.2689187e-06   8.9141382e-03  -2.3247500e-02   2.5627120e-02  -6.0152040e-05  -7.9331000e-05   4.6885700e-05   7.9461860e-05   5.4044626e-04   6.5674928e-04   3.6182679e-09   6.2934076e-09   2.1982689e-09
   1.0000000e+00   9.0293621e-03  -1.3426101e+00  -2.4776217e-01   2.6015894e-05   2.3597722e-03   1.1312257e-03   8.1529380e-05   1.8026019e+00   6.1386093e-02   6.7682674e-10   5.5685248e-06   1.2796716e-06   5.2678601e-03  -3.0404000e-03  -3.6507740e-02  -2.2857798e-04  -1.4794380e-04   4.7628000e-06   2.7750350e-05   9.2440322e-06   1.3328151e-03   5.2247891e-08   2.1887368e-08   2.2684264e-11
   1.0000000e+00  -1.6617981e-03  -1.3542575e+00  -2.5374969e-01   1.3617556e-04   2.3272601e-03   1.0879080e-03   2.7615729e-06   1.8340134e+00   6.4388905e-02   1.8543783e-08   5.4161396e-06   1.1835438e-06  -1.0691160e-02  -1.1647400e-02  -5.9875200e-03   1.1015967e-04  -3.2512100e-05  -4.3317700e-05   1.1430091e-04   1.3566193e-04   3.5850396e-05   1.2135152e-08   1.0570366e-09   1.8764231e-09
   1.0000000e+00  -2.0489356e-02  -1.3673936e+00  -2.2543053e-01   5.8509924e-05   2.5847427e-03   1.0135139e-03   4.1981371e-04   1.8697653e+00   5.0818924e-02   3.4234112e-09   6.6808948e-06   1.0272104e-06  -1.8827558e-02  -1.3136100e-02   2.8319160e-02  -7.7665636e-05   2.5748260e-04  -7.4394100e-05   3.5447694e-04   1.7255712e-04   8.0197482e-04   6.0319510e-09   6.6297289e-08   5.5344821e-09
   1.0000000e+00   4.6335855e-03  -1.3606828e+00  -2.0965379e-01  -7.6333694e-04   2.1924879e-03   1.0360167e-03   2.1470115e-05   1.8514577e+00   4.3954712e-02   5.8268328e-07   4.8070032e-06   1.0733306e-06   2.5122941e-02   6.7108000e-03   1.5776740e-02  -8.2184686e-04  -3.9225480e-04   2.2502800e-05   6.3116219e-04   4.5034837e-05   2.4890553e-04   6.7543227e-07   1.5386383e-07   5.0637601e-10
   1.0000000e+00   1.5656763e-02  -1.3900156e+00  -2.1199557e-01   3.5237013e-04   2.3105663e-03   1.0844242e-03   2.4513423e-04   1.9321434e+00   4.4942122e-02   1.2416471e-07   5.3387166e-06   1.1759758e-06   1.1023178e-02  -2.9332800e-02  -2.3417800e-03   1.1157071e-03   1.1807840e-04   4.8407500e-05   1.2151044e-04   8.6041316e-04   5.4839336e-06   1.2448023e-06   1.3942509e-08   2.3432861e-09
   1.0000000e+00   1.0756093e-02  -1.4003418e+00  -1.9767749e-01  -6.3566856e-04   2.3353687e-03   1.1041226e-03   1.1569354e-04   1.9609572e+00   3.9076390e-02   4.0407452e-07   5.4539470e-06   1.2190867e-06  -4.9006700e-03  -1.0326200e-02   1.4318080e-02  -9.8803869e-04   2.4802400e-05   1.9698400e-05   2.4016566e-05   1.0663041e-04   2.0500741e-04   9.7622045e-07   6.1515905e-10   3.8802696e-10
   1.0000000e+00  -5.5530355e-03  -1.3628360e+00  -2.1591839e-01  -5.5841428e-04   2.6329480e-03   8.5208076e-04   3.0836203e-05   1.8573220e+00   4.6620751e-02   3.1182651e-07   6.9324152e-06   7.2604162e-07  -1.6309128e-02   3.7505800e-02  -1.8240900e-02   7.7254280e-05   2.9757930e-04  -2.5204184e-04   2.6598767e-04   1.4066850e-03   3.3273043e-04   5.9682238e-09   8.8553440e-08   6.3525089e-08
   1.0000000e+00  -1.1529189e-02  -1.3989528e+00  -2.2845139e-01  -5.2301244e-04   2.1244549e-03   6.0261250e-04   1.3292220e-04   1.9570689e+00   5.2190038e-02   2.7354201e-07   4.5133086e-06   3.6314183e-07  -5.9761535e-03  -3.6116800e-02  -1.2533000e-02   3.5401840e-05  -5.0849310e-04  -2.4946826e-04   3.5714411e-05   1.3044232e-03   1.5707609e-04   1.2532903e-09   2.5856523e-07   6.2234413e-08
