   1.0000000e+00   0.0000000e+00   0.0000000e+00   7.1054274e-15   0.0000000e+00   0.0000000e+00   0.0000000e+00   0.0000000e+00   0.0000000e+00   5.0487099e-29   0.0000000e+00   0.0000000e+00   0.0000000e+00   0.0000000e+00   0.0000000e+00   0.0000000e+00   0.0000000e+00   0.0000000e+00   0.0000000e+00   0.0000000e+00   0.0000000e+00   0.0000000e+00   0.0000000e+00   0.0000000e+00   0.0000000e+00
   1.0000000e+00  -4.8484212e-02  -5.3486645e-02   7.5453816e-02  -2.0022288e-03   1.8932630e-04  -7.0262206e-04   2.3507188e-03   2.8608212e-03   5.6932783e-03   4.0089202e-06   3.5844448e-08   4.9367776e-07  -4.8484212e-02  -5.3486645e-02   7.5453816e-02  -2.0022288e-03   1.8932630e-04  -7.0262206e-04   2.3507188e-03   2.8608212e-03   5.6932783e-03   4.0089202e-06   3.5844448e-08   4.9367776e-07
   1.0000000e+00  -2.7108971e-02  -5.9419099e-02   4.7947675e-02  -1.2636813e-03  -6.1863246e-05  -4.9629767e-04   7.3489631e-04   3.5306293e-03   2.2989795e-03   1.5968904e-06   3.8270612e-09   2.4631138e-07   2.1375241e-02  -5.9324540e-03  -2.7506141e-02   7.3854750e-04  -2.5118955e-04   2.0632439e-04   4.5690093e-04   3.5194010e-05   7.5658779e-04   5.4545241e-07   6.3096188e-08   4.2569754e-08
   1.0000000e+00  -5.8010319e-02  -1.0679223e-01   1.4189651e-03  -7.0245351e-04   7.9802039e-04  -9.6889959e-04   3.3651971e-03   1.1404580e-02   2.0134620e-06   4.9344093e-07   6.3683654e-07   9.3876642e-07  -3.0901348e-02  -4.7373131e-02  -4.6528710e-02   5.6122779e-04   8.5988364e-04  -4.7260192e-04   9.5489331e-04   2.2442135e-03   2.1649208e-03   3.1497663e-07   7.3939987e-07   2.2335257e-07
   1.0000000e+00  -2.3372484e-02  -5.1671212e-02  -7.2406645e-02   1.0004514e-04   3.9198516e-04  -8.5367614e-04   5.4627301e-04   2.6699141e-03   5.2427222e-03   1.0009030e-08   1.5365237e-07   7.2876295e-07   3.4637835e-02   5.5121018e-02  -7.3825610e-02   8.0249865e-04  -4.0603523e-04   1.1522345e-04   1.1997796e-03   3.0383266e-03   5.4502207e-03   6.4400408e-07   1.6486461e-07   1.3276443e-08
   1.0000000e+00  -3.3330407e-02  -7.1609870e-02   2.8243882e-02  -1.0148370e-03   3.5373436e-04  -1.1504646e-03   1.1109160e-03   5.1279735e-03   7.9771687e-04   1.0298941e-06   1.2512800e-07   1.3235688e-06  -9.9579230e-03  -1.9938658e-02   1.0065053e-01  -1.1148821e-03  -3.8250800e-05  -2.9678846e-04   9.9160230e-05   3.9755008e-04   1.0130529e-02   1.2429622e-06   1.4631237e-09   8.8083390e-08
   1.0000000e+00  -5.6573091e-03  -6.8097342e-02   9.0575201e-03  -2.0735999e-04  -3.4225676e-04  -4.5045697e-04   3.2005146e-05   4.6372480e-03   8.2038670e-05   4.2998165e-08   1.1713969e-07   2.0291148e-07   2.7673098e-02   3.5125280e-03  -1.9186362e-02   8.0747701e-04  -6.9599112e-04   7.0000763e-04   7.6580035e-04   1.2337853e-05   3.6811648e-04   6.5201912e-07   4.8440364e-07   4.9001068e-07
   1.0000000e+00  -1.9416812e-02  -5.2672667e-02   7.2623028e-02  -1.4750474e-03  -2.5502443e-04  -5.2260482e-04   3.7701259e-04   2.7744098e-03   5.2741042e-03   2.1757648e-06   6.5037460e-08   2.7311580e-07  -1.3759503e-02   1.5424675e-02   6.3565508e-02  -1.2676874e-03   8.7232330e-05  -7.2147850e-05   1.8932392e-04   2.3792060e-04   4.0405738e-03   1.6070314e-06   7.6094794e-09   5.2053123e-09
   1.0000000e+00  -1.1996792e-02  -1.1171529e-01  -1.6001811e-02   5.4790056e-04  -1.0915269e-04  -6.3265706e-04   1.4392302e-04   1.2480306e-02   2.5605796e-04   3.0019502e-07   1.1914310e-08   4.0025496e-07   7.4200200e-03  -5.9042623e-02  -8.8624839e-02   2.0229480e-03   1.4587174e-04  -1.1005224e-04   5.5056697e-05   3.4860313e-03   7.8543621e-03   4.0923184e-06   2.1278565e-08   1.2111496e-08
   1.0000000e+00  -2.2978179e-02  -6.5125331e-02   1.4649200e-02  -2.5489650e-04   3.2876115e-04  -7.8868748e-04   5.2799671e-04   4.2413087e-03   2.1459906e-04   6.4972226e-08   1.0808389e-07   6.2202794e-07  -1.0981387e-02   4.6589959e-02   3.0651011e-02  -8.0279706e-04   4.3791384e-04  -1.5603042e-04   1.2059086e-04   2.1706243e-03   9.3948448e-04   6.4448312e-07   1.9176853e-07   2.4345492e-08
   1.0000000e+00  -2.8846324e-02  -8.7036463e-02  -8.9274533e-03   1.3863253e-04   2.3212943e-04  -7.7058033e-04   8.3211041e-04   7.5753459e-03   7.9699422e-05   1.9218978e-08   5.3884072e-08   5.9379404e-07  -5.8681450e-03  -2.1911132e-02  -2.3576653e-02   3.9352903e-04  -9.6631720e-05   1.8107150e-05   3.4435126e-05   4.8009771e-04   5.5585858e-04   1.5486510e-07   9.3376893e-09   3.2786888e-10
   1.0000000e+00  -1.0237526e-02  -3.8770904e-02  -2.0219215e-02   7.4686030e-05   3.9679314e-04  -5.6049313e-04   1.0480694e-04   1.5031830e-03   4.0881666e-04   5.5780031e-09   1.5744480e-07   3.1415255e-07   1.8608798e-02   4.8265559e-02  -1.1291762e-02  -6.3946500e-05   1.6466371e-04   2.1008720e-04   3.4628736e-04   2.3295642e-03   1.2750388e-04   4.0891549e-09   2.7114137e-08   4.4136632e-08
   1.0000000e+00  -2.5150401e-02  -5.9889605e-02  -8.1316585e-03  -2.7144050e-04   2.6686608e-04  -6.7431776e-04   6.3254267e-04   3.5867648e-03   6.6123870e-05   7.3679945e-08   7.1217505e-08   4.5470444e-07  -1.4912875e-02  -2.1118701e-02   1.2087556e-02  -3.4612653e-04  -1.2992706e-04  -1.1382463e-04   2.2239384e-04   4.4599953e-04   1.4610902e-04   1.1980357e-07   1.6881041e-08   1.2956046e-08
   1.0000000e+00   3.0182540e-03  -5.2036633e-02  -3.4166573e-02   2.9843561e-04  -1.3475304e-05  -1.6561292e-04   9.1098572e-06   2.7078112e-03   1.1673547e-03   8.9063813e-08   1.8158382e-10   2.7427639e-08   2.8168655e-02   7.8529720e-03  -2.6034914e-02   5.6987611e-04  -2.8034138e-04   5.0870484e-04   7.9347312e-04   6.1669169e-05   6.7781677e-04   3.2475878e-07   7.8591292e-08   2.5878061e-07
   1.0000000e+00  -2.5772370e-02  -7.0497107e-02  -5.8914854e-03  -2.3476926e-04   4.7941130e-05  -4.9652458e-04   6.6421506e-04   4.9698421e-03   3.4709600e-05   5.5116605e-08   2.2983519e-09   2.4653666e-07  -2.8790624e-02  -1.8460474e-02   2.8275088e-02  -5.3320487e-04   6.1416434e-05  -3.3091166e-04   8.2890003e-04   3.4078910e-04   7.9948058e-04   2.8430743e-07   3.7719784e-09   1.0950253e-07
   1.0000000e+00  -1.6211083e-02  -9.7594789e-02  -2.8084735e-02  -1.2241213e-04  -3.6225301e-04  -1.3556483e-04   2.6279921e-04   9.5247428e-03   7.8875234e-04   1.4984730e-08   1.3122724e-07   1.8377823e-08   9.5612870e-03  -2.7097682e-02  -2.2193250e-02   1.1235713e-04  -4.1019414e-04   3.6095975e-04   9.1418209e-05   7.3428437e-04   4.9254033e-04   1.2624125e-08   1.6825923e-07   1.3029194e-07
   1.0000000e+00  -4.3810968e-02  -1.4031327e-01   1.0245461e-01  -2.2317945e-03  -2.8152514e-04  -8.2054019e-04   1.9194009e-03   1.9687814e-02   1.0496947e-02   4.9809067e-06   7.9256404e-08   6.7328620e-07  -2.7599885e-02  -4.2718481e-02   1.3053935e-01  -2.1093824e-03   8.0727870e-05  -6.8497536e-04   7.6175365e-04   1.8248686e-03   1.7040521e-02   4.4494940e-06   6.5169890e-09   4.6919124e-07
   1.0000000e+00  -7.7705686e-02  -1.5890216e-01   1.0903364e-01  -2.7127052e-03  -4.9158016e-04  -1.6923314e-03   6.0381736e-03   2.5249896e-02   1.1888335e-02   7.3587695e-06   2.4165105e-07   2.8639856e-06  -3.3894718e-02  -1.8588890e-02   6.5790300e-03  -4.8091070e-04  -2.1005502e-04  -8.7179121e-04   1.1488519e-03   3.4554683e-04   4.3283636e-05   2.3127510e-07   4.4123111e-08   7.6001991e-07
   1.0000000e+00  -4.8376297e-02  -1.4442479e-01   3.0351332e-02  -1.1400946e-03  -4.4864717e-04  -1.3936135e-03   2.3402661e-03   2.0858520e-02   9.2120335e-04   1.2998157e-06   2.0128428e-07   1.9421586e-06   2.9329389e-02   1.4477370e-02  -7.8682308e-02   1.5726106e-03   4.2932990e-05   2.9871790e-04   8.6021306e-04   2.0959424e-04   6.1909056e-03   2.4731041e-06   1.8432416e-09   8.9232384e-08
   1.0000000e+00  -4.1842386e-02  -1.5083482e-01   6.5054825e-02  -1.4162662e-03  -3.4910969e-04  -9.1746851e-04   1.7507853e-03   2.2751143e-02   4.2321303e-03   2.0058099e-06   1.2187758e-07   8.4174847e-07   6.5339110e-03  -6.4100300e-03   3.4703493e-02  -2.7617160e-04   9.9537480e-05   4.7614499e-04   4.2691993e-05   4.1088485e-05   1.2043324e-03   7.6270753e-08   9.9077099e-09   2.2671405e-07
   1.0000000e+00  -6.7058232e-02  -1.6292025e-01   9.1199858e-03  -6.6388646e-04   4.1912465e-04  -1.7859341e-03   4.4968065e-03   2.6543008e-02   8.3174141e-05   4.4074523e-07   1.7566547e-07   3.1895606e-06  -2.5215846e-02  -1.2085430e-02  -5.5934839e-02   7.5237974e-04   7.6823434e-04  -8.6846559e-04   6.3583889e-04   1.4605762e-04   3.1287062e-03   5.6607527e-07   5.9018400e-07   7.5423248e-07
   1.0000000e+00  -3.2554295e-02  -1.2771380e-01   3.1316524e-02  -2.3840356e-04  -7.8578257e-04  -7.6278493e-04   1.0597821e-03   1.6310815e-02   9.8072468e-04   5.6836257e-08   6.1745425e-07   5.8184085e-07   3.4503937e-02   3.5206450e-02   2.2196538e-02   4.2548290e-04  -1.2049072e-03   1.0231492e-03   1.1905217e-03   1.2394941e-03   4.9268631e-04   1.8103570e-07   1.4518014e-06   1.0468342e-06
   1.0000000e+00  -5.0499867e-02  -1.6724599e-01   3.0313411e-02  -8.0336397e-04  -4.2813861e-04  -1.0740833e-03   2.5502366e-03   2.7971221e-02   9.1890289e-04   6.4539367e-07   1.8330267e-07   1.1536549e-06  -1.7945572e-02  -3.9532190e-02  -1.0031130e-03  -5.6496041e-04   3.5764396e-04  -3.1129837e-04   3.2204355e-04   1.5627940e-03   1.0062357e-06   3.1918026e-07   1.2790920e-07   9.6906675e-08
   1.0000000e+00  -3.7455465e-02  -9.9584362e-02  -3.9786925e-03   5.4671864e-05  -5.3738566e-04  -1.0582877e-03   1.4029119e-03   9.9170452e-03   1.5829994e-05   2.9890127e-09   2.8878335e-07   1.1199729e-06   1.3044402e-02   6.7661628e-02  -3.4292103e-02   8.5803583e-04  -1.0924705e-04   1.5795600e-05   1.7015642e-04   4.5780959e-03   1.1759484e-03   7.3622549e-07   1.1934918e-08   2.4950098e-10
   1.0000000e+00  -5.6796594e-02  -1.2348237e-01   5.0280335e-02  -9.7441636e-04  -1.7910905e-04  -1.1617669e-03   3.2258531e-03   1.5247896e-02   2.5281121e-03   9.4948724e-07   3.2080052e-08   1.3497023e-06  -1.9341129e-02  -2.3898008e-02   5.4259028e-02  -1.0290882e-03   3.5827661e-04  -1.0347920e-04   3.7407927e-04   5.7111479e-04   2.9440421e-03   1.0590226e-06   1.2836213e-07   1.0707945e-08
   1.0000000e+00  -3.4847866e-02  -1.1023187e-01  -1.9130171e-02   3.4020035e-04  -1.4470401e-04  -9.5644643e-04   1.2143738e-03   1.2151065e-02   3.6596344e-04   1.1573628e-07   2.0939251e-08   9.1478977e-07   2.1948728e-02   1.3250500e-02  -6.9410506e-02   1.3146167e-03   3.4405040e-05   2.0532047e-04   4.8174666e-04   1.7557575e-04   4.8178183e-03   1.7282171e-06   1.1837068e-09   4.2156495e-08
   1.0000000e+00  -4.3425325e-02  -8.8078658e-02   4.4025762e-03  -1.0396523e-04  -7.5618827e-05  -9.5975568e-04   1.8857589e-03   7.7578500e-03   1.9382677e-05   1.0808769e-08   5.7182070e-09   9.2113097e-07  -8.5774590e-03   2.2153212e-02   2.3532747e-02  -4.4416558e-04   6.9085183e-05  -3.3092500e-06   7.3572803e-05   4.9076480e-04   5.5379019e-04   1.9728306e-07   4.7727625e-09   1.0951136e-11
   1.0000000e+00  -4.8664257e-02  -1.3519670e-01   2.9504622e-02  -7.0734204e-04  -2.4245330e-04  -1.1344356e-03   2.3682099e-03   1.8278148e-02   8.7052272e-04   5.0033276e-07   5.8783603e-08   1.2869441e-06  -5.2389320e-03  -4.7118042e-02   2.5102046e-02  -6.0337681e-04  -1.6683447e-04  -1.7467992e-04   2.7446409e-05   2.2201099e-03   6.3011270e-04   3.6406357e-07   2.7833741e-08   3.0513074e-08
   1.0000000e+00  -4.8368294e-02  -1.4350143e-01   4.4877915e-02  -1.0809822e-03  -3.0037166e-04  -1.0747911e-03   2.3394919e-03   2.0592660e-02   2.0140273e-03   1.1685225e-06   9.0223134e-08   1.1551759e-06   2.9596300e-04  -8.3047300e-03   1.5373293e-02  -3.7364016e-04  -5.7918360e-05   5.9644500e-05   8.7594097e-08   6.8968540e-05   2.3633814e-04   1.3960697e-07   3.3545364e-09   3.5574664e-09
   1.0000000e+00  -3.2114189e-02  -1.5766397e-01   7.5339099e-02  -1.9859651e-03  -8.7656727e-04  -8.9678967e-04   1.0313211e-03   2.4857927e-02   5.6759798e-03   3.9440574e-06   7.6837018e-07   8.0423171e-07   1.6254105e-02  -1.4162540e-02   3.0461184e-02  -9.0498290e-04  -5.7619561e-04   1.7800143e-04   2.6419593e-04   2.0057754e-04   9.2788373e-04   8.1899405e-07   3.3200138e-07   3.1684509e-08
   1.0000000e+00  -2.4529640e-02  -1.2462726e-01   4.9669618e-02  -1.6586066e-03  -4.0905355e-04  -8.5738690e-04   6.0170324e-04   1.5531954e-02   2.4670710e-03   2.7509759e-06   1.6732481e-07   7.3511230e-07   7.5845490e-03   3.3036710e-02  -2.5669481e-02   3.2735850e-04   4.6751372e-04   3.9402770e-05   5.7525384e-05   1.0914242e-03   6.5892225e-04   1.0716359e-07   2.1856908e-07   1.5525783e-09
   1.0000000e+00  -4.0099961e-02  -1.2963457e-01   6.9713508e-02  -2.0660892e-03  -2.5660436e-04  -9.9800232e-04   1.6080069e-03   1.6805122e-02   4.8599732e-03   4.2687246e-06   6.5845798e-08   9.9600863e-07  -1.5570321e-02  -5.0073100e-03   2.0043890e-02  -4.0748260e-04   1.5244919e-04  -1.4061542e-04   2.4243490e-04   2.5073153e-05   4.0175753e-04   1.6604207e-07   2.3240756e-08   1.9772696e-08
   1.0000000e+00  -4.6554257e-02  -1.5417082e-01   5.6923726e-02  -2.3418069e-03  -6.2917722e-04  -1.4515222e-03   2.1672988e-03   2.3768642e-02   3.2403106e-03   5.4840596e-06   3.9586397e-07   2.1069167e-06  -6.4542960e-03  -2.4536250e-02  -1.2789782e-02  -2.7571770e-04  -3.7257286e-04  -4.5351988e-04   4.1657937e-05   6.0202756e-04   1.6357852e-04   7.6020250e-08   1.3881054e-07   2.0568028e-07
   1.0000000e+00  -6.1912203e-02  -1.9488272e-01   1.0221548e-01  -2.2127709e-03  -7.8696836e-04  -1.5226142e-03   3.8331209e-03   3.7979275e-02   1.0448004e-02   4.8963551e-06   6.1931920e-07   2.3183540e-06  -1.5357946e-02  -4.0711900e-02   4.5291754e-02   1.2903600e-04  -1.5779114e-04  -7.1092000e-05   2.3586651e-04   1.6574588e-03   2.0513430e-03   1.6650289e-08   2.4898044e-08   5.0540725e-09
   1.0000000e+00  -7.2273272e-02  -2.5534143e-01  -4.8632316e-02  -1.9261481e-03   8.5769383e-05  -2.1322080e-03   5.2234258e-03   6.5199246e-02   2.3651022e-03   3.7100465e-06   7.3563871e-09   4.5463110e-06  -1.0361069e-02  -6.0458710e-02  -1.5084780e-01   2.8662280e-04   8.7273774e-04  -6.0959380e-04   1.0735175e-04   3.6552556e-03   2.2755058e-02   8.2152629e-08   7.6167117e-07   3.7160460e-07
   1.0000000e+00  -1.3420693e-01  -2.7618950e-01  -1.4368284e-01  -1.6417301e-03   1.3208505e-03  -3.7951954e-03   1.8011500e-02   7.6280640e-02   2.0644759e-02   2.6952777e-06   1.7446460e-06   1.4403508e-05  -6.1933658e-02  -2.0848070e-02  -9.5050524e-02   2.8441800e-04   1.2350811e-03  -1.6629874e-03   3.8357780e-03   4.3464202e-04   9.0346021e-03   8.0893599e-08   1.5254254e-06   2.7655271e-06
   1.0000000e+00  -1.2283080e-01  -3.2312982e-01  -8.7331301e-02  -2.0852592e-03   5.5712285e-04  -3.8281050e-03   1.5087405e-02   1.0441288e-01   7.6267561e-03   4.3483059e-06   3.1038587e-07   1.4654388e-05   1.1376130e-02  -4.6940320e-02   5.6351539e-02  -4.4352910e-04  -7.6372765e-04  -3.2909600e-05   1.2941633e-04   2.2033936e-03   3.1754959e-03   1.9671806e-07   5.8327992e-07   1.0830418e-09
   1.0000000e+00  -1.1217935e-01  -2.8676571e-01  -1.1273882e-01  -1.6011538e-03   7.0704933e-04  -3.5790944e-03   1.2584207e-02   8.2234572e-02   1.2710042e-02   2.5636935e-06   4.9991876e-07   1.2809917e-05   1.0651450e-02   3.6364110e-02  -2.5407519e-02   4.8410540e-04   1.4992648e-04   2.4901060e-04   1.1345339e-04   1.3223485e-03   6.4554202e-04   2.3435804e-07   2.2477949e-08   6.2006279e-08
   1.0000000e+00  -1.2574127e-01  -3.4826011e-01  -5.5282764e-02  -1.9306850e-03   6.7722426e-04  -3.8957739e-03   1.5810867e-02   1.2128510e-01   3.0561840e-03   3.7275446e-06   4.5863270e-07   1.5177054e-05  -1.3561920e-02  -6.1494400e-02   5.7456056e-02  -3.2953120e-04  -2.9825070e-05  -3.1667950e-04   1.8392567e-04   3.7815612e-03   3.3011984e-03   1.0859081e-07   8.8953480e-10   1.0028591e-07
   1.0000000e+00  -9.4986561e-02  -3.0440875e-01  -1.1939302e-01  -1.7232773e-03   2.2454572e-04  -3.6449515e-03   9.0224468e-03   9.2664687e-02   1.4254693e-02   2.9696847e-06   5.0420780e-08   1.3285671e-05   3.0754709e-02   4.3851360e-02  -6.4110256e-02   2.0740770e-04  -4.5267854e-04   2.5082240e-04   9.4585213e-04   1.9229418e-03   4.1101249e-03   4.3017954e-08   2.0491786e-07   6.2911876e-08
   1.0000000e+00  -1.3010848e-01  -3.0419392e-01  -7.0128323e-02  -1.6628008e-03   6.4290599e-04  -4.0664763e-03   1.6928217e-02   9.2533941e-02   4.9179817e-03   2.7649065e-06   4.1332811e-07   1.6536229e-05  -3.5121919e-02   2.1483000e-04   4.9264697e-02   6.0476500e-05   4.1836027e-04  -4.2152480e-04   1.2335492e-03   4.6151929e-08   2.4270104e-03   3.6574071e-09   1.7502532e-07   1.7768316e-07
   1.0000000e+00  -1.1652048e-01  -3.4054187e-01  -1.0028989e-01  -1.8104722e-03   5.1388504e-04  -3.9741217e-03   1.3577022e-02   1.1596877e-01   1.0058062e-02   3.2778096e-06   2.6407783e-07   1.5793643e-05   1.3588000e-02  -3.6347950e-02  -3.0161567e-02  -1.4767140e-04  -1.2902095e-04   9.2354600e-05   1.8463374e-04   1.3211735e-03   9.0972012e-04   2.1806842e-08   1.6646406e-08   8.5293721e-09
   1.0000000e+00  -1.0684601e-01  -2.6099359e-01  -1.0615324e-01  -1.4860034e-03   1.8549910e-04  -3.8536265e-03   1.1416070e-02   6.8117654e-02   1.1268510e-02   2.2082061e-06   3.4409916e-08   1.4850437e-05   9.6744700e-03   7.9548280e-02  -5.8633500e-03   3.2446880e-04  -3.2838594e-04   1.2049520e-04   9.3595370e-05   6.3279289e-03   3.4378873e-05   1.0528000e-07   1.0783733e-07   1.4519093e-08
   1.0000000e+00  -1.1134201e-01  -3.0316554e-01  -5.6653569e-02  -2.6134036e-03   1.3220295e-04  -3.8075187e-03   1.2397043e-02   9.1909345e-02   3.2096269e-03   6.8298784e-06   1.7477620e-08   1.4497199e-05  -4.4960000e-03  -4.2171950e-02   4.9499671e-02  -1.1274002e-03  -5.3296150e-05   4.6107800e-05   2.0214016e-05   1.7784734e-03   2.4502174e-03   1.2710312e-06   2.8404796e-09   2.1259292e-09
   1.0000000e+00  -1.0634266e-01  -2.7113485e-01  -1.3040255e-01  -1.5631887e-03   4.3708527e-04  -3.9796844e-03   1.1308761e-02   7.3514107e-02   1.7004825e-02   2.4435589e-06   1.9104353e-07   1.5837888e-05   4.9993500e-03   3.2030690e-02  -7.3748981e-02   1.0502149e-03   3.0488232e-04  -1.7216570e-04   2.4993500e-05   1.0259651e-03   5.4389122e-03   1.1029513e-06   9.2953229e-08   2.9641028e-08
   1.0000000e+00  -9.9665831e-02  -2.7914871e-01  -9.9712125e-02  -1.7549120e-03   4.5361790e-05  -3.5760726e-03   9.9332779e-03   7.7924002e-02   9.9425079e-03   3.0797161e-06   2.0576920e-09   1.2788295e-05   6.6768290e-03  -8.0138600e-03   3.0690425e-02  -1.9172330e-04  -3.9172348e-04   4.0361180e-04   4.4580045e-05   6.4221952e-05   9.4190219e-04   3.6757824e-08   1.5344728e-07   1.6290249e-07
   1.0000000e+00  -1.1494519e-01  -2.7902602e-01  -1.2299916e-01  -1.8249307e-03   3.7078704e-04  -4.3375419e-03   1.3212397e-02   7.7855520e-02   1.5128793e-02   3.3303721e-06   1.3748303e-07   1.8814270e-05  -1.5279359e-02   1.2269000e-04  -2.3287035e-02  -7.0018700e-05   3.2542525e-04  -7.6146930e-04   2.3345881e-04   1.5052836e-08   5.4228600e-04   4.9026183e-09   1.0590159e-07   5.7983549e-07
   1.0000000e+00  -1.1120261e-01  -2.7988754e-01  -6.6683433e-02  -2.3944326e-03   2.5671347e-04  -3.6835780e-03   1.2366020e-02   7.8337035e-02   4.4466802e-03   5.7333075e-06   6.5901806e-08   1.3568747e-05   3.7425800e-03  -8.6152000e-04   5.6315727e-02  -5.6950190e-04  -1.1407357e-04   6.5396390e-04   1.4006905e-05   7.4221671e-07   3.1714611e-03   3.2433241e-07   1.3012779e-08   4.2766878e-07
   1.0000000e+00  -1.2751797e-01  -3.2739360e-01  -8.5960731e-02  -2.4211391e-03   3.6476294e-04  -4.1177436e-03   1.6260833e-02   1.0718657e-01   7.3892473e-03   5.8619145e-06   1.3305200e-07   1.6955812e-05  -1.6315360e-02  -4.7506060e-02  -1.9277298e-02  -2.6706500e-05   1.0804947e-04  -4.3416560e-04   2.6619097e-04   2.2568257e-03   3.7161422e-04   7.1323714e-10   1.1674688e-08   1.8849977e-07
   1.0000000e+00  -1.2461416e-01  -2.6495177e-01  -1.3329314e-01  -1.1145352e-03   7.4379335e-04  -3.8353843e-03   1.5528689e-02   7.0199440e-02   1.7767061e-02   1.2421887e-06   5.5322855e-07   1.4710173e-05   2.9038100e-03   6.2441830e-02  -4.7332409e-02   1.3066039e-03   3.7903041e-04   2.8235930e-04   8.4321125e-06   3.8989821e-03   2.2403569e-03   1.7072138e-06   1.4366405e-07   7.9726774e-08
   1.0000000e+00  -1.1443270e-01  -2.7218613e-01  -1.2797510e-01  -1.6771087e-03   3.3448696e-04  -3.6380193e-03   1.3094843e-02   7.4085289e-02   1.6377626e-02   2.8126936e-06   1.1188153e-07   1.3235184e-05   1.0181460e-02  -7.2343600e-03   5.3180400e-03  -5.6257350e-04  -4.0930639e-04   1.9736500e-04   1.0366213e-04   5.2335965e-05   2.8281549e-05   3.1648894e-07   1.6753172e-07   3.8952943e-08
   1.0000000e+00  -1.0629674e-01  -2.2269379e-01  -1.4329272e-01  -9.1690023e-04   2.6061627e-04  -3.1985282e-03   1.1298997e-02   4.9592524e-02   2.0532804e-02   8.4070603e-07   6.7920840e-08   1.0230583e-05   8.1359600e-03   4.9492340e-02  -1.5317620e-02   7.6020847e-04  -7.3870690e-05   4.3949110e-04   6.6193845e-05   2.4494917e-03   2.3462948e-04   5.7791692e-07   5.4568788e-09   1.9315243e-07
   1.0000000e+00  -1.1886101e-01  -2.4266791e-01  -1.3579943e-01  -1.2010696e-03   7.2613396e-04  -3.1633391e-03   1.4127940e-02   5.8887715e-02   1.8441485e-02   1.4425682e-06   5.2727053e-07   1.0006714e-05  -1.2564270e-02  -1.9974120e-02   7.4932900e-03  -2.8416937e-04   4.6551769e-04   3.5189100e-05   1.5786088e-04   3.9896547e-04   5.6149395e-05   8.0752231e-08   2.1670672e-07   1.2382728e-09
   1.0000000e+00  -7.6780438e-02  -1.8608339e-01  -1.9192060e-01  -4.8595209e-04   3.8093170e-04  -2.5279887e-03   5.8952357e-03   3.4627028e-02   3.6833517e-02   2.3614943e-07   1.4510896e-07   6.3907269e-06   4.2080572e-02   5.6584520e-02  -5.6121170e-02   7.1511751e-04  -3.4520226e-04   6.3535040e-04   1.7707745e-03   3.2018079e-03   3.1495857e-03   5.1139305e-07   1.1916460e-07   4.0367013e-07
   1.0000000e+00  -1.0182872e-01  -2.4573350e-01  -9.5155656e-02  -2.2488830e-03   7.6104280e-04  -3.0527541e-03   1.0369088e-02   6.0384953e-02   9.0545989e-03   5.0574747e-06   5.7918614e-07   9.3193076e-06  -2.5048282e-02  -5.9650110e-02   9.6764944e-02  -1.7629309e-03   3.8011110e-04  -5.2476540e-04   6.2741643e-04   3.5581356e-03   9.3634544e-03   3.1079254e-06   1.4448445e-07   2.7537873e-07
   1.0000000e+00  -1.0938331e-01  -2.5190756e-01  -4.6160361e-02  -2.6974859e-03   5.1501932e-04  -3.1236851e-03   1.1964709e-02   6.3457419e-02   2.1307789e-03   7.2764302e-06   2.6524490e-07   9.7574086e-06  -7.5545900e-03  -6.1740600e-03   4.8995295e-02  -4.4860290e-04  -2.4602348e-04  -7.0931000e-05   5.7071830e-05   3.8119017e-05   2.4005389e-03   2.0124456e-07   6.0527553e-08   5.0312068e-09
   1.0000000e+00  -1.3263868e-01  -2.6154293e-01  -6.5503618e-02  -2.6108413e-03   9.2937850e-04  -3.7187372e-03   1.7593019e-02   6.8404704e-02   4.2907240e-03   6.8164923e-06   8.6374440e-07   1.3829006e-05  -2.3255370e-02  -9.6353700e-03  -1.9343257e-02   8.6644600e-05   4.1435918e-04  -5.9505210e-04   5.4081223e-04   9.2840355e-05   3.7416159e-04   7.5072867e-09   1.7169353e-07   3.5408700e-07
   1.0000000e+00  -1.0435536e-01  -1.9884791e-01  -1.2884349e-01  -1.5606389e-03   1.2405428e-03  -3.4933905e-03   1.0890041e-02   3.9540491e-02   1.6600645e-02   2.4355938e-06   1.5389464e-06   1.2203777e-05   2.8283320e-02   6.2695020e-02  -6.3339872e-02   1.0502024e-03   3.1116430e-04   2.2534670e-04   7.9994619e-04   3.9306655e-03   4.0119394e-03   1.1029251e-06   9.6823222e-08   5.0781135e-08
   1.0000000e+00  -1.0554201e-01  -2.4528131e-01  -6.8863716e-02  -1.9426163e-03   1.2433965e-03  -3.3986302e-03   1.1139116e-02   6.0162921e-02   4.7422114e-03   3.7737581e-06   1.5460349e-06   1.1550687e-05  -1.1866500e-03  -4.6433400e-02   5.9979774e-02  -3.8197740e-04   2.8537000e-06   9.4760300e-05   1.4081382e-06   2.1560606e-03   3.5975733e-03   1.4590673e-07   8.1436037e-12   8.9795145e-09
   1.0000000e+00  -9.8750193e-02  -2.4595389e-01  -1.0213746e-01  -1.1763348e-03   1.1532375e-03  -3.2751594e-03   9.7516006e-03   6.0493316e-02   1.0432061e-02   1.3837636e-06   1.3299567e-06   1.0726669e-05   6.7918170e-03  -6.7258000e-04  -3.3273744e-02   7.6628150e-04  -9.0159000e-05   1.2347080e-04   4.6128778e-05   4.5236386e-07   1.1071420e-03   5.8718734e-07   8.1286453e-09   1.5245038e-08
   1.0000000e+00  -1.1523875e-01  -2.5412136e-01  -4.7818584e-02  -1.9977667e-03   1.6811219e-03  -3.5401858e-03   1.3279970e-02   6.4577666e-02   2.2866170e-03   3.9910718e-06   2.8261708e-06   1.2532915e-05  -1.6488557e-02  -8.1674700e-03   5.4318876e-02  -8.2143190e-04   5.2788440e-04  -2.6502640e-04   2.7187251e-04   6.6707566e-05   2.9505403e-03   6.7475037e-07   2.7866194e-07   7.0238993e-08
   1.0000000e+00  -9.4943827e-02  -2.4650703e-01  -7.8190382e-02  -1.5458363e-03   1.0362244e-03  -3.2287659e-03   9.0143303e-03   6.0765716e-02   6.1137358e-03   2.3896099e-06   1.0737610e-06   1.0424929e-05   2.0294923e-02   7.6143300e-03  -3.0371798e-02   4.5193040e-04  -6.4489750e-04   3.1141990e-04   4.1188390e-04   5.7978021e-05   9.2244611e-04   2.0424109e-07   4.1589279e-07   9.6982354e-08
   1.0000000e+00  -8.2101624e-02  -2.7551645e-01  -2.4285906e-02  -2.5216847e-03   5.7957677e-04  -2.6465909e-03   6.7406767e-03   7.5909314e-02   5.8980523e-04   6.3588937e-06   3.3590923e-07   7.0044434e-06   1.2842203e-02  -2.9009420e-02   5.3904476e-02  -9.7584840e-04  -4.5664763e-04   5.8217500e-04   1.6492218e-04   8.4154645e-04   2.9056925e-03   9.5228010e-07   2.0852706e-07   3.3892773e-07
   1.0000000e+00  -8.8822141e-02  -2.8712734e-01  -4.6454818e-02  -2.8109003e-03   4.2975699e-04  -3.2369699e-03   7.8893727e-03   8.2442109e-02   2.1580501e-03   7.9011605e-06   1.8469107e-07   1.0477974e-05  -6.7205170e-03  -1.1610890e-02  -2.2168912e-02  -2.8921560e-04  -1.4981978e-04  -5.9037900e-04   4.5165349e-05   1.3481277e-04   4.9146066e-04   8.3645663e-08   2.2445966e-08   3.4854736e-07
   1.0000000e+00  -1.0168463e-01  -2.8887812e-01  -4.5473542e-02  -2.3656302e-03   1.1259984e-03  -3.1042763e-03   1.0339764e-02   8.3450568e-02   2.0678430e-03   5.5962062e-06   1.2678724e-06   9.6365313e-06  -1.2862489e-02  -1.7507800e-03   9.8127600e-04   4.4527010e-04   6.9624141e-04   1.3269360e-04   1.6544362e-04   3.0652306e-06   9.6290259e-07   1.9826546e-07   4.8475210e-07   1.7607591e-08
   1.0000000e+00  -1.1751860e-01  -3.0396516e-01  -9.3724296e-02  -2.2297095e-03   1.6290566e-03  -3.7000223e-03   1.3810621e-02   9.2394818e-02   8.7842437e-03   4.9716045e-06   2.6538254e-06   1.3690165e-05  -1.5833970e-02  -1.5087040e-02  -4.8250754e-02   1.3592070e-04   5.0305820e-04  -5.9574600e-04   2.5071461e-04   2.2761878e-04   2.3281353e-03   1.8474437e-08   2.5306755e-07   3.5491330e-07
   1.0000000e+00  -1.0037475e-01  -2.6717538e-01  -8.6844650e-02  -1.5464607e-03   1.4644336e-03  -3.3547728e-03   1.0075090e-02   7.1382684e-02   7.5419932e-03   2.3915407e-06   2.1445658e-06   1.1254501e-05   1.7143850e-02   3.6789780e-02   6.8796460e-03   6.8324880e-04  -1.6462300e-04   3.4524950e-04   2.9391159e-04   1.3534879e-03   4.7329529e-05   4.6682892e-07   2.7100732e-08   1.1919722e-07
   1.0000000e+00  -9.5886984e-02  -3.0693226e-01  -6.8418559e-02  -1.5463210e-03   1.5563866e-03  -3.0656730e-03   9.1943137e-03   9.4207412e-02   4.6810992e-03   2.3911086e-06   2.4223392e-06   9.3983509e-06   4.4877660e-03  -3.9756880e-02   1.8426091e-02   1.3970000e-07   9.1953000e-05   2.8909980e-04   2.0140044e-05   1.5806095e-03   3.3952083e-04   1.9516090e-14   8.4553542e-09   8.3578694e-08
   1.0000000e+00  -9.1340701e-02  -2.9342523e-01  -3.2316188e-02  -2.2175555e-03   1.3372460e-03  -2.9175293e-03   8.3431237e-03   8.6098366e-02   1.0443360e-03   4.9175524e-06   1.7882269e-06   8.5119772e-06   4.5462830e-03   1.3507030e-02   3.6102371e-02  -6.7123450e-04  -2.1914060e-04   1.4814370e-04   2.0668689e-05   1.8243986e-04   1.3033812e-03   4.5055575e-07   4.8022603e-08   2.1946556e-08
   1.0000000e+00  -8.0748826e-02  -3.0128792e-01   1.7472232e-02  -3.2766445e-03   8.4542665e-04  -2.7574210e-03   6.5203729e-03   9.0774411e-02   3.0527889e-04   1.0736399e-05   7.1474622e-07   7.6033706e-06   1.0591875e-02  -7.8626900e-03   4.9788420e-02  -1.0590890e-03  -4.9181935e-04   1.6010830e-04   1.1218782e-04   6.1821894e-05   2.4788868e-03   1.1216695e-06   2.4188627e-07   2.5634668e-08
   1.0000000e+00  -7.5099130e-02  -3.0064135e-01   3.5218039e-03  -2.9127836e-03   8.0875833e-04  -2.2680702e-03   5.6398793e-03   9.0385221e-02   1.2403103e-05   8.4843083e-06   6.5409004e-07   5.1441424e-06   5.6496960e-03   6.4657000e-04  -1.3950428e-02   3.6386090e-04  -3.6668320e-05   4.8935080e-04   3.1919065e-05   4.1805276e-07   1.9461444e-04   1.3239475e-07   1.3445657e-09   2.3946421e-07
   1.0000000e+00  -6.5744906e-02  -2.9987569e-01   1.3143541e-02  -3.3385777e-03   1.2799133e-03  -2.1121548e-03   4.3223927e-03   8.9925429e-02   1.7275267e-04   1.1146101e-05   1.6381781e-06   4.4611979e-06   9.3542240e-03   7.6566000e-04   9.6217371e-03  -4.2579410e-04   4.7115497e-04   1.5591540e-04   8.7501507e-05   5.8623524e-07   9.2577825e-05   1.8130062e-07   2.2198701e-07   2.4309612e-08
   1.0000000e+00  -7.5941947e-02  -2.9923312e-01   2.8980910e-02  -3.8245534e-03   1.1792607e-03  -2.1191198e-03   5.7671793e-03   8.9540460e-02   8.3989314e-04   1.4627209e-05   1.3906558e-06   4.4906687e-06  -1.0197041e-02   6.4257000e-04   1.5837369e-02  -4.8597570e-04  -1.0065260e-04  -6.9650000e-06   1.0397965e-04   4.1289620e-07   2.5082226e-04   2.3617238e-07   1.0130946e-08   4.8511225e-11
   1.0000000e+00  -1.0835518e-01  -3.0681751e-01  -1.4971338e-03  -3.5399644e-03   6.5249312e-04  -2.8819441e-03   1.1740845e-02   9.4136984e-02   2.2414096e-06   1.2531348e-05   4.2574727e-07   8.3056018e-06  -3.2413233e-02  -7.5843900e-03  -3.0478044e-02   2.8458900e-04  -5.2676758e-04  -7.6282430e-04   1.0506177e-03   5.7522972e-05   9.2891115e-04   8.0990899e-08   2.7748408e-07   5.8190091e-07
   1.0000000e+00  -1.5286441e-01  -3.5026557e-01   7.0792986e-03  -4.0685353e-03   9.5788734e-04  -4.0404951e-03   2.3367528e-02   1.2268597e-01   5.0116469e-05   1.6552979e-05   9.1754816e-07   1.6325601e-05  -4.4509230e-02  -4.3448060e-02   8.5764324e-03  -5.2857090e-04   3.0539422e-04  -1.1585510e-03   1.9810716e-03   1.8877339e-03   7.3555193e-05   2.7938720e-07   9.3265630e-08   1.3422404e-06
   1.0000000e+00  -1.3470119e-01  -2.9595225e-01  -4.7004061e-02  -3.4097054e-03   6.0999855e-04  -3.9265060e-03   1.8144411e-02   8.7587734e-02   2.2093818e-03   1.1626091e-05   3.7209823e-07   1.5417449e-05   1.8163220e-02   5.4313320e-02  -5.4083360e-02   6.5882990e-04  -3.4788879e-04   1.1398910e-04   3.2990256e-04   2.9499367e-03   2.9250098e-03   4.3405684e-07   1.2102661e-07   1.2993515e-08
   1.0000000e+00  -1.4582676e-01  -3.5113771e-01  -2.4536120e-02  -3.0921005e-03   1.0749298e-03  -4.1933684e-03   2.1265444e-02   1.2329769e-01   6.0202118e-04   9.5610855e-06   1.1554741e-06   1.7584339e-05  -1.1125570e-02  -5.5185460e-02   2.2467941e-02   3.1760490e-04   4.6493125e-04  -2.6686240e-04   1.2377831e-04   3.0454350e-03   5.0480837e-04   1.0087287e-07   2.1616107e-07   7.1215541e-08
   1.0000000e+00  -1.3518168e-01  -3.6620842e-01  -5.7135625e-02  -2.2763845e-03   1.1178554e-03  -4.2255116e-03   1.8274087e-02   1.3410861e-01   3.2644796e-03   5.1819264e-06   1.2496007e-06   1.7854948e-05   1.0645080e-02  -1.5070710e-02  -3.2599505e-02   8.1571600e-04   4.2925600e-05  -3.2143200e-05   1.1331773e-04   2.2712630e-04   1.0627277e-03   6.6539259e-07   1.8426071e-09   1.0331853e-09
   1.0000000e+00  -1.3714364e-01  -3.6830709e-01  -1.4150894e-02  -2.4055759e-03   1.1389114e-03  -3.9129893e-03   1.8808378e-02   1.3565011e-01   2.0024780e-04   5.7867954e-06   1.2971192e-06   1.5311485e-05  -1.9619600e-03  -2.0986700e-03   4.2984731e-02  -1.2919140e-04   2.1056000e-05   3.1252230e-04   3.8492870e-06   4.4044158e-06   1.8476871e-03   1.6690418e-08   4.4335514e-10   9.7670188e-08
   1.0000000e+00  -1.5261866e-01  -4.2850016e-01  -4.1476891e-02  -2.2179397e-03   1.3656480e-03  -4.4284333e-03   2.3292455e-02   1.8361239e-01   1.7203325e-03   4.9192565e-06   1.8649945e-06   1.9611021e-05  -1.5475020e-02  -6.0193070e-02  -2.7325997e-02   1.8763620e-04   2.2673660e-04  -5.1544400e-04   2.3947624e-04   3.6232057e-03   7.4671011e-04   3.5207344e-08   5.1409486e-08   2.6568252e-07
   1.0000000e+00  -1.3609068e-01  -3.4286409e-01  -1.9952205e-02  -2.4018975e-03   1.0286638e-03  -4.0785097e-03   1.8520673e-02   1.1755578e-01   3.9809048e-04   5.7691116e-06   1.0581492e-06   1.6634241e-05   1.6527980e-02   8.5636070e-02   2.1524686e-02  -1.8395780e-04  -3.3698420e-04   3.4992360e-04   2.7317412e-04   7.3335365e-03   4.6331211e-04   3.3840472e-08   1.1355835e-07   1.2244653e-07
   1.0000000e+00  -1.5517546e-01  -4.2048353e-01  -1.2989317e-02  -2.9969340e-03   1.1880566e-03  -4.3120934e-03   2.4079423e-02   1.7680640e-01   1.6872236e-04   8.9816134e-06   1.4114785e-06   1.8594149e-05  -1.9084780e-02  -7.7619440e-02   6.9628880e-03  -5.9503650e-04   1.5939280e-04  -2.3358370e-04   3.6422883e-04   6.0247775e-03   4.8481809e-05   3.5406844e-07   2.5406065e-08   5.4561345e-08
   1.0000000e+00  -1.3305921e-01  -3.6857758e-01  -4.3251435e-02  -2.0551032e-03   7.9182167e-04  -3.9273446e-03   1.7704753e-02   1.3584943e-01   1.8706866e-03   4.2234492e-06   6.2698156e-07   1.5424036e-05   2.2116250e-02   5.1905950e-02  -3.0262118e-02   9.4183080e-04  -3.9623493e-04   3.8474880e-04   4.8912851e-04   2.6942276e-03   9.1579579e-04   8.8704526e-07   1.5700212e-07   1.4803164e-07
   1.0000000e+00  -1.6417077e-01  -3.8670453e-01  -2.6040073e-02  -2.3942546e-03   1.1438616e-03  -4.4510841e-03   2.6952042e-02   1.4954039e-01   6.7808540e-04   5.7324551e-06   1.3084194e-06   1.9812150e-05  -3.1111560e-02  -1.8126950e-02   1.7211362e-02  -3.3915140e-04   3.5203993e-04  -5.2373950e-04   9.6792917e-04   3.2858632e-04   2.9623098e-04   1.1502367e-07   1.2393211e-07   2.7430306e-07
   1.0000000e+00  -1.4057390e-01  -3.6086665e-01  -6.4746566e-02  -2.5643107e-03   7.0167420e-04  -4.1005026e-03   1.9761021e-02   1.3022474e-01   4.1921178e-03   6.5756894e-06   4.9234668e-07   1.6814122e-05   2.3596870e-02   2.5837880e-02  -3.8706493e-02  -1.7005610e-04  -4.4218740e-04   3.5058150e-04   5.5681227e-04   6.6759604e-04   1.4981926e-03   2.8919077e-08   1.9552970e-07   1.2290739e-07
   1.0000000e+00  -1.5529161e-01  -3.4865849e-01  -5.1791151e-02  -1.7482035e-03   1.2735567e-03  -4.2832863e-03   2.4115484e-02   1.2156274e-01   2.6823233e-03   3.0562155e-06   1.6219467e-06   1.8346542e-05  -1.4717710e-02   1.2208160e-02   1.2955415e-02   8.1610720e-04   5.7188250e-04  -1.8278370e-04   2.1661099e-04   1.4903917e-04   1.6784278e-04   6.6603096e-07   3.2704959e-07   3.3409881e-08
   1.0000000e+00  -1.3944333e-01  -3.6845843e-01  -6.2571924e-02  -2.4231232e-03   5.3142068e-04  -3.8125093e-03   1.9444442e-02   1.3576161e-01   3.9152457e-03   5.8715260e-06   2.8240794e-07   1.4535227e-05   1.5848280e-02  -1.9799940e-02  -1.0780773e-02  -6.7491970e-04  -7.4213602e-04   4.7077700e-04   2.5116798e-04   3.9203762e-04   1.1622507e-04   4.5551660e-07   5.5076587e-07   2.2163098e-07
   1.0000000e+00  -1.5685312e-01  -3.9267338e-01  -2.4173191e-02  -2.9109442e-03   1.1367260e-03  -4.7364788e-03   2.4602901e-02   1.5419238e-01   5.8434316e-04   8.4735961e-06   1.2921460e-06   2.2434231e-05  -1.7409790e-02  -2.4214950e-02   3.8398733e-02  -4.8782100e-04   6.0530532e-04  -9.2396950e-04   3.0310079e-04   5.8636380e-04   1.4744627e-03   2.3796933e-07   3.6639453e-07   8.5371964e-07
   1.0000000e+00  -1.4987466e-01  -4.0468304e-01   4.9721657e-02  -3.9559965e-03   4.2548423e-04  -4.2105659e-03   2.2462414e-02   1.6376836e-01   2.4722432e-03   1.5649908e-05   1.8103683e-07   1.7728865e-05   6.9784600e-03  -1.2009660e-02   7.3894848e-02  -1.0450523e-03  -7.1124177e-04   5.2591290e-04   4.8698904e-05   1.4423193e-04   5.4604486e-03   1.0921343e-06   5.0586486e-07   2.7658438e-07
   1.0000000e+00  -1.6405088e-01  -4.3575599e-01  -1.6198711e-02  -3.1586806e-03   1.0425495e-03  -4.5168975e-03   2.6912691e-02   1.8988328e-01   2.6239824e-04   9.9772631e-06   1.0869095e-06   2.0402363e-05  -1.4176220e-02  -3.1072950e-02  -6.5920368e-02   7.9731590e-04   6.1706527e-04  -3.0633160e-04   2.0096521e-04   9.6552822e-04   4.3454949e-03   6.3571264e-07   3.8076955e-07   9.3839049e-08
   1.0000000e+00  -1.5965005e-01  -3.6738262e-01  -4.7662514e-02  -2.1731464e-03   1.1443331e-03  -4.5946350e-03   2.5488138e-02   1.3496999e-01   2.2717152e-03   4.7225653e-06   1.3094982e-06   2.1110671e-05   4.4008300e-03   6.8373370e-02  -3.1463803e-02   9.8553420e-04   1.0178360e-04  -7.7737500e-05   1.9367305e-05   4.6749177e-03   9.8997090e-04   9.7127766e-07   1.0359901e-08   6.0431189e-09
   1.0000000e+00  -1.5200570e-01  -3.9168313e-01  -3.0996186e-02  -2.8273961e-03   9.4247445e-04  -4.2168714e-03   2.3105733e-02   1.5341567e-01   9.6076355e-04   7.9941687e-06   8.8825809e-07   1.7782004e-05   7.6443500e-03  -2.4300510e-02   1.6666328e-02  -6.5424970e-04  -2.0185865e-04   3.7776360e-04   5.8436087e-05   5.9051479e-04   2.7776649e-04   4.2804267e-07   4.0746915e-08   1.4270534e-07
   1.0000000e+00  -1.5894097e-01  -4.4319990e-01  -1.7094325e-02  -3.4043805e-03   8.6174103e-04  -4.4564883e-03   2.5262232e-02   1.9642615e-01   2.9221595e-04   1.1589807e-05   7.4259760e-07   1.9860288e-05  -6.9352700e-03  -5.1516770e-02   1.3901861e-02  -5.7698440e-04  -8.0733420e-05  -2.3961690e-04   4.8097970e-05   2.6539776e-03   1.9326174e-04   3.3291100e-07   6.5178851e-09   5.7416259e-08
   1.0000000e+00  -1.5674018e-01  -4.1735788e-01   3.5868104e-02  -3.7131270e-03   6.0411561e-04  -4.4709156e-03   2.4567484e-02   1.7418760e-01   1.2865209e-03   1.3787312e-05   3.6495567e-07   1.9989086e-05   2.2007900e-03   2.5842020e-02   5.2962429e-02  -3.0874650e-04  -2.5762542e-04  -1.4427300e-05   4.8434766e-06   6.6781000e-04   2.8050189e-03   9.5324401e-08   6.6370857e-08   2.0814699e-10
   1.0000000e+00  -1.7217624e-01  -4.5580634e-01   2.6056507e-02  -4.8225006e-03   7.7357706e-04  -4.7917515e-03   2.9644658e-02   2.0775942e-01   6.7894156e-04   2.3256512e-05   5.9842147e-07   2.2960882e-05  -1.5436060e-02  -3.8448460e-02  -9.8115970e-03  -1.1093736e-03   1.6946145e-04  -3.2083590e-04   2.3827195e-04   1.4782841e-03   9.6267436e-05   1.2307098e-06   2.8717183e-08   1.0293567e-07
   1.0000000e+00  -1.6297696e-01  -3.9906249e-01  -3.6719967e-02  -2.8255717e-03   1.0021007e-03  -4.6481306e-03   2.6561489e-02   1.5925087e-01   1.3483560e-03   7.9838554e-06   1.0042058e-06   2.1605118e-05   9.1992800e-03   5.6743850e-02  -6.2776474e-02   1.9969289e-03   2.2852364e-04   1.4362090e-04   8.4626753e-05   3.2198645e-03   3.9408857e-03   3.9877250e-06   5.2223054e-08   2.0626963e-08
   1.0000000e+00  -1.6452143e-01  -3.9989978e-01  -1.6602537e-02  -3.3823770e-03   9.9666451e-04  -4.5453014e-03   2.7067301e-02   1.5991983e-01   2.7564423e-04   1.1440474e-05   9.9334015e-07   2.0659765e-05  -1.5444700e-03  -8.3729000e-04   2.0117430e-02  -5.5680530e-04  -5.4361900e-06   1.0282920e-04   2.3853876e-06   7.0105454e-07   4.0471099e-04   3.1003214e-07   2.9552162e-11   1.0573844e-08
   1.0000000e+00  -1.2705805e-01  -3.8633874e-01  -3.8104886e-02  -2.8725944e-03   4.8898354e-04  -3.8215289e-03   1.6143748e-02   1.4925762e-01   1.4519823e-03   8.2517986e-06   2.3910490e-07   1.4604083e-05   3.7463380e-02   1.3561040e-02  -2.1502349e-02   5.0978260e-04  -5.0768097e-04   7.2377250e-04   1.4035048e-03   1.8390181e-04   4.6235101e-04   2.5987830e-07   2.5773997e-07   5.2384663e-07
   1.0000000e+00  -1.3532052e-01  -3.8331428e-01  -4.0987657e-02  -2.7596170e-03   7.7036422e-04  -3.6161312e-03   1.8311643e-02   1.4692984e-01   1.6799880e-03   7.6154860e-06   5.9346103e-07   1.3076405e-05  -8.2624700e-03   3.0244600e-03  -2.8827710e-03   1.1297740e-04   2.8138068e-04   2.0539770e-04   6.8268411e-05   9.1473583e-06   8.3103686e-06   1.2763893e-08   7.9175087e-08   4.2188215e-08
   1.0000000e+00  -1.1941286e-01  -3.6819862e-01  -5.2690946e-02  -3.0367375e-03   4.0772118e-04  -3.6541858e-03   1.4259431e-02   1.3557022e-01   2.7763358e-03   9.2217746e-06   1.6623656e-07   1.3353074e-05   1.5907660e-02   1.5115660e-02  -1.1703289e-02  -2.7712050e-04  -3.6264304e-04  -3.8054600e-05   2.5305365e-04   2.2848318e-04   1.3696697e-04   7.6795772e-08   1.3150997e-07   1.4481526e-09
   1.0000000e+00  -1.6161024e-01  -4.0355452e-01  -1.8982162e-02  -3.3718393e-03   1.4257298e-03  -4.4548398e-03   2.6117870e-02   1.6285625e-01   3.6032247e-04   1.1369300e-05   2.0327055e-06   1.9845598e-05  -4.2197380e-02  -3.5355900e-02   3.3708784e-02  -3.3510180e-04   1.0180086e-03  -8.0065400e-04   1.7806189e-03   1.2500397e-03   1.1362821e-03   1.1229322e-07   1.0363416e-06   6.4104683e-07
   1.0000000e+00  -1.4421178e-01  -3.8794035e-01  -6.6602109e-02  -2.9350386e-03   1.1070713e-03  -4.1799924e-03   2.0797037e-02   1.5049772e-01   4.4358409e-03   8.6144516e-06   1.2256069e-06   1.7472336e-05   1.7398460e-02   1.5614170e-02  -4.7619947e-02   4.3680070e-04  -3.1865850e-04   2.7484740e-04   3.0270641e-04   2.4380230e-04   2.2676594e-03   1.9079485e-07   1.0154324e-07   7.5541093e-08
   1.0000000e+00  -1.5618119e-01  -3.7196313e-01  -5.2103525e-02  -2.8354674e-03   1.1162157e-03  -4.2482225e-03   2.4392564e-02   1.3835657e-01   2.7147773e-03   8.0398754e-06   1.2459375e-06   1.8047394e-05  -1.1969410e-02   1.5977220e-02   1.4498584e-02   9.9571200e-05   9.1444000e-06  -6.8230100e-05   1.4326678e-04   2.5527156e-04   2.1020894e-04   9.9144239e-09   8.3620051e-11   4.6553465e-09
   1.0000000e+00  -1.1909161e-01  -3.5815992e-01  -5.4334228e-02  -3.1153232e-03   5.1917406e-04  -3.4282549e-03   1.4182812e-02   1.2827853e-01   2.9522083e-03   9.7052386e-06   2.6954170e-07   1.1752932e-05   3.7089580e-02   1.3803210e-02  -2.2307030e-03  -2.7985580e-04  -5.9704164e-04   8.1996760e-04   1.3756369e-03   1.9052861e-04   4.9760359e-06   7.8319269e-08   3.5645872e-07   6.7234687e-07
   1.0000000e+00  -1.2824776e-01  -3.5100814e-01  -2.1870612e-02  -3.4470373e-03   3.8395308e-04  -3.4349521e-03   1.6447488e-02   1.2320671e-01   4.7832367e-04   1.1882066e-05   1.4741997e-07   1.1798896e-05  -9.1561500e-03   7.1517800e-03   3.2463616e-02  -3.3171410e-04  -1.3522098e-04  -6.6972000e-06   8.3835083e-05   5.1147957e-05   1.0538864e-03   1.1003424e-07   1.8284713e-08   4.4852488e-11
   1.0000000e+00  -1.4020366e-01  -3.8345698e-01  -6.2264759e-02  -3.1055117e-03   4.8839437e-04  -3.7765523e-03   1.9657066e-02   1.4703926e-01   3.8769002e-03   9.6442029e-06   2.3852906e-07   1.4262347e-05  -1.1955900e-02  -3.2448840e-02  -4.0394147e-02   3.4152560e-04   1.0444129e-04  -3.4160020e-04   1.4294354e-04   1.0529272e-03   1.6316871e-03   1.1663974e-07   1.0907983e-08   1.1669070e-07
   1.0000000e+00  -1.4520427e-01  -3.7919570e-01  -2.2403436e-02  -3.4324542e-03   1.0151991e-03  -3.9544583e-03   2.1084280e-02   1.4378938e-01   5.0191394e-04   1.1781742e-05   1.0306292e-06   1.5637740e-05  -5.0006100e-03   4.2612800e-03   3.9861323e-02  -3.2694250e-04   5.2680473e-04  -1.7790600e-04   2.5006100e-05   1.8158507e-05   1.5889251e-03   1.0689140e-07   2.7752322e-07   3.1650545e-08
   1.0000000e+00  -1.6573479e-01  -4.2177961e-01  -2.2195438e-02  -3.5921134e-03   1.5541992e-03  -4.4446835e-03   2.7468021e-02   1.7789804e-01   4.9263747e-04   1.2903279e-05   2.4155352e-06   1.9755211e-05  -2.0530520e-02  -4.2583910e-02   2.0799800e-04  -1.5965920e-04   5.3900010e-04  -4.9022520e-04   4.2150225e-04   1.8133894e-03   4.3263168e-08   2.5491060e-08   2.9052111e-07   2.4032075e-07
   1.0000000e+00  -1.5191449e-01  -4.0558742e-01  -3.2344673e-02  -2.5880964e-03   1.2059802e-03  -3.8758841e-03   2.3078012e-02   1.6450116e-01   1.0461779e-03   6.6982430e-06   1.4543882e-06   1.5022478e-05   1.3820300e-02   1.6192190e-02  -1.0149235e-02   1.0040170e-03  -3.4821900e-04   5.6879940e-04   1.9100069e-04   2.6218702e-04   1.0300697e-04   1.0080501e-06   1.2125647e-07   3.2353276e-07
   1.0000000e+00  -1.5648648e-01  -4.1840732e-01  -4.3648105e-02  -2.4614754e-03   1.7177854e-03  -4.2200674e-03   2.4488018e-02   1.7506469e-01   1.9051571e-03   6.0588611e-06   2.9507867e-06   1.7808969e-05  -4.5719900e-03  -1.2819900e-02  -1.1303432e-02   1.2662100e-04   5.1180520e-04  -3.4418330e-04   2.0903093e-05   1.6434984e-04   1.2776757e-04   1.6032878e-08   2.6194456e-07   1.1846214e-07
   1.0000000e+00  -1.2688409e-01  -4.3411005e-01  -2.1773422e-04  -2.6752602e-03   1.0701081e-03  -3.2950638e-03   1.6099572e-02   1.8845154e-01   4.7408191e-08   7.1570171e-06   1.1451313e-06   1.0857445e-05   2.9602390e-02  -1.5702730e-02   4.3430371e-02  -2.1378480e-04  -6.4767730e-04   9.2500360e-04   8.7630149e-04   2.4657573e-04   1.8861971e-03   4.5703941e-08   4.1948588e-07   8.5563166e-07
   1.0000000e+00  -9.7565897e-02  -4.2919800e-01  -3.2042634e-02  -2.2129453e-03   7.7467096e-04  -2.7061997e-03   9.5191043e-03   1.8421092e-01   1.0267304e-03   4.8971269e-06   6.0011510e-07   7.3235168e-06   2.9318193e-02   4.9120500e-03  -3.1824900e-02   4.6231490e-04  -2.9543714e-04   5.8886410e-04   8.5955644e-04   2.4128235e-05   1.0128242e-03   2.1373507e-07   8.7283104e-08   3.4676093e-07
   1.0000000e+00  -9.5922516e-02  -3.9904872e-01  -1.4298912e-02  -2.7332361e-03   8.5766608e-04  -2.6710612e-03   9.2011291e-03   1.5923988e-01   2.0445888e-04   7.4705796e-06   7.3559110e-07   7.1345679e-06   1.6433810e-03   3.0149280e-02   1.7743722e-02  -5.2029080e-04   8.2995120e-05   3.5138500e-05   2.7007011e-06   9.0897908e-04   3.1483967e-04   2.7070252e-07   6.8881899e-09   1.2347142e-09
   1.0000000e+00  -1.0059238e-01  -4.1227393e-01  -2.1536784e-02  -2.5894362e-03   8.9253792e-04  -2.5641917e-03   1.0118827e-02   1.6996979e-01   4.6383307e-04   6.7051798e-06   7.9662394e-07   6.5750791e-06  -4.6698640e-03  -1.3225210e-02  -7.2378720e-03   1.4379990e-04   3.4871840e-05   1.0686950e-04   2.1807630e-05   1.7490618e-04   5.2386791e-05   2.0678411e-08   1.2160452e-09   1.1421090e-08
   1.0000000e+00  -8.8170828e-02  -4.1256061e-01  -1.0557546e-02  -3.0306696e-03   1.0904913e-03  -2.4435124e-03   7.7740949e-03   1.7020626e-01   1.1146178e-04   9.1849582e-06   1.1891713e-06   5.9707528e-06   1.2421552e-02  -2.8668000e-04   1.0979238e-02  -4.4123340e-04   1.9795338e-04   1.2067930e-04   1.5429495e-04   8.2185422e-08   1.2054367e-04   1.9468691e-07   3.9185541e-08   1.4563493e-08
   1.0000000e+00  -1.1819251e-01  -4.4894402e-01   2.3533295e-02  -3.7809547e-03   1.6959801e-03  -3.2866784e-03   1.3969469e-02   2.0155073e-01   5.5381597e-04   1.4295618e-05   2.8763485e-06   1.0802255e-05  -3.0021682e-02  -3.6383410e-02   3.4090841e-02  -7.5028510e-04   6.0548880e-04  -8.4316600e-04   9.0130139e-04   1.3237525e-03   1.1621854e-03   5.6292773e-07   3.6661669e-07   7.1092890e-07
   1.0000000e+00  -1.3863772e-01  -4.3006547e-01   1.3109541e-02  -3.7658458e-03   1.4598562e-03  -3.4772097e-03   1.9220417e-02   1.8495631e-01   1.7186007e-04   1.4181595e-05   2.1311801e-06   1.2090987e-05  -2.0445210e-02   1.8878550e-02  -1.0423754e-02   1.5108900e-05  -2.3612390e-04  -1.9053130e-04   4.1800661e-04   3.5639965e-04   1.0865465e-04   2.2827886e-10   5.5754496e-08   3.6302176e-08
   1.0000000e+00  -1.5160043e-01  -4.4968281e-01  -4.1548227e-02  -2.8341813e-03   1.9242345e-03  -3.8608771e-03   2.2982690e-02   2.0221463e-01   1.7262552e-03   8.0325836e-06   3.7026784e-06   1.4906372e-05  -1.2962710e-02  -1.9617340e-02  -5.4657768e-02   9.3166450e-04   4.6437830e-04  -3.8366740e-04   1.6803185e-04   3.8484003e-04   2.9874716e-03   8.6799874e-07   2.1564721e-07   1.4720067e-07
   1.0000000e+00  -9.5828788e-02  -4.1039671e-01  -4.0393637e-02  -2.3175728e-03   9.2902090e-04  -2.6922828e-03   9.1831566e-03   1.6842546e-01   1.6316459e-03   5.3711437e-06   8.6307983e-07   7.2483867e-06   5.5771642e-02   3.9286100e-02   1.1545900e-03   5.1660850e-04  -9.9521360e-04   1.1685943e-03   3.1104761e-03   1.5433977e-03   1.3330781e-06   2.6688434e-07   9.9045011e-07   1.3656126e-06
   1.0000000e+00  -1.5092914e-01  -4.7420569e-01  -1.5460208e-02  -2.8300518e-03   1.9930436e-03  -4.0598628e-03   2.2779605e-02   2.2487104e-01   2.3901803e-04   8.0091932e-06   3.9722228e-06   1.6482486e-05  -5.5100352e-02  -6.3808980e-02   2.4933429e-02  -5.1247900e-04   1.0640227e-03  -1.3675800e-03   3.0360488e-03   4.0715859e-03   6.2167588e-04   2.6263473e-07   1.1321443e-06   1.8702751e-06
   1.0000000e+00  -1.1663855e-01  -4.3593221e-01  -3.4525671e-02  -1.6278962e-03   1.5106167e-03  -3.1902255e-03   1.3604551e-02   1.9003689e-01   1.1920220e-03   2.6500460e-06   2.2819628e-06   1.0177539e-05   3.4290590e-02   3.8273480e-02  -1.9065463e-02   1.2021556e-03  -4.8242690e-04   8.6963730e-04   1.1758446e-03   1.4648593e-03   3.6349188e-04   1.4451781e-06   2.3273571e-07   7.5626903e-07
   1.0000000e+00  -9.8767634e-02  -4.6831481e-01   8.5144443e-03  -2.4776389e-03   1.4516231e-03  -2.6570412e-03   9.7550455e-03   2.1931876e-01   7.2495762e-05   6.1386945e-06   2.1072096e-06   7.0598679e-06   1.7870916e-02  -3.2382600e-02   4.3040115e-02  -8.4974270e-04  -5.8993600e-05   5.3318430e-04   3.1936964e-04   1.0486328e-03   1.8524515e-03   7.2206266e-07   3.4802448e-09   2.8428550e-07
   1.0000000e+00  -6.8844448e-02  -4.4282387e-01  -1.2143066e-02  -2.2168109e-03   1.2906839e-03  -2.2207492e-03   4.7395580e-03   1.9609298e-01   1.4745405e-04   4.9142506e-06   1.6658649e-06   4.9317270e-06   2.9923186e-02   2.5490940e-02  -2.0657510e-02   2.6082800e-04  -1.6093920e-04   4.3629200e-04   8.9539706e-04   6.4978802e-04   4.2673273e-04   6.8031246e-08   2.5901426e-08   1.9035071e-07
   1.0000000e+00  -7.6491671e-02  -4.5315260e-01  -2.6410586e-02  -2.4991441e-03   1.1635774e-03  -2.3683358e-03   5.8509757e-03   2.0534728e-01   6.9751905e-04   6.2457212e-06   1.3539124e-06   5.6090145e-06  -7.6472230e-03  -1.0328730e-02  -1.4267520e-02  -2.8233320e-04  -1.2710650e-04  -1.4758660e-04   5.8480020e-05   1.0668266e-04   2.0356213e-04   7.9712036e-08   1.6156062e-08   2.1781804e-08
   1.0000000e+00  -5.4333025e-02  -4.1824452e-01  -4.1467578e-02  -2.2205857e-03   9.2330139e-04  -1.9741368e-03   2.9520776e-03   1.7492848e-01   1.7195600e-03   4.9310009e-06   8.5248546e-07   3.8972161e-06   2.2158646e-02   3.4908080e-02  -1.5056992e-02   2.7855840e-04  -2.4027601e-04   3.9419900e-04   4.9100559e-04   1.2185740e-03   2.2671301e-04   7.7594782e-08   5.7732561e-08   1.5539285e-07
   1.0000000e+00  -7.7101486e-02  -4.6711045e-01  -1.4812694e-02  -2.7465445e-03   1.1877049e-03  -2.1288346e-03   5.9446391e-03   2.1819217e-01   2.1941590e-04   7.5435067e-06   1.4106429e-06   4.5319368e-06  -2.2768461e-02  -4.8865930e-02   2.6654884e-02  -5.2595880e-04   2.6440351e-04  -1.5469780e-04   5.1840282e-04   2.3878791e-03   7.1048284e-04   2.7663266e-07   6.9909216e-08   2.3931409e-08
   1.0000000e+00  -6.6332516e-02  -4.4702335e-01  -5.8707845e-02  -2.0189689e-03   8.9028216e-04  -2.1614107e-03   4.4000027e-03   1.9982988e-01   3.4466111e-03   4.0762354e-06   7.9260232e-07   4.6716962e-06   1.0768970e-02   2.0087100e-02  -4.3895151e-02   7.2757560e-04  -2.9742274e-04  -3.2576100e-05   1.1597071e-04   4.0349159e-04   1.9267843e-03   5.2936625e-07   8.8460286e-08   1.0612023e-09
   1.0000000e+00  -8.9682803e-02  -4.8515044e-01  -6.1210941e-04  -3.0380251e-03   1.2998742e-03  -2.3668261e-03   8.0430052e-03   2.3537095e-01   3.7467793e-07   9.2295965e-06   1.6896729e-06   5.6018658e-06  -2.3350287e-02  -3.8127090e-02   5.8095736e-02  -1.0190562e-03   4.0959204e-04  -2.0541540e-04   5.4523590e-04   1.4536750e-03   3.3751145e-03   1.0384755e-06   1.6776564e-07   4.2195487e-08
   1.0000000e+00  -6.1936619e-02  -4.5091721e-01  -6.6265634e-02  -1.6752745e-03   1.4887767e-03  -1.8971072e-03   3.8361448e-03   2.0332633e-01   4.3911342e-03   2.8065447e-06   2.2164561e-06   3.5990157e-06   2.7746184e-02   3.4233230e-02  -6.5653525e-02   1.3627506e-03   1.8890250e-04   4.6971890e-04   7.6985073e-04   1.1719140e-03   4.3103853e-03   1.8570892e-06   3.5684155e-08   2.2063585e-07
   1.0000000e+00  -6.1276917e-02  -4.3600892e-01  -2.0499366e-02  -2.1548822e-03   1.7228167e-03  -1.8507628e-03   3.7548606e-03   1.9010378e-01   4.2022401e-04   4.6435173e-06   2.9680974e-06   3.4253229e-06   6.5970200e-04   1.4908290e-02   4.5766268e-02  -4.7960770e-04   2.3404000e-04   4.6344400e-05   4.3520673e-07   2.2225711e-04   2.0945513e-03   2.3002355e-07   5.4774722e-08   2.1478034e-09
   1.0000000e+00  -5.9509489e-02  -4.5170240e-01  -2.6486444e-02  -2.4454155e-03   1.3687474e-03  -2.0372573e-03   3.5413793e-03   2.0403506e-01   7.0153172e-04   5.9800570e-06   1.8734694e-06   4.1504173e-06   1.7674280e-03  -1.5693480e-02  -5.9870780e-03  -2.9053330e-04  -3.5406930e-04  -1.8649450e-04   3.1238017e-06   2.4628531e-04   3.5845103e-05   8.4409598e-08   1.2536507e-07   3.4780199e-08
   1.0000000e+00  -5.4613102e-02  -4.2461430e-01  -3.3875509e-02  -2.0615388e-03   1.8922751e-03  -1.6571435e-03   2.9825909e-03   1.8029730e-01   1.1475501e-03   4.2499422e-06   3.5807051e-06   2.7461246e-06   4.8963870e-03   2.7088100e-02  -7.3890650e-03   3.8387670e-04   5.2352770e-04   3.8011380e-04   2.3974606e-05   7.3376516e-04   5.4598282e-05   1.4736132e-07   2.7408125e-07   1.4448650e-07
   1.0000000e+00  -3.5073490e-02  -4.4615903e-01  -6.0945600e-02  -1.8226706e-03   1.7779946e-03  -1.4784278e-03   1.2301497e-03   1.9905788e-01   3.7143662e-03   3.3221281e-06   3.1612648e-06   2.1857488e-06   1.9539612e-02  -2.1544730e-02  -2.7070091e-02   2.3886820e-04  -1.1428050e-04   1.7871570e-04   3.8179644e-04   4.6417539e-04   7.3278983e-04   5.7058017e-08   1.3060033e-08   3.1939301e-08
   1.0000000e+00  -3.1649941e-02  -4.4759320e-01  -3.5594430e-02  -1.9121812e-03   1.6186946e-03  -1.3222634e-03   1.0017188e-03   2.0033967e-01   1.2669634e-03   3.6564369e-06   2.6201722e-06   1.7483805e-06   3.4235490e-03  -1.4341700e-03   2.5351170e-02  -8.9510600e-05  -1.5930000e-04   1.5616440e-04   1.1720688e-05   2.0568436e-06   6.4268182e-04   8.0121475e-09   2.5376490e-08   2.4387320e-08
   1.0000000e+00  -2.4505105e-02  -4.6299140e-01  -4.4623475e-02  -2.4210828e-03   1.3354002e-03  -1.3271875e-03   6.0050017e-04   2.1436104e-01   1.9912545e-03   5.8616419e-06   1.7832937e-06   1.7614267e-06   7.1448360e-03  -1.5398200e-02  -9.0290450e-03  -5.0890160e-04  -2.8329440e-04  -4.9241000e-06   5.1048681e-05   2.3710456e-04   8.1523654e-05   2.5898084e-07   8.0255717e-08   2.4246761e-11
   1.0000000e+00  -5.3014077e-02  -4.8414194e-01   1.1166531e-02  -2.8614001e-03   1.3128642e-03  -2.0020370e-03   2.8104924e-03   2.3439342e-01   1.2469141e-04   8.1876105e-06   1.7236124e-06   4.0081521e-06  -2.8508972e-02  -2.1150540e-02   5.5790006e-02  -4.4031730e-04  -2.2536000e-05  -6.7484950e-04   8.1276148e-04   4.4734534e-04   3.1125248e-03   1.9387932e-07   5.0787130e-10   4.5542185e-07
   1.0000000e+00  -1.0374035e-01  -5.3411471e-01   2.1442927e-02  -3.4093309e-03   1.3278483e-03  -3.0473872e-03   1.0762060e-02   2.8527852e-01   4.5979912e-04   1.1623537e-05   1.7631811e-06   9.2865687e-06  -5.0726273e-02  -4.9972770e-02   1.0276396e-02  -5.4793080e-04   1.4984100e-05  -1.0453502e-03   2.5731548e-03   2.4972777e-03   1.0560431e-04   3.0022816e-07   2.2452325e-10   1.0927570e-06
   1.0000000e+00  -8.6982573e-02  -5.0205557e-01  -1.0284173e-02  -2.6033674e-03   9.3717671e-04  -2.7218733e-03   7.5659680e-03   2.5205980e-01   1.0576421e-04   6.7775218e-06   8.7830019e-07   7.4085943e-06   1.6757777e-02   3.2059140e-02  -3.1727100e-02   8.0596350e-04  -3.9067159e-04   3.2551390e-04   2.8082309e-04   1.0277885e-03   1.0066089e-03   6.4957716e-07   1.5262429e-07   1.0595930e-07
   1.0000000e+00  -1.2164655e-01  -5.2430233e-01   1.4665208e-02  -2.8114485e-03   1.7630844e-03  -3.6255724e-03   1.4797883e-02   2.7489293e-01   2.1506833e-04   7.9042427e-06   3.1084666e-06   1.3144775e-05  -3.4663977e-02  -2.2246760e-02   2.4949381e-02  -2.0808110e-04   8.2590769e-04  -9.0369910e-04   1.2015913e-03   4.9491833e-04   6.2247161e-04   4.3297744e-08   6.8212351e-07   8.1667206e-07
   1.0000000e+00  -9.5721240e-02  -5.4095896e-01  -1.7322782e-02  -2.1686383e-03   1.0248177e-03  -3.1339653e-03   9.1625558e-03   2.9263660e-01   3.0007878e-04   4.7029921e-06   1.0502513e-06   9.8217385e-06   2.5925310e-02  -1.6656630e-02  -3.1987990e-02   6.4281020e-04  -7.3826670e-04   4.9160710e-04   6.7212170e-04   2.7744332e-04   1.0232315e-03   4.1320495e-07   5.4503772e-07   2.4167754e-07
   1.0000000e+00  -1.0380947e-01  -4.9127686e-01  -2.1743035e-02  -1.6702550e-03   1.3462747e-03  -2.9760377e-03   1.0776406e-02   2.4135295e-01   4.7275957e-04   2.7897518e-06   1.8124556e-06   8.8568004e-06  -8.0882300e-03   4.9682100e-02  -4.4202530e-03   4.9838330e-04   3.2145700e-04   1.5792760e-04   6.5419465e-05   2.4683111e-03   1.9538637e-05   2.4838591e-07   1.0333460e-07   2.4941127e-08
   1.0000000e+00  -1.1197887e-01  -5.2447396e-01  -3.8427659e-02  -1.9677742e-03   1.6298525e-03  -3.4352088e-03   1.2539267e-02   2.7507293e-01   1.4766850e-03   3.8721353e-06   2.6564192e-06   1.1800659e-05  -8.1694000e-03  -3.3197100e-02  -1.6684624e-02  -2.9751920e-04   2.8357780e-04  -4.5917110e-04   6.6739096e-05   1.1020474e-03   2.7837668e-04   8.8517674e-08   8.0416369e-08   2.1083810e-07
   1.0000000e+00  -1.0339204e-01  -4.9103400e-01  -2.1034593e-02  -1.6684976e-03   1.3946510e-03  -2.9904043e-03   1.0689914e-02   2.4111439e-01   4.4245410e-04   2.7838842e-06   1.9450514e-06   8.9425179e-06   8.5868300e-03   3.3439960e-02   1.7393066e-02   2.9927660e-04  -2.3520150e-04   4.4480450e-04   7.3733649e-05   1.1182309e-03   3.0251874e-04   8.9566483e-08   5.5319746e-08   1.9785104e-07
   1.0000000e+00  -1.2963434e-01  -5.5509506e-01  -2.0211300e-02  -2.4563151e-03   1.9070300e-03  -3.7558898e-03   1.6805062e-02   3.0813053e-01   4.0849665e-04   6.0334839e-06   3.6367634e-06   1.4106708e-05  -2.6242300e-02  -6.4061060e-02   8.2329300e-04  -7.8781750e-04   5.1237900e-04  -7.6548550e-04   6.8865831e-04   4.1038194e-03   6.7781136e-07   6.2065641e-07   2.6253224e-07   5.8596805e-07
   1.0000000e+00  -9.6920168e-02  -5.0892981e-01   2.2570429e-03  -2.3886184e-03   1.0380118e-03  -3.0133440e-03   9.3935190e-03   2.5900955e-01   5.0942427e-06   5.7054979e-06   1.0774685e-06   9.0802421e-06   3.2714172e-02   4.6165250e-02   2.2468343e-02   6.7696700e-05  -8.6901820e-04   7.4254580e-04   1.0702170e-03   2.1312303e-03   5.0482643e-04   4.5828432e-09   7.5519263e-07   5.5137427e-07
   1.0000000e+00  -1.2264379e-01  -5.5811028e-01   2.1484139e-02  -3.0839777e-03   1.3740554e-03  -3.4424425e-03   1.5041499e-02   3.1148708e-01   4.6156823e-04   9.5109185e-06   1.8880282e-06   1.1850410e-05  -2.5723622e-02  -4.9180470e-02   1.9227096e-02  -6.9535930e-04   3.3604360e-04  -4.2909850e-04   6.6170473e-04   2.4187186e-03   3.6968122e-04   4.8352456e-07   1.1292530e-07   1.8412552e-07
   1.0000000e+00  -1.0152313e-01  -5.6989500e-01   2.5938550e-02  -3.1074049e-03   8.4739097e-04  -3.3329450e-03   1.0306946e-02   3.2478031e-01   6.7280838e-04   9.6559652e-06   7.1807146e-07   1.1108522e-05   2.1120660e-02  -1.1784720e-02   4.4544110e-03  -2.3427200e-05  -5.2666443e-04   1.0949750e-04   4.4608228e-04   1.3887963e-04   1.9841777e-05   5.4883370e-10   2.7737542e-07   1.1989703e-08
   1.0000000e+00  -1.0910503e-01  -5.7833551e-01   8.0525540e-02  -3.8581962e-03   7.9234473e-04  -3.4314113e-03   1.1903908e-02   3.3447196e-01   6.4843626e-03   1.4885678e-05   6.2781017e-07   1.1774584e-05  -7.5819000e-03  -8.4405100e-03   5.4586990e-02  -7.5079130e-04  -5.5046240e-05  -9.8466300e-05   5.7485208e-05   7.1242209e-05   2.9797395e-03   5.6368758e-07   3.0300885e-09   9.6956122e-09
   1.0000000e+00  -1.0312705e-01  -6.1617407e-01   1.4885670e-02  -3.1937560e-03   8.0309654e-04  -3.4682903e-03   1.0635188e-02   3.7967048e-01   2.2158317e-04   1.0200077e-05   6.4496405e-07   1.2029038e-05   5.9779800e-03  -3.7838560e-02  -6.5639870e-02   6.6444020e-04   1.0751810e-05  -3.6879000e-05   3.5736245e-05   1.4317566e-03   4.3085925e-03   4.4148078e-07   1.1560142e-10   1.3600606e-09
   1.0000000e+00  -1.0321620e-01  -5.5639009e-01   2.6006862e-02  -3.0889985e-03   8.4441816e-04  -3.4843851e-03   1.0653584e-02   3.0956993e-01   6.7635687e-04   9.5419117e-06   7.1304203e-07   1.2140940e-05  -8.9150000e-05   5.9783980e-02   1.1121192e-02   1.0475750e-04   4.1321620e-05  -1.6094800e-05   7.9477225e-09   3.5741243e-03   1.2368091e-04   1.0974134e-08   1.7074763e-09   2.5904259e-10
   1.0000000e+00  -1.2313690e-01  -6.3928802e-01   1.9910937e-02  -3.5963818e-03   1.1016331e-03  -3.9056228e-03   1.5162696e-02   4.0868917e-01   3.9644541e-04   1.2933962e-05   1.2135955e-06   1.5253889e-05  -1.9920700e-02  -8.2897930e-02  -6.0959250e-03  -5.0738330e-04   2.5721494e-04  -4.2123770e-04   3.9683429e-04   6.8720668e-03   3.7160302e-05   2.5743781e-07   6.6159525e-08   1.7744120e-07
   1.0000000e+00  -1.0522279e-01  -6.0628401e-01  -6.8831893e-03  -2.8781511e-03   6.9633505e-04  -3.5483644e-03   1.1071836e-02   3.6758030e-01   4.7378295e-05   8.2837538e-06   4.8488250e-07   1.2590890e-05   1.7914110e-02   3.3004010e-02  -2.6794126e-02   7.1823070e-04  -4.0529805e-04   3.5725840e-04   3.2091534e-04   1.0892647e-03   7.1792520e-04   5.1585534e-07   1.6426651e-07   1.2763356e-07
   1.0000000e+00  -1.1780053e-01  -5.6918200e-01   1.1522112e-02  -3.0337828e-03   6.1077430e-04  -3.9077781e-03   1.3876965e-02   3.2396815e-01   1.3275906e-04   9.2038381e-06   3.7304525e-07   1.5270730e-05  -1.2577740e-02   3.7102010e-02   1.8405301e-02  -1.5563170e-04  -8.5560750e-05  -3.5941370e-04   1.5819954e-04   1.3765591e-03   3.3875512e-04   2.4221226e-08   7.3206419e-09   1.2917821e-07
   1.0000000e+00  -1.3603422e-01  -6.1691167e-01   1.1165618e-02  -3.3187412e-03   8.2265947e-04  -4.1222874e-03   1.8505309e-02   3.8058001e-01   1.2467103e-04   1.1014043e-05   6.7676860e-07   1.6993253e-05  -1.8233690e-02  -4.7729670e-02  -3.5649400e-04  -2.8495840e-04   2.1188517e-04  -2.1450930e-04   3.3246745e-04   2.2781214e-03   1.2708797e-07   8.1201290e-08   4.4895325e-08   4.6014240e-08
   1.0000000e+00  -1.3297832e-01  -6.2418340e-01  -3.2184857e-02  -2.5153534e-03   8.0138477e-04  -4.1779123e-03   1.7683234e-02   3.8960492e-01   1.0358650e-03   6.3270027e-06   6.4221755e-07   1.7454951e-05   3.0559000e-03  -7.2717300e-03  -4.3350475e-02   8.0338780e-04  -2.1274700e-05  -5.5624900e-05   9.3385248e-06   5.2878057e-05   1.8792637e-03   6.4543196e-07   4.5261286e-10   3.0941295e-09
   1.0000000e+00  -1.4335681e-01  -5.7084362e-01  -5.1723080e-02  -2.1501669e-03   1.1722563e-03  -4.4149284e-03   2.0551175e-02   3.2586244e-01   2.6752770e-03   4.6232177e-06   1.3741848e-06   1.9491593e-05  -1.0378490e-02   5.3339780e-02  -1.9538223e-02   3.6518650e-04   3.7087153e-04  -2.3701610e-04   1.0771305e-04   2.8451321e-03   3.8174216e-04   1.3336118e-07   1.3754569e-07   5.6176632e-08
   1.0000000e+00  -1.2227549e-01  -5.9176691e-01  -4.2518474e-02  -2.8479554e-03   5.3470350e-04  -3.8241430e-03   1.4951295e-02   3.5018808e-01   1.8078206e-03   8.1108500e-06   2.8590783e-07   1.4624070e-05   2.1081320e-02  -2.0923290e-02   9.2046060e-03  -6.9778850e-04  -6.3755280e-04   5.9078540e-04   4.4442205e-04   4.3778406e-04   8.4724772e-05   4.8690879e-07   4.0647357e-07   3.4902739e-07
   1.0000000e+00  -1.3810070e-01  -5.9206174e-01  -4.0655156e-02  -2.0426085e-03   8.8934385e-04  -4.0047267e-03   1.9071803e-02   3.5053710e-01   1.6528417e-03   4.1722495e-06   7.9093248e-07   1.6037836e-05  -1.5825210e-02  -2.9483000e-04   1.8633180e-03   8.0534690e-04   3.5464035e-04  -1.8058370e-04   2.5043727e-04   8.6924729e-08   3.4719540e-06   6.4858363e-07   1.2576978e-07   3.2610473e-08
   1.0000000e+00  -1.3797240e-01  -5.8342348e-01  -4.2505670e-02  -1.8780772e-03   8.3631595e-04  -3.8593231e-03   1.9036383e-02   3.4038296e-01   1.8067320e-03   3.5271740e-06   6.9942437e-07   1.4894375e-05   1.2830000e-04   8.6382600e-03  -1.8505140e-03   1.6453130e-04  -5.3027900e-05   1.4540360e-04   1.6460890e-08   7.4619536e-05   3.4244021e-06   2.7070549e-08   2.8119582e-09   2.1142207e-08
   1.0000000e+00  -1.3710229e-01  -5.7712876e-01  -6.6509980e-02  -2.1890548e-03   1.1872520e-03  -4.1899920e-03   1.8797038e-02   3.3307761e-01   4.4235774e-03   4.7919609e-06   1.4095673e-06   1.7556033e-05   8.7011000e-04   6.2947200e-03  -2.4004310e-02  -3.1097760e-04   3.5093605e-04  -3.3066890e-04   7.5709141e-07   3.9623500e-05   5.7620690e-04   9.6707068e-08   1.2315611e-07   1.0934192e-07
   1.0000000e+00  -1.0086249e-01  -5.5366322e-01  -7.2566373e-02  -1.2938200e-03   3.4469129e-04  -3.0643114e-03   1.0173242e-02   3.0654296e-01   5.2658785e-03   1.6739702e-06   1.1881209e-07   9.3900044e-06   3.6239800e-02   2.3465540e-02  -6.0563930e-03   8.9523480e-04  -8.4256071e-04   1.1256806e-03   1.3133231e-03   5.5063157e-04   3.6679896e-05   8.0144535e-07   7.0990855e-07   1.2671568e-06
   1.0000000e+00  -1.1132474e-01  -5.7225924e-01  -6.4641413e-02  -1.8287607e-03   7.5729634e-04  -3.2739809e-03   1.2393198e-02   3.2748064e-01   4.1785123e-03   3.3443657e-06   5.7349775e-07   1.0718951e-05  -1.0462250e-02  -1.8596020e-02   7.9249600e-03  -5.3494070e-04   4.1260505e-04  -2.0966950e-04   1.0945868e-04   3.4581196e-04   6.2804991e-05   2.8616155e-07   1.7024293e-07   4.3961299e-08
   1.0000000e+00  -8.7854580e-02  -5.2672386e-01  -9.8108269e-02  -1.1927020e-03   3.3592689e-04  -2.8560199e-03   7.7184272e-03   2.7743802e-01   9.6252324e-03   1.4225381e-06   1.1284688e-07   8.1568497e-06   2.3470160e-02   4.5535380e-02  -3.3466856e-02   6.3605870e-04  -4.2136945e-04   4.1796100e-04   5.5084841e-04   2.0734708e-03   1.1200305e-03   4.0457067e-07   1.7755221e-07   1.7469140e-07
   1.0000000e+00  -1.2317683e-01  -5.6388704e-01  -2.7203038e-02  -2.6746286e-03   9.2707890e-04  -3.3683156e-03   1.5172531e-02   3.1796859e-01   7.4000528e-04   7.1536381e-06   8.5947529e-07   1.1345550e-05  -3.5322250e-02  -3.7163180e-02   7.0905231e-02  -1.4819266e-03   5.9115201e-04  -5.1229570e-04   1.2476613e-03   1.3811019e-03   5.0275518e-03   2.1961064e-06   3.4946070e-07   2.6244688e-07
   1.0000000e+00  -1.2467286e-01  -6.2735964e-01  -1.5486075e-02  -3.1861999e-03   8.3125486e-04  -3.7674914e-03   1.5543322e-02   3.9358012e-01   2.3981852e-04   1.0151870e-05   6.9098464e-07   1.4193991e-05  -1.4960300e-03  -6.3472600e-02   1.1716963e-02  -5.1157130e-04  -9.5824040e-05  -3.9917580e-04   2.2381058e-06   4.0287710e-03   1.3728722e-04   2.6170519e-07   9.1822466e-09   1.5934132e-07
   1.0000000e+00  -1.2591244e-01  -5.7033377e-01  -2.7777846e-02  -2.7222508e-03   8.1981917e-04  -3.4710242e-03   1.5853943e-02   3.2528061e-01   7.7160873e-04   7.4106494e-06   6.7210347e-07   1.2048009e-05  -1.2395800e-03   5.7025870e-02  -1.2291771e-02   4.6394910e-04  -1.1435690e-05   2.9646720e-04   1.5365586e-06   3.2519498e-03   1.5108763e-04   2.1524877e-07   1.3077501e-10   8.7892801e-08
   1.0000000e+00  -1.1932362e-01  -5.7761120e-01  -6.8952738e-02  -2.6892587e-03   9.0661399e-04  -3.5185363e-03   1.4238126e-02   3.3363470e-01   4.7544801e-03   7.2321124e-06   8.2194893e-07   1.2380098e-05   6.5888200e-03  -7.2774300e-03  -4.1174892e-02   3.2992100e-05   8.6794820e-05  -4.7512100e-05   4.3412549e-05   5.2960987e-05   1.6953717e-03   1.0884787e-09   7.5333408e-09   2.2573996e-09
   1.0000000e+00  -1.2013641e-01  -5.4983001e-01  -8.5062439e-02  -1.7067831e-03   1.2785544e-03  -3.4280778e-03   1.4432757e-02   3.0231304e-01   7.2356185e-03   2.9131086e-06   1.6347014e-06   1.1751717e-05  -8.1279000e-04   2.7781190e-02  -1.6109701e-02   9.8247560e-04   3.7194041e-04   9.0458500e-05   6.6062758e-07   7.7179452e-04   2.5952247e-04   9.6525830e-07   1.3833967e-07   8.1827402e-09
   1.0000000e+00  -1.1417454e-01  -5.9167347e-01  -6.7033847e-02  -1.6266264e-03   1.1390312e-03  -3.3414859e-03   1.3035826e-02   3.5007750e-01   4.4935366e-03   2.6459134e-06   1.2973921e-06   1.1165528e-05   5.9618700e-03  -4.1843460e-02   1.8028592e-02   8.0156700e-05  -1.3952320e-04   8.6591900e-05   3.5543894e-05   1.7508751e-03   3.2503013e-04   6.4250966e-09   1.9466723e-08   7.4981571e-09
   1.0000000e+00  -1.1518975e-01  -5.6753172e-01  -6.3882493e-02  -1.8747129e-03   1.0497218e-03  -3.5094455e-03   1.3268679e-02   3.2209225e-01   4.0809729e-03   3.5145485e-06   1.1019159e-06   1.2316208e-05  -1.0152100e-03   2.4141750e-02   3.1513540e-03  -2.4808650e-04  -8.9309400e-05  -1.6795960e-04   1.0306513e-06   5.8282409e-04   9.9310320e-06   6.1546911e-08   7.9761689e-09   2.8210427e-08
   1.0000000e+00  -1.1603215e-01  -6.0429619e-01  -4.9598682e-02  -1.9492261e-03   1.1106312e-03  -3.2235604e-03   1.3463460e-02   3.6517389e-01   2.4600293e-03   3.7994824e-06   1.2335017e-06   1.0391342e-05  -8.4240000e-04  -3.6764470e-02   1.4283811e-02  -7.4513200e-05   6.0909400e-05   2.8588510e-04   7.0963776e-07   1.3516263e-03   2.0402726e-04   5.5522170e-09   3.7099550e-09   8.1730290e-08
   1.0000000e+00  -1.0352413e-01  -5.6580500e-01  -8.6207717e-02  -1.4508592e-03   1.0154429e-03  -3.0496197e-03   1.0717245e-02   3.2013530e-01   7.4317705e-03   2.1049924e-06   1.0311243e-06   9.3001803e-06   1.2508020e-02   3.8491190e-02  -3.6609035e-02   4.9836690e-04  -9.5188300e-05   1.7394070e-04   1.5645056e-04   1.4815717e-03   1.3402214e-03   2.4836957e-07   9.0608125e-09   3.0255367e-08
   1.0000000e+00  -1.1124055e-01  -5.8405119e-01  -5.7911102e-02  -2.1002233e-03   1.4146956e-03  -3.3797254e-03   1.2374460e-02   3.4111579e-01   3.3536957e-03   4.4109379e-06   2.0013636e-06   1.1422544e-05  -7.7164200e-03  -1.8246190e-02   2.8296615e-02  -6.4936410e-04   3.9925270e-04  -3.3010570e-04   5.9543138e-05   3.3292345e-04   8.0069842e-04   4.2167373e-07   1.5940272e-07   1.0896977e-07
   1.0000000e+00  -1.0597318e-01  -5.6207121e-01  -7.6967961e-02  -1.6817632e-03   1.2321035e-03  -3.1779987e-03   1.1230315e-02   3.1592405e-01   5.9240670e-03   2.8283275e-06   1.5180790e-06   1.0099676e-05   5.2673700e-03   2.1979980e-02  -1.9056859e-02   4.1846010e-04  -1.8259210e-04   2.0172670e-04   2.7745187e-05   4.8311952e-04   3.6316387e-04   1.7510886e-07   3.3339875e-08   4.0693661e-08
   1.0000000e+00  -1.3549866e-01  -5.8292506e-01  -5.7140850e-02  -2.1237013e-03   1.7847123e-03  -3.7216172e-03   1.8359887e-02   3.3980163e-01   3.2650767e-03   4.5101072e-06   3.1851980e-06   1.3850435e-05  -2.9525480e-02  -2.0853850e-02   1.9827111e-02  -4.4193810e-04   5.5260880e-04  -5.4361850e-04   8.7175397e-04   4.3488306e-04   3.9311433e-04   1.9530928e-07   3.0537649e-07   2.9552107e-07
   1.0000000e+00  -1.2053463e-01  -5.7307889e-01  -9.5949969e-02  -1.4697714e-03   1.6994030e-03  -3.6236230e-03   1.4528597e-02   3.2841941e-01   9.2063966e-03   2.1602280e-06   2.8879706e-06   1.3130644e-05   1.4964030e-02   9.8461700e-03  -3.8809119e-02   6.5392990e-04  -8.5309300e-05   9.7994200e-05   2.2392219e-04   9.6947064e-05   1.5061477e-03   4.2762431e-07   7.2776767e-09   9.6028632e-09
   1.0000000e+00  -9.8032303e-02  -5.6557210e-01  -1.6212864e-02  -2.6174188e-03   1.5275898e-03  -2.9141015e-03   9.6103324e-03   3.1987180e-01   2.6285696e-04   6.8508812e-06   2.3335306e-06   8.4919876e-06   2.2502327e-02   7.5067900e-03   7.9737105e-02  -1.1476474e-03  -1.7181320e-04   7.0952150e-04   5.0635472e-04   5.6351896e-05   6.3580059e-03   1.3170946e-06   2.9519776e-08   5.0342076e-07
   1.0000000e+00  -6.7915733e-02  -5.9733967e-01  -6.2909048e-02  -1.2512261e-03   2.0906986e-03  -2.2040673e-03   4.6125468e-03   3.5681468e-01   3.9575483e-03   1.5655668e-06   4.3710206e-06   4.8579127e-06   3.0116570e-02  -3.1767570e-02  -4.6696184e-02   1.3661927e-03   5.6310880e-04   7.1003420e-04   9.0700779e-04   1.0091785e-03   2.1805336e-03   1.8664825e-06   3.1709152e-07   5.0414857e-07
   1.0000000e+00  -9.9892046e-02  -6.2253523e-01  -8.6360170e-03  -2.2767259e-03   1.7281541e-03  -2.7709036e-03   9.9784209e-03   3.8755011e-01   7.4580790e-05   5.1834808e-06   2.9865166e-06   7.6779068e-06  -3.1976313e-02  -2.5195560e-02   5.4273031e-02  -1.0254998e-03  -3.6254450e-04  -5.6683630e-04   1.0224846e-03   6.3481624e-04   2.9455619e-03   1.0516498e-06   1.3143851e-07   3.2130339e-07
   1.0000000e+00  -1.1536757e-01  -6.4563526e-01  -2.0379453e-02  -2.4668993e-03   1.7827003e-03  -3.5457666e-03   1.3309676e-02   4.1684489e-01   4.1532210e-04   6.0855922e-06   3.1780204e-06   1.2572461e-05  -1.5475524e-02  -2.3100030e-02  -1.1743436e-02  -1.9017340e-04   5.4546200e-05  -7.7486300e-04   2.3949184e-04   5.3361139e-04   1.3790829e-04   3.6165922e-08   2.9752879e-09   6.0041267e-07
   1.0000000e+00  -1.2023043e-01  -6.3381773e-01   1.8449633e-02  -2.4916923e-03   1.2456990e-03  -3.3680095e-03   1.4455356e-02   4.0172491e-01   3.4038896e-04   6.2085305e-06   1.5517660e-06   1.1343488e-05  -4.8628600e-03   1.1817530e-02   3.8829086e-02  -2.4793000e-05  -5.3700130e-04   1.7775710e-04   2.3647407e-05   1.3965402e-04   1.5076979e-03   6.1469285e-10   2.8837040e-07   3.1597587e-08
   1.0000000e+00  -1.3734765e-01  -6.8504375e-01  -3.4193568e-02  -2.2523930e-03   2.2208054e-03  -4.0625590e-03   1.8864377e-02   4.6928494e-01   1.1692001e-03   5.0732742e-06   4.9319766e-06   1.6504386e-05  -1.7117220e-02  -5.1226020e-02  -5.2643201e-02   2.3929930e-04   9.7510640e-04  -6.9454950e-04   2.9299922e-04   2.6241051e-03   2.7713066e-03   5.7264155e-08   9.5083249e-07   4.8239901e-07
   1.0000000e+00  -1.1814122e-01  -6.1690393e-01  -3.5774317e-02  -1.4718394e-03   1.4587075e-03  -3.5357021e-03   1.3957348e-02   3.8057046e-01   1.2798018e-03   2.1663112e-06   2.1278276e-06   1.2501189e-05   1.9206430e-02   6.8139820e-02  -1.5807490e-03   7.8055360e-04  -7.6209790e-04   5.2685690e-04   3.6888695e-04   4.6430351e-03   2.4987674e-06   6.0926392e-07   5.8079321e-07   2.7757819e-07
   1.0000000e+00  -1.2114394e-01  -6.6464294e-01  -4.1112635e-02  -1.6288762e-03   1.4937887e-03  -3.5479906e-03   1.4675854e-02   4.4175024e-01   1.6902488e-03   2.6532377e-06   2.2314047e-06   1.2588237e-05  -3.0027200e-03  -4.7739010e-02  -5.3383180e-03  -1.5703680e-04   3.5081200e-05  -1.2288500e-05   9.0163274e-06   2.2790131e-03   2.8497639e-05   2.4660557e-08   1.2306906e-09   1.5100723e-10
   1.0000000e+00  -1.1973792e-01  -6.2407083e-01  -5.8113646e-02  -1.0491816e-03   1.9250926e-03  -3.4683920e-03   1.4337169e-02   3.8946440e-01   3.3771959e-03   1.1007820e-06   3.7059815e-06   1.2029743e-05   1.4060200e-03   4.0572110e-02  -1.7001011e-02   5.7969460e-04   4.3130390e-04   7.9598600e-05   1.9768922e-06   1.6460961e-03   2.8903438e-04   3.3604583e-07   1.8602305e-07   6.3359371e-09
   1.0000000e+00  -1.1380757e-01  -6.5433097e-01  -2.4192859e-02  -1.9108164e-03   1.3468112e-03  -3.4575265e-03   1.2952163e-02   4.2814902e-01   5.8529443e-04   3.6512193e-06   1.8139004e-06   1.1954489e-05   5.9303500e-03  -3.0260140e-02   3.3920787e-02  -8.6163480e-04  -5.7828140e-04   1.0865500e-05   3.5169051e-05   9.1567607e-04   1.1506198e-03   7.4241453e-07   3.3440938e-07   1.1805909e-10
   1.0000000e+00  -1.1047693e-01  -6.4902900e-01  -4.8923440e-02  -1.3688949e-03   1.4849145e-03  -3.3815596e-03   1.2205152e-02   4.2123864e-01   2.3935030e-03   1.8738732e-06   2.2049711e-06   1.1434945e-05   3.3306400e-03   5.3019700e-03  -2.4730581e-02   5.4192150e-04   1.3810330e-04   7.5966900e-05   1.1093163e-05   2.8110886e-05   6.1160164e-04   2.9367891e-07   1.9072521e-08   5.7709699e-09
   1.0000000e+00  -1.2804556e-01  -6.2865178e-01  -3.3931488e-02  -1.4861442e-03   1.7711940e-03  -3.3645705e-03   1.6395665e-02   3.9520306e-01   1.1513459e-03   2.2086246e-06   3.1371282e-06   1.1320335e-05  -1.7568630e-02   2.0377220e-02   1.4991952e-02  -1.1724930e-04   2.8627950e-04   1.6989100e-05   3.0865676e-04   4.1523109e-04   2.2475862e-04   1.3747398e-08   8.1955952e-08   2.8862952e-10
   1.0000000e+00  -9.6515115e-02  -6.2227973e-01  -4.7873043e-02  -1.4340882e-03   8.8288804e-04  -2.8996680e-03   9.3151674e-03   3.8723206e-01   2.2918282e-03   2.0566090e-06   7.7949129e-07   8.4080745e-06   3.1530445e-02   6.3720500e-03  -1.3941555e-02   5.2056000e-05  -8.8830596e-04   4.6490250e-04   9.9416896e-04   4.0603021e-05   1.9436696e-04   2.7098271e-09   7.8908748e-07   2.1613433e-07
   1.0000000e+00  -1.1565397e-01  -6.3325022e-01   5.4236223e-02  -3.1454244e-03   1.1256336e-03  -3.1304497e-03   1.3375841e-02   4.0100584e-01   2.9415679e-03   9.8936947e-06   1.2670510e-06   9.7997153e-06  -1.9138855e-02  -1.0970490e-02   1.0210927e-01  -1.7113362e-03   2.4274556e-04  -2.3078170e-04   3.6629577e-04   1.2035165e-04   1.0426302e-02   2.9286716e-06   5.8925407e-08   5.3260193e-08
   1.0000000e+00  -1.2347390e-01  -6.6741106e-01   4.6027559e-02  -3.6992963e-03   1.1179369e-03  -3.3764296e-03   1.5245804e-02   4.4543752e-01   2.1185362e-03   1.3684793e-05   1.2497829e-06   1.1400277e-05  -7.8199300e-03  -3.4160840e-02  -8.2086640e-03  -5.5387190e-04  -7.6967000e-06  -2.4597990e-04   6.1151305e-05   1.1669630e-03   6.7382165e-05   3.0677408e-07   5.9239191e-11   6.0506111e-08
   1.0000000e+00  -1.2707656e-01  -6.2670801e-01   9.9522981e-03  -3.1555254e-03   1.1008976e-03  -3.7685924e-03   1.6148452e-02   3.9276293e-01   9.9048237e-05   9.9573406e-06   1.2119755e-06   1.4202289e-05  -3.6026600e-03   4.0703050e-02  -3.6075261e-02   5.4377090e-04  -1.7039300e-05  -3.9216280e-04   1.2979159e-05   1.6567383e-03   1.3014244e-03   2.9568679e-07   2.9033774e-10   1.5379166e-07
   1.0000000e+00  -1.1327976e-01  -6.4852728e-01  -2.6818378e-02  -2.8775189e-03   1.1903676e-03  -3.4090861e-03   1.2832304e-02   4.2058763e-01   7.1922540e-04   8.2801150e-06   1.4169750e-06   1.1621868e-05   1.3796800e-02  -2.1819270e-02  -3.6770676e-02   2.7800650e-04   8.9470000e-05   3.5950630e-04   1.9035169e-04   4.7608054e-04   1.3520826e-03   7.7287614e-08   8.0048809e-09   1.2924478e-07
   1.0000000e+00  -8.2180137e-02  -6.0969096e-01  -5.7111920e-02  -1.5969955e-03   1.2051731e-03  -2.6202102e-03   6.7535749e-03   3.7172307e-01   3.2617714e-03   2.5503946e-06   1.4524422e-06   6.8655015e-06   3.1099623e-02   3.8836320e-02  -3.0293542e-02   1.2805234e-03   1.4805500e-05   7.8887590e-04   9.6718655e-04   1.5082598e-03   9.1769869e-04   1.6397402e-06   2.1920283e-10   6.2232519e-07
   1.0000000e+00  -1.0038948e-01  -6.3420084e-01  -3.0589808e-02  -2.0214203e-03   1.7912996e-03  -2.9826439e-03   1.0078048e-02   4.0221071e-01   9.3573635e-04   4.0861400e-06   3.2087543e-06   8.8961646e-06  -1.8209343e-02  -2.4509880e-02   2.6522112e-02  -4.2442480e-04   5.8612650e-04  -3.6243370e-04   3.3158017e-04   6.0073422e-04   7.0342242e-04   1.8013641e-07   3.4354427e-07   1.3135819e-07
   1.0000000e+00  -7.4646523e-02  -6.4243675e-01  -2.1827446e-02  -1.5490921e-03   1.4888319e-03  -2.4540637e-03   5.5721034e-03   4.1272498e-01   4.7643740e-04   2.3996863e-06   2.2166204e-06   6.0224286e-06   2.5742957e-02  -8.2359100e-03   8.7623620e-03   4.7232820e-04  -3.0246770e-04   5.2858020e-04   6.6269984e-04   6.7830214e-05   7.6778988e-05   2.2309393e-07   9.1486710e-08   2.7939703e-07
   1.0000000e+00  -1.1148092e-01  -6.8333171e-01   1.1198651e-02  -2.7375977e-03   1.7371672e-03  -3.1336185e-03   1.2427996e-02   4.6694223e-01   1.2540978e-04   7.4944412e-06   3.0177499e-06   9.8195649e-06  -3.6834397e-02  -4.0894960e-02   3.3026097e-02  -1.1885056e-03   2.4833530e-04  -6.7955480e-04   1.3567728e-03   1.6723978e-03   1.0907231e-03   1.4125456e-06   6.1670421e-08   4.6179473e-07
   1.0000000e+00  -1.0658807e-01  -6.4608054e-01  -2.2152894e-02  -2.3499858e-03   1.3267733e-03  -3.2073025e-03   1.1361017e-02   4.1742006e-01   4.9075071e-04   5.5224333e-06   1.7603274e-06   1.0286789e-05   4.8928500e-03   3.7251170e-02  -3.3351545e-02   3.8761190e-04  -4.1039390e-04  -7.3684000e-05   2.3939981e-05   1.3876497e-03   1.1123256e-03   1.5024299e-07   1.6842315e-07   5.4293319e-09
   1.0000000e+00  -1.3580975e-01  -6.8128409e-01   5.5389710e-03  -2.2733628e-03   1.7209420e-03  -3.5508306e-03   1.8444288e-02   4.6414801e-01   3.0680200e-05   5.1681784e-06   2.9616414e-06   1.2608398e-05  -2.9221680e-02  -3.5203550e-02   2.7691865e-02   7.6623000e-05   3.9416870e-04  -3.4352810e-04   8.5390658e-04   1.2392899e-03   7.6683939e-04   5.8710841e-09   1.5536896e-07   1.1801156e-07
   1.0000000e+00  -1.0878013e-01  -7.0883815e-01  -4.3227305e-02  -2.0383528e-03   1.5496503e-03  -3.1808871e-03   1.1833117e-02   5.0245152e-01   1.8685999e-03   4.1548821e-06   2.4014161e-06   1.0118043e-05   2.7029620e-02  -2.7554060e-02  -4.8766276e-02   2.3501000e-04  -1.7129170e-04   3.6994350e-04   7.3060036e-04   7.5922622e-04   2.3781497e-03   5.5229700e-08   2.9340846e-08   1.3685819e-07
   1.0000000e+00  -9.9724038e-02  -6.4920544e-01  -4.9407876e-02  -1.2272924e-03   1.6123007e-03  -2.7940351e-03   9.9448838e-03   4.2146770e-01   2.4411382e-03   1.5062466e-06   2.5995135e-06   7.8066321e-06   9.0560920e-03   5.9632710e-02  -6.1805710e-03   8.1106040e-04   6.2650400e-05   3.8685200e-04   8.2012802e-05   3.5560601e-03   3.8199458e-05   6.5781897e-07   3.9250726e-09   1.4965447e-07
   1.0000000e+00  -1.0496416e-01  -6.8327562e-01  -6.7523485e-02  -1.0353062e-03   1.7507031e-03  -3.0022346e-03   1.1017475e-02   4.6686557e-01   4.5594210e-03   1.0718589e-06   3.0649613e-06   9.0134126e-06  -5.2401220e-03  -3.4070180e-02  -1.8115609e-02   1.9198620e-04   1.3840240e-04  -2.0819950e-04   2.7458879e-05   1.1607772e-03   3.2817529e-04   3.6858701e-08   1.9155224e-08   4.3347032e-08
   1.0000000e+00  -8.9198557e-02  -6.3909706e-01  -7.7512016e-02  -5.7769546e-04   1.2763552e-03  -2.5121912e-03   7.9563826e-03   4.0844505e-01   6.0081126e-03   3.3373204e-07   1.6290826e-06   6.3111046e-06   1.5765603e-02   4.4178560e-02  -9.9885310e-03   4.5761074e-04  -4.7434790e-04   4.9004340e-04   2.4855424e-04   1.9517452e-03   9.9770752e-05   2.0940759e-07   2.2500593e-07   2.4014253e-07
   1.0000000e+00  -9.4650385e-02  -6.7677401e-01  -1.9773082e-02  -1.8583301e-03   1.3508090e-03  -2.7385614e-03   8.9586954e-03   4.5802306e-01   3.9097477e-04   3.4533908e-06   1.8246850e-06   7.4997185e-06  -5.4518280e-03  -3.7676950e-02   5.7738934e-02  -1.2806346e-03   7.4453800e-05  -2.2637020e-04   2.9722429e-05   1.4195526e-03   3.3337845e-03   1.6400251e-06   5.5433683e-09   5.1243467e-08
   1.0000000e+00  -8.7548613e-02  -6.9039893e-01   2.0115220e-03  -2.3857697e-03   1.1184275e-03  -2.5245712e-03   7.6647596e-03   4.7665068e-01   4.0462208e-06   5.6918971e-06   1.2508801e-06   6.3734597e-06   7.1017720e-03  -1.3624920e-02   2.1784604e-02  -5.2743960e-04  -2.3238150e-04   2.1399020e-04   5.0435166e-05   1.8563845e-04   4.7456897e-04   2.7819253e-07   5.4001162e-08   4.5791806e-08
   1.0000000e+00  -7.9378047e-02  -7.0539840e-01   3.7661930e-02  -2.8720080e-03   1.5708476e-03  -2.5344377e-03   6.3008743e-03   4.9758690e-01   1.4184210e-03   8.2484300e-06   2.4675622e-06   6.4233745e-06   8.1705660e-03  -1.4999470e-02   3.5650408e-02  -4.8623830e-04   4.5242010e-04  -9.8665000e-06   6.6758149e-05   2.2498410e-04   1.2709516e-03   2.3642768e-07   2.0468395e-07   9.7347822e-11
   1.0000000e+00  -7.9078376e-02  -6.8114082e-01  -1.1931268e-02  -1.8235732e-03   2.0094297e-03  -2.5742370e-03   6.2533896e-03   4.6395282e-01   1.4235516e-04   3.3254192e-06   4.0378077e-06   6.6266961e-06   2.9967100e-04   2.4257580e-02  -4.9593198e-02   1.0484348e-03   4.3858210e-04  -3.9799300e-05   8.9802708e-08   5.8843019e-04   2.4594853e-03   1.0992155e-06   1.9235426e-07   1.5839843e-09
   1.0000000e+00  -9.0105245e-02  -6.7999762e-01  -1.7376149e-02  -2.1833342e-03   1.9820542e-03  -2.5773108e-03   8.1189552e-03   4.6239676e-01   3.0193055e-04   4.7669482e-06   3.9285389e-06   6.6425310e-06  -1.1026869e-02   1.1432000e-03  -5.4448810e-03  -3.5976100e-04  -2.7375500e-05  -3.0738000e-06   1.2159184e-04   1.3069062e-06   2.9646729e-05   1.2942798e-07   7.4941800e-10   9.4482464e-12
   1.0000000e+00  -9.0738791e-02  -6.8041792e-01  -4.3592592e-02  -2.0411544e-03   1.9317085e-03  -2.8267792e-03   8.2335282e-03   4.6296855e-01   1.9003141e-03   4.1663113e-06   3.7314977e-06   7.9906806e-06  -6.3354600e-04  -4.2030000e-04  -2.6216443e-02   1.4217980e-04  -5.0345700e-05  -2.4946840e-04   4.0138053e-07   1.7665209e-07   6.8730188e-04   2.0215096e-08   2.5346895e-09   6.2234483e-08
   1.0000000e+00  -8.8107487e-02  -6.6141832e-01  -3.3180717e-02  -1.9440698e-03   1.7749525e-03  -2.6573092e-03   7.7629293e-03   4.3747419e-01   1.1009600e-03   3.7794074e-06   3.1504564e-06   7.0612922e-06   2.6313040e-03   1.8999600e-02   1.0411875e-02   9.7084600e-05  -1.5675600e-04   1.6947000e-04   6.9237607e-06   3.6098480e-04   1.0840714e-04   9.4254196e-09   2.4572444e-08   2.8720081e-08
