   1.0000000e+00   0.0000000e+00   0.0000000e+00   0.0000000e+00   0.0000000e+00   0.0000000e+00  -0.0000000e+00   0.0000000e+00   0.0000000e+00   0.0000000e+00   0.0000000e+00   0.0000000e+00   0.0000000e+00   0.0000000e+00   0.0000000e+00   0.0000000e+00   0.0000000e+00   0.0000000e+00   0.0000000e+00   0.0000000e+00   0.0000000e+00   0.0000000e+00   0.0000000e+00   0.0000000e+00   0.0000000e+00
   1.0000000e+00   4.9271234e-03  -3.8883200e-03   1.8050521e-02   5.5057364e-04   1.4457052e-04   2.7911307e-05   2.4276545e-05   1.5119032e-05   3.2582131e-04   3.0313133e-07   2.0900635e-08   7.7904106e-10   4.9271234e-03  -3.8883200e-03   1.8050521e-02   5.5057364e-04   1.4457052e-04   2.7911307e-05   2.4276545e-05   1.5119032e-05   3.2582131e-04   3.0313133e-07   2.0900635e-08   7.7904106e-10
   1.0000000e+00   7.2319206e-03  -3.6092475e-02   2.2255011e-02   6.3558501e-04   2.1417978e-04  -1.6885224e-04   5.2300676e-05   1.3026668e-03   4.9528551e-04   4.0396830e-07   4.5872978e-08   2.8511079e-08   2.3047972e-03  -3.2204155e-02   4.2044900e-03   8.5011370e-05   6.9609260e-05  -1.9676355e-04   5.3120901e-06   1.0371076e-03   1.7677736e-05   7.2269330e-09   4.8454491e-09   3.8715893e-08
   1.0000000e+00   5.6590374e-03   6.5161596e-03   8.7175880e-03   4.2553553e-04  -5.8316634e-06  -3.8028102e-04   3.2024704e-05   4.2460336e-05   7.5996341e-05   1.8108049e-07   3.4008298e-11   1.4461365e-07  -1.5728832e-03   4.2608635e-02  -1.3537423e-02  -2.1004948e-04  -2.2001144e-04  -2.1142878e-04   2.4739616e-06   1.8154957e-03   1.8326182e-04   4.4120784e-08   4.8405035e-08   4.4702129e-08
   1.0000000e+00  -4.9982901e-03  -6.5265843e-03   4.4446500e-03   1.0380498e-03   1.8912816e-04  -3.6936929e-04   2.4982904e-05   4.2596303e-05   1.9754914e-05   1.0775474e-06   3.5769461e-08   1.3643367e-07  -1.0657328e-02  -1.3042744e-02  -4.2729380e-03   6.1251427e-04   1.9495982e-04   1.0911730e-05   1.1357863e-04   1.7011317e-04   1.8257999e-05   3.7517373e-07   3.8009333e-08   1.1906585e-10
   1.0000000e+00  -1.8915992e-04  -1.8091206e-02   9.7285739e-03   1.3035630e-03   3.8430081e-05  -1.6866385e-04   3.5781475e-08   3.2729173e-04   9.4645150e-05   1.6992765e-06   1.4768711e-09   2.8447494e-08   4.8091302e-03  -1.1564622e-02   5.2839239e-03   2.6551320e-04  -1.5069808e-04   2.0070544e-04   2.3127733e-05   1.3374048e-04   2.7919852e-05   7.0497259e-08   2.2709911e-08   4.0282674e-08
   1.0000000e+00   3.8385159e-04   4.5459685e-03   1.0046890e-02   3.6745092e-04   7.0036164e-05   1.0675616e-04   1.4734204e-07   2.0665830e-05   1.0094000e-04   1.3502018e-07   4.9050643e-09   1.1396878e-08   5.7301151e-04   2.2637174e-02   3.1831610e-04  -9.3611208e-04   3.1606083e-05   2.7542001e-04   3.2834219e-07   5.1244167e-04   1.0132514e-07   8.7630583e-07   9.9894448e-10   7.5856182e-08
   1.0000000e+00  -1.5832350e-02  -5.1934467e-02   2.5916270e-02   4.5859471e-04   1.5045533e-04  -3.0858619e-04   2.5066331e-04   2.6971889e-03   6.7165305e-04   2.1030911e-07   2.2636806e-08   9.5225437e-08  -1.6216202e-02  -5.6480435e-02   1.5869380e-02   9.1143790e-05   8.0419166e-05  -4.1534235e-04   2.6296519e-04   3.1900396e-03   2.5183722e-04   8.3071905e-09   6.4672423e-09   1.7250927e-07
   1.0000000e+00   5.0333869e-04  -7.5566819e-02   8.0479965e-02  -1.0060193e-03  -3.9753889e-04  -2.9904515e-04   2.5334984e-07   5.7103441e-03   6.4770248e-03   1.0120748e-06   1.5803717e-07   8.9428002e-08   1.6335689e-02  -2.3632352e-02   5.4563695e-02  -1.4646140e-03  -5.4799422e-04   9.5410400e-06   2.6685472e-04   5.5848806e-04   2.9771968e-03   2.1450942e-06   3.0029767e-07   9.1031444e-11
   1.0000000e+00   1.6222269e-02  -5.5052243e-02   6.5399364e-02  -7.4733652e-04  -5.3917737e-04   2.8795210e-05   2.6316201e-04   3.0307495e-03   4.2770768e-03   5.5851187e-07   2.9071224e-07   8.2916412e-10   1.5718930e-02   2.0514576e-02  -1.5080601e-02   2.5868278e-04  -1.4163848e-04   3.2784036e-04   2.4708477e-04   4.2084783e-04   2.2742453e-04   6.6916781e-08   2.0061459e-08   1.0747930e-07
   1.0000000e+00   1.5050725e-02  -8.2211701e-02   5.4398422e-02   3.6032946e-06  -5.4734718e-04  -1.6428620e-04   2.2652432e-04   6.7587638e-03   2.9591883e-03   1.2983732e-11   2.9958894e-07   2.6989956e-08  -1.1715440e-03  -2.7159458e-02  -1.1000942e-02   7.5093981e-04  -8.1698100e-06  -1.9308141e-04   1.3725153e-06   7.3763616e-04   1.2102072e-04   5.6391061e-07   6.6745795e-11   3.7280431e-08
   1.0000000e+00   1.6007394e-02  -1.2907151e-01   5.5497920e-02  -2.1978388e-04  -3.3834476e-04  -1.7297720e-05   2.5623666e-04   1.6659455e-02   3.0800191e-03   4.8304954e-08   1.1447718e-07   2.9921112e-10   9.5666900e-04  -4.6859809e-02   1.0994980e-03  -2.2338717e-04   2.0900242e-04   1.4698848e-04   9.1521558e-07   2.1958417e-03   1.2088959e-06   4.9901830e-08   4.3682012e-08   2.1605613e-08
   1.0000000e+00   6.8118422e-03  -1.0445650e-01   4.6310280e-02  -8.5250608e-04  -5.1340503e-04  -1.4843749e-04   4.6401194e-05   1.0911160e-02   2.1446420e-03   7.2676662e-07   2.6358472e-07   2.2033688e-08  -9.1955518e-03   2.4615010e-02  -9.1876400e-03  -6.3272220e-04  -1.7506027e-04  -1.3113977e-04   8.4558173e-05   6.0589872e-04   8.4412729e-05   4.0033738e-07   3.0646098e-08   1.7197639e-08
   1.0000000e+00   9.2433189e-03  -1.2460638e-01   6.8493166e-02  -3.1566270e-04  -6.8575849e-04  -2.7988148e-04   8.5438944e-05   1.5526750e-02   4.6913138e-03   9.9642940e-08   4.7026471e-07   7.8333643e-08   2.4314767e-03  -2.0149880e-02   2.2182886e-02   5.3684338e-04  -1.7235346e-04  -1.3144399e-04   5.9120789e-06   4.0601766e-04   4.9208043e-04   2.8820081e-07   2.9705715e-08   1.7277523e-08
   1.0000000e+00   1.1616434e-02  -1.3331736e-01   8.3948665e-02  -7.4057659e-04  -5.6320034e-04  -2.2454459e-04   1.3494154e-04   1.7773518e-02   7.0473784e-03   5.4845369e-07   3.1719462e-07   5.0420273e-08   2.3731151e-03  -8.7109800e-03   1.5455499e-02  -4.2491389e-04   1.2255815e-04   5.5336890e-05   5.6316753e-06   7.5881173e-05   2.3887245e-04   1.8055181e-07   1.5020500e-08   3.0621714e-09
   1.0000000e+00   9.5168503e-03  -1.5406165e-01   9.4597354e-02  -1.3896103e-03  -5.2350738e-04  -7.8723614e-05   9.0570440e-05   2.3734992e-02   8.9486594e-03   1.9310168e-06   2.7405998e-07   6.1974074e-09  -2.0995837e-03  -2.0744290e-02   1.0648689e-02  -6.4903371e-04   3.9692960e-05   1.4582098e-04   4.4082517e-06   4.3032557e-04   1.1339458e-04   4.2124476e-07   1.5755311e-09   2.1263757e-08
   1.0000000e+00   1.9387165e-02  -1.5433243e-01   1.0978262e-01  -1.4320074e-03  -7.5986274e-04  -3.7970810e-05   3.7586217e-04   2.3818499e-02   1.2052224e-02   2.0506452e-06   5.7739138e-07   1.4417824e-09   9.8703147e-03  -2.7078000e-04   1.5185266e-02  -4.2397100e-05  -2.3635536e-04   4.0752804e-05   9.7423112e-05   7.3321808e-08   2.3059230e-04   1.7975141e-09   5.5863856e-08   1.6607910e-09
   1.0000000e+00   2.8815519e-02  -1.3005923e-01   8.4257899e-02  -9.3215001e-04  -9.2340296e-04  -2.1758547e-05   8.3033414e-04   1.6915403e-02   7.0993935e-03   8.6890364e-07   8.5267303e-07   4.7343437e-10   9.4283540e-03   2.4273200e-02  -2.5524721e-02   4.9985739e-04  -1.6354022e-04   1.6212263e-05   8.8893859e-05   5.8918824e-04   6.5151138e-04   2.4985741e-07   2.6745404e-08   2.6283747e-10
   1.0000000e+00   2.5181604e-02  -1.5239536e-01   9.0182136e-02  -7.2090691e-04  -8.8204294e-04  -4.0265751e-05   6.3411318e-04   2.3224346e-02   8.1328177e-03   5.1970677e-07   7.7799975e-07   1.6213307e-09  -3.6339150e-03  -2.2336130e-02   5.9242370e-03   2.1124310e-04   4.1360020e-05  -1.8507204e-05   1.3205338e-05   4.9890270e-04   3.5096584e-05   4.4623647e-08   1.7106513e-09   3.4251660e-10
   1.0000000e+00   2.0089563e-02  -1.6699654e-01   8.3625639e-02  -6.9042105e-04  -8.8639832e-04  -2.4946845e-04   4.0359054e-04   2.7887844e-02   6.9932475e-03   4.7668123e-07   7.8570198e-07   6.2234508e-08  -5.0920410e-03  -1.4601180e-02  -6.5564970e-03   3.0485860e-05  -4.3553800e-06  -2.0920270e-04   2.5928882e-05   2.1319446e-04   4.2987653e-05   9.2938766e-10   1.8969335e-11   4.3765769e-08
   1.0000000e+00   2.6131545e-02  -1.6940289e-01   1.0980027e-01  -1.8644670e-03  -1.0734668e-03  -1.4543824e-04   6.8285764e-04   2.8697339e-02   1.2056099e-02   3.4762372e-06   1.1523310e-06   2.1152282e-08   6.0419820e-03  -2.4063500e-03   2.6174631e-02  -1.1740459e-03  -1.8706848e-04   1.0403021e-04   3.6505546e-05   5.7905203e-06   6.8511131e-04   1.3783839e-06   3.4994616e-08   1.0822285e-08
   1.0000000e+00   2.2481949e-02  -1.4416599e-01   5.8636239e-02  -8.3164092e-04  -8.7908074e-04  -1.4748917e-04   5.0543803e-04   2.0783833e-02   3.4382085e-03   6.9162662e-07   7.7278295e-07   2.1753055e-08  -3.6495960e-03   2.5236900e-02  -5.1164031e-02   1.0328261e-03   1.9438606e-04  -2.0509300e-06   1.3319551e-05   6.3690112e-04   2.6177581e-03   1.0667297e-06   3.7785940e-08   4.2063139e-12
   1.0000000e+00   4.0368039e-02  -1.6017578e-01   6.4026011e-02  -4.5073969e-04  -1.0614701e-03  -1.2842569e-04   1.6295786e-03   2.5656280e-02   4.0993301e-03   2.0316627e-07   1.1267188e-06   1.6493158e-08   1.7886090e-02  -1.6009790e-02   5.3897720e-03   3.8090123e-04  -1.8238936e-04   1.9063480e-05   3.1991222e-04   2.5631338e-04   2.9049642e-05   1.4508575e-07   3.3265879e-08   3.6341627e-10
   1.0000000e+00   3.5684292e-02  -1.4739262e-01   7.3691135e-02  -2.3876302e-03  -1.2980194e-03   2.3347617e-05   1.2733687e-03   2.1724584e-02   5.4303834e-03   5.7007780e-06   1.6848544e-06   5.4511122e-10  -4.6837470e-03   1.2783160e-02   9.6651240e-03  -1.9368905e-03  -2.3654930e-04   1.5177331e-04   2.1937486e-05   1.6340918e-04   9.3414622e-05   3.7515448e-06   5.5955571e-08   2.3035137e-08
   1.0000000e+00   2.9686245e-02  -1.2329915e-01   2.2346705e-02  -1.3541533e-03  -1.3769366e-03  -1.7424885e-04   8.8127314e-04   1.5202680e-02   4.9937522e-04   1.8337312e-06   1.8959544e-06   3.0362662e-08  -5.9980470e-03   2.4093470e-02  -5.1344430e-02   1.0334769e-03  -7.8917200e-05  -1.9759647e-04   3.5976568e-05   5.8049530e-04   2.6362505e-03   1.0680745e-06   6.2279245e-09   3.9044364e-08
   1.0000000e+00   1.0829777e-02  -1.1254536e-01   3.0737964e-02  -1.3438198e-03  -1.0661521e-03  -2.9343262e-04   1.1728407e-04   1.2666458e-02   9.4482243e-04   1.8058517e-06   1.1366803e-06   8.6102702e-08  -1.8856468e-02   1.0753790e-02   8.3912590e-03   1.0333500e-05   3.1078450e-04  -1.1918377e-04   3.5556639e-04   1.1564400e-04   7.0413228e-05   1.0678122e-10   9.6587005e-08   1.4204771e-08
   1.0000000e+00   1.4198251e-02  -1.2009084e-01   2.1436343e-02  -1.3651584e-03  -1.0882600e-03  -9.9951860e-05   2.0159033e-04   1.4421810e-02   4.5951680e-04   1.8636575e-06   1.1843098e-06   9.9903743e-09   3.3684740e-03  -7.5454800e-03  -9.3016210e-03  -2.1338600e-05  -2.2107900e-05   1.9348076e-04   1.1346617e-05   5.6934268e-05   8.6520153e-05   4.5533585e-10   4.8875924e-10   3.7434804e-08
   1.0000000e+00  -2.6516942e-03  -1.3246020e-01  -4.1894894e-03  -1.7347514e-03  -7.8515111e-04  -4.3123276e-04   7.0314821e-06   1.7545705e-02   1.7551821e-05   3.0093624e-06   6.1646227e-07   1.8596169e-07  -1.6849945e-02  -1.2369360e-02  -2.5625832e-02  -3.6959300e-04   3.0310889e-04  -3.3128090e-04   2.8392065e-04   1.5300107e-04   6.5668329e-04   1.3659899e-07   9.1874999e-08   1.0974703e-07
   1.0000000e+00   1.1633831e-03  -1.3097054e-01   2.9432038e-03  -8.4482522e-04  -8.3980992e-04  -5.2183970e-04   1.3534602e-06   1.7153282e-02   8.6624486e-06   7.1372965e-07   7.0528070e-07   2.7231667e-07   3.8150773e-03   1.4896600e-03   7.1326932e-03   8.8992618e-04  -5.4658810e-05  -9.0606940e-05   1.4554815e-05   2.2190869e-06   5.0875312e-05   7.9196861e-07   2.9875855e-09   8.2096176e-09
   1.0000000e+00   1.8322462e-02  -1.4375458e-01   2.5645046e-02  -1.4524790e-03  -1.0345077e-03  -2.3216089e-04   3.3571261e-04   2.0665379e-02   6.5766838e-04   2.1096952e-06   1.0702062e-06   5.3898679e-08   1.7159079e-02  -1.2784040e-02   2.2701842e-02  -6.0765378e-04  -1.9469778e-04   2.8967881e-04   2.9443399e-04   1.6343168e-04   5.1537364e-04   3.6924312e-07   3.7907226e-08   8.3913813e-08
   1.0000000e+00   2.1000651e-02  -1.2845306e-01   1.5705730e-02  -1.8069440e-03  -1.0179040e-03   9.0721699e-05   4.4102734e-04   1.6500189e-02   2.4666995e-04   3.2650466e-06   1.0361286e-06   8.2304267e-09   2.6781890e-03   1.5301520e-02  -9.9393160e-03  -3.5446500e-04   1.6603700e-05   3.2288259e-04   7.1726963e-06   2.3413651e-04   9.8790003e-05   1.2564544e-07   2.7568285e-10   1.0425317e-07
   1.0000000e+00   1.6623040e-02  -1.5532364e-01   4.7305709e-03  -1.3145797e-03  -8.2284315e-04  -4.1232569e-05   2.7632546e-04   2.4125433e-02   2.2378301e-05   1.7281198e-06   6.7707085e-07   1.7001247e-09  -4.3776110e-03  -2.6870580e-02  -1.0975159e-02   4.9236430e-04   1.9506085e-04  -1.3195427e-04   1.9163478e-05   7.2202807e-04   1.2045412e-04   2.4242260e-07   3.8048735e-08   1.7411929e-08
   1.0000000e+00   2.6793607e-02  -1.8809901e-01   2.1063809e-02  -1.8888310e-03  -9.5824560e-04   1.0893192e-04   7.1789738e-04   3.5381238e-02   4.4368405e-04   3.5676825e-06   9.1823463e-07   1.1866163e-08   1.0170567e-02  -3.2775370e-02   1.6333238e-02  -5.7425130e-04  -1.3540245e-04   1.5016449e-04   1.0344043e-04   1.0742249e-03   2.6677467e-04   3.2976456e-07   1.8333823e-08   2.2549374e-08
   1.0000000e+00   3.0236705e-02  -1.9530006e-01   1.0176741e-03  -1.5892114e-03  -1.1580809e-03   5.5363302e-06   9.1425833e-04   3.8142113e-02   1.0356606e-06   2.5255929e-06   1.3411514e-06   3.0650952e-11   3.4430980e-03  -7.2010500e-03  -2.0046135e-02   2.9961960e-04  -1.9983530e-04  -1.0339559e-04   1.1854924e-05   5.1855121e-05   4.0184752e-04   8.9771905e-08   3.9934147e-08   1.0690648e-08
   1.0000000e+00   2.7753401e-02  -2.1656343e-01  -1.9521414e-02  -1.0861245e-03  -1.0152086e-03  -5.2606352e-05   7.7025127e-04   4.6899719e-02   3.8108560e-04   1.1796664e-06   1.0306485e-06   2.7674283e-09  -2.4833040e-03  -2.1263370e-02  -2.0539088e-02   5.0308690e-04   1.4287230e-04  -5.8142682e-05   6.1667988e-06   4.5213090e-04   4.2185414e-04   2.5309643e-07   2.0412494e-08   3.3805715e-09
   1.0000000e+00   3.0251846e-02  -2.1680592e-01  -3.2200884e-02  -1.2088271e-03  -1.0518142e-03  -3.8897719e-05   9.1517419e-04   4.7004807e-02   1.0368969e-03   1.4612630e-06   1.1063131e-06   1.5130325e-09   2.4984450e-03  -2.4249000e-04  -1.2679470e-02  -1.2270260e-04  -3.6605600e-05   1.3708633e-05   6.2422274e-06   5.8801400e-08   1.6076896e-04   1.5055928e-08   1.3399700e-09   1.8792662e-10
   1.0000000e+00   2.8370434e-02  -2.0617469e-01  -3.3219807e-02  -1.5592330e-03  -9.2923478e-04   9.5024317e-06   8.0488153e-04   4.2508003e-02   1.1035556e-03   2.4312075e-06   8.6347728e-07   9.0296208e-11  -1.8814120e-03   1.0631230e-02  -1.0189230e-03  -3.5040590e-04   1.2257942e-04   4.8400151e-05   3.5397111e-06   1.1302305e-04   1.0382041e-06   1.2278429e-07   1.5025714e-08   2.3425746e-09
   1.0000000e+00   2.3675775e-02  -2.2115216e-01  -4.3620612e-02  -1.6958878e-03  -1.1039722e-03  -8.8883595e-05   5.6054232e-04   4.8908278e-02   1.9027578e-03   2.8760354e-06   1.2187546e-06   7.9002935e-09  -4.6946590e-03  -1.4977470e-02  -1.0400805e-02  -1.3665480e-04  -1.7473742e-04  -9.8386027e-05   2.2039823e-05   2.2432461e-04   1.0817674e-04   1.8674534e-08   3.0533166e-08   9.6798102e-09
   1.0000000e+00   1.8833577e-02  -2.2570630e-01  -3.0654239e-02  -7.4386390e-04  -1.0860031e-03  -1.9324483e-04   3.5470362e-04   5.0943334e-02   9.3968237e-04   5.5333350e-07   1.1794027e-06   3.7343564e-08  -4.8421980e-03  -4.5541400e-03   1.2966373e-02   9.5202390e-04   1.7969100e-05  -1.0436124e-04   2.3446881e-05   2.0740191e-05   1.6812683e-04   9.0634951e-07   3.2288855e-10   1.0891267e-08
   1.0000000e+00   1.0971242e-02  -2.4775727e-01  -4.2282820e-02   8.0506069e-05  -9.6618383e-04  -2.7076968e-04   1.2036815e-04   6.1383665e-02   1.7878369e-03   6.4812271e-09   9.3351119e-07   7.3316220e-08  -7.8623350e-03  -2.2050970e-02  -1.1628581e-02   8.2436997e-04   1.1981927e-04  -7.7524850e-05   6.1816312e-05   4.8624528e-04   1.3522390e-04   6.7958585e-07   1.4356657e-08   6.0101024e-09
   1.0000000e+00   2.0266477e-02  -2.5233386e-01  -2.1672523e-02  -1.4173481e-03  -1.2496055e-03  -1.4776180e-04   4.1073009e-04   6.3672377e-02   4.6969825e-04   2.0088756e-06   1.5615139e-06   2.1833550e-08   9.2952350e-03  -4.5765900e-03   2.0610297e-02  -1.4978542e-03  -2.8342167e-04   1.2300788e-04   8.6401394e-05   2.0945176e-05   4.2478434e-04   2.2435671e-06   8.0327843e-08   1.5130939e-08
   1.0000000e+00   1.3655656e-02  -2.2995187e-01  -1.8929390e-03  -1.9132151e-03  -1.0389563e-03  -2.1695161e-04   1.8647694e-04   5.2877863e-02   3.5832181e-06   3.6603920e-06   1.0794302e-06   4.7068001e-08  -6.6108210e-03   2.2381990e-02   1.9779584e-02  -4.9586700e-04   2.1064920e-04  -6.9189810e-05   4.3702954e-05   5.0095348e-04   3.9123194e-04   2.4588408e-07   4.4373085e-08   4.7872298e-09
   1.0000000e+00   1.6023543e-02  -2.2324135e-01  -3.4201985e-02  -8.8383167e-04  -1.0171878e-03   3.2854163e-06   2.5675393e-04   4.9836700e-02   1.1697758e-03   7.8115842e-07   1.0346710e-06   1.0793960e-11   2.3678870e-03   6.7105200e-03  -3.2309046e-02   1.0293834e-03   2.1768500e-05   2.2023703e-04   5.6068888e-06   4.5031079e-05   1.0438745e-03   1.0596302e-06   4.7386759e-10   4.8504348e-08
   1.0000000e+00   1.6172817e-02  -2.6473863e-01  -1.0536989e-02  -5.4622830e-04  -9.4629107e-04  -1.0553687e-04   2.6156001e-04   7.0086542e-02   1.1102814e-04   2.9836536e-07   8.9546679e-07   1.1138031e-08   1.4927400e-04  -4.1497280e-02   2.3664996e-02   3.3760337e-04   7.0896730e-05  -1.0882229e-04   2.2282727e-08   1.7220242e-03   5.6003204e-04   1.1397604e-07   5.0263463e-09   1.1842290e-08
   1.0000000e+00   1.9318011e-02  -2.7319118e-01  -2.5842722e-02  -1.1789680e-03  -1.2884805e-03  -1.0218798e-04   3.7318555e-04   7.4633421e-02   6.6784628e-04   1.3899655e-06   1.6601820e-06   1.0442383e-08   3.1451940e-03  -8.4525500e-03  -1.5305733e-02  -6.3273970e-04  -3.4218943e-04   3.3488900e-06   9.8922453e-06   7.1445602e-05   2.3426546e-04   4.0035953e-07   1.1709361e-07   1.1215064e-11
   1.0000000e+00   1.3734422e-02  -2.2347748e-01  -3.3617005e-02  -6.7868647e-04  -1.1914559e-03  -8.0939206e-05   1.8863435e-04   4.9942184e-02   1.1301030e-03   4.6061532e-07   1.4195672e-06   6.5511551e-09  -5.5835890e-03   4.9713700e-02  -7.7742830e-03   5.0028153e-04   9.7024600e-05   2.1248774e-05   3.1176466e-05   2.4714520e-03   6.0439476e-05   2.5028161e-07   9.4137730e-09   4.5151040e-10
   1.0000000e+00   2.5858820e-02  -2.4587715e-01  -2.6465382e-02  -1.9604551e-04  -1.1574556e-03   2.1764284e-04   6.6867857e-04   6.0455573e-02   7.0041644e-04   3.8433842e-08   1.3397035e-06   4.7368406e-08   1.2124398e-02  -2.2399670e-02   7.1516230e-03   4.8264096e-04   3.4000300e-05   2.9858205e-04   1.4700103e-04   5.0174522e-04   5.1145712e-05   2.3294230e-07   1.1560204e-09   8.9151238e-08
   1.0000000e+00   2.0722998e-02  -2.8450432e-01  -3.7574037e-02  -8.1099955e-04  -8.9289112e-04   1.7268077e-04   4.2944265e-04   8.0942708e-02   1.4118083e-03   6.5772027e-07   7.9725455e-07   2.9818648e-08  -5.1358220e-03  -3.8627170e-02  -1.1108655e-02  -6.1495404e-04   2.6456448e-04  -4.4962070e-05   2.6376668e-05   1.4920583e-03   1.2340222e-04   3.7816847e-07   6.9994364e-08   2.0215877e-09
   1.0000000e+00   1.2358138e-02  -2.6566516e-01  -2.7067473e-02  -7.1976879e-04  -9.6423686e-04   2.6600925e-05   1.5272357e-04   7.0577977e-02   7.3264809e-04   5.1806711e-07   9.2975272e-07   7.0760921e-10  -8.3648600e-03   1.8839160e-02   1.0506564e-02   9.1230760e-05  -7.1345740e-05  -1.4607985e-04   6.9970883e-05   3.5491395e-04   1.1038789e-04   8.3230516e-09   5.0902146e-09   2.1339321e-08
   1.0000000e+00   6.5304294e-03  -2.8321914e-01  -3.0011414e-02  -9.0598998e-05  -9.3630936e-04  -9.4305563e-05   4.2646508e-05   8.0213081e-02   9.0068497e-04   8.2081784e-09   8.7667522e-07   8.8935392e-09  -5.8277086e-03  -1.7553980e-02  -2.9439410e-03   6.2916979e-04   2.7927500e-05  -1.2090649e-04   3.3962188e-05   3.0814221e-04   8.6667886e-06   3.9585463e-07   7.7994526e-10   1.4618379e-08
   1.0000000e+00   1.1440561e-02  -3.0851789e-01  -4.1408607e-02   5.9457186e-04  -1.1104460e-03  -3.7529526e-04   1.3088644e-04   9.5183288e-02   1.7146727e-03   3.5351570e-07   1.2330903e-06   1.4084653e-07   4.9101316e-03  -2.5298750e-02  -1.1397193e-02   6.8517086e-04  -1.7413664e-04  -2.8098970e-04   2.4109392e-05   6.4002675e-04   1.2989601e-04   4.6945910e-07   3.0323569e-08   7.8955210e-08
   1.0000000e+00   3.3978785e-02  -3.0510228e-01  -5.4001669e-02  -6.5931450e-04  -1.0954218e-03   1.8655084e-04   1.1545578e-03   9.3087401e-02   2.9161803e-03   4.3469561e-07   1.1999489e-06   3.4801216e-08   2.2538224e-02   3.4156100e-03  -1.2593062e-02  -1.2538864e-03   1.5024200e-05   5.6184610e-04   5.0797154e-04   1.1666392e-05   1.5858521e-04   1.5722310e-06   2.2572659e-10   3.1567104e-07
   1.0000000e+00  -4.9389779e-03  -2.5814608e-01  -7.7579276e-02   2.1441611e-04  -5.8389753e-04  -2.0265748e-04   2.4393503e-05   6.6639399e-02   6.0185441e-03   4.5974268e-08   3.4093633e-07   4.1070054e-08  -3.8917763e-02   4.6956200e-02  -2.3577607e-02   8.7373061e-04   5.1152427e-04  -3.8920832e-04   1.5145923e-03   2.2048847e-03   5.5590355e-04   7.6340518e-07   2.6165708e-07   1.5148312e-07
   1.0000000e+00   1.6585491e-02  -3.0414325e-01  -2.4565278e-02   6.2092851e-04  -1.1907656e-03  -1.2451354e-04   2.7507851e-04   9.2503117e-02   6.0345288e-04   3.8555221e-07   1.4179227e-06   1.5503622e-08   2.1524469e-02  -4.5997170e-02   5.3013998e-02   4.0651240e-04  -6.0686807e-04   7.8143940e-05   4.6330276e-04   2.1157396e-03   2.8104840e-03   1.6525233e-07   3.6828885e-07   6.1064754e-09
   1.0000000e+00   3.0402260e-02  -3.2648406e-01   6.8718219e-02  -8.9506331e-04  -1.2166781e-03   4.5310243e-05   9.2429741e-04   1.0659184e-01   4.7221936e-03   8.0113833e-07   1.4803056e-06   2.0530181e-09   1.3816769e-02  -2.2340810e-02   9.3283497e-02  -1.5159918e-03  -2.5912500e-05   1.6982378e-04   1.9090311e-04   4.9911179e-04   8.7018108e-03   2.2982312e-06   6.7145766e-10   2.8840117e-08
   1.0000000e+00   3.1394087e-02  -2.9107913e-01   5.3804869e-02  -7.0398322e-04  -1.2711521e-03   5.3132653e-05   9.8558870e-04   8.4727060e-02   2.8949639e-03   4.9559237e-07   1.6158277e-06   2.8230788e-09   9.9182700e-04   3.5404930e-02  -1.4913350e-02   1.9108009e-04  -5.4474000e-05   7.8224100e-06   9.8372080e-07   1.2535091e-03   2.2240801e-04   3.6511601e-08   2.9674167e-09   6.1190098e-11
   1.0000000e+00   8.2143354e-03  -3.3215264e-01   1.0717224e-02   1.8890614e-04  -8.7541800e-04  -4.2381947e-04   6.7475306e-05   1.1032538e-01   1.1485889e-04   3.5685530e-08   7.6635667e-07   1.7962294e-07  -2.3179752e-02  -4.1073510e-02  -4.3087645e-02   8.9288936e-04   3.9573410e-04  -4.7695212e-04   5.3730088e-04   1.6870332e-03   1.8565452e-03   7.9725141e-07   1.5660548e-07   2.2748333e-07
   1.0000000e+00   2.8974949e-02  -3.2327302e-01   1.6162623e-02  -6.9926013e-04  -1.1157160e-03   8.8241822e-05   8.3954767e-04   1.0450545e-01   2.6123038e-04   4.8896473e-07   1.2448222e-06   7.7866191e-09   2.0760614e-02   8.8796200e-03   5.4453990e-03  -8.8816627e-04  -2.4029800e-04   5.1206129e-04   4.3100308e-04   7.8847651e-05   2.9652370e-05   7.8883932e-07   5.7743129e-08   2.6220677e-07
   1.0000000e+00   3.3840132e-03  -2.9028347e-01  -1.1297699e-02   7.5251284e-04  -8.3504067e-04  -2.7900518e-04   1.1451545e-05   8.4264493e-02   1.2763800e-04   5.6627557e-07   6.9729292e-07   7.7843890e-08  -2.5590936e-02   3.2989550e-02  -2.7460322e-02   1.4517730e-03   2.8067533e-04  -3.6724700e-04   6.5489600e-04   1.0883104e-03   7.5406928e-04   2.1076448e-06   7.8778641e-08   1.3487036e-07
   1.0000000e+00  -7.4126519e-03  -3.2600401e-01   2.9622427e-02   4.0916276e-04  -5.4844578e-04  -4.6544979e-04   5.4947408e-05   1.0627861e-01   8.7748818e-04   1.6741416e-07   3.0079277e-07   2.1664351e-07  -1.0796665e-02  -3.5720540e-02   4.0920126e-02  -3.4335008e-04   2.8659489e-04  -1.8644461e-04   1.1656798e-04   1.2759570e-03   1.6744567e-03   1.1788928e-07   8.2136631e-08   3.4761593e-08
   1.0000000e+00  -5.3924592e-03  -3.2187636e-01   3.9936256e-02  -2.8470810e-04  -7.5083807e-04  -3.4130607e-04   2.9078616e-05   1.0360439e-01   1.5949045e-03   8.1058702e-08   5.6375781e-07   1.1648983e-07   2.0201927e-03   4.1276500e-03   1.0313829e-02  -6.9387086e-04  -2.0239229e-04   1.2414372e-04   4.0811785e-06   1.7037495e-05   1.0637507e-04   4.8145677e-07   4.0962639e-08   1.5411663e-08
   1.0000000e+00  -3.0121806e-03  -3.5664149e-01   3.8523286e-02   6.3316831e-04  -9.0441128e-04  -1.6076249e-04   9.0732320e-06   1.2719315e-01   1.4840436e-03   4.0090211e-07   8.1795976e-07   2.5844578e-08   2.3802786e-03  -3.4765130e-02  -1.4129700e-03   9.1787641e-04  -1.5357321e-04   1.8054358e-04   5.6657262e-06   1.2086143e-03   1.9964842e-06   8.4249710e-07   2.3584731e-08   3.2595984e-08
   1.0000000e+00  -1.8610883e-03  -3.5590501e-01   4.0933806e-02  -4.7570373e-04  -1.0596672e-03  -1.5953431e-04   3.4636497e-06   1.2666838e-01   1.6755765e-03   2.2629404e-07   1.1228946e-06   2.5451196e-08   1.1510923e-03   7.3648000e-04   2.4105200e-03  -1.1088720e-03  -1.5525592e-04   1.2281800e-06   1.3250135e-06   5.4240279e-07   5.8106067e-06   1.2295972e-06   2.4104401e-08   1.5084261e-12
   1.0000000e+00   2.9455165e-03  -3.6198861e-01   3.2810071e-02  -7.7651775e-04  -1.0799490e-03  -9.3687224e-05   8.6760675e-06   1.3103575e-01   1.0765008e-03   6.0297982e-07   1.1662898e-06   8.7772959e-09   4.8066048e-03  -6.0836000e-03  -8.1237350e-03  -3.0081402e-04  -2.0281800e-05   6.5847086e-05   2.3103450e-05   3.7010189e-05   6.5995070e-05   9.0489075e-08   4.1135141e-10   4.3358387e-09
   1.0000000e+00  -2.8987439e-03  -3.8797359e-01   1.8258597e-02   4.9436653e-04  -8.9479455e-04  -2.3613545e-04   8.4027162e-06   1.5052351e-01   3.3337636e-04   2.4439827e-07   8.0065729e-07   5.5759951e-08  -5.8442604e-03  -2.5984980e-02  -1.4551474e-02   1.2708843e-03   1.8515445e-04  -1.4244823e-04   3.4155380e-05   6.7521919e-04   2.1174540e-04   1.6151469e-06   3.4282170e-08   2.0291497e-08
   1.0000000e+00  -3.7150745e-03  -4.1708412e-01   5.6924081e-02  -4.4860447e-04  -1.0667965e-03  -4.8873668e-04   1.3801779e-05   1.7395916e-01   3.2403510e-03   2.0124597e-07   1.1380548e-06   2.3886354e-07  -8.1633060e-04  -2.9110530e-02   3.8665484e-02  -9.4297100e-04  -1.7200195e-04  -2.5260123e-04   6.6639565e-07   8.4742296e-04   1.4950197e-03   8.8919431e-07   2.9584671e-08   6.3807381e-08
   1.0000000e+00   7.8706642e-03  -4.2021671e-01   3.2901980e-03  -3.9432226e-04  -8.8998956e-04   7.5455235e-05   6.1947355e-05   1.7658208e-01   1.0825403e-05   1.5549004e-07   7.9208142e-07   5.6934925e-09   1.1585739e-02  -3.1325900e-03  -5.3633883e-02   5.4282210e-05   1.7680694e-04   5.6419192e-04   1.3422934e-04   9.8131201e-06   2.8765934e-03   2.9465583e-09   3.1260694e-08   3.1831252e-07
   1.0000000e+00  -6.3234664e-04  -4.2923337e-01   1.3169908e-02   5.1921579e-04  -1.0273102e-03  -9.8587763e-05   3.9986227e-07   1.8424129e-01   1.7344648e-04   2.6958504e-07   1.0553662e-06   9.7195470e-09  -8.5030108e-03  -9.0166600e-03   9.8797100e-03   9.1353805e-04  -1.3732064e-04  -1.7404300e-04   7.2301193e-05   8.1300158e-05   9.7608670e-05   8.3455177e-07   1.8856958e-08   3.0290965e-08
   1.0000000e+00   5.4444729e-03  -4.6999065e-01  -1.4263496e-02   1.7229679e-04  -1.0910944e-03  -2.3265543e-04   2.9642285e-05   2.2089121e-01   2.0344732e-04   2.9686184e-08   1.1904870e-06   5.4128549e-08   6.0768195e-03  -4.0757280e-02  -2.7433404e-02  -3.4691900e-04  -6.3784200e-05  -1.3406767e-04   3.6927736e-05   1.6611559e-03   7.5259166e-04   1.2035279e-07   4.0684242e-09   1.7974139e-08
   1.0000000e+00   2.5171203e-03  -4.3357722e-01  -5.9136789e-03  -1.9856445e-04  -1.0574782e-03  -2.4450967e-04   6.3358946e-06   1.8798921e-01   3.4971598e-05   3.9427841e-08   1.1182601e-06   5.9784979e-08  -2.9273526e-03   3.6413430e-02   8.3498171e-03  -3.7086124e-04   3.3616200e-05  -1.1854240e-05   8.5693932e-06   1.3259379e-03   6.9719446e-05   1.3753806e-07   1.1300489e-09   1.4052301e-10
   1.0000000e+00  -3.9879767e-03  -4.4812893e-01  -6.2326868e-04   7.5796314e-04  -9.1179607e-04  -2.6040984e-04   1.5903958e-05   2.0081954e-01   3.8846385e-07   5.7450812e-07   8.3137207e-07   6.7813285e-08  -6.5050970e-03  -1.4551710e-02   5.2904102e-03   9.5652759e-04   1.4568213e-04  -1.5900170e-05   4.2316287e-05   2.1175226e-04   2.7988440e-05   9.1494503e-07   2.1223283e-08   2.5281541e-10
   1.0000000e+00   2.4678767e-03  -4.7398906e-01   2.5158048e-02   6.5671180e-04  -1.0505993e-03  -3.0334971e-04   6.0904154e-06   2.2466563e-01   6.3292738e-04   4.3127039e-07   1.1037589e-06   9.2021047e-08   6.4558534e-03  -2.5860130e-02   2.5781317e-02  -1.0125134e-04  -1.3880323e-04  -4.2939870e-05   4.1678043e-05   6.6874632e-04   6.6467629e-04   1.0251834e-08   1.9266337e-08   1.8438324e-09
   1.0000000e+00   7.3911048e-03  -4.2416977e-01   2.0703068e-02   2.6814393e-06  -1.2586002e-03  -1.7802759e-04   5.4628430e-05   1.7991999e-01   4.2861702e-04   7.1901167e-12   1.5840745e-06   3.1693823e-08   4.9232281e-03   4.9819290e-02  -4.4549800e-03  -6.5403036e-04  -2.0800090e-04   1.2532212e-04   2.4238175e-05   2.4819617e-03   1.9846847e-05   4.2775571e-07   4.3264374e-08   1.5705634e-08
   1.0000000e+00  -6.7972348e-03  -4.2527084e-01   1.2762621e-02   8.0891479e-04  -9.9908822e-04  -5.5596672e-04   4.6202401e-05   1.8085529e-01   1.6288449e-04   6.5434314e-07   9.9817727e-07   3.0909899e-07  -1.4188340e-02  -1.1010700e-03  -7.9404470e-03   8.0623335e-04   2.5951198e-04  -3.7793913e-04   2.0130898e-04   1.2123551e-06   6.3050699e-05   6.5001222e-07   6.7346468e-08   1.4283799e-07
   1.0000000e+00  -2.8189242e-03  -4.6695284e-01   4.6782135e-02  -2.9394797e-04  -1.0435754e-03  -3.3902347e-04   7.9463336e-06   2.1804495e-01   2.1885682e-03   8.6405409e-08   1.0890496e-06   1.1493691e-07   3.9783106e-03  -4.1682000e-02   3.4019514e-02  -1.1028628e-03  -4.4487180e-05   2.1694325e-04   1.5826955e-05   1.7373891e-03   1.1573273e-03   1.2163063e-06   1.9791092e-09   4.7064374e-08
   1.0000000e+00   5.1224246e-03  -4.9193532e-01   4.9092016e-02  -1.0033008e-03  -1.2631256e-03  -3.0057806e-04   2.6239234e-05   2.4200036e-01   2.4100260e-03   1.0066125e-06   1.5954863e-06   9.0347170e-08   7.9413488e-03  -2.4982480e-02   2.3098810e-03  -7.0935283e-04  -2.1955020e-04   3.8445410e-05   6.3065021e-05   6.2412431e-04   5.3355502e-06   5.0318144e-07   4.8202290e-08   1.4780496e-09
   1.0000000e+00   2.9278273e-03  -4.9555396e-01  -3.0222603e-03   2.1632533e-05  -1.1964363e-03  -4.2316708e-04   8.5721727e-06   2.4557373e-01   9.1340573e-06   4.6796648e-10   1.4314598e-06   1.7907038e-07  -2.1945973e-03  -3.6186400e-03  -5.2114276e-02   1.0249333e-03   6.6689300e-05  -1.2258902e-04   4.8162573e-06   1.3094555e-05   2.7158978e-03   1.0504883e-06   4.4474627e-09   1.5028068e-08
   1.0000000e+00  -6.2293164e-03  -5.0706485e-01   3.2413268e-03  -3.8467242e-04  -1.0074392e-03  -5.5013343e-04   3.8804383e-05   2.5711476e-01   1.0506199e-05   1.4797287e-07   1.0149337e-06   3.0264679e-07  -9.1571437e-03  -1.1510890e-02   6.2635871e-03  -4.0630495e-04   1.8899710e-04  -1.2696635e-04   8.3853281e-05   1.3250059e-04   3.9232523e-05   1.6508371e-07   3.5719904e-08   1.6120454e-08
   1.0000000e+00  -5.5373950e-03  -4.9342320e-01  -3.0692150e-03  -4.1191147e-04  -9.5292930e-04  -1.8425629e-04   3.0662743e-05   2.4346645e-01   9.4200807e-06   1.6967106e-07   9.0807425e-07   3.3950380e-08   6.9192140e-04   1.3641650e-02  -6.3105418e-03  -2.7239050e-05   5.4509900e-05   3.6587714e-04   4.7875522e-07   1.8609461e-04   3.9822938e-05   7.4196584e-10   2.9713292e-09   1.3386608e-07
   1.0000000e+00  -9.2547509e-03  -5.1779565e-01   1.6794217e-02   1.8218402e-04  -9.5817127e-04  -4.8225739e-04   8.5650414e-05   2.6811234e-01   2.8204572e-04   3.3191017e-08   9.1809218e-07   2.3257219e-07  -3.7173559e-03  -2.4372450e-02   1.9863432e-02   5.9409549e-04  -5.2419700e-06  -2.9800110e-04   1.3818735e-05   5.9401632e-04   3.9455593e-04   3.5294945e-07   2.7478249e-11   8.8804656e-08
   1.0000000e+00   1.0769912e-02  -5.3144042e-01   7.8794223e-03  -5.5481696e-04  -1.1262014e-03  -1.2390626e-04   1.1599100e-04   2.8242892e-01   6.2085296e-05   3.0782186e-07   1.2683296e-06   1.5352761e-08   2.0024663e-02  -1.3644770e-02  -8.9147947e-03  -7.3700098e-04  -1.6803013e-04   3.5835113e-04   4.0098712e-04   1.8617975e-04   7.9473565e-05   5.4317044e-07   2.8234125e-08   1.2841553e-07
   1.0000000e+00   1.2971380e-02  -4.6130788e-01   3.0269362e-03  -4.3484070e-04  -9.2242903e-04   1.2641055e-04   1.6825670e-04   2.1280496e-01   9.1623428e-06   1.8908643e-07   8.5087532e-07   1.5979627e-08   2.2014680e-03   7.0132540e-02  -4.8524861e-03   1.1997626e-04   2.0377237e-04   2.5031681e-04   4.8464614e-06   4.9185732e-03   2.3546621e-05   1.4394303e-08   4.1523179e-08   6.2658505e-08
   1.0000000e+00   3.6029694e-03  -5.0873820e-01  -1.3097437e-03   2.3316302e-04  -9.5030063e-04   5.7969574e-06   1.2981388e-05   2.5881456e-01   1.7154286e-06   5.4364994e-08   9.0307129e-07   3.3604715e-11  -9.3684106e-03  -4.7430320e-02  -4.3366799e-03   6.6800372e-04  -2.7871600e-05  -1.2061359e-04   8.7767117e-05   2.2496353e-03   1.8806793e-05   4.4622897e-07   7.7682609e-10   1.4547639e-08
   1.0000000e+00   1.7789621e-02  -5.4077010e-01   3.2417847e-02  -7.5777786e-04  -1.1204277e-03  -1.7771808e-04   3.1647062e-04   2.9243230e-01   1.0509168e-03   5.7422729e-07   1.2553582e-06   3.1583716e-08   1.4186652e-02  -3.2031900e-02   3.3727591e-02  -9.9094088e-04  -1.7012707e-04  -1.8351504e-04   2.0126108e-04   1.0260426e-03   1.1375504e-03   9.8196383e-07   2.8943220e-08   3.3677769e-08
   1.0000000e+00  -9.6104037e-03  -5.1771449e-01   1.6107870e-02  -6.9082863e-04  -8.8439069e-04  -4.0482101e-04   9.2359859e-05   2.6802829e-01   2.5946348e-04   4.7724420e-07   7.8214689e-07   1.6388005e-07  -2.7400025e-02   2.3055610e-02  -1.6309977e-02   6.6949230e-05   2.3603701e-04  -2.2710293e-04   7.5076135e-04   5.3156115e-04   2.6601535e-04   4.4821994e-09   5.5713470e-08   5.1575741e-08
   1.0000000e+00  -2.3448801e-03  -5.8007958e-01   1.1503590e-02   1.5065830e-04  -9.8895169e-04  -1.7791985e-04   5.4984627e-06   3.3649232e-01   1.3233258e-04   2.2697923e-08   9.7802545e-07   3.1655473e-08   7.2655236e-03  -6.2365090e-02  -4.6042800e-03   8.4148693e-04  -1.0456100e-04   2.2690116e-04   5.2787833e-05   3.8894045e-03   2.1199394e-05   7.0810025e-07   1.0933003e-08   5.1484136e-08
   1.0000000e+00   1.4303105e-02  -5.3964332e-01   1.1394635e-01  -1.6512801e-03  -1.4685224e-03  -2.4522350e-04   2.0457881e-04   2.9121491e-01   1.2983771e-02   2.7267260e-06   2.1565580e-06   6.0134565e-08   1.6647985e-02   4.0436260e-02   1.0244276e-01  -1.8019384e-03  -4.7957071e-04  -6.7303650e-05   2.7715541e-04   1.6350911e-03   1.0494519e-02   3.2469820e-06   2.2998807e-07   4.5297813e-09
   1.0000000e+00   1.0408319e-02  -5.2332813e-01   1.1590577e-01  -1.0007500e-03  -1.4996846e-03  -2.9473746e-04   1.0833310e-04   2.7387233e-01   1.3434148e-02   1.0015006e-06   2.2490539e-06   8.6870170e-08  -3.8947860e-03   1.6315190e-02   1.9594200e-03   6.5053010e-04  -3.1162200e-05  -4.9513960e-05   1.5169358e-05   2.6618542e-04   3.8393267e-06   4.2318941e-07   9.7108271e-10   2.4516322e-09
   1.0000000e+00   6.0594157e-04  -5.5234007e-01   9.7315275e-02  -8.5780231e-04  -1.4152303e-03  -3.8104424e-04   3.6716519e-07   3.0507955e-01   9.4702627e-03   7.3582480e-07   2.0028768e-06   1.4519471e-07  -9.8023774e-03  -2.9011940e-02  -1.8590495e-02   1.4294769e-04   8.4454300e-05  -8.6306780e-05   9.6086603e-05   8.4169266e-04   3.4560650e-04   2.0434042e-08   7.1325288e-09   7.4488603e-09
   1.0000000e+00   3.5633467e-03  -5.2534124e-01   1.1607704e-01  -1.7158960e-03  -1.3274926e-03  -1.6783280e-04   1.2697440e-05   2.7598342e-01   1.3473879e-02   2.9442991e-06   1.7622366e-06   2.8167849e-08   2.9574051e-03   2.6998830e-02   1.8761765e-02  -8.5809369e-04   8.7737700e-05   2.1321144e-04   8.7462451e-06   7.2893682e-04   3.5200383e-04   7.3632478e-07   7.6979040e-09   4.5459118e-08
   1.0000000e+00  -5.9142797e-03  -5.4479638e-01   1.2143555e-01  -1.2256657e-03  -1.1621302e-03  -2.0062954e-04   3.4978704e-05   2.9680310e-01   1.4746593e-02   1.5022564e-06   1.3505466e-06   4.0252212e-08  -9.4776264e-03  -1.9455140e-02   5.3585100e-03   4.9023030e-04   1.6536240e-04  -3.2796740e-05   8.9825402e-05   3.7850247e-04   2.8713629e-05   2.4032575e-07   2.7344723e-08   1.0756262e-09
   1.0000000e+00   6.5259470e-03  -5.6911390e-01   1.4561360e-01  -1.1035101e-03  -1.4228956e-03  -1.8120431e-04   4.2587984e-05   3.2389063e-01   2.1203321e-02   1.2177345e-06   2.0246319e-06   3.2835002e-08   1.2440227e-02  -2.4317520e-02   2.4178050e-02   1.2215560e-04  -2.6076540e-04   1.9425230e-05   1.5475924e-04   5.9134178e-04   5.8457810e-04   1.4921991e-08   6.7998594e-08   3.7733956e-10
   1.0000000e+00   1.0325535e-02  -5.6373034e-01   1.2183235e-01  -1.7510609e-03  -1.6114394e-03  -2.2325587e-04   1.0661667e-04   3.1779190e-01   1.4843122e-02   3.0662143e-06   2.5967369e-06   4.9843183e-08   3.7995880e-03   5.3835600e-03  -2.3781250e-02  -6.4755080e-04  -1.8854380e-04  -4.2051560e-05   1.4436869e-05   2.8982718e-05   5.6554785e-04   4.1932204e-07   3.5548765e-08   1.7683337e-09
   1.0000000e+00   2.0776253e-03  -5.8280015e-01   1.2125721e-01  -9.6399378e-04  -1.5744164e-03  -1.7967181e-04   4.3165269e-06   3.3965601e-01   1.4703311e-02   9.2928401e-07   2.4787870e-06   3.2281959e-08  -8.2479097e-03  -1.9069810e-02  -5.7514000e-04   7.8706712e-04   3.7023000e-05   4.3584060e-05   6.8028014e-05   3.6365765e-04   3.3078602e-07   6.1947465e-07   1.3707025e-09   1.8995703e-09
   1.0000000e+00   1.3446562e-02  -5.9013121e-01   1.3147666e-01  -1.4710727e-03  -1.5968659e-03   4.4746030e-05   1.8081003e-04   3.4825485e-01   1.7286112e-02   2.1640549e-06   2.5499807e-06   2.0022072e-09   1.1368937e-02  -7.3310600e-03   1.0219450e-02  -5.0707892e-04  -2.2449500e-05   2.2441784e-04   1.2925272e-04   5.3744441e-05   1.0443716e-04   2.5712903e-07   5.0398005e-10   5.0363367e-08
   1.0000000e+00  -1.3009151e-02  -5.6434735e-01   1.2679446e-01  -1.3085781e-03  -1.1370277e-03  -1.5466011e-04   1.6923801e-04   3.1848793e-01   1.6076835e-02   1.7123766e-06   1.2928320e-06   2.3919750e-08  -2.6455713e-02   2.5783860e-02  -4.6822000e-03   1.6249460e-04   4.5983820e-04  -1.9940614e-04   6.9990475e-04   6.6480744e-04   2.1922997e-05   2.6404495e-08   2.1145117e-07   3.9762809e-08
   1.0000000e+00  -1.4223926e-02  -5.7262636e-01   1.3982685e-01  -8.7512440e-04  -1.3829456e-03  -3.2003424e-04   2.0232007e-04   3.2790095e-01   1.9551548e-02   7.6584272e-07   1.9125385e-06   1.0242191e-07  -1.2147750e-03  -8.2790100e-03   1.3032390e-02   4.3345370e-04  -2.4591790e-04  -1.6537413e-04   1.4756783e-06   6.8542007e-05   1.6984319e-04   1.8788211e-07   6.0475614e-08   2.7348603e-08
   1.0000000e+00   7.0369619e-03  -5.7577775e-01   1.4030097e-01  -1.8884521e-03  -1.5443401e-03  -5.6184265e-06   4.9518833e-05   3.3152002e-01   1.9684362e-02   3.5662513e-06   2.3849863e-06   3.1566716e-11   2.1260888e-02  -3.1513900e-03   4.7412000e-04  -1.0133277e-03  -1.6139450e-04   3.1441581e-04   4.5202535e-04   9.9312589e-06   2.2478977e-07   1.0268330e-06   2.6048185e-08   9.8857304e-08
   1.0000000e+00   2.4171525e-03  -5.8338631e-01   9.4575180e-02  -6.6131359e-04  -1.6378503e-03  -1.7795524e-04   5.8426262e-06   3.4033959e-01   8.9444647e-03   4.3733566e-07   2.6825536e-06   3.1668067e-08  -4.6198094e-03  -7.6085600e-03  -4.5725790e-02   1.2271385e-03  -9.3510200e-05  -1.7233681e-04   2.1342639e-05   5.7890185e-05   2.0908479e-03   1.5058689e-06   8.7441575e-09   2.9699977e-08
   1.0000000e+00   1.4423625e-02  -6.2977010e-01   1.1948415e-01  -8.0365561e-04  -1.9926366e-03  -5.3057212e-05   2.0804096e-04   3.9661038e-01   1.4276462e-02   6.4586234e-07   3.9706006e-06   2.8150677e-09   1.2006473e-02  -4.6383790e-02   2.4908970e-02  -1.4234202e-04  -3.5478630e-04   1.2489803e-04   1.4415538e-04   2.1514560e-03   6.2045679e-04   2.0261251e-08   1.2587332e-07   1.5599517e-08
   1.0000000e+00   1.4308836e-02  -6.1524956e-01   1.1648515e-01  -1.6413182e-03  -1.8041584e-03  -4.1022628e-05   2.0474279e-04   3.7853202e-01   1.3568790e-02   2.6939254e-06   3.2549875e-06   1.6828560e-09  -1.1478900e-04   1.4520540e-02  -2.9990000e-03  -8.3766259e-04   1.8847820e-04   1.2034584e-05   1.3176515e-08   2.1084608e-04   8.9940010e-06   7.0167861e-07   3.5524032e-08   1.4483121e-10
   1.0000000e+00   1.0683258e-02  -6.2283340e-01   9.6570831e-02  -9.2606323e-04  -1.8298349e-03  -3.3526962e-07   1.1413200e-04   3.8792144e-01   9.3259254e-03   8.5759311e-07   3.3482958e-06   1.1240572e-13  -3.6255780e-03  -7.5838400e-03  -1.9914319e-02   7.1525497e-04  -2.5676500e-05   4.0687358e-05   1.3144816e-05   5.7514629e-05   3.9658010e-04   5.1158967e-07   6.5928265e-10   1.6554611e-09
   1.0000000e+00   2.0362363e-02  -6.1884956e-01   1.0093626e-01  -1.3865069e-03  -1.9794705e-03  -1.4339437e-04   4.1462583e-04   3.8297478e-01   1.0188129e-02   1.9224014e-06   3.9183035e-06   2.0561945e-08   9.6791050e-03   3.9838400e-03   4.3654290e-03  -4.6044367e-04  -1.4963560e-04  -1.4305910e-04   9.3685074e-05   1.5870981e-05   1.9056970e-05   2.1200837e-07   2.2390813e-08   2.0465906e-08
   1.0000000e+00   1.5278158e-02  -6.2102730e-01   5.0566141e-02  -1.4913748e-03  -1.9718420e-03   8.8494251e-06   2.3342211e-04   3.8567491e-01   2.5569346e-03   2.2241988e-06   3.8881609e-06   7.8312325e-11  -5.0842050e-03  -2.1777400e-03  -5.0370119e-02  -1.0486790e-04   7.6285000e-06   1.5224380e-04   2.5849140e-05   4.7425515e-06   2.5371489e-03   1.0997276e-08   5.8194012e-11   2.3178173e-08
   1.0000000e+00   8.5387267e-03  -6.3550418e-01   1.5518430e-02  -3.3400784e-04  -1.9070907e-03  -1.8852120e-04   7.2909854e-05   4.0386556e-01   2.4082167e-04   1.1156124e-07   3.6369949e-06   3.5540243e-08  -6.7394313e-03  -1.4476880e-02  -3.5047711e-02   1.1573670e-03   6.4751300e-05  -1.9737063e-04   4.5419934e-05   2.0958005e-04   1.2283420e-03   1.3394983e-06   4.1927309e-09   3.8955164e-08
   1.0000000e+00  -4.5472161e-03  -6.6713549e-01   6.5662322e-02  -1.2454202e-03  -3.2483007e-03  -7.7767277e-04   2.0677174e-05   4.4506976e-01   4.3115405e-03   1.5510715e-06   1.0551457e-05   6.0477494e-07  -1.3085943e-02  -3.1631310e-02   5.0143892e-02  -9.1141236e-04  -1.3412100e-03  -5.8915157e-04   1.7124190e-04   1.0005398e-03   2.5144099e-03   8.3067249e-07   1.7988443e-06   3.4709957e-07
   1.0000000e+00  -3.0638014e-02  -6.6203758e-01   8.1752677e-02  -2.1775348e-03  -2.5863209e-03  -9.6927810e-04   9.3868790e-04   4.3829376e-01   6.6835002e-03   4.7416578e-06   6.6890558e-06   9.3950004e-07  -2.6090798e-02   5.0979100e-03   1.6090355e-02  -9.3211460e-04   6.6197980e-04  -1.9160533e-04   6.8072974e-04   2.5988686e-05   2.5889952e-04   8.6883763e-07   4.3821726e-07   3.6712602e-08
   1.0000000e+00  -3.5956325e-02  -6.6123653e-01   8.0269640e-02  -1.0697488e-03  -2.0194038e-03  -8.4686844e-04   1.2928573e-03   4.3723375e-01   6.4432151e-03   1.1443625e-06   4.0779917e-06   7.1718615e-07  -5.3183110e-03   8.0105000e-04  -1.4830370e-03   1.1077860e-03   5.6691710e-04   1.2240966e-04   2.8284432e-05   6.4168110e-07   2.1993987e-06   1.2271898e-06   3.2139500e-07   1.4984125e-08
   1.0000000e+00  -1.9441536e-02  -7.1502432e-01   9.0043822e-02  -9.2099709e-04  -2.1696445e-03  -4.5577578e-04   3.7797332e-04   5.1125978e-01   8.1078899e-03   8.4823564e-07   4.7073573e-06   2.0773156e-07   1.6514789e-02  -5.3787790e-02   9.7741820e-03   1.4875171e-04  -1.5024070e-04   3.9109266e-04   2.7273826e-04   2.8931264e-03   9.5534634e-05   2.2127071e-08   2.2572268e-08   1.5295347e-07
   1.0000000e+00  -1.5291498e-02  -6.7621276e-01   1.1212663e-01  -1.6634335e-03  -2.0438563e-03  -3.7488111e-04   2.3382991e-04   4.5726370e-01   1.2572381e-02   2.7670110e-06   4.1773486e-06   1.4053585e-07   4.1500380e-03   3.8811560e-02   2.2082808e-02  -7.4243641e-04   1.2578820e-04   8.0894670e-05   1.7222815e-05   1.5063372e-03   4.8765041e-04   5.5121182e-07   1.5822671e-08   6.5439476e-09
   1.0000000e+00  -7.5392897e-03  -6.7353112e-01   1.2247807e-01  -1.5811799e-03  -1.9121260e-03  -1.7390759e-04   5.6840889e-05   4.5364417e-01   1.5000878e-02   2.5001299e-06   3.6562258e-06   3.0243850e-08   7.7522083e-03   2.6816400e-03   1.0351440e-02   8.2253600e-05   1.3173030e-04   2.0097352e-04   6.0096734e-05   7.1911931e-06   1.0715231e-04   6.7656547e-09   1.7352872e-08   4.0390356e-08
   1.0000000e+00   3.9224654e-03  -7.0950423e-01   1.1292278e-01  -6.4830879e-04  -1.9773411e-03  -1.3616610e-04   1.5385735e-05   5.0339625e-01   1.2751554e-02   4.2030429e-07   3.9098778e-06   1.8541207e-08   1.1461755e-02  -3.5973110e-02  -9.5552900e-03   9.3287111e-04  -6.5215100e-05   3.7741490e-05   1.3137183e-04   1.2940646e-03   9.1303567e-05   8.7024851e-07   4.2530093e-09   1.4244201e-09
   1.0000000e+00   2.1360698e-03  -7.2013139e-01   1.2943504e-01  -1.1531766e-03  -1.9449621e-03  -2.8472546e-04   4.5627942e-06   5.1858922e-01   1.6753430e-02   1.3298163e-06   3.7828776e-06   8.1068588e-08  -1.7863956e-03  -1.0627160e-02   1.6512260e-02  -5.0486781e-04   3.2379000e-05  -1.4855936e-04   3.1912092e-06   1.1293653e-04   2.7265473e-04   2.5489151e-07   1.0483996e-09   2.2069883e-08
   1.0000000e+00   7.6942293e-03  -6.9943202e-01   1.1506105e-01  -1.6196564e-03  -1.8207012e-03  -6.4839954e-05   5.9201165e-05   4.8920515e-01   1.3239045e-02   2.6232869e-06   3.3149529e-06   4.2042196e-09   5.5581595e-03   2.0699370e-02  -1.4373990e-02  -4.6647980e-04   1.2426090e-04   2.1988551e-04   3.0893137e-05   4.2846392e-04   2.0661159e-04   2.1760340e-07   1.5440771e-08   4.8349636e-08
   1.0000000e+00   1.3149304e-03  -7.0868233e-01   9.7803079e-02  -5.5829487e-04  -1.7056502e-03  -4.3710300e-05   1.7290420e-06   5.0223064e-01   9.5654423e-03   3.1169316e-07   2.9092426e-06   1.9105903e-09  -6.3792989e-03  -9.2503100e-03  -1.7257971e-02   1.0613615e-03   1.1505100e-04   2.1129654e-05   4.0695454e-05   8.5568235e-05   2.9783756e-04   1.1264883e-06   1.3236733e-08   4.4646228e-10
   1.0000000e+00   5.2699572e-03  -7.3574968e-01   7.8650772e-02  -3.6853696e-04  -1.9889103e-03  -1.8436786e-04   2.7772449e-05   5.4132759e-01   6.1859439e-03   1.3581949e-07   3.9557642e-06   3.3991508e-08   3.9550268e-03  -2.7067350e-02  -1.9152307e-02   1.8975791e-04  -2.8326010e-04  -1.4065756e-04   1.5642237e-05   7.3264144e-04   3.6681086e-04   3.6008064e-08   8.0236284e-08   1.9784549e-08
   1.0000000e+00   7.6422476e-03  -7.2315104e-01   7.2845606e-02  -2.8769328e-05  -1.9806021e-03  -1.7423876e-04   5.8403948e-05   5.2294743e-01   5.3064823e-03   8.2767423e-10   3.9227847e-06   3.0359145e-08   2.3722904e-03   1.2598640e-02  -5.8051660e-03   3.3976763e-04   8.3082000e-06   1.0129100e-05   5.6277617e-06   1.5872573e-04   3.3699952e-05   1.1544204e-07   6.9026187e-11   1.0259867e-10
   1.0000000e+00   1.1210881e-02  -7.0773435e-01   4.8260725e-02   1.0782380e-04  -2.0027732e-03  -2.2677579e-05   1.2568385e-04   5.0088791e-01   2.3290976e-03   1.1625972e-08   4.0111005e-06   5.1427259e-10   3.5686334e-03   1.5416690e-02  -2.4584881e-02   1.3659313e-04  -2.2171100e-05   1.5156118e-04   1.2735144e-05   2.3767433e-04   6.0441637e-04   1.8657683e-08   4.9155768e-10   2.2970792e-08
   1.0000000e+00   8.3955891e-03  -7.0812781e-01   2.5803696e-02   5.8307700e-04  -1.7411269e-03   1.0799518e-04   7.0485916e-05   5.0144500e-01   6.6583073e-04   3.3997879e-07   3.0315229e-06   1.1662959e-08  -2.8152919e-03  -3.9346000e-04  -2.2457029e-02   4.7525320e-04   2.6164630e-04   1.3067276e-04   7.9258685e-06   1.5481077e-07   5.0431815e-04   2.2586560e-07   6.8458786e-08   1.7075370e-08
   1.0000000e+00   1.2555965e-02  -7.2210694e-01   8.0707559e-03   8.8163360e-04  -1.7010246e-03   7.5473864e-06   1.5765226e-04   5.2143843e-01   6.5137101e-05   7.7727780e-07   2.8934847e-06   5.6963041e-11   4.1603759e-03  -1.3979130e-02  -1.7732940e-02   2.9855660e-04   4.0102300e-05  -1.0044779e-04   1.7308728e-05   1.9541608e-04   3.1445716e-04   8.9136043e-08   1.6081945e-09   1.0089759e-08
   1.0000000e+00   1.4484190e-02  -7.4954936e-01   1.2935369e-02   3.8408435e-04  -1.8513648e-03  -1.5178909e-04   2.0979176e-04   5.6182424e-01   1.6732377e-04   1.4752079e-07   3.4275516e-06   2.3039928e-08   1.9282250e-03  -2.7442420e-02   4.8646131e-03  -4.9754925e-04  -1.5034020e-04  -1.5933648e-04   3.7180517e-06   7.5308642e-04   2.3664461e-05   2.4755526e-07   2.2602176e-08   2.5388113e-08
   1.0000000e+00   1.2184617e-02  -7.3127769e-01   3.6987337e-02   1.6757800e-04  -1.9482656e-03  -2.0174249e-04   1.4846489e-04   5.3476706e-01   1.3680631e-03   2.8082386e-08   3.7957388e-06   4.0700032e-08  -2.2995730e-03   1.8271670e-02   2.4051968e-02  -2.1650635e-04  -9.6900800e-05  -4.9953400e-05   5.2880360e-06   3.3385392e-04   5.7849716e-04   4.6875000e-08   9.3897650e-09   2.4953422e-09
   1.0000000e+00   8.9734250e-03  -7.3386425e-01   1.5247682e-02   6.4626571e-04  -1.8796802e-03  -1.6867819e-04   8.0522356e-05   5.3855674e-01   2.3249181e-04   4.1765937e-07   3.5331977e-06   2.8452332e-08  -3.2111920e-03  -2.5865600e-03  -2.1739655e-02   4.7868771e-04   6.8585400e-05   3.3064300e-05   1.0311754e-05   6.6902926e-06   4.7261260e-04   2.2914192e-07   4.7039571e-09   1.0932479e-09
   1.0000000e+00   1.9622224e-02  -7.4391881e-01   2.1705621e-02   8.0833384e-04  -1.9550677e-03  -6.3571304e-05   3.8503167e-04   5.5341520e-01   4.7113398e-04   6.5340360e-07   3.8222897e-06   4.0413107e-09   1.0648799e-02  -1.0054560e-02   6.4579390e-03   1.6206813e-04  -7.5387500e-05   1.0510689e-04   1.1339692e-04   1.0109418e-04   4.1704976e-05   2.6266079e-08   5.6832752e-09   1.1047457e-08
   1.0000000e+00   1.6325683e-02  -7.4401116e-01   5.1805055e-02   4.2479800e-04  -1.7541253e-03   7.3422421e-05   2.6652793e-04   5.5355261e-01   2.6837637e-03   1.8045334e-07   3.0769556e-06   5.3908519e-09  -3.2965410e-03  -9.2350000e-05   3.0099434e-02  -3.8353584e-04   2.0094240e-04   1.3699372e-04   1.0867183e-05   8.5285225e-09   9.0597593e-04   1.4709974e-07   4.0377848e-08   1.8767281e-08
   1.0000000e+00   1.4950080e-02  -7.4370511e-01   4.5149488e-02   1.4859535e-04  -1.8702225e-03  -6.6047564e-08   2.2350489e-04   5.5309729e-01   2.0384763e-03   2.2080578e-08   3.4977322e-06   4.3622807e-15  -1.3756030e-03   3.0605000e-04  -6.6555670e-03  -2.7620265e-04  -1.1609720e-04  -7.3488469e-05   1.8922836e-06   9.3666603e-08   4.4296572e-05   7.6287904e-08   1.3478560e-08   5.4005550e-09
   1.0000000e+00   1.4834220e-02  -7.6629412e-01   4.1268856e-02   1.1090029e-03  -1.8416355e-03   7.8454511e-06   2.2005408e-04   5.8720668e-01   1.7031185e-03   1.2298874e-06   3.3916213e-06   6.1551103e-11  -1.1586000e-04  -2.2589010e-02  -3.8806320e-03   9.6040755e-04   2.8587000e-05   7.9114987e-06   1.3423540e-08   5.1026337e-04   1.5059305e-05   9.2238266e-07   8.1721657e-10   6.2591811e-11
   1.0000000e+00   1.6815022e-02  -8.1242079e-01   2.8549559e-02   1.5076745e-03  -1.8213145e-03  -2.4864434e-06   2.8274496e-04   6.6002754e-01   8.1507732e-04   2.2730824e-06   3.3171865e-06   6.1824008e-12   1.9808020e-03  -4.6126670e-02  -1.2719297e-02   3.9867160e-04   2.0321000e-05  -1.0331895e-05   3.9235766e-06   2.1276697e-03   1.6178052e-04   1.5893904e-07   4.1294304e-10   1.0674804e-10
   1.0000000e+00   1.9115964e-02  -8.1252278e-01   3.3960049e-02   1.3096494e-04  -1.9096020e-03   8.3368940e-06   3.6542008e-04   6.6019327e-01   1.1532849e-03   1.7151816e-08   3.6465798e-06   6.9503802e-11   2.3009420e-03  -1.0199000e-04   5.4104900e-03  -1.3767096e-03  -8.8287500e-05   1.0823337e-05   5.2943341e-06   1.0401960e-08   2.9273402e-05   1.8953292e-06   7.7946827e-09   1.1714463e-10
   1.0000000e+00   1.7378470e-02  -7.9844398e-01   4.8295752e-02   9.3262223e-04  -1.9664970e-03  -8.3761233e-05   3.0201122e-04   6.3751279e-01   2.3324797e-03   8.6978422e-07   3.8671105e-06   7.0159442e-09  -1.7374940e-03   1.4078800e-02   1.4335703e-02   8.0165729e-04  -5.6895000e-05  -9.2098127e-05   3.0188854e-06   1.9821261e-04   2.0551238e-04   6.4265441e-07   3.2370410e-09   8.4820650e-09
   1.0000000e+00   2.3659902e-02  -8.2151811e-01   8.6798973e-03   1.2470143e-03  -1.9698600e-03  -8.8100116e-06   5.5979096e-04   6.7489201e-01   7.5340617e-05   1.5550447e-06   3.8803484e-06   7.7616304e-11   6.2814320e-03  -2.3074130e-02  -3.9615855e-02   3.1439207e-04  -3.3630000e-06   7.4951221e-05   3.9456388e-05   5.3241548e-04   1.5694159e-03   9.8842374e-08   1.1309769e-11   5.6176856e-09
   1.0000000e+00   2.2282524e-02  -8.1583579e-01   2.8663013e-02   7.0261624e-04  -2.0451142e-03  -1.2214645e-04   4.9651088e-04   6.6558804e-01   8.2156831e-04   4.9366958e-07   4.1824921e-06   1.4919755e-08  -1.3773780e-03   5.6823200e-03   1.9983116e-02  -5.4439806e-04  -7.5254200e-05  -1.1333644e-04   1.8971702e-06   3.2288761e-05   3.9932491e-04   2.9636925e-07   5.6631946e-09   1.2845148e-08
   1.0000000e+00   1.5037799e-02  -8.0797064e-01   2.1824790e-02   1.1350727e-03  -1.7645910e-03  -2.2003648e-05   2.2613540e-04   6.5281656e-01   4.7632146e-04   1.2883900e-06   3.1137814e-06   4.8416053e-10  -7.2447250e-03   7.8651500e-03  -6.8382230e-03   4.3245646e-04   2.8052320e-04   1.0014280e-04   5.2486040e-05   6.1860585e-05   4.6761294e-05   1.8701859e-07   7.8693266e-08   1.0028581e-08
   1.0000000e+00   2.4197269e-02  -8.2806495e-01   4.3153947e-02   1.7107639e-03  -1.8421942e-03   7.2455298e-06   5.8550783e-04   6.8569156e-01   1.8622631e-03   2.9267131e-06   3.3936795e-06   5.2497702e-11   9.1594700e-03  -2.0094310e-02   2.1329157e-02   5.7569120e-04  -7.7603200e-05   2.9249178e-05   8.3895891e-05   4.0378129e-04   4.5493294e-04   3.3142036e-07   6.0222567e-09   8.5551440e-10
   1.0000000e+00   3.0743435e-02  -8.2860996e-01   4.5899003e-02   9.6050494e-04  -2.0674044e-03  -1.6407687e-04   9.4515880e-04   6.8659447e-01   2.1067185e-03   9.2256974e-07   4.2741610e-06   2.6921219e-08   6.5461660e-03  -5.4501000e-04   2.7450560e-03  -7.5025896e-04  -2.2521020e-04  -1.7132240e-04   4.2852289e-05   2.9703590e-07   7.5353324e-06   5.6288851e-07   5.0719634e-08   2.9351365e-08
   1.0000000e+00   2.5078375e-02  -8.2675145e-01   9.3402233e-02   1.7938987e-03  -1.9563691e-03  -1.6147774e-04   6.2892489e-04   6.8351796e-01   8.7239771e-03   3.2180725e-06   3.8273801e-06   2.6075061e-08  -5.6650600e-03   1.8585100e-03   4.7503230e-02   8.3339376e-04   1.1103530e-04   2.5991300e-06   3.2092905e-05   3.4540594e-06   2.2565569e-03   6.9454516e-07   1.2328838e-08   6.7554768e-12
   1.0000000e+00   2.6108798e-02  -1.0101987e+00   3.6504057e-01   9.2235213e-04  -1.9655312e-03   2.6454625e-04   6.8166933e-04   1.0205014e+00   1.3325462e-01   8.5073345e-07   3.8633129e-06   6.9984718e-08   1.0304230e-03  -1.8344725e-01   2.7163834e-01  -8.7154657e-04  -9.1621000e-06   4.2602399e-04   1.0617716e-06   3.3652894e-02   7.3787386e-02   7.5959342e-07   8.3944076e-11   1.8149644e-07
   1.0000000e+00  -2.5219319e-02  -8.2113141e-01   1.6806699e-01   3.1573978e-03  -9.9932593e-04   3.1936388e-04   6.3601405e-04   6.7425679e-01   2.8246513e-02   9.9691609e-06   9.9865231e-07   1.0199329e-07  -5.1328117e-02   1.8906729e-01  -1.9697358e-01   2.2350457e-03   9.6620527e-04   5.4817630e-05   2.6345756e-03   3.5746440e-02   3.8798591e-02   4.9954291e-06   9.3355262e-07   3.0049726e-09
   1.0000000e+00  -3.2193369e-02  -8.4851265e-01   1.4123519e-01   3.6100514e-03  -9.7804513e-04   2.1546224e-04   1.0364130e-03   7.1997372e-01   1.9947379e-02   1.3032471e-05   9.5657228e-07   4.6423977e-08  -6.9740500e-03  -2.7381240e-02  -2.6831800e-02   4.5265360e-04   2.1280800e-05  -1.0390164e-04   4.8637373e-05   7.4973230e-04   7.1994549e-04   2.0489528e-07   4.5287245e-10   1.0795551e-08
   1.0000000e+00  -1.2455836e-02  -8.2998054e-01   3.0270609e-01   1.8800818e-03  -1.5563687e-03   8.5313927e-05   1.5514785e-04   6.8886770e-01   9.1630977e-02   3.5347076e-06   2.4222835e-06   7.2784661e-09   1.9737533e-02   1.8532110e-02   1.6147090e-01  -1.7299696e-03  -5.7832357e-04  -1.3014831e-04   3.8957021e-04   3.4343910e-04   2.6072852e-02   2.9927948e-06   3.3445815e-07   1.6938583e-08
   1.0000000e+00   5.1328795e-03  -8.3423966e-01   3.0841141e-01   1.9602959e-03  -2.0811617e-03  -1.8016594e-04   2.6346452e-05   6.9595581e-01   9.5117598e-02   3.8427600e-06   4.3312340e-06   3.2459766e-08   1.7588715e-02  -4.2591200e-03   5.7053200e-03   8.0214100e-05  -5.2479300e-04  -2.6547987e-04   3.0936291e-04   1.8140103e-05   3.2550676e-05   6.4343018e-09   2.7540769e-07   7.0479560e-08
   1.0000000e+00  -6.0292434e-04  -8.3045530e-01   2.7405867e-01   2.2372317e-03  -1.6393740e-03  -6.4654663e-05   3.6351776e-07   6.8965601e-01   7.5108155e-02   5.0052057e-06   2.6875471e-06   4.1802254e-09  -5.7358038e-03   3.7843600e-03  -3.4352740e-02   2.7693580e-04   4.4178770e-04   1.1551128e-04   3.2899446e-05   1.4321381e-05   1.1801107e-03   7.6693437e-08   1.9517637e-07   1.3342855e-08
   1.0000000e+00  -5.3168640e-03  -8.2731004e-01   3.0861427e-01   2.3806148e-03  -1.6159282e-03  -7.4603596e-05   2.8269043e-05   6.8444190e-01   9.5242768e-02   5.6673268e-06   2.6112239e-06   5.5656965e-09  -4.7139397e-03   3.1452600e-03   3.4555600e-02   1.4338310e-04   2.3445800e-05  -9.9489330e-06   2.2221227e-05   9.8926605e-06   1.1940895e-03   2.0558713e-08   5.4970554e-10   9.8981268e-11
   1.0000000e+00  -6.6284822e-03  -8.5100378e-01   3.3858063e-01   2.2046023e-03  -1.6931144e-03  -1.3302818e-04   4.3936776e-05   7.2420743e-01   1.1463684e-01   4.8602713e-06   2.8666364e-06   1.7696497e-08  -1.3116182e-03  -2.3693740e-02   2.9966360e-02  -1.7601250e-04  -7.7186200e-05  -5.8424584e-05   1.7203423e-06   5.6139332e-04   8.9798273e-04   3.0980400e-08   5.9577095e-09   3.4134320e-09
   1.0000000e+00  -8.0465111e-03  -8.5743003e-01   3.7670488e-01   1.3770783e-03  -1.8410751e-03  -1.8258541e-04   6.4746341e-05   7.3518626e-01   1.4190657e-01   1.8963446e-06   3.3895575e-06   3.3337432e-08  -1.4180289e-03  -6.4262500e-03   3.8124250e-02  -8.2752400e-04  -1.4796070e-04  -4.9557230e-05   2.0108060e-06   4.1296689e-05   1.4534584e-03   6.8479597e-07   2.1892369e-08   2.4559190e-09
   1.0000000e+00  -1.0430509e-02  -8.8414196e-01   2.7981564e-01   2.5503853e-03  -1.7662175e-03  -1.3745566e-04   1.0879552e-04   7.8170701e-01   7.8296792e-02   6.5044652e-06   3.1195243e-06   1.8894058e-08  -2.3839979e-03  -2.6711930e-02  -9.6889240e-02   1.1733070e-03   7.4857600e-05   4.5129750e-05   5.6834460e-06   7.1352720e-04   9.3875248e-03   1.3766493e-06   5.6036603e-09   2.0366943e-09
   1.0000000e+00  -1.1313533e-02  -9.0058250e-01   2.9015474e-01   2.0008325e-03  -1.7048257e-03  -4.2585480e-05   1.2799603e-04   8.1104884e-01   8.4189773e-02   4.0033307e-06   2.9064307e-06   1.8135231e-09  -8.8302400e-04  -1.6440540e-02   1.0339100e-02  -5.4955280e-04   6.1391800e-05   9.4870180e-05   7.7973138e-07   2.7029136e-04   1.0689699e-04   3.0200828e-07   3.7689531e-09   9.0003511e-09
   1.0000000e+00  -1.7507509e-02  -8.8995848e-01   2.7475539e-01   1.3304132e-03  -1.5680358e-03  -7.2270957e-05   3.0651287e-04   7.9202610e-01   7.5490524e-02   1.7699993e-06   2.4587363e-06   5.2230912e-09  -6.1939760e-03   1.0624020e-02  -1.5399350e-02  -6.7041930e-04   1.3678990e-04  -2.9685477e-05   3.8365339e-05   1.1286980e-04   2.3713998e-04   4.4946204e-07   1.8711477e-08   8.8122754e-10
   1.0000000e+00  -1.2054687e-02  -8.9228751e-01   2.7520982e-01   1.8945739e-03  -1.8014911e-03  -2.2430798e-05   1.4531548e-04   7.9617700e-01   7.5740445e-02   3.5894103e-06   3.2453702e-06   5.0314070e-10   5.4528220e-03  -2.3290300e-03   4.5443000e-04   5.6416070e-04  -2.3345530e-04   4.9840159e-05   2.9733268e-05   5.4243807e-06   2.0650662e-07   3.1827730e-07   5.4501377e-08   2.4840414e-09
   1.0000000e+00  -1.5044847e-02  -9.5320254e-01   3.0318744e-01   4.8158309e-04  -2.2108511e-03  -1.6007807e-04   2.2634742e-04   9.0859508e-01   9.1922624e-02   2.3192227e-07   4.8878626e-06   2.5624988e-08  -2.9901600e-03  -6.0915030e-02   2.7977620e-02  -1.4129908e-03  -4.0936000e-04  -1.3764727e-04   8.9410568e-06   3.7106409e-03   7.8274722e-04   1.9965430e-06   1.6757561e-07   1.8946771e-08
   1.0000000e+00  -6.2140924e-03  -1.0079353e+00   3.0958450e-01  -6.9788652e-04  -2.3015593e-03  -1.5610431e-04   3.8614944e-05   1.0159336e+00   9.5842563e-02   4.8704559e-07   5.2971752e-06   2.4368556e-08   8.8307546e-03  -5.4732760e-02   6.3970600e-03  -1.1794696e-03  -9.0708200e-05   3.9737600e-06   7.7982227e-05   2.9956750e-03   4.0922377e-05   1.3911486e-06   8.2279775e-09   1.5790769e-11
   1.0000000e+00  -8.4811033e-03  -9.9199827e-01   2.6323231e-01  -1.1702450e-03  -1.9482182e-03  -7.0151555e-05   7.1929113e-05   9.8406057e-01   6.9291249e-02   1.3694734e-06   3.7955542e-06   4.9212407e-09  -2.2670109e-03   1.5937030e-02  -4.6352190e-02  -4.7235848e-04   3.5334110e-04   8.5952755e-05   5.1393384e-06   2.5398893e-04   2.1485255e-03   2.2312253e-07   1.2484993e-07   7.3878761e-09
   1.0000000e+00  -4.4529641e-03  -9.6404308e-01   3.0560024e-01  -3.7526769e-04  -1.9577714e-03   3.6314459e-05   1.9828889e-05   9.2937906e-01   9.3391507e-02   1.4082584e-07   3.8328689e-06   1.3187399e-09   4.0281392e-03   2.7955190e-02   4.2367930e-02   7.9497731e-04  -9.5532000e-06   1.0646601e-04   1.6225905e-05   7.8149265e-04   1.7950415e-03   6.3198892e-07   9.1263630e-11   1.1335012e-08
   1.0000000e+00  -7.1575097e-03  -1.0038237e+00   2.7255384e-01  -1.9418790e-04  -1.7605214e-03   1.7224594e-04   5.1229945e-05   1.0076620e+00   7.4285596e-02   3.7708941e-08   3.0994356e-06   2.9668664e-08  -2.7045456e-03  -3.9780620e-02  -3.3046400e-02   1.8107979e-04   1.9725000e-04   1.3593148e-04   7.3145669e-06   1.5824977e-03   1.0920646e-03   3.2789890e-08   3.8907563e-08   1.8477368e-08
   1.0000000e+00  -5.1033549e-03  -1.0136128e+00   3.3975389e-01  -6.5609478e-04  -1.7990648e-03   2.0733529e-04   2.6044231e-05   1.0274109e+00   1.1543271e-01   4.3046036e-07   3.2366342e-06   4.2987922e-08   2.0541548e-03  -9.7891000e-03   6.7200050e-02  -4.6190688e-04  -3.8543400e-05   3.5089350e-05   4.2195519e-06   9.5826479e-05   4.5158467e-03   2.1335797e-07   1.4855937e-09   1.2312625e-09
   1.0000000e+00  -2.6328056e-03  -1.0157663e+00   3.5737769e-01  -1.2416655e-03  -2.0550289e-03   8.7475626e-05   6.9316653e-06   1.0317812e+00   1.2771881e-01   1.5417332e-06   4.2231438e-06   7.6519851e-09   2.4705493e-03  -2.1535000e-03   1.7623800e-02  -5.8557072e-04  -2.5596410e-04  -1.1985966e-04   6.1036138e-06   4.6375622e-06   3.1059833e-04   3.4289307e-07   6.5517620e-08   1.4366339e-08
   1.0000000e+00  -8.7071352e-03  -1.0313155e+00   3.5457098e-01  -3.7375400e-04  -1.8501538e-03   1.8004610e-04   7.5814203e-05   1.0636117e+00   1.2572058e-01   1.3969205e-07   3.4230691e-06   3.2416598e-08  -6.0743296e-03  -1.5549200e-02  -2.8067100e-03   8.6791150e-04   2.0487510e-04   9.2570474e-05   3.6897480e-05   2.4177762e-04   7.8776210e-06   7.5327037e-07   4.1973807e-08   8.5692927e-09
   1.0000000e+00  -6.9959961e-03  -1.0503985e+00   3.5842441e-01  -1.2482521e-03  -1.8908935e-03   2.9096235e-04   4.8943961e-05   1.1033370e+00   1.2846806e-01   1.5581333e-06   3.5754782e-06   8.4659089e-08   1.7111391e-03  -1.9083000e-02   3.8534300e-03  -8.7449810e-04  -4.0739700e-05   1.1091625e-04   2.9279970e-06   3.6416089e-04   1.4848923e-05   7.6474693e-07   1.6597232e-09   1.2302415e-08
   1.0000000e+00  -1.8128521e-02  -1.0489792e+00   3.5167798e-01  -8.5977339e-04  -1.6716416e-03   2.6774673e-04   3.2864327e-04   1.1003574e+00   1.2367740e-01   7.3921028e-07   2.7943856e-06   7.1688311e-08  -1.1132525e-02   1.4193000e-03  -6.7464300e-03   3.8847871e-04   2.1925190e-04  -2.3215620e-05   1.2393311e-04   2.0144125e-06   4.5514318e-05   1.5091571e-07   4.8071396e-08   5.3896501e-10
   1.0000000e+00  -1.4906966e-02  -1.0743360e+00   3.2015812e-01  -5.6469034e-04  -1.7657997e-03   2.3320537e-04   2.2221764e-04   1.1541978e+00   1.0250122e-01   3.1887518e-07   3.1180486e-06   5.4384745e-08   3.2215550e-03  -2.5356800e-02  -3.1519860e-02   2.9508305e-04  -9.4158100e-05  -3.4541360e-05   1.0378417e-05   6.4296731e-04   9.9350157e-04   8.7074006e-08   8.8657478e-09   1.1931056e-09
   1.0000000e+00  -5.6483346e-03  -1.0905733e+00   2.9656589e-01  -1.1091728e-03  -1.7026126e-03   3.9507172e-04   3.1903684e-05   1.1893501e+00   8.7951327e-02   1.2302643e-06   2.8988897e-06   1.5608166e-07   9.2586314e-03  -1.6237300e-02  -2.3592230e-02  -5.4448246e-04   6.3187100e-05   1.6186635e-04   8.5722255e-05   2.6364991e-04   5.5659332e-04   2.9646115e-07   3.9926096e-09   2.6200715e-08
   1.0000000e+00  -1.2572360e-02  -1.0681563e+00   2.9436135e-01  -1.6515131e-04  -1.4196004e-03   4.0827131e-04   1.5806424e-04   1.1409579e+00   8.6648604e-02   2.7274955e-08   2.0152653e-06   1.6668546e-07  -6.9240254e-03   2.2417000e-02  -2.2045400e-03   9.4402149e-04   2.8301220e-04   1.3199590e-05   4.7942128e-05   5.0252189e-04   4.8599966e-06   8.9117657e-07   8.0095905e-08   1.7422918e-10
   1.0000000e+00  -2.2362542e-03  -1.1155292e+00   3.0193824e-01  -1.5473238e-04  -1.7149642e-03   4.1886769e-04   5.0008328e-06   1.2444054e+00   9.1166701e-02   2.3942109e-08   2.9411022e-06   1.7545014e-07   1.0336106e-02  -4.7372900e-02   7.5768900e-03   1.0418930e-05  -2.9536380e-04   1.0596380e-05   1.0683508e-04   2.2441917e-03   5.7409262e-05   1.0855410e-10   8.7239774e-08   1.1228327e-10
   1.0000000e+00  -1.2771104e-02  -1.1243487e+00   3.0739802e-01  -5.3916989e-04  -1.4259116e-03   2.9237281e-04   1.6310110e-04   1.2641600e+00   9.4493543e-02   2.9070417e-07   2.0332239e-06   8.5481860e-08  -1.0534850e-02  -8.8195000e-03   5.4597800e-03  -3.8443751e-04   2.8905260e-04  -1.2649488e-04   1.1098306e-04   7.7783580e-05   2.9809198e-05   1.4779220e-07   8.3551406e-08   1.6000955e-08
   1.0000000e+00  -2.6259309e-02  -1.1043300e+00   2.8114541e-01  -6.1689848e-04  -1.2992393e-03   3.7107547e-04   6.8955131e-04   1.2195447e+00   7.9042742e-02   3.8056373e-07   1.6880228e-06   1.3769700e-07  -1.3488205e-02   2.0018700e-02  -2.6252610e-02  -7.7728590e-05   1.2667230e-04   7.8702660e-05   1.8193167e-04   4.0074835e-04   6.8919953e-04   6.0417337e-09   1.6045872e-08   6.1941087e-09
   1.0000000e+00  -2.9831790e-02  -1.1461911e+00   2.8440625e-01   3.3784811e-04  -1.4640429e-03   2.1882427e-04   8.8993569e-04   1.3137540e+00   8.0886915e-02   1.1414135e-07   2.1434216e-06   4.7884061e-08  -3.5724810e-03  -4.1861100e-02   3.2608400e-03   9.5474659e-04  -1.6480360e-04  -1.5225120e-04   1.2762620e-05   1.7523517e-03   1.0633078e-05   9.1154105e-07   2.7160227e-08   2.3180428e-08
   1.0000000e+00  -2.7917604e-02  -1.1468057e+00   3.0011218e-01  -2.4262760e-04  -1.4225217e-03   2.0475205e-04   7.7939261e-04   1.3151633e+00   9.0067321e-02   5.8868152e-08   2.0235680e-06   4.1923402e-08   1.9141860e-03  -6.1460000e-04   1.5705930e-02  -5.8047571e-04   4.1521200e-05  -1.4072220e-05   3.6641080e-06   3.7773316e-07   2.4667624e-04   3.3695205e-07   1.7240100e-09   1.9802738e-10
   1.0000000e+00  -2.9648079e-02  -1.1213561e+00   2.7853736e-01  -3.8637870e-04  -1.1615151e-03   3.5848956e-04   8.7900859e-04   1.2574395e+00   7.7583061e-02   1.4928850e-07   1.3491173e-06   1.2851476e-07  -1.7304750e-03   2.5449600e-02  -2.1574820e-02  -1.4375110e-04   2.6100660e-04   1.5373751e-04   2.9945437e-06   6.4768214e-04   4.6547286e-04   2.0664379e-08   6.8124445e-08   2.3635222e-08
   1.0000000e+00  -2.5351236e-02  -1.1463413e+00   2.7461801e-01   4.4420666e-04  -1.2565738e-03   3.4975654e-04   6.4268517e-04   1.3140984e+00   7.5415051e-02   1.9731956e-07   1.5789777e-06   1.2232964e-07   4.2968430e-03  -2.4985200e-02  -3.9193500e-03   8.3058536e-04  -9.5058700e-05  -8.7330200e-06   1.8462860e-05   6.2426022e-04   1.5361304e-05   6.8987204e-07   9.0361564e-09   7.6265638e-11
   1.0000000e+00  -1.8631082e-02  -1.1655836e+00   2.8424263e-01   4.3987538e-04  -1.3361325e-03   3.0341428e-04   3.4711722e-04   1.3585851e+00   8.0793873e-02   1.9349035e-07   1.7852501e-06   9.2060225e-08   6.7201540e-03  -1.9242300e-02   9.6246200e-03  -4.3312800e-06  -7.9558700e-05  -4.6342260e-05   4.5160470e-05   3.7026611e-04   9.2633310e-05   1.8759986e-11   6.3295867e-09   2.1476051e-09
   1.0000000e+00  -1.7943711e-02  -1.1532981e+00   2.8119799e-01   1.3297470e-04  -1.5655870e-03   2.1717100e-04   3.2197676e-04   1.3300965e+00   7.9072310e-02   1.7682271e-08   2.4510627e-06   4.7163243e-08   6.8737100e-04   1.2285500e-02  -3.0446400e-03  -3.0690068e-04  -2.2945450e-04  -8.6243280e-05   4.7247889e-07   1.5093351e-04   9.2698327e-06   9.4188027e-08   5.2649368e-08   7.4379033e-09
   1.0000000e+00  -2.6278100e-02  -1.1262936e+00   2.7498710e-01   5.0051965e-04  -1.4076256e-03   1.7876821e-04   6.9053854e-04   1.2685373e+00   7.5617905e-02   2.5051992e-07   1.9814098e-06   3.1958073e-08  -8.3343890e-03   2.7004500e-02  -6.2108900e-03   3.6754495e-04   1.5796140e-04  -3.8402790e-05   6.9462040e-05   7.2924302e-04   3.8575155e-05   1.3508929e-07   2.4951804e-08   1.4747743e-09
   1.0000000e+00  -3.1758399e-02  -1.1587895e+00   2.8852002e-01   3.6842075e-04  -1.3024780e-03   9.2253573e-05   1.0085959e-03   1.3427931e+00   8.3243802e-02   1.3573385e-07   1.6964489e-06   8.5107217e-09  -5.4802990e-03  -3.2495900e-02   1.3532920e-02  -1.3209890e-04   1.0514760e-04  -8.6514637e-05   3.0033677e-05   1.0559835e-03   1.8313992e-04   1.7450119e-08   1.1056018e-08   7.4847824e-09
   1.0000000e+00  -1.9924397e-02  -1.1847041e+00   2.9244884e-01  -4.0484270e-05  -1.5250952e-03   6.1208885e-05   3.9698160e-04   1.4035238e+00   8.5526324e-02   1.6389761e-09   2.3259154e-06   3.7465276e-09   1.1834002e-02  -2.5914600e-02   3.9288200e-03  -4.0890502e-04  -2.2261720e-04  -3.1044688e-05   1.4004360e-04   6.7156649e-04   1.5435627e-05   1.6720332e-07   4.9558418e-08   9.6377265e-10
   1.0000000e+00  -1.9735852e-02  -1.1449271e+00   2.7342970e-01   1.1763153e-04  -1.4027721e-03   1.3529780e-04   3.8950385e-04   1.3108581e+00   7.4763801e-02   1.3837177e-08   1.9677696e-06   1.8305495e-08   1.8854500e-04   3.9777000e-02  -1.9019140e-02   1.5811580e-04   1.2232310e-04   7.4088915e-05   3.5549217e-08   1.5822097e-03   3.6172769e-04   2.5000606e-08   1.4962941e-08   5.4891673e-09
   1.0000000e+00  -1.7674241e-02  -1.1781621e+00   2.6772937e-01   3.5708821e-04  -1.4393080e-03   2.1488098e-04   3.1237879e-04   1.3880659e+00   7.1679016e-02   1.2751199e-07   2.0716075e-06   4.6173836e-08   2.0616110e-03  -3.3235000e-02  -5.7003300e-03   2.3945668e-04  -3.6535900e-05   7.9583180e-05   4.2502399e-06   1.1045652e-03   3.2493762e-05   5.7339502e-08   1.3348720e-09   6.3334825e-09
   1.0000000e+00  -9.0281130e-03  -1.1990576e+00   2.7448619e-01   6.3022943e-04  -1.5559335e-03   2.2895342e-04   8.1506824e-05   1.4377391e+00   7.5342669e-02   3.9718913e-07   2.4209291e-06   5.2419669e-08   8.6461280e-03  -2.0895500e-02   6.7568200e-03   2.7314122e-04  -1.1662550e-04   1.4072440e-05   7.4755529e-05   4.3662192e-04   4.5654617e-05   7.4606126e-08   1.3601507e-08   1.9803357e-10
   1.0000000e+00   6.2199405e-03  -1.1672079e+00   2.6465110e-01   1.3412214e-04  -1.6085887e-03   2.5577304e-04   3.8687660e-05   1.3623743e+00   7.0040205e-02   1.7988748e-08   2.5875576e-06   6.5419848e-08   1.5248054e-02   3.1849700e-02  -9.8350900e-03  -4.9610729e-04  -5.2655200e-05   2.6819620e-05   2.3250314e-04   1.0144034e-03   9.6728995e-05   2.4612244e-07   2.7725701e-09   7.1929202e-10
   1.0000000e+00   3.5207723e-03  -1.1493421e+00   2.7026097e-01   5.4921989e-04  -1.5325886e-03   3.2120798e-04   1.2395838e-05   1.3209873e+00   7.3040992e-02   3.0164249e-07   2.3488278e-06   1.0317457e-07  -2.6991682e-03   1.7865800e-02   5.6098700e-03   4.1509775e-04   7.6000100e-05   6.5434940e-05   7.2855090e-06   3.1918681e-04   3.1470641e-05   1.7230614e-07   5.7760152e-09   4.2817314e-09
   1.0000000e+00   2.2343136e-03  -1.1767533e+00   2.5636591e-01   9.4443621e-04  -1.4857824e-03   2.6382673e-04   4.9921573e-06   1.3847483e+00   6.5723480e-02   8.9195975e-07   2.2075493e-06   6.9604543e-08  -1.2864587e-03  -2.7411200e-02  -1.3895060e-02   3.9521632e-04   4.6806200e-05  -5.7381250e-05   1.6549760e-06   7.5137389e-04   1.9307269e-04   1.5619594e-07   2.1908204e-09   3.2926079e-09
   1.0000000e+00  -1.1416633e-02  -1.2137710e+00   3.1478832e-01  -1.1800423e-03  -1.7629260e-03  -2.3513024e-04   1.3033951e-04   1.4732400e+00   9.9091686e-02   1.3924998e-06   3.1079081e-06   5.5286230e-08  -1.3650947e-02  -3.7017700e-02   5.8422410e-02  -2.1244785e-03  -2.7714360e-04  -4.9895697e-04   1.8634834e-04   1.3703101e-03   3.4131780e-03   4.5134089e-06   7.6808575e-08   2.4895806e-07
   1.0000000e+00   1.7575504e-02  -1.2496896e+00   2.2806785e-01  -1.4402316e-03  -7.7756838e-04   1.3187026e-03   3.0889834e-04   1.5617241e+00   5.2014944e-02   2.0742671e-06   6.0461259e-07   1.7389765e-06   2.8992137e-02  -3.5918600e-02  -8.6720470e-02  -2.6018930e-04   9.8535762e-04   1.5538328e-03   8.4054401e-04   1.2901458e-03   7.5204399e-03   6.7698472e-08   9.7092964e-07   2.4143965e-06
   1.0000000e+00  -9.4348305e-03  -1.2454444e+00   2.5736732e-01  -1.5144897e-03  -7.7723637e-04   4.3917132e-04   8.9016027e-05   1.5511318e+00   6.6237937e-02   2.2936791e-06   6.0409637e-07   1.9287145e-07  -2.7010334e-02   4.2452000e-03   2.9299470e-02  -7.4258100e-05   3.3201000e-07  -8.7953128e-04   7.2955817e-04   1.8021723e-05   8.5845894e-04   5.5142654e-09   1.1023064e-13   7.7357527e-07
   1.0000000e+00  -2.8539709e-02  -1.2048890e+00   3.1011014e-01  -9.2929274e-04  -8.8016386e-04   2.0550849e-04   8.1451499e-04   1.4517575e+00   9.6168299e-02   8.6358500e-07   7.7468842e-07   4.2233739e-08  -1.9104878e-02   4.0555400e-02   5.2742820e-02   5.8519696e-04  -1.0292749e-04  -2.3366283e-04   3.6499638e-04   1.6447405e-03   2.7818051e-03   3.4245548e-07   1.0594068e-08   5.4598318e-08
   1.0000000e+00  -2.1876398e-02  -1.2451978e+00   2.7151994e-01  -3.8611896e-04  -8.0421582e-04   3.7994909e-04   4.7857679e-04   1.5505176e+00   7.3723078e-02   1.4908785e-07   6.4676309e-07   1.4436131e-07   6.6633110e-03  -4.0308800e-02  -3.8590200e-02   5.4317378e-04   7.5948040e-05   1.7444060e-04   4.4399713e-05   1.6247994e-03   1.4892035e-03   2.9503776e-07   5.7681048e-09   3.0429523e-08
   1.0000000e+00  -2.0528625e-02  -1.2393096e+00   3.0741134e-01  -8.1210314e-04  -8.7853123e-04   2.9033961e-04   4.2142444e-04   1.5358883e+00   9.4501732e-02   6.5951151e-07   7.7181712e-07   8.4297089e-08   1.3477730e-03   5.8882000e-03   3.5891400e-02  -4.2598418e-04  -7.4315410e-05  -8.9609480e-05   1.8164921e-06   3.4670899e-05   1.2881926e-03   1.8146252e-07   5.5227802e-09   8.0298589e-09
   1.0000000e+00  -1.6102550e-02  -1.2223067e+00   3.0327142e-01  -1.1224592e-03  -7.0954761e-04   3.8654482e-04   2.5929212e-04   1.4940337e+00   9.1973554e-02   1.2599147e-06   5.0345781e-07   1.4941690e-07   4.4260750e-03   1.7002900e-02  -4.1399200e-03  -3.1035606e-04   1.6898362e-04   9.6205210e-05   1.9590140e-05   2.8909861e-04   1.7138938e-05   9.6320884e-08   2.8555464e-08   9.2554424e-09
   1.0000000e+00  -2.0570852e-02  -1.2143949e+00   3.3998799e-01  -1.1882050e-03  -1.0882986e-03   3.0803331e-04   4.2315995e-04   1.4747550e+00   1.1559183e-01   1.4118311e-06   1.1843938e-06   9.4884520e-08  -4.4683020e-03   7.9118000e-03   3.6716570e-02  -6.5745800e-05  -3.7875099e-04  -7.8511510e-05   1.9965723e-05   6.2596579e-05   1.3481065e-03   4.3225102e-09   1.4345231e-07   6.1640572e-09
   1.0000000e+00  -2.0834537e-02  -1.2524700e+00   3.3794955e-01  -1.3897251e-03  -9.8309312e-04   5.0184646e-04   4.3407793e-04   1.5686811e+00   1.1420990e-01   1.9313359e-06   9.6647208e-07   2.5184987e-07  -2.6368500e-04  -3.8075100e-02  -2.0384400e-03  -2.0152010e-04   1.0520548e-04   1.9381315e-04   6.9529779e-08   1.4497132e-03   4.1552376e-06   4.0610351e-08   1.1068193e-08   3.7563537e-08
   1.0000000e+00  -4.2854033e-02  -1.2313175e+00   3.2074644e-01  -1.8758425e-03  -6.8304050e-04   3.2108667e-04   1.8364681e-03   1.5161428e+00   1.0287828e-01   3.5187851e-06   4.6654432e-07   1.0309665e-07  -2.2019496e-02   2.1152500e-02  -1.7203110e-02  -4.8611740e-04   3.0005262e-04  -1.8075979e-04   4.8485820e-04   4.4742826e-04   2.9594699e-04   2.3631013e-07   9.0031575e-08   3.2674102e-08
   1.0000000e+00  -2.7355105e-02  -1.2642982e+00   3.0477584e-01  -7.3775311e-04  -7.8066925e-04   4.3219096e-04   7.4830177e-04   1.5984499e+00   9.2888313e-02   5.4427965e-07   6.0944448e-07   1.8678903e-07   1.5498928e-02  -3.2980700e-02  -1.5970600e-02   1.1380894e-03  -9.7628750e-05   1.1110429e-04   2.4021677e-04   1.0877266e-03   2.5506006e-04   1.2952475e-06   9.5313728e-09   1.2344163e-08
   1.0000000e+00  -1.6642774e-02  -1.2889086e+00   2.9745280e-01  -9.7397300e-04  -8.5480530e-04   4.7878149e-04   2.7698193e-04   1.6612854e+00   8.8478168e-02   9.4862340e-07   7.3069210e-07   2.2923172e-07   1.0712331e-02  -2.4610400e-02  -7.3230400e-03  -2.3621989e-04  -7.4136050e-05   4.6590530e-05   1.1475404e-04   6.0567179e-04   5.3626915e-05   5.5799836e-08   5.4961539e-09   2.1706775e-09
   1.0000000e+00  -1.3665399e-02  -1.2955471e+00   2.8498104e-01  -1.4391600e-03  -8.2523990e-04   4.4250255e-04   1.8674313e-04   1.6784423e+00   8.1214193e-02   2.0711815e-06   6.8102089e-07   1.9580851e-07   2.9773750e-03  -6.6385000e-03  -1.2471760e-02  -4.6518700e-04   2.9565400e-05  -3.6278940e-05   8.8647619e-06   4.4069682e-05   1.5554480e-04   2.1639894e-07   8.7411288e-10   1.3161615e-09
   1.0000000e+00  -3.0309637e-02  -1.2749813e+00   2.4476820e-01  -1.5468791e-03  -5.6287619e-04   4.4663594e-04   9.1867410e-04   1.6255773e+00   5.9911472e-02   2.3928350e-06   3.1682961e-07   1.9948366e-07  -1.6644238e-02   2.0565800e-02  -4.0212840e-02  -1.0771910e-04   2.6236371e-04   4.1333900e-06   2.7703066e-04   4.2295213e-04   1.6170725e-03   1.1603405e-08   6.8834716e-08   1.7084913e-11
   1.0000000e+00  -2.6531678e-02  -1.2851716e+00   2.6457575e-01  -9.6622835e-04  -7.2478776e-04   3.9060797e-04   7.0392994e-04   1.6516660e+00   7.0000327e-02   9.3359722e-07   5.2531730e-07   1.5257459e-07   3.7779590e-03  -1.0190300e-02   1.9807550e-02   5.8065075e-04  -1.6191157e-04  -5.6027970e-05   1.4272974e-05   1.0384221e-04   3.9233904e-04   3.3715529e-07   2.6215356e-08   3.1391334e-09
   1.0000000e+00  -1.3074678e-02  -1.2990304e+00   2.5935106e-01  -6.8571568e-04  -7.6035600e-04   4.5046745e-04   1.7094720e-04   1.6874800e+00   6.7262972e-02   4.7020599e-07   5.7814125e-07   2.0292092e-07   1.3457000e-02  -1.3858800e-02  -5.2246900e-03   2.8051267e-04  -3.5568240e-05   5.9859480e-05   1.8109085e-04   1.9206634e-04   2.7297386e-05   7.8687358e-08   1.2650997e-09   3.5831573e-09
   1.0000000e+00  -7.5402670e-03  -1.2745597e+00   2.6233435e-01  -1.0571947e-03  -7.1159543e-04   6.5315294e-04   5.6855626e-05   1.6245024e+00   6.8819311e-02   1.1176606e-06   5.0636806e-07   4.2660876e-07   5.5344110e-03   2.4470700e-02   2.9832900e-03  -3.7147902e-04   4.8760570e-05   2.0268549e-04   3.0629705e-05   5.9881516e-04   8.9000192e-06   1.3799666e-07   2.3775932e-09   4.1081408e-08
   1.0000000e+00  -2.1711065e-02  -1.2939695e+00   2.6876984e-01  -7.3718409e-04  -4.4401733e-04   4.4015131e-04   4.7137034e-04   1.6743571e+00   7.2237227e-02   5.4344038e-07   1.9715139e-07   1.9373318e-07  -1.4170798e-02  -1.9409800e-02   6.4354900e-03   3.2001061e-04   2.6757810e-04  -2.1300163e-04   2.0081152e-04   3.7674034e-04   4.1415532e-05   1.0240679e-07   7.1598040e-08   4.5369694e-08
   1.0000000e+00  -1.5627717e-02  -1.3149338e+00   3.1844234e-01  -1.2781572e-03  -7.5641159e-04   3.6856455e-04   2.4422554e-04   1.7290509e+00   1.0140552e-01   1.6336858e-06   5.7215849e-07   1.3583983e-07   6.0833480e-03  -2.0964300e-02   4.9672500e-02  -5.4097311e-04  -3.1239426e-04  -7.1586760e-05   3.7007123e-05   4.3950187e-04   2.4673573e-03   2.9265191e-07   9.7590174e-08   5.1246642e-09
   1.0000000e+00  -1.0495733e-02  -1.3096440e+00   2.6612828e-01  -1.5201590e-03  -8.0518299e-04   3.7936205e-04   1.1016041e-04   1.7151674e+00   7.0824261e-02   2.3108834e-06   6.4831965e-07   1.4391556e-07   5.1319840e-03   5.2898000e-03  -5.2314060e-02  -2.4200180e-04  -4.8771400e-05   1.0797500e-05   2.6337260e-05   2.7981984e-05   2.7367609e-03   5.8564871e-08   2.3786495e-09   1.1658601e-10
   1.0000000e+00  -1.5688592e-02  -1.2963615e+00   2.5118089e-01  -1.3659441e-03  -8.0272681e-04   3.9665120e-04   2.4613192e-04   1.6805531e+00   6.3091840e-02   1.8658033e-06   6.4437033e-07   1.5733217e-07  -5.1928590e-03   1.3282500e-02  -1.4947390e-02   1.5421490e-04   2.4561800e-06   1.7289150e-05   2.6965785e-05   1.7642481e-04   2.2342447e-04   2.3782235e-08   6.0328202e-12   2.9891471e-10
   1.0000000e+00  -1.9553376e-02  -1.3293669e+00   2.7367179e-01  -1.5190048e-03  -4.9564695e-04   6.0912839e-04   3.8233451e-04   1.7672164e+00   7.4896249e-02   2.3073756e-06   2.4566590e-07   3.7103740e-07  -3.8647840e-03  -3.3005400e-02   2.2490900e-02  -1.5306070e-04   3.0707986e-04   2.1247719e-04   1.4936555e-05   1.0893564e-03   5.0584058e-04   2.3427578e-08   9.4298040e-08   4.5146556e-08
   1.0000000e+00  -2.7184082e-02  -1.3223825e+00   2.9911990e-01  -1.9149641e-03  -4.9911081e-04   4.0739117e-04   7.3897431e-04   1.7486955e+00   8.9472715e-02   3.6670875e-06   2.4911160e-07   1.6596757e-07  -7.6307060e-03   6.9844000e-03   2.5448110e-02  -3.9595930e-04  -3.4638600e-06  -2.0173722e-04   5.8227674e-05   4.8781843e-05   6.4760630e-04   1.5678377e-07   1.1998326e-11   4.0697906e-08
   1.0000000e+00  -3.5077034e-02  -1.3358050e+00   2.8969545e-01  -1.1819495e-03  -6.3239844e-04   2.5283965e-04   1.2303983e-03   1.7843750e+00   8.3923454e-02   1.3970046e-06   3.9992779e-07   6.3927889e-08  -7.8929520e-03  -1.3422500e-02  -9.4244500e-03   7.3301460e-04  -1.3328763e-04  -1.5455152e-04   6.2298691e-05   1.8016351e-04   8.8820258e-05   5.3731040e-07   1.7765592e-08   2.3886172e-08
   1.0000000e+00  -3.1158982e-02  -1.3400633e+00   3.1198529e-01  -1.5508882e-03  -5.9526051e-04   4.2424867e-04   9.7088216e-04   1.7957696e+00   9.7334821e-02   2.4052542e-06   3.5433507e-07   1.7998693e-07   3.9180520e-03  -4.2583000e-03   2.2289840e-02  -3.6893870e-04   3.7137930e-05   1.7140902e-04   1.5351131e-05   1.8133119e-05   4.9683697e-04   1.3611576e-07   1.3792258e-09   2.9381052e-08
   1.0000000e+00  -3.0793569e-02  -1.3624707e+00   3.1174121e-01  -2.5586218e-03  -5.4911822e-04   2.4169655e-04   9.4824389e-04   1.8563264e+00   9.7182582e-02   6.5465455e-06   3.0153082e-07   5.8417222e-08   3.6541300e-04  -2.2407400e-02  -2.4408000e-04  -1.0077336e-03   4.6142290e-05  -1.8255212e-04   1.3352666e-07   5.0209157e-04   5.9575046e-08   1.0155270e-06   2.1291109e-09   3.3325277e-08
   1.0000000e+00  -4.1201501e-02  -1.3556392e+00   3.5293141e-01  -2.0136216e-03  -4.4084995e-04   2.9170404e-04   1.6975637e-03   1.8377576e+00   1.2456058e-01   4.0546719e-06   1.9434868e-07   8.5091247e-08  -1.0407932e-02   6.8315000e-03   4.1190200e-02   5.4500020e-04   1.0826827e-04   5.0007490e-05   1.0832505e-04   4.6669392e-05   1.6966326e-03   2.9702522e-07   1.1722018e-08   2.5007491e-09
   1.0000000e+00  -4.1998463e-02  -1.3246108e+00   3.0136686e-01  -7.8788102e-04  -2.0115473e-04   1.9931882e-04   1.7638709e-03   1.7545938e+00   9.0821984e-02   6.2075650e-07   4.0463225e-08   3.9727992e-08  -7.9696200e-04   3.1028400e-02  -5.1564550e-02   1.2257406e-03   2.3969522e-04  -9.2385220e-05   6.3514843e-07   9.6276161e-04   2.6589028e-03   1.5024400e-06   5.7453798e-08   8.5350289e-09
   1.0000000e+00  -4.3352258e-02  -1.3057817e+00   2.8098832e-01  -3.8247329e-04   7.4836351e-06   1.0471203e-04   1.8794183e-03   1.7050658e+00   7.8954436e-02   1.4628582e-07   5.6004794e-11   1.0964609e-08  -1.3537950e-03   1.8829100e-02  -2.0378540e-02   4.0540773e-04   2.0863837e-04  -9.4606790e-05   1.8327609e-06   3.5453501e-04   4.1528489e-04   1.6435543e-07   4.3529967e-08   8.9504447e-09
   1.0000000e+00  -4.2919948e-02  -1.3247294e+00   2.8254973e-01   3.9195917e-05   7.7902134e-05   4.1258205e-04   1.8421219e-03   1.7549080e+00   7.9834350e-02   1.5363199e-09   6.0687425e-09   1.7022395e-07   4.3231000e-04  -1.8947700e-02   1.5614100e-03   4.2166921e-04   7.0418499e-05   3.0787002e-04   1.8689194e-07   3.5901534e-04   2.4380012e-06   1.7780492e-07   4.9587650e-09   9.4783949e-08
