   1.0000000e+00   1.3920631e-14   0.0000000e+00  -1.4210855e-14   3.4694470e-18   3.5859217e-18   0.0000000e+00   1.9378397e-28   0.0000000e+00   2.0194840e-28   1.2037062e-35   1.2858834e-35   0.0000000e+00   0.0000000e+00   0.0000000e+00   0.0000000e+00   0.0000000e+00   0.0000000e+00   0.0000000e+00   0.0000000e+00   0.0000000e+00   0.0000000e+00   0.0000000e+00   0.0000000e+00   0.0000000e+00
   1.0000000e+00   6.9113320e-04  -2.4656617e-02   1.8922043e-02  -6.0406571e-05  -8.2520421e-05   6.6077495e-05   4.7766510e-07   6.0794876e-04   3.5804371e-04   3.6489538e-09   6.8096199e-09   4.3662353e-09   6.9113320e-04  -2.4656617e-02   1.8922043e-02  -6.0406571e-05  -8.2520421e-05   6.6077495e-05   4.7766510e-07   6.0794876e-04   3.5804371e-04   3.6489538e-09   6.8096199e-09   4.3662353e-09
   1.0000000e+00  -8.3281795e-03  -1.2514265e-02   3.2664395e-02  -2.3776403e-03   8.3306255e-05   2.3529503e-05   6.9358574e-05   1.5660683e-04   1.0669627e-03   5.6531734e-06   6.9399321e-09   5.5363751e-10  -9.0193127e-03   1.2142352e-02   1.3742352e-02  -2.3172337e-03   1.6582668e-04  -4.2547992e-05   8.1348002e-05   1.4743671e-04   1.8885224e-04   5.3695722e-06   2.7498486e-08   1.8103316e-09
   1.0000000e+00  -4.7020589e-02   2.6114384e-02   7.8196034e-03  -2.3231696e-03  -1.7260966e-04  -7.7365367e-04   2.2109358e-03   6.8196105e-04   6.1146197e-05   5.3971170e-06   2.9794095e-08   5.9854000e-07  -3.8692410e-02   3.8628649e-02  -2.4844792e-02   5.4470700e-05  -2.5591591e-04  -7.9718317e-04   1.4971026e-03   1.4921725e-03   6.1726367e-04   2.9670572e-09   6.5492956e-08   6.3550101e-07
   1.0000000e+00  -1.5946010e-02  -2.7530035e-02   8.1543587e-02  -2.5604873e-03  -8.1532263e-04   4.0722608e-04   2.5427523e-04   7.5790283e-04   6.6493566e-03   6.5560952e-06   6.6475099e-07   1.6583308e-07   3.1074579e-02  -5.3644419e-02   7.3723984e-02  -2.3731770e-04  -6.4271297e-04   1.1808798e-03   9.6562946e-04   2.8777237e-03   5.4352258e-03   5.6319691e-08   4.1307996e-07   1.3944770e-06
   1.0000000e+00  -3.8028091e-02   7.2159010e-02  -6.9905320e-02   2.9599839e-04  -5.6519792e-04  -7.6040209e-05   1.4461357e-03   5.2069227e-03   4.8867538e-03   8.7615047e-08   3.1944869e-07   5.7821134e-09  -2.2082081e-02   9.9689045e-02  -1.5144891e-01   2.8564857e-03   2.5012471e-04  -4.8326629e-04   4.8761830e-04   9.9379057e-03   2.2936771e-02   8.1595105e-06   6.2562371e-08   2.3354631e-07
   1.0000000e+00  -2.9874081e-02   4.6000576e-02  -1.0565895e-02  -7.7916050e-04  -3.9226182e-04   6.4894247e-05   8.9246072e-04   2.1160530e-03   1.1163814e-04   6.0709108e-07   1.5386934e-07   4.2112633e-09   8.1540100e-03  -2.6158434e-02   5.9339425e-02  -1.0751589e-03   1.7293610e-04   1.4093446e-04   6.6487879e-05   6.8426367e-04   3.5211674e-03   1.1559666e-06   2.9906895e-08   1.9862521e-08
   1.0000000e+00  -3.9922691e-02   5.5043946e-02  -2.7166708e-03  -1.4284858e-03  -2.4531791e-04  -2.5327447e-04   1.5938213e-03   3.0298360e-03   7.3803002e-06   2.0405717e-06   6.0180877e-08   6.4147957e-08  -1.0048610e-02   9.0433700e-03   7.8492242e-03  -6.4932530e-04   1.4694391e-04  -3.1816872e-04   1.0097456e-04   8.1782541e-05   6.1610321e-05   4.2162335e-07   2.1592513e-08   1.0123133e-07
   1.0000000e+00  -1.9019826e-02   4.2057992e-02  -3.4839382e-02   1.7694137e-04  -2.8767280e-04   1.7713527e-04   3.6175378e-04   1.7688747e-03   1.2137825e-03   3.1308248e-08   8.2755640e-08   3.1376904e-08   2.0902865e-02  -1.2985954e-02  -3.2122711e-02   1.6054272e-03  -4.2354890e-05   4.3040974e-04   4.3692977e-04   1.6863500e-04   1.0318686e-03   2.5773964e-06   1.7939367e-09   1.8525254e-07
   1.0000000e+00  -5.0792172e-02  -2.9429394e-02   1.8668260e-02  -1.0741200e-03   6.2995195e-05  -5.5723643e-04   2.5798447e-03   8.6608923e-04   3.4850393e-04   1.1537338e-06   3.9683946e-09   3.1051244e-07  -3.1772346e-02  -7.1487386e-02   5.3507642e-02  -1.2510614e-03   3.5066799e-04  -7.3437170e-04   1.0094820e-03   5.1104464e-03   2.8630678e-03   1.5651546e-06   1.2296804e-07   5.3930179e-07
   1.0000000e+00  -1.5094597e-02  -4.4982398e-03  -1.0816232e-02  -6.0226403e-04  -8.0585698e-04   2.4609604e-04   2.2784686e-04   2.0234161e-05   1.1699087e-04   3.6272196e-07   6.4940547e-07   6.0563261e-08   3.5697575e-02   2.4931154e-02  -2.9484492e-02   4.7185597e-04  -8.6885217e-04   8.0333247e-04   1.2743169e-03   6.2156245e-04   8.6933527e-04   2.2264806e-07   7.5490410e-07   6.4534306e-07
   1.0000000e+00  -3.4919595e-02   7.9248494e-03   2.2240500e-02  -2.6837515e-04  -8.7363088e-05  -4.2461799e-04   1.2193781e-03   6.2803238e-05   4.9463984e-04   7.2025221e-08   7.6323091e-09   1.8030044e-07  -1.9824998e-02   1.2423089e-02   3.3056732e-02   3.3388888e-04   7.1849389e-04  -6.7071403e-04   3.9303055e-04   1.5433315e-04   1.0927475e-03   1.1148178e-07   5.1623347e-07   4.4985731e-07
   1.0000000e+00  -3.7601348e-02  -4.7551401e-02   1.8955735e-02  -6.1420896e-04  -1.4537366e-04  -5.1322984e-04   1.4138614e-03   2.2611357e-03   3.5931989e-04   3.7725265e-07   2.1133501e-08   2.6340487e-07  -2.6817530e-03  -5.5476250e-02  -3.2847650e-03  -3.4583381e-04  -5.8010572e-05  -8.8611850e-05   7.1917992e-06   3.0776144e-03   1.0789681e-05   1.1960102e-07   3.3652265e-09   7.8520600e-09
   1.0000000e+00  -3.6228816e-02   1.9883802e-03   2.1330111e-02  -1.0698852e-03   5.4415177e-05  -3.1028013e-04   1.3125271e-03   3.9536558e-06   4.5497364e-04   1.1446543e-06   2.9610115e-09   9.6273759e-08   1.3725320e-03   4.9539781e-02   2.3743760e-03  -4.5567624e-04   1.9978884e-04   2.0294971e-04   1.8838441e-06   2.4541899e-03   5.6376614e-06   2.0764084e-07   3.9915579e-08   4.1188585e-08
   1.0000000e+00  -4.9452155e-02  -9.8009025e-03  -1.5246750e-02  -1.1903363e-06  -1.1851895e-04  -3.3755359e-04   2.4455156e-03   9.6057690e-05   2.3246339e-04   1.4169005e-12   1.4046742e-08   1.1394243e-07  -1.3223339e-02  -1.1789283e-02  -3.6576861e-02   1.0686949e-03  -1.7293413e-04  -2.7273460e-05   1.7485669e-04   1.3898719e-04   1.3378668e-03   1.1421087e-06   2.9906212e-08   7.4384162e-10
   1.0000000e+00  -5.5623304e-02  -1.2285618e-02   1.4163297e-02  -1.6108770e-03   5.6186652e-05  -4.8485753e-04   3.0939519e-03   1.5093641e-04   2.0059898e-04   2.5949247e-06   3.1569399e-09   2.3508682e-07  -6.1711490e-03  -2.4847155e-03   2.9410047e-02  -1.6096867e-03   1.7470560e-04  -1.4730394e-04   3.8083080e-05   6.1738111e-06   8.6495086e-04   2.5910912e-06   3.0522047e-08   2.1698451e-08
   1.0000000e+00  -4.0006723e-02   6.6477711e-03   3.0152489e-02  -2.9569037e-04  -4.0371225e-04  -2.2988997e-04   1.6005379e-03   4.4192861e-05   9.0917259e-04   8.7432795e-08   1.6298358e-07   5.2849398e-08   1.5616581e-02   1.8933389e-02   1.5989192e-02   1.3151866e-03  -4.5989890e-04   2.5496756e-04   2.4387760e-04   3.5847322e-04   2.5565426e-04   1.7297159e-06   2.1150700e-07   6.5008457e-08
   1.0000000e+00  -4.8084847e-02  -1.9576523e-02   3.5393569e-02  -8.7136993e-04  -2.1695384e-04  -6.2987330e-04   2.3121525e-03   3.8324025e-04   1.2527047e-03   7.5928555e-07   4.7068969e-08   3.9674037e-07  -8.0781240e-03  -2.6224294e-02   5.2410800e-03  -5.7567956e-04   1.8675841e-04  -3.9998333e-04   6.5256087e-05   6.8771360e-04   2.7468920e-05   3.3140696e-07   3.4878704e-08   1.5998666e-07
   1.0000000e+00  -4.4385526e-02  -1.4492205e-02   6.0004650e-02  -2.2951970e-03  -3.7559415e-04  -5.6952932e-04   1.9700749e-03   2.1002401e-04   3.6005580e-03   5.2679293e-06   1.4107097e-07   3.2436365e-07   3.6993210e-03   5.0843180e-03   2.4611081e-02  -1.4238271e-03  -1.5864031e-04   6.0343980e-05   1.3684976e-05   2.5850290e-05   6.0570531e-04   2.0272835e-06   2.5166748e-08   3.6413959e-09
   1.0000000e+00  -4.0204581e-02   3.4236924e-02   3.3741616e-02  -8.7338845e-04  -3.1563673e-04  -4.9113638e-04   1.6164083e-03   1.1721670e-03   1.1384967e-03   7.6280738e-07   9.9626545e-08   2.4121494e-07   4.1809450e-03   4.8729129e-02  -2.6263034e-02   1.4218086e-03   5.9957420e-05   7.8392940e-05   1.7480301e-05   2.3745280e-03   6.8974695e-04   2.0215396e-06   3.5948922e-09   6.1454530e-09
   1.0000000e+00  -4.9286368e-02  -2.4891599e-02   7.4832172e-02  -1.5608428e-03  -2.3131179e-04  -5.7168309e-04   2.4291461e-03   6.1959170e-04   5.5998540e-03   2.4362302e-06   5.3505144e-08   3.2682156e-07  -9.0817870e-03  -5.9128523e-02   4.1090556e-02  -6.8745435e-04   8.4324940e-05  -8.0546710e-05   8.2478855e-05   3.4961822e-03   1.6884338e-03   4.7259348e-07   7.1106955e-09   6.4877725e-09
   1.0000000e+00  -5.2302170e-02  -7.4595975e-03   8.2580385e-02  -2.2295032e-03  -2.6230248e-04  -5.4445732e-04   2.7355170e-03   5.5645595e-05   6.8195200e-03   4.9706845e-06   6.8802591e-08   2.9643377e-07  -3.0158020e-03   1.7432002e-02   7.7482130e-03  -6.6866040e-04  -3.0990690e-05   2.7225770e-05   9.0950617e-06   3.0387468e-04   6.0034805e-05   4.4710673e-07   9.6042287e-10   7.4124255e-10
   1.0000000e+00  -2.8899725e-02  -1.5196101e-02   6.1818722e-02  -1.3353577e-03  -1.2117824e-03   1.3005001e-04   8.3519411e-04   2.3092149e-04   3.8215544e-03   1.7831802e-06   1.4684166e-06   1.6913005e-08   2.3402445e-02  -7.7365035e-03  -2.0761663e-02   8.9414550e-04  -9.4947992e-04   6.7450733e-04   5.4767443e-04   5.9853486e-05   4.3104665e-04   7.9949618e-07   9.0151212e-07   4.5496014e-07
   1.0000000e+00  -4.6282170e-02  -5.9468332e-02   2.1044820e-01  -5.5363691e-03  -1.3853354e-03   1.0478113e-04   2.1420393e-03   3.5364825e-03   4.4288445e-02   3.0651383e-05   1.9191542e-06   1.0979085e-08  -1.7382445e-02  -4.4272231e-02   1.4862948e-01  -4.2010114e-03  -1.7355300e-04  -2.5268880e-05   3.0214939e-04   1.9600304e-03   2.2090722e-02   1.7648497e-05   3.0120644e-08   6.3851630e-10
   1.0000000e+00  -9.2432114e-02  -7.8323462e-04   1.5154664e-01  -4.1008735e-03  -7.4180032e-04  -1.1714764e-03   8.5436957e-03   6.1345647e-07   2.2966384e-02   1.6817163e-05   5.5026771e-07   1.3723570e-06  -4.6149944e-02   5.8685097e-02  -5.8901560e-02   1.4354956e-03   6.4353508e-04  -1.2762575e-03   2.1298173e-03   3.4439407e-03   3.4693938e-03   2.0606476e-06   4.1413740e-07   1.6288333e-06
   1.0000000e+00  -2.2054040e-02  -2.1002725e-02   1.6746307e-01  -4.4503166e-03  -1.4019579e-03   6.5813582e-04   4.8638068e-04   4.4111446e-04   2.8043880e-02   1.9805318e-05   1.9654860e-06   4.3314276e-07   7.0378074e-02  -2.0219490e-02   1.5916430e-02  -3.4944310e-04  -6.6015758e-04   1.8296122e-03   4.9530733e-03   4.0882779e-04   2.5333274e-04   1.2211048e-07   4.3580803e-07   3.3474809e-06
   1.0000000e+00  -5.6012767e-02   2.0343463e-02   1.7795143e-01  -5.9166275e-03  -1.0960574e-03  -2.1557103e-04   3.1374301e-03   4.1385649e-04   3.1666711e-02   3.5006481e-05   1.2013418e-06   4.6470869e-08  -3.3958727e-02   4.1346188e-02   1.0488360e-02  -1.4663109e-03   3.0590050e-04  -8.7370685e-04   1.1531951e-03   1.7095073e-03   1.1000570e-04   2.1500677e-06   9.3575116e-08   7.6336366e-07
   1.0000000e+00  -5.9235891e-02   6.7518784e-02   4.4227207e-02  -2.0011439e-03  -1.3855859e-03  -3.9356921e-04   3.5088908e-03   4.5587862e-03   1.9560458e-03   4.0045769e-06   1.9198483e-06   1.5489672e-07  -3.2231240e-03   4.7175321e-02  -1.3372422e-01   3.9154836e-03  -2.8952850e-04  -1.7799818e-04   1.0388528e-05   2.2255109e-03   1.7882168e-02   1.5331012e-05   8.3826752e-08   3.1683352e-08
   1.0000000e+00  -6.4625416e-02   5.0520128e-02   5.7700942e-02  -2.7734685e-03  -1.2179575e-03  -3.4700741e-04   4.1764444e-03   2.5522833e-03   3.3293987e-03   7.6921275e-06   1.4834205e-06   1.2041414e-07  -5.3895250e-03  -1.6998656e-02   1.3473735e-02  -7.7232460e-04   1.6762840e-04   4.6561800e-05   2.9046980e-05   2.8895431e-04   1.8154153e-04   5.9648529e-07   2.8099280e-08   2.1680012e-09
   1.0000000e+00  -3.3066890e-02   3.8878784e-02   1.6354544e-01  -5.8909888e-03  -1.4607049e-03   2.3929194e-04   1.0934192e-03   1.5115598e-03   2.6747111e-02   3.4703749e-05   2.1336588e-06   5.7260633e-08   3.1558526e-02  -1.1641344e-02   1.0584450e-01  -3.1175203e-03  -2.4274740e-04   5.8629935e-04   9.9594056e-04   1.3552089e-04   1.1203058e-02   9.7189328e-06   5.8926300e-08   3.4374693e-07
   1.0000000e+00  -9.0272295e-02   1.7574736e-03   1.2278606e-01  -4.1397240e-03  -1.2242865e-03  -1.2676255e-03   8.1490872e-03   3.0887135e-06   1.5076417e-02   1.7137315e-05   1.4988774e-06   1.6068744e-06  -5.7205405e-02  -3.7121310e-02  -4.0759380e-02   1.7512648e-03   2.3641840e-04  -1.5069174e-03   3.2724584e-03   1.3779917e-03   1.6613271e-03   3.0669284e-06   5.5893660e-08   2.2708002e-06
   1.0000000e+00  -9.1510273e-02  -1.9321790e-02   1.4392849e-01  -5.4452508e-03  -1.4632196e-03  -1.1111613e-03   8.3741301e-03   3.7333157e-04   2.0715410e-02   2.9650756e-05   2.1410116e-06   1.2346794e-06  -1.2379780e-03  -2.1079264e-02   2.1142430e-02  -1.3055268e-03  -2.3893310e-04   1.5646420e-04   1.5325895e-06   4.4433535e-04   4.4700235e-04   1.7044002e-06   5.7089026e-08   2.4481046e-08
   1.0000000e+00  -1.0746656e-01  -2.1272679e-02   2.1655873e-01  -6.1533813e-03  -1.2710547e-03  -1.7438176e-03   1.1549062e-02   4.5252687e-04   4.6897684e-02   3.7864101e-05   1.6155801e-06   3.0408998e-06  -1.5956287e-02  -1.9508890e-03   7.2630240e-02  -7.0813050e-04   1.9216490e-04  -6.3265630e-04   2.5460309e-04   3.8059679e-06   5.2751518e-03   5.0144881e-07   3.6927349e-08   4.0025399e-07
   1.0000000e+00  -1.2373613e-01  -2.8422403e-02   1.3349869e-01  -4.6978838e-03  -1.4986886e-03  -1.9821927e-03   1.5310630e-02   8.0783299e-04   1.7821900e-02   2.2070112e-05   2.2460675e-06   3.9290879e-06  -1.6269570e-02  -7.1497240e-03  -8.3060040e-02   1.4554975e-03  -2.2763390e-04  -2.3837510e-04   2.6469891e-04   5.1118553e-05   6.8989702e-03   2.1184730e-06   5.1817192e-08   5.6822688e-08
   1.0000000e+00  -1.2800686e-01   6.0202244e-02   3.1909330e-02  -2.8246398e-03  -1.8934815e-03  -1.7506841e-03   1.6385756e-02   3.6243102e-03   1.0182053e-03   7.9785900e-06   3.5852722e-06   3.0648948e-06  -4.2707300e-03   8.8624647e-02  -1.0158936e-01   1.8732440e-03  -3.9479290e-04   2.3150860e-04   1.8239135e-05   7.8543281e-03   1.0320398e-02   3.5090431e-06   1.5586143e-07   5.3596232e-08
   1.0000000e+00  -8.6224812e-02   4.7994443e-02   9.9431930e-02  -3.2625623e-03  -2.0249396e-03  -8.3136326e-04   7.4347182e-03   2.3034666e-03   9.8867087e-03   1.0644313e-05   4.1003804e-06   6.9116487e-07   4.1782048e-02  -1.2207801e-02   6.7522600e-02  -4.3792250e-04  -1.3145810e-04   9.1932084e-04   1.7457395e-03   1.4903041e-04   4.5593015e-03   1.9177612e-07   1.7281232e-08   8.4515081e-07
   1.0000000e+00  -1.0148141e-01  -3.3465049e-02   9.5161453e-02  -3.4183628e-03  -1.9741761e-03  -1.1412426e-03   1.0298477e-02   1.1199095e-03   9.0557021e-03   1.1685204e-05   3.8973713e-06   1.3024347e-06  -1.5256598e-02  -8.1459492e-02  -4.2704770e-03  -1.5580050e-04   5.0763500e-05  -3.0987934e-04   2.3276378e-04   6.6356488e-03   1.8236974e-05   2.4273796e-08   2.5769329e-09   9.6025205e-08
   1.0000000e+00  -1.0771366e-01  -1.7532807e-02   1.1671734e-01  -4.3484751e-03  -2.2569001e-03  -1.0549687e-03   1.1602233e-02   3.0739932e-04   1.3622937e-02   1.8909236e-05   5.0935981e-06   1.1129590e-06  -6.2322500e-03   1.5932242e-02   2.1555887e-02  -9.3011230e-04  -2.8272400e-04   8.6273900e-05   3.8840940e-05   2.5383634e-04   4.6465626e-04   8.6510889e-07   7.9932860e-08   7.4431858e-09
   1.0000000e+00  -1.0400443e-01   2.3654280e-02   9.3920184e-02  -2.9739534e-03  -2.0508487e-03  -9.4379796e-04   1.0816921e-02   5.5952496e-04   8.8210010e-03   8.8443988e-06   4.2059804e-06   8.9075459e-07   3.7092300e-03   4.1187087e-02  -2.2797156e-02   1.3745217e-03   2.0605140e-04   1.1117074e-04   1.3758387e-05   1.6963761e-03   5.1971032e-04   1.8893099e-06   4.2457179e-08   1.2358933e-08
   1.0000000e+00  -9.2730130e-02  -3.7560512e-02   8.8794602e-02  -3.3253125e-03  -2.4490669e-03  -1.3198104e-03   8.5988770e-03   1.4107921e-03   7.8844813e-03   1.1057703e-05   5.9979287e-06   1.7418995e-06   1.1274300e-02  -6.1214792e-02  -5.1255820e-03  -3.5135910e-04  -3.9821820e-04  -3.7601244e-04   1.2710984e-04   3.7472508e-03   2.6271591e-05   1.2345322e-07   1.5857773e-07   1.4138536e-07
   1.0000000e+00  -9.2094768e-02  -4.2623123e-03   9.8637548e-02  -4.4741468e-03  -2.5784495e-03  -1.0897093e-03   8.4814463e-03   1.8167306e-05   9.7293659e-03   2.0017990e-05   6.6484018e-06   1.1874664e-06   6.3536200e-04   3.3298200e-02   9.8429460e-03  -1.1488343e-03  -1.2938260e-04   2.3010110e-04   4.0368487e-07   1.1087701e-03   9.6883586e-05   1.3198202e-06   1.6739857e-08   5.2946516e-08
   1.0000000e+00  -1.0930154e-01  -3.5777357e-02   1.6226411e-01  -5.3348852e-03  -2.4417839e-03  -1.4652377e-03   1.1946827e-02   1.2800193e-03   2.6329641e-02   2.8461000e-05   5.9623086e-06   2.1469215e-06  -1.7206772e-02  -3.1515045e-02   6.3626562e-02  -8.6073840e-04   1.3666560e-04  -3.7552840e-04   2.9607300e-04   9.9319804e-04   4.0483394e-03   7.4087059e-07   1.8677486e-08   1.4102158e-07
   1.0000000e+00  -1.1014524e-01  -3.5374688e-02   1.7772752e-01  -6.3087757e-03  -2.3692943e-03  -1.2972132e-03   1.2131974e-02   1.2513686e-03   3.1587071e-02   3.9800651e-05   5.6135555e-06   1.6827621e-06  -8.4370000e-04   4.0266900e-04   1.5463410e-02  -9.7389050e-04   7.2489600e-05   1.6802450e-04   7.1182969e-07   1.6214232e-07   2.3911705e-04   9.4846271e-07   5.2547421e-09   2.8232233e-08
   1.0000000e+00  -1.0073126e-01  -3.2995789e-03   1.4830322e-01  -4.7067929e-03  -2.5485091e-03  -1.2931426e-03   1.0146787e-02   1.0887221e-05   2.1993845e-02   2.2153899e-05   6.4948986e-06   1.6722178e-06   9.4139800e-03   3.2075109e-02  -2.9424300e-02   1.6019828e-03  -1.7921480e-04   4.0706000e-06   8.8623019e-05   1.0288126e-03   8.6578943e-04   2.5663489e-06   3.2117945e-08   1.6569784e-11
   1.0000000e+00  -1.0695665e-01  -3.1914447e-02   1.4018710e-01  -4.2114247e-03  -2.6937558e-03  -1.2841198e-03   1.1439725e-02   1.0185319e-03   1.9652423e-02   1.7736098e-05   7.2563203e-06   1.6489637e-06  -6.2253900e-03  -2.8614868e-02  -8.1161200e-03   4.9536820e-04  -1.4524670e-04   9.0228000e-06   3.8755481e-05   8.1881068e-04   6.5871404e-05   2.4538965e-07   2.1096604e-08   8.1410920e-11
   1.0000000e+00  -8.0655553e-02  -4.1929519e-02   1.6039234e-01  -5.1352530e-03  -3.0094389e-03  -5.0021518e-04   6.5053182e-03   1.7580846e-03   2.5725703e-02   2.6370823e-05   9.0567225e-06   2.5021523e-07   2.6301097e-02  -1.0015072e-02   2.0205240e-02  -9.2382830e-04  -3.1568310e-04   7.8390462e-04   6.9174770e-04   1.0030167e-04   4.0825172e-04   8.5345873e-07   9.9655820e-08   6.1450645e-07
   1.0000000e+00  -1.1333345e-01  -3.3286724e-03   1.4149936e-01  -4.3285352e-03  -2.2550160e-03  -1.7230065e-03   1.2844471e-02   1.1080060e-05   2.0022069e-02   1.8736217e-05   5.0850972e-06   2.9687514e-06  -3.2677897e-02   3.8600847e-02  -1.8892980e-02   8.0671780e-04   7.5442290e-04  -1.2227913e-03   1.0678450e-03   1.4900254e-03   3.5694469e-04   6.5079361e-07   5.6915391e-07   1.4952186e-06
   1.0000000e+00  -9.9519996e-02  -3.0949506e-02   1.9515244e-01  -6.4395633e-03  -2.9313455e-03  -1.0840786e-03   9.9042296e-03   9.5787192e-04   3.8084475e-02   4.1467975e-05   8.5927864e-06   1.1752264e-06   1.3813454e-02  -2.7620834e-02   5.3653080e-02  -2.1110281e-03  -6.7632950e-04   6.3892790e-04   1.9081151e-04   7.6291045e-04   2.8786530e-03   4.4564396e-06   4.5742159e-07   4.0822886e-07
   1.0000000e+00  -1.3928758e-01  -4.2206428e-02   2.2906587e-01  -8.2890861e-03  -2.1944544e-03  -2.2038256e-03   1.9401030e-02   1.7813826e-03   5.2471173e-02   6.8708948e-05   4.8156301e-06   4.8568473e-06  -3.9767584e-02  -1.1256922e-02   3.3913430e-02  -1.8495228e-03   7.3689110e-04  -1.1197470e-03   1.5814607e-03   1.2671829e-04   1.1501207e-03   3.4207346e-06   5.4300849e-07   1.2538333e-06
   1.0000000e+00  -1.5009506e-01   6.1571456e-03   1.1993961e-01  -4.8499573e-03  -2.3213520e-03  -2.5552021e-03   2.2528527e-02   3.7910442e-05   1.4385510e-02   2.3522086e-05   5.3886751e-06   6.5290578e-06  -1.0807480e-02   4.8363574e-02  -1.0912626e-01   3.4391288e-03  -1.2689760e-04  -3.5137650e-04   1.1680162e-04   2.3390353e-03   1.1908541e-02   1.1827607e-05   1.6103001e-08   1.2346544e-07
   1.0000000e+00  -6.7520212e-02  -5.9021540e-03   1.0704753e-01  -3.9278517e-03  -3.0334401e-03  -6.6524920e-04   4.5589790e-03   3.4835422e-05   1.1459174e-02   1.5428019e-05   9.2017588e-06   4.4255650e-07   8.2574848e-02  -1.2059300e-02  -1.2892080e-02   9.2210560e-04  -7.1208810e-04   1.8899529e-03   6.8186055e-03   1.4542671e-04   1.6620573e-04   8.5027874e-07   5.0706946e-07   3.5719220e-06
   1.0000000e+00  -2.1172906e-02  -1.8542997e-02   2.2859128e-01  -7.6427624e-03  -3.6145311e-03   5.3432933e-04   4.4829195e-04   3.4384274e-04   5.2253973e-02   5.8411817e-05   1.3064835e-05   2.8550783e-07   4.6347306e-02  -1.2640843e-02   1.2154375e-01  -3.7149107e-03  -5.8109100e-04   1.1995785e-03   2.1480728e-03   1.5979091e-04   1.4772883e-02   1.3800562e-05   3.3766675e-07   1.4389886e-06
   1.0000000e+00  -1.2453948e-01  -4.2721006e-02   1.7153098e-01  -5.9459881e-03  -2.4288812e-03  -2.2872170e-03   1.5510082e-02   1.8250844e-03   2.9422877e-02   3.5354774e-05   5.8994639e-06   5.2313616e-06  -1.0336657e-01  -2.4178009e-02  -5.7060300e-02   1.6967743e-03   1.1856499e-03  -2.8215463e-03   1.0684649e-02   5.8457612e-04   3.2558778e-03   2.8790430e-06   1.4057657e-06   7.9611237e-06
   1.0000000e+00  -1.3285527e-01  -2.8481339e-02   1.0019086e-01  -5.0599676e-03  -3.3589965e-03  -2.2380251e-03   1.7650523e-02   8.1118667e-04   1.0038208e-02   2.5603272e-05   1.1282857e-05   5.0087563e-06  -8.3157900e-03   1.4239667e-02  -7.1340120e-02   8.8602050e-04  -9.3011530e-04   4.9191900e-05   6.9152363e-05   2.0276812e-04   5.0894127e-03   7.8503233e-07   8.6511447e-07   2.4198430e-09
   1.0000000e+00  -1.7516802e-01  -3.5787668e-02   1.9753709e-01  -8.2410168e-03  -3.4977301e-03  -3.4603721e-03   3.0683835e-02   1.2807572e-03   3.9020902e-02   6.7914358e-05   1.2234116e-05   1.1974175e-05  -4.2312750e-02  -7.3063290e-03   9.7346230e-02  -3.1810492e-03  -1.3873360e-04  -1.2223470e-03   1.7903688e-03   5.3382443e-05   9.4762885e-03   1.0119074e-05   1.9247012e-08   1.4941322e-06
   1.0000000e+00  -1.8233948e-01   6.9361179e-04   4.0247997e-02  -4.0199156e-03  -3.0485719e-03  -3.2882736e-03   3.3247686e-02   4.8109732e-07   1.6199013e-03   1.6159721e-05   9.2937906e-06   1.0812743e-05  -7.1714600e-03   3.6481280e-02  -1.5728909e-01   4.2211012e-03   4.4915820e-04   1.7209850e-04   5.1429839e-05   1.3308838e-03   2.4739859e-02   1.7817695e-05   2.0174309e-07   2.9617894e-08
   1.0000000e+00  -1.7309968e-01  -4.7112108e-02   1.3767330e-01  -6.4812325e-03  -3.1387051e-03  -3.1602596e-03   2.9963499e-02   2.2195507e-03   1.8953938e-02   4.2006375e-05   9.8514697e-06   9.9872407e-06   9.2398000e-03  -4.7805720e-02   9.7425303e-02  -2.4613169e-03  -9.0133200e-05   1.2801400e-04   8.5373904e-05   2.2853868e-03   9.4916897e-03   6.0580809e-06   8.1239937e-09   1.6387584e-08
   1.0000000e+00  -6.4767271e-02  -5.0258337e-02   1.2011506e-01  -5.4886333e-03  -4.2467058e-03  -4.1311310e-04   4.1947994e-03   2.5259004e-03   1.4427628e-02   3.0125096e-05   1.8034510e-05   1.7066243e-07   1.0833241e-01  -3.1462290e-03  -1.7558240e-02   9.9259920e-04  -1.1080007e-03   2.7471465e-03   1.1735911e-02   9.8987569e-06   3.0829179e-04   9.8525317e-07   1.2276656e-06   7.5468139e-06
   1.0000000e+00  -1.7824885e-01  -1.0826193e-01   1.1200208e-01  -5.9017912e-03  -3.4050823e-03  -3.4141410e-03   3.1772653e-02   1.1720645e-02   1.2544466e-02   3.4831139e-05   1.1594585e-05   1.1656359e-05  -1.1348158e-01  -5.8003593e-02  -8.1129800e-03  -4.1315790e-04   8.4162350e-04  -3.0010279e-03   1.2878069e-02   3.3644168e-03   6.5820444e-05   1.7069945e-07   7.0833012e-07   9.0061685e-06
   1.0000000e+00  -1.5798099e-01  -1.2133964e-01   2.1881399e-01  -8.5160806e-03  -3.1040704e-03  -2.9661586e-03   2.4957993e-02   1.4723308e-02   4.7879562e-02   7.2523629e-05   9.6352530e-06   8.7980968e-06   2.0267860e-02  -1.3077710e-02   1.0681191e-01  -2.6142894e-03   3.0101190e-04   4.4798240e-04   4.1078615e-04   1.7102650e-04   1.1408784e-02   6.8345091e-06   9.0608164e-08   2.0068823e-07
   1.0000000e+00  -1.8444667e-01  -1.0804149e-01   1.3937912e-01  -5.7966697e-03  -3.1221018e-03  -3.7250562e-03   3.4020574e-02   1.1672964e-02   1.9426539e-02   3.3601380e-05   9.7475196e-06   1.3876044e-05  -2.6465680e-02   1.3298150e-02  -7.9434870e-02   2.7194109e-03  -1.8031400e-05  -7.5889760e-04   7.0043222e-04   1.7684079e-04   6.3098986e-03   7.3951956e-06   3.2513139e-10   5.7592557e-07
   1.0000000e+00  -1.7076310e-01  -8.7556487e-02   1.8741839e-01  -7.5244748e-03  -3.4481257e-03  -3.0483196e-03   2.9160036e-02   7.6661384e-03   3.5125653e-02   5.6617721e-05   1.1889571e-05   9.2922524e-06   1.3683570e-02   2.0485003e-02   4.8039270e-02  -1.7278051e-03  -3.2602390e-04   6.7673660e-04   1.8724009e-04   4.1963535e-04   2.3077715e-03   2.9853105e-06   1.0629158e-07   4.5797243e-07
   1.0000000e+00  -1.5832277e-01  -1.1767958e-01   2.2503363e-01  -8.5694601e-03  -3.1719012e-03  -3.0747289e-03   2.5066100e-02   1.3848484e-02   5.0640135e-02   7.3435646e-05   1.0060957e-05   9.4539578e-06   1.2440330e-02  -3.0123093e-02   3.7615240e-02  -1.0449853e-03   2.7622450e-04  -2.6409300e-05   1.5476181e-04   9.0740073e-04   1.4149063e-03   1.0919943e-06   7.6299974e-08   6.9745113e-10
   1.0000000e+00  -1.7030276e-01  -9.0001540e-02   1.1249774e-01  -4.7780708e-03  -2.8922064e-03  -3.1992441e-03   2.9003030e-02   8.1002772e-03   1.2655742e-02   2.2829961e-05   8.3648579e-06   1.0235163e-05  -1.1979990e-02   2.7678040e-02  -1.1253589e-01   3.7913893e-03   2.7969480e-04  -1.2451520e-04   1.4352016e-04   7.6607390e-04   1.2664327e-02   1.4374633e-05   7.8229181e-08   1.5504035e-08
   1.0000000e+00  -1.4472552e-01   5.2917889e-02   1.3605323e-01  -6.6873107e-03  -3.1627665e-03  -2.2955632e-03   2.0945476e-02   2.8003030e-03   1.8510481e-02   4.4720124e-05   1.0003092e-05   5.2696104e-06   2.5577240e-02   1.4291943e-01   2.3555490e-02  -1.9092399e-03  -2.7056010e-04   9.0368090e-04   6.5419521e-04   2.0425963e-02   5.5486111e-04   3.6451970e-06   7.3202768e-08   8.1663917e-07
   1.0000000e+00  -4.7563786e-02  -6.6593848e-02   1.6136464e-01  -5.7811902e-03  -4.7372588e-03  -7.6461888e-05   2.2623137e-03   4.4347406e-03   2.6038547e-02   3.3422160e-05   2.2441621e-05   5.8464203e-09   9.7161734e-02  -1.1951174e-01   2.5311410e-02   9.0612050e-04  -1.5744923e-03   2.2191013e-03   9.4404026e-03   1.4283055e-02   6.4066748e-04   8.2105436e-07   2.4790260e-06   4.9244106e-06
   1.0000000e+00  -1.6270317e-01  -1.1942044e-01   2.3594444e-01  -7.9529393e-03  -3.8399137e-03  -2.8900141e-03   2.6472322e-02   1.4261241e-02   5.5669779e-02   6.3249244e-05   1.4744937e-05   8.3521815e-06  -1.1513938e-01  -5.2826592e-02   7.4579800e-02  -2.1717491e-03   8.9734510e-04  -2.8135522e-03   1.3257078e-02   2.7906488e-03   5.5621466e-03   4.7164942e-06   8.0522823e-07   7.9160760e-06
   1.0000000e+00  -1.4218653e-01  -7.7630945e-02   1.5685026e-01  -6.5673887e-03  -3.8399092e-03  -2.0898020e-03   2.0217009e-02   6.0265636e-03   2.4602004e-02   4.3130594e-05   1.4744903e-05   4.3672724e-06   2.0516640e-02   4.1789495e-02  -7.9094180e-02   1.3855506e-03   4.5000000e-09   8.0021210e-04   4.2093252e-04   1.7463619e-03   6.2558893e-03   1.9197505e-06   2.0250000e-17   6.4033940e-07
   1.0000000e+00  -1.4187001e-01  -5.4262133e-02   1.0805847e-01  -4.9109596e-03  -4.0713250e-03  -2.3977381e-03   2.0127100e-02   2.9443791e-03   1.1676633e-02   2.4117524e-05   1.6575687e-05   5.7491480e-06   3.1652000e-04   2.3368812e-02  -4.8791790e-02   1.6564291e-03  -2.3141580e-04  -3.0793610e-04   1.0018491e-07   5.4610137e-04   2.3806388e-03   2.7437574e-06   5.3553272e-08   9.4824642e-08
   1.0000000e+00  -1.8535905e-01  -1.0642843e-01   2.6865930e-01  -8.7121523e-03  -3.6182395e-03  -3.4729207e-03   3.4357977e-02   1.1327011e-02   7.2177819e-02   7.5901598e-05   1.3091657e-05   1.2061178e-05  -4.3489040e-02  -5.2166297e-02   1.6060083e-01  -3.8011927e-03   4.5308550e-04  -1.0751826e-03   1.8912966e-03   2.7213225e-03   2.5792627e-02   1.4449066e-05   2.0528647e-07   1.1560176e-06
   1.0000000e+00  -1.7956820e-01  -6.4563317e-02   2.1130959e-01  -6.9267315e-03  -3.8703393e-03  -2.9896264e-03   3.2244738e-02   4.1684219e-03   4.4651743e-02   4.7979609e-05   1.4979526e-05   8.9378660e-06   5.7908500e-03   4.1865113e-02  -5.7349710e-02   1.7854208e-03  -2.5209980e-04   4.8329430e-04   3.3533944e-05   1.7526877e-03   3.2889892e-03   3.1877274e-06   6.3554309e-08   2.3357338e-07
   1.0000000e+00  -2.1272786e-01  -8.5666902e-02   1.8750034e-01  -6.7148106e-03  -3.8197496e-03  -3.9997179e-03   4.5253142e-02   7.3388181e-03   3.5156378e-02   4.5088681e-05   1.4590487e-05   1.5997743e-05  -3.3159660e-02  -2.1103585e-02  -2.3809250e-02   2.1192090e-04   5.0589700e-05  -1.0100915e-03   1.0995631e-03   4.4536130e-04   5.6688039e-04   4.4910468e-08   2.5593177e-09   1.0202848e-06
   1.0000000e+00  -1.8999709e-01  -1.3776288e-01   3.7607364e-01  -1.1469679e-02  -4.2370675e-03  -3.4173392e-03   3.6098894e-02   1.8978611e-02   1.4143138e-01   1.3155354e-04   1.7952741e-05   1.1678207e-05   2.2730770e-02  -5.2095978e-02   1.8857330e-01  -4.7548684e-03  -4.1731790e-04   5.8237870e-04   5.1668790e-04   2.7139909e-03   3.5559889e-02   2.2608774e-05   1.7415423e-07   3.3916495e-07
   1.0000000e+00  -1.7348304e-01  -1.1433901e-01   3.3466381e-01  -9.6483952e-03  -4.0979942e-03  -3.1678763e-03   3.0096365e-02   1.3073409e-02   1.1199987e-01   9.3091530e-05   1.6793556e-05   1.0035440e-05   1.6514050e-02   2.3423870e-02  -4.1409830e-02   1.8212838e-03   1.3907330e-04   2.4946290e-04   2.7271385e-04   5.4867769e-04   1.7147740e-03   3.3170747e-06   1.9341383e-08   6.2231738e-08
   1.0000000e+00  -2.0665627e-01  -1.0063350e-01   1.9778209e-01  -6.8421849e-03  -3.8112525e-03  -3.7352173e-03   4.2706814e-02   1.0127101e-02   3.9117755e-02   4.6815494e-05   1.4525646e-05   1.3951848e-05  -3.3173230e-02   1.3705510e-02  -1.3688172e-01   2.8062103e-03   2.8674170e-04  -5.6734100e-04   1.1004632e-03   1.8784100e-04   1.8736605e-02   7.8748162e-06   8.2220803e-08   3.2187581e-07
   1.0000000e+00  -2.2411658e-01  -1.0129283e-01   2.9191310e-01  -1.0241016e-02  -3.6100447e-03  -4.3692967e-03   5.0228241e-02   1.0260237e-02   8.5213258e-02   1.0487841e-04   1.3032423e-05   1.9090754e-05  -1.7460310e-02  -6.5933000e-04   9.4131010e-02  -3.3988311e-03   2.0120780e-04  -6.3407940e-04   3.0486243e-04   4.3471605e-07   8.8606470e-03   1.1552053e-05   4.0484579e-08   4.0205669e-07
   1.0000000e+00  -2.0412494e-01  -5.6765594e-02   2.0170645e-01  -7.2819700e-03  -3.7985187e-03  -4.0074221e-03   4.1666991e-02   3.2223327e-03   4.0685492e-02   5.3027087e-05   1.4428744e-05   1.6059432e-05   1.9991640e-02   4.4527236e-02  -9.0206650e-02   2.9590460e-03  -1.8847400e-04   3.6187460e-04   3.9966567e-04   1.9826747e-03   8.1372397e-03   8.7559532e-06   3.5522449e-08   1.3095323e-07
   1.0000000e+00  -2.4641821e-01  -9.0242145e-02   1.9499109e-01  -8.3856148e-03  -3.5491616e-03  -4.7866911e-03   6.0721934e-02   8.1436447e-03   3.8021525e-02   7.0318536e-05   1.2596548e-05   2.2912412e-05  -4.2293270e-02  -3.3476551e-02  -6.7153600e-03  -1.1036448e-03   2.4935710e-04  -7.7926900e-04   1.7887207e-03   1.1206795e-03   4.5096060e-05   1.2180318e-06   6.2178963e-08   6.0726017e-07
   1.0000000e+00  -2.3524748e-01  -9.7076702e-02   2.6900908e-01  -9.8944396e-03  -3.5624500e-03  -4.5011312e-03   5.5341377e-02   9.4238861e-03   7.2365885e-02   9.7899935e-05   1.2691050e-05   2.0260182e-05   1.1170730e-02  -6.8345570e-03   7.4017990e-02  -1.5088248e-03  -1.3288400e-05   2.8555990e-04   1.2478521e-04   4.6711169e-05   5.4786628e-03   2.2765523e-06   1.7658157e-10   8.1544456e-08
   1.0000000e+00  -2.1664688e-01  -1.8297442e-01   3.4005240e-01  -1.1401715e-02  -3.7558109e-03  -4.0373807e-03   4.6935871e-02   3.3479638e-02   1.1563563e-01   1.2999910e-04   1.4106116e-05   1.6300443e-05   1.8600600e-02  -8.5897718e-02   7.1043320e-02  -1.5072754e-03  -1.9336090e-04   4.6375050e-04   3.4598232e-04   7.3784180e-03   5.0471533e-03   2.2718791e-06   3.7388438e-08   2.1506453e-07
   1.0000000e+00  -2.2098563e-01  -1.7931983e-01   2.7842063e-01  -9.9821278e-03  -3.7990648e-03  -4.0604666e-03   4.8834649e-02   3.2155601e-02   7.7518047e-02   9.9642875e-05   1.4432893e-05   1.6487389e-05  -4.3387500e-03   3.6545900e-03  -6.1631770e-02   1.4195872e-03  -4.3253900e-05  -2.3085900e-05   1.8824752e-05   1.3356028e-05   3.7984751e-03   2.0152278e-06   1.8708999e-09   5.3295878e-10
   1.0000000e+00  -2.3418410e-01  -9.3260744e-02   2.3913117e-01  -9.3422779e-03  -3.5179033e-03  -4.2939697e-03   5.4842193e-02   8.6975664e-03   5.7183716e-02   8.7278156e-05   1.2375644e-05   1.8438176e-05  -1.3198470e-02   8.6059086e-02  -3.9289460e-02   6.3984990e-04   2.8116150e-04  -2.3350310e-04   1.7419961e-04   7.4061663e-03   1.5436617e-03   4.0940789e-07   7.9051789e-08   5.4523698e-08
   1.0000000e+00  -1.8667324e-01  -1.5357560e-01   2.3819433e-01  -8.0401973e-03  -3.7073946e-03  -3.1205713e-03   3.4846899e-02   2.3585465e-02   5.6736539e-02   6.4644773e-05   1.3744775e-05   9.7379652e-06   4.7510860e-02  -6.0314856e-02  -9.3684000e-04   1.3020806e-03  -1.8949130e-04   1.1733984e-03   2.2572818e-03   3.6378819e-03   8.7766919e-07   1.6954139e-06   3.5906953e-08   1.3768638e-06
   1.0000000e+00  -1.9875013e-01  -1.5616172e-01   2.5332988e-01  -9.2629382e-03  -3.7420945e-03  -3.3613584e-03   3.9501614e-02   2.4386483e-02   6.4176028e-02   8.5802024e-05   1.4003271e-05   1.1298730e-05  -1.2076890e-02  -2.5861200e-03   1.5135550e-02  -1.2227409e-03  -3.4699900e-05  -2.4078710e-04   1.4585127e-04   6.6880167e-06   2.2908487e-04   1.4950953e-06   1.2040831e-09   5.7978428e-08
   1.0000000e+00  -2.0848153e-01  -1.1987568e-01   2.6469712e-01  -9.6303743e-03  -3.7582565e-03  -3.5484967e-03   4.3464548e-02   1.4370179e-02   7.0064565e-02   9.2744109e-05   1.4124492e-05   1.2591829e-05  -9.7314000e-03   3.6286040e-02   1.1367240e-02  -3.6743610e-04  -1.6162000e-05  -1.8713830e-04   9.4700146e-05   1.3166767e-03   1.2921415e-04   1.3500929e-07   2.6121024e-10   3.5020743e-08
   1.0000000e+00  -2.2355143e-01  -9.6665804e-02   1.7087281e-01  -7.4583257e-03  -3.6218430e-03  -3.7782816e-03   4.9975242e-02   9.3442777e-03   2.9197517e-02   5.5626622e-05   1.3117747e-05   1.4275412e-05  -1.5069900e-02   2.3209876e-02  -9.3824310e-02   2.1720486e-03   1.3641350e-04  -2.2978490e-04   2.2710189e-04   5.3869834e-04   8.8030011e-03   4.7177951e-06   1.8608643e-08   5.2801100e-08
   1.0000000e+00  -2.3391028e-01  -1.2726201e-01   2.3938060e-01  -1.0070906e-02  -3.4404353e-03  -3.9978079e-03   5.4714019e-02   1.6195619e-02   5.7303072e-02   1.0142315e-04   1.1836595e-05   1.5982468e-05  -1.0358850e-02  -3.0596206e-02   6.8507790e-02  -2.6125803e-03   1.8140770e-04  -2.1952630e-04   1.0730577e-04   9.3612782e-04   4.6933173e-03   6.8255758e-06   3.2908754e-08   4.8191796e-08
   1.0000000e+00  -2.2322127e-01  -9.9188508e-02   2.3313582e-01  -9.3035409e-03  -3.6119162e-03  -3.9735565e-03   4.9827735e-02   9.8383601e-03   5.4352311e-02   8.6555873e-05   1.3045939e-05   1.5789151e-05   1.0689010e-02   2.8073502e-02  -6.2447800e-03   7.6736510e-04  -1.7148090e-04   2.4251400e-05   1.1425493e-04   7.8812151e-04   3.8997277e-05   5.8884920e-07   2.9405699e-08   5.8813040e-10
   1.0000000e+00  -1.9700114e-01  -1.5637984e-01   2.3546104e-01  -9.1263103e-03  -3.8116464e-03  -3.4085433e-03   3.8809449e-02   2.4454654e-02   5.5441901e-02   8.3289540e-05   1.4528648e-05   1.1618167e-05   2.6220130e-02  -5.7191332e-02   2.3252200e-03   1.7723060e-04  -1.9973020e-04   5.6501320e-04   6.8749522e-04   3.2708485e-03   5.4066480e-06   3.1410686e-08   3.9892153e-08   3.1923992e-07
   1.0000000e+00  -1.8055867e-01  -1.8579529e-01   2.9222634e-01  -1.0903654e-02  -3.9920339e-03  -2.9903215e-03   3.2601433e-02   3.4519890e-02   8.5396234e-02   1.1888967e-04   1.5936335e-05   8.9420227e-06   1.6442470e-02  -2.9415450e-02   5.6765300e-02  -1.7773437e-03  -1.8038750e-04   4.1822180e-04   2.7035482e-04   8.6526870e-04   3.2222993e-03   3.1589506e-06   3.2539650e-08   1.7490947e-07
   1.0000000e+00  -2.0680280e-01  -1.1151707e-01   1.9389426e-01  -7.8015215e-03  -3.8295730e-03  -3.7064020e-03   4.2767398e-02   1.2436057e-02   3.7594984e-02   6.0863738e-05   1.4665629e-05   1.3737416e-05  -2.6244130e-02   7.4278220e-02  -9.8332080e-02   3.1021325e-03   1.6246090e-04  -7.1608050e-04   6.8875436e-04   5.5172540e-03   9.6691980e-03   9.6232260e-06   2.6393544e-08   5.1277128e-07
   1.0000000e+00  -2.1799535e-01  -1.4504335e-01   2.9524805e-01  -1.0545410e-02  -3.6825007e-03  -3.6709860e-03   4.7521973e-02   2.1037573e-02   8.7171411e-02   1.1120567e-04   1.3560811e-05   1.3476138e-05  -1.1192550e-02  -3.3526280e-02   1.0135379e-01  -2.7438885e-03   1.4707230e-04   3.5416000e-05   1.2527318e-04   1.1240115e-03   1.0272591e-02   7.5289241e-06   2.1630261e-08   1.2542931e-09
   1.0000000e+00  -2.4836696e-01  -1.2091601e-01   2.4021290e-01  -9.8695198e-03  -3.6274430e-03  -4.4009963e-03   6.1686147e-02   1.4620681e-02   5.7702237e-02   9.7407421e-05   1.3158343e-05   1.9368768e-05  -3.0371610e-02   2.4127340e-02  -5.5035150e-02   6.7589020e-04   5.5057700e-05  -7.3001030e-04   9.2243469e-04   5.8212854e-04   3.0288677e-03   4.5682756e-07   3.0313503e-09   5.3291504e-07
   1.0000000e+00  -1.8900214e-01  -1.5676353e-01   2.6061557e-01  -9.0468014e-03  -3.4967499e-03  -3.1112898e-03   3.5721809e-02   2.4574804e-02   6.7920475e-02   8.1844616e-05   1.2227260e-05   9.6801242e-06   5.9364820e-02  -3.5847520e-02   2.0402670e-02   8.2271840e-04   1.3069310e-04   1.2897065e-03   3.5241819e-03   1.2850447e-03   4.1626894e-04   6.7686557e-07   1.7080686e-08   1.6633429e-06
   1.0000000e+00  -1.8322229e-01  -1.8891745e-01   2.9292063e-01  -1.0786587e-02  -3.9620375e-03  -2.7438664e-03   3.3570408e-02   3.5689803e-02   8.5802495e-02   1.1635046e-04   1.5697741e-05   7.5288028e-06   5.7798500e-03  -3.2153920e-02   3.2305060e-02  -1.7397856e-03  -4.6528760e-04   3.6742340e-04   3.3406666e-05   1.0338746e-03   1.0436169e-03   3.0268539e-06   2.1649255e-07   1.3499995e-07
   1.0000000e+00  -2.4694565e-01  -1.6872860e-01   3.2856141e-01  -1.1634336e-02  -3.6331733e-03  -4.6202652e-03   6.0982154e-02   2.8469340e-02   1.0795260e-01   1.3535777e-04   1.3199948e-05   2.1346851e-05  -6.3723360e-02   2.0188850e-02   3.5640780e-02  -8.4774900e-04   3.2886420e-04  -1.8763988e-03   4.0606666e-03   4.0758966e-04   1.2702652e-03   7.1867837e-07   1.0815166e-07   3.5208725e-06
   1.0000000e+00  -2.2905257e-01  -1.7573791e-01   3.4449847e-01  -1.1648946e-02  -3.3652693e-03  -3.8654082e-03   5.2465080e-02   3.0883813e-02   1.1867920e-01   1.3569794e-04   1.1325037e-05   1.4941381e-05   1.7893080e-02  -7.0093100e-03   1.5937060e-02  -1.4610000e-05   2.6790400e-04   7.5485700e-04   3.2016231e-04   4.9130427e-05   2.5398988e-04   2.1345210e-10   7.1772553e-08   5.6980909e-07
   1.0000000e+00  -2.5945552e-01  -1.6001101e-01   2.9661448e-01  -1.1463168e-02  -3.3490565e-03  -4.9443458e-03   6.7317167e-02   2.5603523e-02   8.7980150e-02   1.3140422e-04   1.1216179e-05   2.4446555e-05  -3.0402950e-02   1.5726900e-02  -4.7883990e-02   1.8577800e-04   1.6212800e-05  -1.0789376e-03   9.2433937e-04   2.4733538e-04   2.2928765e-03   3.4513465e-08   2.6285488e-10   1.1641063e-06
   1.0000000e+00  -2.2691287e-01  -1.3518211e-01   3.0171171e-01  -1.1354624e-02  -3.8965218e-03  -4.4315906e-03   5.1489451e-02   1.8274203e-02   9.1029956e-02   1.2892749e-04   1.5182882e-05   1.9638995e-05   3.2542650e-02   2.4828900e-02   5.0972300e-03   1.0854400e-04  -5.4746530e-04   5.1275520e-04   1.0590241e-03   6.1647428e-04   2.5981754e-05   1.1781800e-08   2.9971825e-07   2.6291790e-07
   1.0000000e+00  -2.2788320e-01  -1.8091053e-01   3.0175075e-01  -1.1839179e-02  -3.4995159e-03  -4.4893902e-03   5.1930753e-02   3.2728620e-02   9.1053515e-02   1.4016616e-04   1.2246612e-05   2.0154624e-05  -9.7033000e-04  -4.5728420e-02   3.9040000e-05  -4.8455500e-04   3.9700590e-04  -5.7799600e-05   9.4154031e-07   2.0910884e-03   1.5241216e-09   2.3479355e-07   1.5761368e-07   3.3407938e-09
   1.0000000e+00  -2.4610685e-01  -1.4357239e-01   2.6729238e-01  -1.0782921e-02  -3.6882016e-03  -4.5290961e-03   6.0568582e-02   2.0613031e-02   7.1445216e-02   1.1627139e-04   1.3602831e-05   2.0512711e-05  -1.8223650e-02   3.7338140e-02  -3.4458370e-02   1.0562580e-03  -1.8868570e-04  -3.9705900e-05   3.3210142e-04   1.3941367e-03   1.1873793e-03   1.1156810e-06   3.5602293e-08   1.5765585e-09
   1.0000000e+00  -2.5621665e-01  -1.3128712e-01   2.6716929e-01  -1.0612846e-02  -3.0667842e-03  -4.6445004e-03   6.5646972e-02   1.7236308e-02   7.1379430e-02   1.1263250e-04   9.4051653e-06   2.1571384e-05  -1.0109800e-02   1.2285270e-02  -1.2309000e-04   1.7007500e-04   6.2141740e-04  -1.1540430e-04   1.0220806e-04   1.5092786e-04   1.5151148e-08   2.8925506e-08   3.8615959e-07   1.3318152e-08
   1.0000000e+00  -2.6979060e-01  -1.9008896e-01   3.1509304e-01  -1.1591789e-02  -2.9258180e-03  -5.0206177e-03   7.2786968e-02   3.6133813e-02   9.9283624e-02   1.3436957e-04   8.5604110e-06   2.5206602e-05  -1.3573950e-02  -5.8801840e-02   4.7923750e-02  -9.7894300e-04   1.4096620e-04  -3.7611730e-04   1.8425212e-04   3.4576564e-03   2.2966858e-03   9.5832940e-07   1.9871470e-08   1.4146422e-07
   1.0000000e+00  -2.5647684e-01  -1.6020813e-01   3.2550662e-01  -1.2589154e-02  -3.0819919e-03  -5.0355415e-03   6.5780369e-02   2.5666645e-02   1.0595456e-01   1.5848680e-04   9.4986741e-06   2.5356678e-05   1.3313760e-02   2.9880830e-02   1.0413580e-02  -9.9736500e-04  -1.5617390e-04  -1.4923800e-05   1.7725621e-04   8.9286400e-04   1.0844265e-04   9.9473694e-07   2.4390287e-08   2.2271981e-10
   1.0000000e+00  -2.4217734e-01  -1.3941925e-01   2.2160092e-01  -1.0877238e-02  -3.1158697e-03  -4.7890157e-03   5.8649864e-02   1.9437727e-02   4.9106968e-02   1.1831431e-04   9.7086440e-06   2.2934671e-05   1.4299500e-02   2.0788880e-02  -1.0390570e-01   1.7119160e-03  -3.3877800e-05   2.4652580e-04   2.0447570e-04   4.3217753e-04   1.0796394e-02   2.9306564e-06   1.1477053e-09   6.0774970e-08
   1.0000000e+00  -2.4793855e-01  -2.2014961e-01   3.6072503e-01  -1.3820579e-02  -3.0788983e-03  -4.7187136e-03   6.1473525e-02   4.8465851e-02   1.3012255e-01   1.9100840e-04   9.4796147e-06   2.2266258e-05  -5.7612100e-03  -8.0730360e-02   1.3912411e-01  -2.9433410e-03   3.6971400e-05   7.0302100e-05   3.3191541e-05   6.5173910e-03   1.9355518e-02   8.6632562e-06   1.3668844e-09   4.9423853e-09
   1.0000000e+00  -2.7052355e-01  -1.4771215e-01   3.1570992e-01  -1.2876853e-02  -2.8934956e-03  -5.2901291e-03   7.3182991e-02   2.1818879e-02   9.9672754e-02   1.6581334e-04   8.3723168e-06   2.7985466e-05  -2.2585000e-02   7.2437460e-02  -4.5015110e-02   9.4372600e-04   1.8540270e-04  -5.7141550e-04   5.1008222e-04   5.2471856e-03   2.0263601e-03   8.9061876e-07   3.4374161e-08   3.2651567e-07
   1.0000000e+00  -2.4540558e-01  -1.2772668e-01   2.4818978e-01  -1.1975066e-02  -3.1834795e-03  -4.6037108e-03   6.0223899e-02   1.6314105e-02   6.1598167e-02   1.4340221e-04   1.0134542e-05   2.1194153e-05   2.5117970e-02   1.9985470e-02  -6.7520140e-02   9.0178700e-04  -2.8998390e-04   6.8641830e-04   6.3091242e-04   3.9941901e-04   4.5589693e-03   8.1321979e-07   8.4090662e-08   4.7117008e-07
   1.0000000e+00  -1.8634118e-01  -1.7812406e-01   4.0631180e-01  -1.5884940e-02  -3.8859866e-03  -3.0843241e-03   3.4723035e-02   3.1728181e-02   1.6508928e-01   2.5233132e-04   1.5100892e-05   9.5130552e-06   5.9064400e-02  -5.0397380e-02   1.5812202e-01  -3.9098740e-03  -7.0250710e-04   1.5193867e-03   3.4886033e-03   2.5398959e-03   2.5002573e-02   1.5287115e-05   4.9351623e-07   2.3085359e-06
   1.0000000e+00  -3.1581769e-01  -1.7147006e-01   3.5213350e-01  -1.3650118e-02  -2.7542353e-03  -6.4847486e-03   9.9740813e-02   2.9401981e-02   1.2399800e-01   1.8632572e-04   7.5858121e-06   4.2051964e-05  -1.2947651e-01   6.6540000e-03  -5.4178300e-02   2.2348220e-03   1.1317513e-03  -3.4004245e-03   1.6764167e-02   4.4275716e-05   2.9352882e-03   4.9944294e-06   1.2808610e-06   1.1562887e-05
   1.0000000e+00  -2.8302995e-01  -1.5159336e-01   2.6206812e-01  -1.2562840e-02  -2.9770761e-03  -5.3975863e-03   8.0105953e-02   2.2980547e-02   6.8679700e-02   1.5782495e-04   8.8629821e-06   2.9133938e-05   3.2787740e-02   1.9876700e-02  -9.0065380e-02   1.0872780e-03  -2.2284080e-04   1.0871623e-03   1.0750359e-03   3.9508320e-04   8.1117727e-03   1.1821734e-06   4.9658022e-08   1.1819219e-06
   1.0000000e+00  -2.9211487e-01  -7.3745745e-02   2.9378569e-01  -1.3551323e-02  -3.1012535e-03  -5.3973252e-03   8.5331097e-02   5.4384349e-03   8.6310032e-02   1.8363836e-04   9.6177733e-06   2.9131119e-05  -9.0849200e-03   7.7847615e-02   3.1717570e-02  -9.8848300e-04  -1.2417740e-04   2.6110000e-07   8.2535771e-05   6.0602512e-03   1.0060042e-03   9.7709864e-07   1.5420027e-08   6.8173210e-14
   1.0000000e+00  -2.8822422e-01  -9.7507060e-02   2.9332166e-01  -1.2825230e-02  -2.8525427e-03  -5.0286801e-03   8.3073201e-02   9.5076267e-03   8.6037596e-02   1.6448652e-04   8.1369999e-06   2.5287624e-05   3.8906500e-03  -2.3761315e-02  -4.6403000e-04   7.2609300e-04   2.4871080e-04   3.6864510e-04   1.5137157e-05   5.6460009e-04   2.1532384e-07   5.2721104e-07   6.1857062e-08   1.3589921e-07
   1.0000000e+00  -2.9831746e-01  -1.3655311e-01   3.1407836e-01  -1.3420616e-02  -2.7402968e-03  -5.7108323e-03   8.8993307e-02   1.8646752e-02   9.8645216e-02   1.8011293e-04   7.5092266e-06   3.2613606e-05  -1.0093240e-02  -3.9046050e-02   2.0756700e-02  -5.9538600e-04   1.1224590e-04  -6.8215220e-04   1.0187349e-04   1.5245940e-03   4.3084059e-04   3.5448449e-07   1.2599142e-08   4.6533162e-07
   1.0000000e+00  -2.5738674e-01  -1.0892655e-01   3.2017041e-01  -1.3371602e-02  -3.0635377e-03  -4.9917579e-03   6.6247934e-02   1.1864993e-02   1.0250909e-01   1.7879974e-04   9.3852632e-06   2.4917647e-05   4.0930720e-02   2.7626560e-02   6.0920500e-03   4.9014000e-05  -3.2324090e-04   7.1907440e-04   1.6753238e-03   7.6322682e-04   3.7113073e-05   2.4023722e-09   1.0448468e-07   5.1706799e-07
   1.0000000e+00  -2.6250025e-01  -1.5550483e-01   3.2778927e-01  -1.3341437e-02  -2.9429679e-03  -4.9705062e-03   6.8906381e-02   2.4181752e-02   1.0744581e-01   1.7799394e-04   8.6610601e-06   2.4705932e-05  -5.1135100e-03  -4.6578280e-02   7.6188600e-03   3.0165000e-05   1.2056980e-04   2.1251700e-05   2.6147985e-05   2.1695362e-03   5.8047028e-05   9.0992723e-10   1.4537077e-08   4.5163475e-10
   1.0000000e+00  -2.6500302e-01  -1.8593215e-01   4.7126563e-01  -1.7700891e-02  -3.1985940e-03  -5.3517337e-03   7.0226601e-02   3.4570764e-02   2.2209129e-01   3.1332154e-04   1.0231004e-05   2.8641054e-05  -2.5027700e-03  -3.0427320e-02   1.4347636e-01  -4.3594540e-03  -2.5562610e-04  -3.8122750e-04   6.2638577e-06   9.2582180e-04   2.0585466e-02   1.9004839e-05   6.5344703e-08   1.4533441e-07
   1.0000000e+00  -2.5572422e-01  -1.6873281e-01   4.2538601e-01  -1.5646073e-02  -3.2674371e-03  -5.1307454e-03   6.5394877e-02   2.8470761e-02   1.8095326e-01   2.4479960e-04   1.0676145e-05   2.6324548e-05   9.2788000e-03   1.7199340e-02  -4.5879620e-02   2.0548180e-03  -6.8843100e-05   2.2098830e-04   8.6096129e-05   2.9581730e-04   2.1049395e-03   4.2222770e-06   4.7393724e-09   4.8835829e-08
   1.0000000e+00  -2.6955386e-01  -1.4299802e-01   3.1500429e-01  -1.2780820e-02  -3.2075683e-03  -5.6614606e-03   7.2659283e-02   2.0448434e-02   9.9227703e-02   1.6334936e-04   1.0288494e-05   3.2052136e-05  -1.3829640e-02   2.5734790e-02  -1.1038172e-01   2.8652530e-03   5.9868800e-05  -5.3071520e-04   1.9125894e-04   6.6227942e-04   1.2184124e-02   8.2096748e-06   3.5842732e-09   2.8165862e-07
   1.0000000e+00  -2.7812766e-01  -1.0853561e-01   3.5271109e-01  -1.4918655e-02  -2.9446429e-03  -5.9197616e-03   7.7354995e-02   1.1779979e-02   1.2440511e-01   2.2256627e-04   8.6709218e-06   3.5043577e-05  -8.5738000e-03   3.4462410e-02   3.7706800e-02  -2.1378350e-03   2.6292540e-04  -2.5830100e-04   7.3510046e-05   1.1876577e-03   1.4218028e-03   4.5703385e-06   6.9129766e-08   6.6719407e-08
   1.0000000e+00  -2.8872627e-01  -1.4923205e-01   3.6793390e-01  -1.3443129e-02  -3.0966011e-03  -6.4191905e-03   8.3362859e-02   2.2270205e-02   1.3537535e-01   1.8071772e-04   9.5889384e-06   4.1206007e-05  -1.0598610e-02  -4.0696440e-02   1.5222810e-02   1.4755260e-03  -1.5195820e-04  -4.9942890e-04   1.1233053e-04   1.6562002e-03   2.3173394e-04   2.1771770e-06   2.3091295e-08   2.4942923e-07
   1.0000000e+00  -2.9052703e-01  -2.0259548e-01   4.0801555e-01  -1.4316697e-02  -3.2592376e-03  -6.3183733e-03   8.4405955e-02   4.1044929e-02   1.6647669e-01   2.0496781e-04   1.0622630e-05   3.9921841e-05  -1.8007600e-03  -5.3363430e-02   4.0081650e-02  -8.7356800e-04  -1.6263650e-04   1.0081720e-04   3.2427366e-06   2.8476557e-03   1.6065387e-03   7.6312105e-07   2.6450631e-08   1.0164108e-08
   1.0000000e+00  -3.0285031e-01  -1.5464385e-01   4.1377512e-01  -1.5544894e-02  -3.0604346e-03  -6.2752668e-03   9.1718310e-02   2.3914720e-02   1.7120985e-01   2.4164373e-04   9.3662599e-06   3.9378973e-05  -1.2323280e-02   4.7951630e-02   5.7595700e-03  -1.2281970e-03   1.9880300e-04   4.3106500e-05   1.5186323e-04   2.2993588e-03   3.3172647e-05   1.5084679e-06   3.9522633e-08   1.8581703e-09
   1.0000000e+00  -2.8107861e-01  -1.4414334e-01   3.6765968e-01  -1.4336756e-02  -3.1876531e-03  -5.6393414e-03   7.9005185e-02   2.0777302e-02   1.3517364e-01   2.0554257e-04   1.0161132e-05   3.1802171e-05   2.1771700e-02   1.0500510e-02  -4.6115440e-02   1.2081380e-03  -1.2721850e-04   6.3592540e-04   4.7400692e-04   1.1026071e-04   2.1266338e-03   1.4595974e-06   1.6184547e-08   4.0440111e-07
   1.0000000e+00  -3.0270836e-01  -1.8464155e-01   3.8245538e-01  -1.4982224e-02  -3.1248529e-03  -6.0945652e-03   9.1632351e-02   3.4092502e-02   1.4627212e-01   2.2446704e-04   9.7647056e-06   3.7143725e-05  -2.1629750e-02  -4.0498210e-02   1.4795700e-02  -6.4546800e-04   6.2800200e-05  -4.5522380e-04   4.6784609e-04   1.6401050e-03   2.1891274e-04   4.1662894e-07   3.9438651e-09   2.0722871e-07
   1.0000000e+00  -2.9952467e-01  -1.5757643e-01   3.9858074e-01  -1.4987261e-02  -3.3590957e-03  -6.2028946e-03   8.9715028e-02   2.4830331e-02   1.5886661e-01   2.2461799e-04   1.1283524e-05   3.8475901e-05   3.1836900e-03   2.7065120e-02   1.6125360e-02  -5.0370000e-06  -2.3424280e-04  -1.0832940e-04   1.0135882e-05   7.3252072e-04   2.6002724e-04   2.5371369e-11   5.4869689e-08   1.1735259e-08
   1.0000000e+00  -2.9711269e-01  -1.4534184e-01   3.8148127e-01  -1.4166465e-02  -2.8481392e-03  -5.7348565e-03   8.8275951e-02   2.1124250e-02   1.4552796e-01   2.0068873e-04   8.1118969e-06   3.2888579e-05   2.4119800e-03   1.2234590e-02  -1.7099470e-02   8.2079600e-04   5.1095650e-04   4.6803810e-04   5.8176475e-06   1.4968519e-04   2.9239187e-04   6.7370607e-07   2.6107654e-07   2.1905966e-07
   1.0000000e+00  -3.0357835e-01  -1.9034280e-01   4.5117418e-01  -1.5826466e-02  -3.1604910e-03  -6.1500178e-03   9.2159815e-02   3.6230382e-02   2.0355814e-01   2.5047703e-04   9.9887034e-06   3.7822719e-05  -6.4656600e-03  -4.5000960e-02   6.9692910e-02  -1.6600010e-03  -3.1235180e-04  -4.1516130e-04   4.1804759e-05   2.0250864e-03   4.8571017e-03   2.7556033e-06   9.7563647e-08   1.7235891e-07
   1.0000000e+00  -2.8134142e-01  -1.2229082e-01   4.1155151e-01  -1.5370015e-02  -3.9685186e-03  -5.4928415e-03   7.9152995e-02   1.4955045e-02   1.6937465e-01   2.3623736e-04   1.5749140e-05   3.0171308e-05   2.2236930e-02   6.8051980e-02  -3.9622670e-02   4.5645100e-04  -8.0802760e-04   6.5717630e-04   4.9448106e-04   4.6310720e-03   1.5699560e-03   2.0834752e-07   6.5290860e-07   4.3188069e-07
   1.0000000e+00  -2.9787364e-01  -1.4678957e-01   3.7980658e-01  -1.4313671e-02  -3.1790053e-03  -5.8267864e-03   8.8728705e-02   2.1547178e-02   1.4425304e-01   2.0488118e-04   1.0106075e-05   3.3951440e-05  -1.6532220e-02  -2.4498750e-02  -3.1744930e-02   1.0563440e-03   7.8951330e-04  -3.3394490e-04   2.7331430e-04   6.0018875e-04   1.0077406e-03   1.1158626e-06   6.2333125e-07   1.1151920e-07
   1.0000000e+00  -2.9322059e-01  -1.7250478e-01   4.2522223e-01  -1.5667404e-02  -3.3763233e-03  -5.6451099e-03   8.5978314e-02   2.9757899e-02   1.8081394e-01   2.4546755e-04   1.1399559e-05   3.1867266e-05   4.6530500e-03  -2.5715210e-02   4.5415650e-02  -1.3537330e-03  -1.9731800e-04   1.8167650e-04   2.1650874e-05   6.6127203e-04   2.0625813e-03   1.8325930e-06   3.8934393e-08   3.3006351e-08
   1.0000000e+00  -2.9124469e-01  -1.3947435e-01   3.9695293e-01  -1.5113816e-02  -3.5597364e-03  -5.6697316e-03   8.4823469e-02   1.9453094e-02   1.5757163e-01   2.2842743e-04   1.2671723e-05   3.2145856e-05   1.9759000e-03   3.3030430e-02  -2.8269300e-02   5.5358800e-04  -1.8341310e-04  -2.4621700e-05   3.9041808e-06   1.0910093e-03   7.9915332e-04   3.0645967e-07   3.3640365e-08   6.0622811e-10
   1.0000000e+00  -2.9638535e-01  -1.4822644e-01   3.6390974e-01  -1.4803833e-02  -3.3286682e-03  -5.6009144e-03   8.7844276e-02   2.1971078e-02   1.3243030e-01   2.1915347e-04   1.1080032e-05   3.1370242e-05  -5.1406600e-03  -8.7520900e-03  -3.3043190e-02   3.0998300e-04   2.3106820e-04   6.8817200e-05   2.6426385e-05   7.6599079e-05   1.0918524e-03   9.6089460e-08   5.3392513e-08   4.7358070e-09
   1.0000000e+00  -2.9657710e-01  -1.7981252e-01   3.9604626e-01  -1.5969107e-02  -3.7330887e-03  -5.6814739e-03   8.7957976e-02   3.2332542e-02   1.5685264e-01   2.5501238e-04   1.3935951e-05   3.2279146e-05  -1.9175000e-04  -3.1586080e-02   3.2136520e-02  -1.1652740e-03  -4.0442050e-04  -8.0559500e-05   3.6768062e-08   9.9768045e-04   1.0327559e-03   1.3578635e-06   1.6355594e-07   6.4898330e-09
   1.0000000e+00  -2.7733516e-01  -1.3796682e-01   3.5246826e-01  -1.4149548e-02  -3.7627937e-03  -5.3976546e-03   7.6914791e-02   1.9034843e-02   1.2423387e-01   2.0020971e-04   1.4158616e-05   2.9134675e-05   1.9241940e-02   4.1845700e-02  -4.3578000e-02   1.8195590e-03  -2.9705000e-05   2.8381930e-04   3.7025225e-04   1.7510626e-03   1.8990421e-03   3.3107950e-06   8.8238703e-10   8.0553395e-08
   1.0000000e+00  -3.0418269e-01  -1.6807799e-01   4.1549519e-01  -1.5502626e-02  -3.4571402e-03  -5.9629092e-03   9.2527109e-02   2.8250211e-02   1.7263625e-01   2.4033141e-04   1.1951818e-05   3.5556286e-05  -2.6847530e-02  -3.0111170e-02   6.3026930e-02  -1.3530780e-03   3.0565350e-04  -5.6525460e-04   7.2078987e-04   9.0668256e-04   3.9723939e-03   1.8308201e-06   9.3424062e-08   3.1951276e-07
   1.0000000e+00  -2.7784336e-01  -1.6472553e-01   4.5196880e-01  -1.6496961e-02  -3.5359735e-03  -5.8315715e-03   7.7196933e-02   2.7134500e-02   2.0427580e-01   2.7214972e-04   1.2503109e-05   3.4007226e-05   2.6339330e-02   3.3524600e-03   3.6473610e-02  -9.9433500e-04  -7.8833300e-05   1.3133770e-04   6.9376030e-04   1.1238988e-05   1.3303242e-03   9.8870209e-07   6.2146892e-09   1.7249591e-08
   1.0000000e+00  -2.5946783e-01  -1.3781360e-01   3.7969239e-01  -1.4845003e-02  -3.3217864e-03  -5.4942142e-03   6.7323555e-02   1.8992588e-02   1.4416631e-01   2.2037411e-04   1.1034265e-05   3.0186390e-05   1.8375530e-02   2.6911930e-02  -7.2276410e-02   1.6519580e-03   2.1418710e-04   3.3735730e-04   3.3766010e-04   7.2425198e-04   5.2238794e-03   2.7289652e-06   4.5876114e-08   1.1380995e-07
   1.0000000e+00  -2.8407968e-01  -2.0017541e-01   4.5345386e-01  -1.5814557e-02  -3.4441645e-03  -6.1483429e-03   8.0701265e-02   4.0070195e-02   2.0562040e-01   2.5010021e-04   1.1862269e-05   3.7802120e-05  -2.4611850e-02  -6.2361810e-02   7.3761470e-02  -9.6955400e-04  -1.2237810e-04  -6.5412870e-04   6.0574316e-04   3.8889953e-03   5.4407545e-03   9.4003496e-07   1.4976399e-08   4.2788436e-07
   1.0000000e+00  -2.5618597e-01  -1.5709093e-01   3.9065043e-01  -1.5293414e-02  -3.8310704e-03  -5.4453934e-03   6.5631251e-02   2.4677560e-02   1.5260776e-01   2.3388851e-04   1.4677100e-05   2.9652309e-05   2.7893710e-02   4.3084480e-02  -6.2803430e-02   5.2114300e-04  -3.8690590e-04   7.0294950e-04   7.7805906e-04   1.8562724e-03   3.9442708e-03   2.7159003e-07   1.4969618e-07   4.9413800e-07
   1.0000000e+00  -2.7541285e-01  -1.9388416e-01   4.1612704e-01  -1.5221562e-02  -3.2067556e-03  -5.8115491e-03   7.5852238e-02   3.7591067e-02   1.7316171e-01   2.3169595e-04   1.0283281e-05   3.3774103e-05  -1.9226880e-02  -3.6793230e-02   2.5476610e-02   7.1852000e-05   6.2431480e-04  -3.6615570e-04   3.6967291e-04   1.3537418e-03   6.4905766e-04   5.1627099e-09   3.8976897e-07   1.3407000e-07
   1.0000000e+00  -2.6512869e-01  -2.0416745e-01   4.5178297e-01  -1.7136880e-02  -3.2276739e-03  -5.8198625e-03   7.0293222e-02   4.1684348e-02   2.0410785e-01   2.9367266e-04   1.0417879e-05   3.3870800e-05   1.0284160e-02  -1.0283290e-02   3.5655930e-02  -1.9153180e-03  -2.0918300e-05  -8.3134000e-06   1.0576395e-04   1.0574605e-04   1.2713453e-03   3.6684430e-06   4.3757527e-10   6.9112620e-11
   1.0000000e+00  -2.6644292e-01  -1.6185201e-01   4.3538270e-01  -1.6366932e-02  -3.0026314e-03  -6.0084131e-03   7.0991830e-02   2.6196073e-02   1.8955810e-01   2.6787646e-04   9.0157953e-06   3.6101028e-05  -1.3142300e-03   4.2315440e-02  -1.6400270e-02   7.6994800e-04   2.2504250e-04  -1.8855060e-04   1.7272005e-06   1.7905965e-03   2.6896886e-04   5.9281992e-07   5.0644127e-08   3.5551329e-08
   1.0000000e+00  -2.7481728e-01  -1.8876705e-01   4.1867913e-01  -1.6082084e-02  -2.8970006e-03  -6.1020480e-03   7.5524537e-02   3.5632999e-02   1.7529221e-01   2.5863343e-04   8.3926125e-06   3.7234990e-05  -8.3743600e-03  -2.6915040e-02  -1.6703570e-02   2.8484800e-04   1.0563080e-04  -9.3634900e-05   7.0129905e-05   7.2441938e-04   2.7900925e-04   8.1138383e-08   1.1157866e-08   8.7674945e-09
   1.0000000e+00  -2.7677944e-01  -1.8890590e-01   4.4134497e-01  -1.7154948e-02  -3.3443354e-03  -5.9885318e-03   7.6606858e-02   3.5685439e-02   1.9478538e-01   2.9429224e-04   1.1184579e-05   3.5862513e-05  -1.9621600e-03  -1.3885000e-04   2.2665840e-02  -1.0728640e-03  -4.4733480e-04   1.1351620e-04   3.8500719e-06   1.9279322e-08   5.1374030e-04   1.1510372e-06   2.0010842e-07   1.2885928e-08
   1.0000000e+00  -2.7836417e-01  -1.6873189e-01   4.2068415e-01  -1.5749333e-02  -3.0922885e-03  -6.0224064e-03   7.7486611e-02   2.8470451e-02   1.7697515e-01   2.4804149e-04   9.5622482e-06   3.6269379e-05  -1.5847300e-03   2.0174010e-02  -2.0660820e-02   1.4056150e-03   2.5204690e-04  -3.3874600e-05   2.5113692e-06   4.0699068e-04   4.2686948e-04   1.9757535e-06   6.3527640e-08   1.1474885e-09
   1.0000000e+00  -2.7402547e-01  -1.6079671e-01   4.6391966e-01  -1.7575286e-02  -2.9292278e-03  -5.8091704e-03   7.5089958e-02   2.5855582e-02   2.1522145e-01   3.0889068e-04   8.5803755e-06   3.3746461e-05   4.3387000e-03   7.9351800e-03   4.3235510e-02  -1.8259530e-03   1.6306070e-04   2.1323600e-04   1.8824318e-05   6.2967082e-05   1.8693093e-03   3.3341044e-06   2.6588792e-08   4.5469592e-08
   1.0000000e+00  -2.8688846e-01  -1.8574947e-01   4.5845276e-01  -1.7948516e-02  -3.0270874e-03  -6.1022095e-03   8.2304988e-02   3.4502866e-02   2.1017893e-01   3.2214923e-04   9.1632581e-06   3.7236961e-05  -1.2862990e-02  -2.4952760e-02  -5.4669000e-03  -3.7323000e-04  -9.7859600e-05  -2.9303910e-04   1.6545651e-04   6.2264023e-04   2.9886996e-05   1.3930063e-07   9.5765013e-09   8.5871914e-08
   1.0000000e+00  -2.8419614e-01  -1.9184757e-01   4.3715900e-01  -1.5959673e-02  -3.0931048e-03  -5.8797367e-03   8.0767446e-02   3.6805490e-02   1.9110799e-01   2.5471116e-04   9.5672973e-06   3.4571304e-05   2.6923200e-03  -6.0981000e-03  -2.1293760e-02   1.9888430e-03  -6.6017400e-05   2.2247280e-04   7.2485870e-06   3.7186824e-05   4.5342421e-04   3.9554965e-06   4.3582971e-09   4.9494147e-08
   1.0000000e+00  -2.7922418e-01  -1.9978729e-01   4.4238535e-01  -1.7310515e-02  -3.1339738e-03  -5.7918694e-03   7.7966143e-02   3.9914961e-02   1.9570480e-01   2.9965393e-04   9.8217918e-06   3.3545751e-05   4.9719600e-03  -7.9397200e-03   5.2263500e-03  -1.3508420e-03  -4.0869000e-05   8.7867300e-05   2.4720386e-05   6.3039154e-05   2.7314734e-05   1.8247741e-06   1.6702752e-09   7.7206624e-09
   1.0000000e+00  -2.7404382e-01  -1.9670544e-01   4.7951718e-01  -1.7747175e-02  -3.1151106e-03  -5.6756038e-03   7.5100015e-02   3.8693030e-02   2.2993673e-01   3.1496222e-04   9.7039141e-06   3.2212478e-05   5.1803600e-03   3.0818500e-03   3.7131830e-02  -4.3666000e-04   1.8863200e-05   1.1626560e-04   2.6836130e-05   9.4977994e-06   1.3787728e-03   1.9067196e-07   3.5582031e-10   1.3517690e-08
   1.0000000e+00  -2.7673230e-01  -2.0944308e-01   4.4748789e-01  -1.7194411e-02  -3.1434362e-03  -5.8457197e-03   7.6580766e-02   4.3866404e-02   2.0024541e-01   2.9564777e-04   9.8811911e-06   3.4172439e-05  -2.6884800e-03  -1.2737640e-02  -3.2029290e-02   5.5276400e-04  -2.8325600e-05  -1.7011590e-04   7.2279247e-06   1.6224747e-04   1.0258754e-03   3.0554804e-07   8.0233962e-10   2.8939419e-08
   1.0000000e+00  -2.8856007e-01  -1.7243312e-01   4.5505316e-01  -1.8114501e-02  -3.0309014e-03  -6.0375756e-03   8.3266914e-02   2.9733181e-02   2.0707338e-01   3.2813515e-04   9.1863633e-06   3.6452319e-05  -1.1827770e-02   3.7009960e-02   7.5652700e-03  -9.2009000e-04   1.1253480e-04  -1.9185590e-04   1.3989614e-04   1.3697371e-03   5.7233310e-05   8.4656561e-07   1.2664081e-08   3.6808686e-08
   1.0000000e+00  -2.7599405e-01  -1.6402428e-01   4.7980773e-01  -1.8345414e-02  -3.0227155e-03  -5.8084584e-03   7.6172716e-02   2.6903964e-02   2.3021546e-01   3.3655421e-04   9.1368090e-06   3.3738189e-05   1.2566020e-02   8.4088400e-03   2.4754570e-02  -2.3091300e-04   8.1859000e-06   2.2911720e-04   1.5790486e-04   7.0708590e-05   6.1278874e-04   5.3320814e-08   6.7008959e-11   5.2494691e-08
   1.0000000e+00  -2.7788571e-01  -1.9030835e-01   4.0956985e-01  -1.7162565e-02  -3.0876861e-03  -6.0314610e-03   7.7220468e-02   3.6217268e-02   1.6774746e-01   2.9455364e-04   9.5338055e-06   3.6378522e-05  -1.8916600e-03  -2.6284070e-02  -7.0237880e-02   1.1828490e-03  -6.4970600e-05  -2.2300260e-04   3.5783776e-06   6.9085234e-04   4.9333598e-03   1.3991318e-06   4.2211789e-09   4.9730160e-08
   1.0000000e+00  -3.0078452e-01  -1.8724077e-01   4.8488010e-01  -1.8476442e-02  -2.7675035e-03  -6.2861882e-03   9.0471327e-02   3.5059106e-02   2.3510871e-01   3.4137891e-04   7.6590756e-06   3.9516162e-05  -2.2898810e-02   3.0675800e-03   7.5310250e-02  -1.3138770e-03   3.2018260e-04  -2.5472720e-04   5.2435550e-04   9.4100471e-06   5.6716338e-03   1.7262728e-06   1.0251690e-07   6.4885946e-08
   1.0000000e+00  -2.7850262e-01  -1.6510398e-01   5.0586794e-01  -1.8094246e-02  -2.8469320e-03  -6.0023387e-03   7.7563709e-02   2.7259324e-02   2.5590237e-01   3.2740174e-04   8.1050218e-06   3.6028070e-05   2.2281900e-02   2.2136790e-02   2.0987840e-02   3.8219600e-04  -7.9428500e-05   2.8384950e-04   4.9648307e-04   4.9003747e-04   4.4048943e-04   1.4607378e-07   6.3088866e-09   8.0570539e-08
   1.0000000e+00  -2.9141301e-01  -1.8816354e-01   4.6794341e-01  -1.7933245e-02  -2.8972228e-03  -6.2480672e-03   8.4921542e-02   3.5405518e-02   2.1897103e-01   3.2160128e-04   8.3939000e-06   3.9038344e-05  -1.2910390e-02  -2.3059560e-02  -3.7924530e-02   1.6100100e-04  -5.0290800e-05  -2.4572850e-04   1.6667817e-04   5.3174331e-04   1.4382700e-03   2.5921322e-08   2.5291646e-09   6.0382496e-08
   1.0000000e+00  -2.9673332e-01  -1.6423617e-01   5.2602374e-01  -1.9030144e-02  -2.7685104e-03  -6.0901968e-03   8.8050663e-02   2.6973520e-02   2.7670098e-01   3.6214638e-04   7.6646498e-06   3.7090497e-05  -5.3203100e-03   2.3927370e-02   5.8080330e-02  -1.0968990e-03   1.2871240e-04   1.5787040e-04   2.8305698e-05   5.7251904e-04   3.3733247e-03   1.2031874e-06   1.6566882e-08   2.4923063e-08
   1.0000000e+00  -2.9902038e-01  -1.8137963e-01   4.7444311e-01  -1.7728169e-02  -2.8543571e-03  -6.3099053e-03   8.9413188e-02   3.2898570e-02   2.2509626e-01   3.1428798e-04   8.1473545e-06   3.9814905e-05  -2.2870600e-03  -1.7143460e-02  -5.1580630e-02   1.3019750e-03  -8.5846700e-05  -2.1970850e-04   5.2306434e-06   2.9389822e-04   2.6605614e-03   1.6951389e-06   7.3696559e-09   4.8271825e-08
   1.0000000e+00  -3.0992092e-01  -1.9255613e-01   5.1125993e-01  -1.9129308e-02  -3.1297850e-03  -6.6120773e-03   9.6050977e-02   3.7077863e-02   2.6138672e-01   3.6593042e-04   9.7955541e-06   4.3719566e-05  -1.0900540e-02  -1.1176500e-02   3.6816820e-02  -1.4011390e-03  -2.7542790e-04  -3.0217200e-04   1.1882177e-04   1.2491415e-04   1.3554782e-03   1.9631905e-06   7.5860528e-08   9.1307918e-08
   1.0000000e+00  -2.9627538e-01  -1.7997146e-01   4.7755954e-01  -1.8032010e-02  -3.1310560e-03  -6.3048669e-03   8.7779101e-02   3.2389726e-02   2.2806311e-01   3.2515338e-04   9.8035117e-06   3.9751347e-05   1.3645540e-02   1.2584670e-02  -3.3700390e-02   1.0972980e-03  -1.2710000e-06   3.0721040e-04   1.8620076e-04   1.5837392e-04   1.1357163e-03   1.2040629e-06   1.6154410e-12   9.4378230e-08
   1.0000000e+00  -3.3061816e-01  -2.2057157e-01   5.0757122e-01  -1.8390440e-02  -2.8415958e-03  -7.0807032e-03   1.0930837e-01   4.8651817e-02   2.5762854e-01   3.3820828e-04   8.0746667e-06   5.0136358e-05  -3.4342780e-02  -4.0600110e-02   3.0011680e-02  -3.5843000e-04   2.8946020e-04  -7.7583630e-04   1.1794265e-03   1.6483689e-03   9.0070094e-04   1.2847206e-07   8.3787207e-08   6.0192196e-07
   1.0000000e+00  -3.2842634e-01  -2.2410354e-01   5.2656973e-01  -1.9327904e-02  -3.1558598e-03  -7.1634870e-03   1.0786386e-01   5.0222397e-02   2.7727568e-01   3.7356787e-04   9.9594511e-06   5.1315546e-05   2.1918200e-03  -3.5319700e-03   1.8998510e-02  -9.3746400e-04  -3.1426400e-04  -8.2783800e-05   4.8040749e-06   1.2474812e-05   3.6094338e-04   8.7883875e-07   9.8761862e-08   6.8531575e-09
   1.0000000e+00  -3.2307281e-01  -1.9095506e-01   4.9652300e-01  -1.8355178e-02  -2.9030723e-03  -6.8371356e-03   1.0437604e-01   3.6463835e-02   2.4653509e-01   3.3691256e-04   8.4278288e-06   4.6746423e-05   5.3535300e-03   3.3148480e-02  -3.0046730e-02   9.7272600e-04   2.5278750e-04   3.2635140e-04   2.8660283e-05   1.0988217e-03   9.0280598e-04   9.4619587e-07   6.3901520e-08   1.0650524e-07
   1.0000000e+00  -3.2814041e-01  -2.1117451e-01   4.8235144e-01  -1.8299231e-02  -2.9080497e-03  -6.8456830e-03   1.0767613e-01   4.4594674e-02   2.3266291e-01   3.3486186e-04   8.4567531e-06   4.6863376e-05  -5.0676000e-03  -2.0219450e-02  -1.4171560e-02   5.5947000e-05  -4.9774000e-06  -8.5474000e-06   2.5680570e-05   4.0882616e-04   2.0083311e-04   3.1300668e-09   2.4774511e-11   7.3058047e-11
   1.0000000e+00  -3.2904216e-01  -2.1925112e-01   5.5915199e-01  -2.0244059e-02  -3.1466133e-03  -7.0556900e-03   1.0826874e-01   4.8071054e-02   3.1265095e-01   4.0982192e-04   9.9011753e-06   4.9782761e-05  -9.0175000e-04  -8.0766100e-03   7.6800550e-02  -1.9448280e-03  -2.3856360e-04  -2.1000700e-04   8.1315306e-07   6.5231629e-05   5.8983245e-03   3.7823559e-06   5.6912591e-08   4.4102940e-08
   1.0000000e+00  -3.1692114e-01  -1.9245043e-01   4.8682939e-01  -1.8708711e-02  -3.0702109e-03  -7.0386717e-03   1.0043901e-01   3.7037168e-02   2.3700285e-01   3.5001587e-04   9.4261950e-06   4.9542899e-05   1.2121020e-02   2.6800690e-02  -7.2322600e-02   1.5353480e-03   7.6402400e-05   1.7018300e-05   1.4691913e-04   7.1827698e-04   5.2305585e-03   2.3572935e-06   5.8373267e-09   2.8962253e-10
   1.0000000e+00  -3.2180835e-01  -2.1732217e-01   4.9737450e-01  -1.9757315e-02  -2.8186263e-03  -6.9084960e-03   1.0356061e-01   4.7228926e-02   2.4738139e-01   3.9035150e-04   7.9446542e-06   4.7727317e-05  -4.8872100e-03  -2.4871740e-02   1.0545110e-02  -1.0486040e-03   2.5158460e-04   1.3017570e-04   2.3884822e-05   6.1860345e-04   1.1119934e-04   1.0995703e-06   6.3294811e-08   1.6945713e-08
   1.0000000e+00  -3.2834558e-01  -2.0094920e-01   5.3177397e-01  -2.0879466e-02  -2.9881168e-03  -7.2281106e-03   1.0781082e-01   4.0380581e-02   2.8278356e-01   4.3595210e-04   8.9288420e-06   5.2245583e-05  -6.5372300e-03   1.6372970e-02   3.4399470e-02  -1.1221510e-03  -1.6949050e-04  -3.1961460e-04   4.2735376e-05   2.6807415e-04   1.1833235e-03   1.2592229e-06   2.8727030e-08   1.0215349e-07
   1.0000000e+00  -3.2112028e-01  -2.2504469e-01   4.4366933e-01  -1.8293286e-02  -3.0231779e-03  -6.9701682e-03   1.0311823e-01   5.0645112e-02   1.9684247e-01   3.3464431e-04   9.1396046e-06   4.8583245e-05   7.2253000e-03  -2.4095490e-02  -8.8104640e-02   2.5861800e-03  -3.5061100e-05   2.5794240e-04   5.2204960e-05   5.8059264e-04   7.7624276e-03   6.6883270e-06   1.2292807e-09   6.6534282e-08
   1.0000000e+00  -3.3371184e-01  -2.4527461e-01   4.7332705e-01  -2.0026108e-02  -2.7299869e-03  -7.1635500e-03   1.1136359e-01   6.0159634e-02   2.2403850e-01   4.0104500e-04   7.4528285e-06   5.1316449e-05  -1.2591560e-02  -2.0229920e-02   2.9657720e-02  -1.7328220e-03   2.9319100e-04  -1.9338180e-04   1.5854738e-04   4.0924966e-04   8.7958036e-04   3.0026721e-06   8.5960962e-08   3.7396521e-08
   1.0000000e+00  -3.3967195e-01  -2.2610437e-01   5.2105284e-01  -2.1043480e-02  -2.7584826e-03  -7.4673021e-03   1.1537703e-01   5.1123186e-02   2.7149606e-01   4.4282805e-04   7.6092263e-06   5.5760601e-05  -5.9601100e-03   1.9170240e-02   4.7725790e-02  -1.0173720e-03  -2.8495700e-05  -3.0375210e-04   3.5522911e-05   3.6749810e-04   2.2777510e-03   1.0350458e-06   8.1200492e-10   9.2265338e-08
   1.0000000e+00  -3.4250851e-01  -2.6950587e-01   5.0473794e-01  -1.9511411e-02  -2.7742996e-03  -7.5245665e-03   1.1731208e-01   7.2633414e-02   2.5476039e-01   3.8069516e-04   7.6967383e-06   5.6619101e-05  -2.8365600e-03  -4.3401500e-02  -1.6314900e-02   1.5320690e-03  -1.5817000e-05  -5.7264400e-05   8.0460726e-06   1.8836902e-03   2.6617596e-04   2.3472354e-06   2.5017749e-10   3.2792115e-09
   1.0000000e+00  -3.7642119e-01  -3.0357205e-01   5.4854253e-01  -2.0361971e-02  -3.2399316e-03  -8.3783285e-03   1.4169291e-01   9.2155990e-02   3.0089891e-01   4.1460986e-04   1.0497157e-05   7.0196388e-05  -3.3912680e-02  -3.4066180e-02   4.3804590e-02  -8.5056000e-04  -4.6563200e-04  -8.5376200e-04   1.1500699e-03   1.1605046e-03   1.9188421e-03   7.2345231e-07   2.1681316e-07   7.2890955e-07
   1.0000000e+00  -3.7139565e-01  -2.7081717e-01   5.4806899e-01  -2.0333810e-02  -3.6825860e-03  -8.1676714e-03   1.3793473e-01   7.3341940e-02   3.0037962e-01   4.1346383e-04   1.3561440e-05   6.6710856e-05   5.0255400e-03   3.2754880e-02  -4.7354000e-04   2.8161000e-05  -4.4265440e-04   2.1065710e-04   2.5256052e-05   1.0728822e-03   2.2424013e-07   7.9304192e-10   1.9594292e-07   4.4376414e-08
   1.0000000e+00  -3.9044197e-01  -2.8042329e-01   5.6294013e-01  -2.0121403e-02  -3.1079661e-03  -8.4837389e-03   1.5244493e-01   7.8637222e-02   3.1690159e-01   4.0487086e-04   9.6594533e-06   7.1973826e-05  -1.9046320e-02  -9.6061200e-03   1.4871140e-02   2.1240700e-04   5.7461990e-04  -3.1606750e-04   3.6276231e-04   9.2277541e-05   2.2115080e-04   4.5116734e-08   3.3018803e-07   9.9898665e-08
   1.0000000e+00  -4.0550129e-01  -2.9579325e-01   5.7221824e-01  -2.1490278e-02  -3.4706075e-03  -8.9410972e-03   1.6443130e-01   8.7493647e-02   3.2743371e-01   4.6183205e-04   1.2045116e-05   7.9943219e-05  -1.5059320e-02  -1.5369960e-02   9.2781100e-03  -1.3688750e-03  -3.6264140e-04  -4.5735830e-04   2.2678312e-04   2.3623567e-04   8.6083325e-05   1.8738188e-06   1.3150878e-07   2.0917661e-07
   1.0000000e+00  -3.8266405e-01  -2.4661234e-01   5.5707453e-01  -2.1223353e-02  -3.7047722e-03  -8.4093835e-03   1.4643178e-01   6.0817646e-02   3.1033203e-01   4.5043071e-04   1.3725337e-05   7.0717731e-05   2.2837240e-02   4.9180910e-02  -1.5143710e-02   2.6692500e-04  -2.3416470e-04   5.3171370e-04   5.2153953e-04   2.4187619e-03   2.2933195e-04   7.1248956e-08   5.4833107e-08   2.8271946e-07
   1.0000000e+00  -3.8298116e-01  -2.5543385e-01   5.7653744e-01  -2.1203882e-02  -3.6005765e-03  -8.6716187e-03   1.4667457e-01   6.5246452e-02   3.3239542e-01   4.4960461e-04   1.2964151e-05   7.5196971e-05  -3.1711000e-04  -8.8215100e-03   1.9462910e-02   1.9471000e-05   1.0419570e-04  -2.6223520e-04   1.0055875e-07   7.7819039e-05   3.7880487e-04   3.7911984e-10   1.0856744e-08   6.8767300e-08
   1.0000000e+00  -3.9956194e-01  -3.5950038e-01   6.4924367e-01  -2.4206016e-02  -3.3926985e-03  -8.8051491e-03   1.5964974e-01   1.2924052e-01   4.2151734e-01   5.8593121e-04   1.1510403e-05   7.7530651e-05  -1.6580780e-02  -1.0406653e-01   7.2706230e-02  -3.0021340e-03   2.0787800e-04  -1.3353040e-04   2.7492227e-04   1.0829843e-02   5.2861959e-03   9.0128086e-06   4.3213263e-08   1.7830368e-08
   1.0000000e+00  -4.0406762e-01  -3.2527851e-01   6.5877063e-01  -2.5171297e-02  -3.4940620e-03  -8.7759315e-03   1.6327064e-01   1.0580611e-01   4.3397874e-01   6.3359419e-04   1.2208469e-05   7.7016974e-05  -4.5056800e-03   3.4221870e-02   9.5269600e-03  -9.6528100e-04  -1.0136350e-04   2.9217600e-05   2.0301152e-05   1.1711364e-03   9.0762967e-05   9.3176741e-07   1.0274559e-08   8.5366815e-10
   1.0000000e+00  -4.0767954e-01  -2.4037360e-01   4.8811840e-01  -2.0637032e-02  -3.6096878e-03  -8.7800616e-03   1.6620261e-01   5.7779468e-02   2.3825957e-01   4.2588709e-04   1.3029846e-05   7.7089482e-05  -3.6119200e-03   8.4904910e-02  -1.7065223e-01   4.5342650e-03  -1.1562580e-04  -4.1301000e-06   1.3045966e-05   7.2088437e-03   2.9122184e-02   2.0559559e-05   1.3369326e-08   1.7057726e-11
   1.0000000e+00  -4.1135478e-01  -2.6780063e-01   5.2222565e-01  -2.1366767e-02  -3.7626071e-03  -8.8737644e-03   1.6921276e-01   7.1717177e-02   2.7271963e-01   4.5653873e-04   1.4157212e-05   7.8743695e-05  -3.6752400e-03  -2.7427030e-02   3.4107250e-02  -7.2973500e-04  -1.5291930e-04  -9.3702800e-05   1.3507389e-05   7.5224197e-04   1.1633045e-03   5.3251317e-07   2.3384312e-08   8.7802147e-09
   1.0000000e+00  -4.0346300e-01  -2.2998381e-01   5.2851875e-01  -2.2237522e-02  -3.9041562e-03  -8.8494407e-03   1.6278239e-01   5.2892553e-02   2.7933207e-01   4.9450738e-04   1.5242436e-05   7.8312601e-05   7.8917800e-03   3.7816820e-02   6.2931000e-03  -8.7075500e-04  -1.4154910e-04   2.4323700e-05   6.2280192e-05   1.4301119e-03   3.9603108e-05   7.5821427e-07   2.0036148e-08   5.9164238e-10
   1.0000000e+00  -3.9869948e-01  -2.6866685e-01   5.5243571e-01  -2.1341125e-02  -3.9997470e-03  -8.9278627e-03   1.5896128e-01   7.2181876e-02   3.0518521e-01   4.5544362e-04   1.5997976e-05   7.9706732e-05   4.7635200e-03  -3.8683040e-02   2.3916960e-02   8.9639700e-04  -9.5590800e-05  -7.8422000e-05   2.2691123e-05   1.4963776e-03   5.7202098e-04   8.0352758e-07   9.1376010e-09   6.1500101e-09
   1.0000000e+00  -4.1038504e-01  -2.7543737e-01   5.4077445e-01  -2.2297094e-02  -3.9562607e-03  -9.1943658e-03   1.6841588e-01   7.5865745e-02   2.9243701e-01   4.9716040e-04   1.5651999e-05   8.4536362e-05  -1.1685560e-02  -6.7705200e-03  -1.1661260e-02  -9.5596900e-04   4.3486300e-05  -2.6650310e-04   1.3655231e-04   4.5839941e-05   1.3598498e-04   9.1387673e-07   1.8910583e-09   7.1023902e-08
   1.0000000e+00  -4.1584833e-01  -2.5212653e-01   5.7968812e-01  -2.2797466e-02  -3.8547282e-03  -9.3161053e-03   1.7292983e-01   6.3567787e-02   3.3603832e-01   5.1972446e-04   1.4858929e-05   8.6789818e-05  -5.4632900e-03   2.3310840e-02   3.8913670e-02  -5.0037200e-04   1.0153250e-04  -1.2173950e-04   2.9847538e-05   5.4339526e-04   1.5142737e-03   2.5037214e-07   1.0308849e-08   1.4820506e-08
   1.0000000e+00  -4.2020506e-01  -2.7965920e-01   5.6243879e-01  -2.2092580e-02  -3.7819486e-03  -9.2302281e-03   1.7657229e-01   7.8209268e-02   3.1633739e-01   4.8808209e-04   1.4303135e-05   8.5197111e-05  -4.3567300e-03  -2.7532670e-02  -1.7249330e-02   7.0488600e-04   7.2779600e-05   8.5877200e-05   1.8981096e-05   7.5804792e-04   2.9753939e-04   4.9686427e-07   5.2968702e-09   7.3748935e-09
   1.0000000e+00  -4.1960763e-01  -3.0550193e-01   6.1172409e-01  -2.3730569e-02  -3.8234424e-03  -9.3156535e-03   1.7607056e-01   9.3331429e-02   3.7420636e-01   5.6313991e-04   1.4618712e-05   8.6781400e-05   5.9743000e-04  -2.5842730e-02   4.9285300e-02  -1.6379890e-03  -4.1493800e-05  -8.5425400e-05   3.5692260e-07   6.6784669e-04   2.4290408e-03   2.6830080e-06   1.7217354e-09   7.2974990e-09
   1.0000000e+00  -4.1249231e-01  -2.7601420e-01   5.6021663e-01  -2.2196351e-02  -3.8362995e-03  -9.3864214e-03   1.7014991e-01   7.6183839e-02   3.1384267e-01   4.9267800e-04   1.4717194e-05   8.8104907e-05   7.1153200e-03   2.9487730e-02  -5.1507460e-02   1.5342180e-03  -1.2857100e-05  -7.0767900e-05   5.0627779e-05   8.6952622e-04   2.6530184e-03   2.3538249e-06   1.6530502e-10   5.0080957e-09
   1.0000000e+00  -4.1524402e-01  -3.3460607e-01   5.8779332e-01  -2.2784737e-02  -3.7639152e-03  -9.3612371e-03   1.7242760e-01   1.1196122e-01   3.4550099e-01   5.1914424e-04   1.4167058e-05   8.7632760e-05  -2.7517100e-03  -5.8591870e-02   2.7576690e-02  -5.8838600e-04   7.2384300e-05   2.5184300e-05   7.5719079e-06   3.4330072e-03   7.6047383e-04   3.4619808e-07   5.2394869e-09   6.3424897e-10
   1.0000000e+00  -4.3180757e-01  -3.3836688e-01   6.2055714e-01  -2.3161045e-02  -4.3278184e-03  -9.6136765e-03   1.8645778e-01   1.1449215e-01   3.8509116e-01   5.3643401e-04   1.8730012e-05   9.2422776e-05  -1.6563550e-02  -3.7608100e-03   3.2763820e-02  -3.7630800e-04  -5.6390320e-04  -2.5243940e-04   2.7435119e-04   1.4143692e-05   1.0734679e-03   1.4160771e-07   3.1798682e-07   6.3725651e-08
   1.0000000e+00  -4.2381622e-01  -2.9912708e-01   5.5033952e-01  -2.1565151e-02  -4.1760890e-03  -9.3672868e-03   1.7962019e-01   8.9477010e-02   3.0287359e-01   4.6505574e-04   1.7439719e-05   8.7746062e-05   7.9913500e-03   3.9239800e-02  -7.0217620e-02   1.5958940e-03   1.5172940e-04   2.4638970e-04   6.3861675e-05   1.5397619e-03   4.9305142e-03   2.5468777e-06   2.3021811e-08   6.0707884e-08
   1.0000000e+00  -4.2551126e-01  -3.3549014e-01   5.7671989e-01  -2.2310655e-02  -4.2340639e-03  -9.4666206e-03   1.8105983e-01   1.1255363e-01   3.3260583e-01   4.9776533e-04   1.7927297e-05   8.9616906e-05  -1.6950400e-03  -3.6363060e-02   2.6380370e-02  -7.4550400e-04  -5.7974900e-05  -9.9333800e-05   2.8731606e-06   1.3222721e-03   6.9592392e-04   5.5577621e-07   3.3610890e-09   9.8672038e-09
   1.0000000e+00  -4.3745048e-01  -3.3692765e-01   6.2475740e-01  -2.3531913e-02  -4.0355174e-03  -9.5282405e-03   1.9136292e-01   1.1352024e-01   3.9032181e-01   5.5375093e-04   1.6285401e-05   9.0787367e-05  -1.1939220e-02  -1.4375100e-03   4.8037510e-02  -1.2212580e-03   1.9854650e-04  -6.1619900e-05   1.4254497e-04   2.0664350e-06   2.3076024e-03   1.4914711e-06   3.9420713e-08   3.7970121e-09
   1.0000000e+00  -4.3133353e-01  -3.1821929e-01   5.5568926e-01  -2.2064910e-02  -4.0072387e-03  -9.3377147e-03   1.8604861e-01   1.0126352e-01   3.0879055e-01   4.8686025e-04   1.6057962e-05   8.7192916e-05   6.1169500e-03   1.8708360e-02  -6.9068140e-02   1.4670030e-03   2.8278700e-05   1.9052580e-04   3.7417077e-05   3.5000273e-04   4.7704080e-03   2.1520978e-06   7.9968487e-10   3.6300080e-08
   1.0000000e+00  -4.2108408e-01  -3.5328126e-01   5.3480439e-01  -2.2011504e-02  -4.3658854e-03  -9.0954365e-03   1.7731180e-01   1.2480765e-01   2.8601574e-01   4.8450631e-04   1.9060955e-05   8.2726965e-05   1.0249450e-02  -3.5061970e-02  -2.0884870e-02   5.3406000e-05  -3.5864670e-04   2.4227820e-04   1.0505123e-04   1.2293417e-03   4.3617779e-04   2.8522008e-09   1.2862746e-07   5.8698726e-08
   1.0000000e+00  -4.2638727e-01  -3.3207651e-01   5.9520919e-01  -2.3137893e-02  -4.4194396e-03  -9.4120008e-03   1.8180610e-01   1.1027481e-01   3.5427398e-01   5.3536209e-04   1.9531446e-05   8.8585759e-05  -5.3031900e-03   2.1204750e-02   6.0404800e-02  -1.1263890e-03  -5.3554200e-05  -3.1656430e-04   2.8123824e-05   4.4964142e-04   3.6487399e-03   1.2687522e-06   2.8680523e-09   1.0021296e-07
   1.0000000e+00  -4.2299656e-01  -3.3254533e-01   5.6028028e-01  -2.2006419e-02  -4.2672543e-03  -9.1518116e-03   1.7892609e-01   1.1058640e-01   3.1391399e-01   4.8428248e-04   1.8209459e-05   8.3755656e-05   3.3907100e-03  -4.6882000e-04  -3.4928910e-02   1.1314740e-03   1.5218530e-04   2.6018920e-04   1.1496914e-05   2.1979219e-07   1.2200288e-03   1.2802334e-06   2.3160366e-08   6.7698420e-08
   1.0000000e+00  -4.2780071e-01  -3.4547701e-01   5.5325388e-01  -2.1972073e-02  -4.4929069e-03  -9.3043195e-03   1.8301345e-01   1.1935436e-01   3.0608986e-01   4.8277199e-04   2.0186212e-05   8.6570361e-05  -4.8041500e-03  -1.2931680e-02  -7.0264000e-03   3.4346000e-05  -2.2565260e-04  -1.5250790e-04   2.3079857e-05   1.6722835e-04   4.9370297e-05   1.1796477e-09   5.0919096e-08   2.3258660e-08
   1.0000000e+00  -4.1465896e-01  -3.4338405e-01   6.5505616e-01  -2.4137102e-02  -4.5556815e-03  -8.9148715e-03   1.7194205e-01   1.1791261e-01   4.2909857e-01   5.8259969e-04   2.0754234e-05   7.9474934e-05   1.3141750e-02   2.0929600e-03   1.0180228e-01  -2.1650290e-03  -6.2774600e-05   3.8944800e-04   1.7270559e-04   4.3804816e-06   1.0363704e-02   4.6873506e-06   3.9406504e-09   1.5166974e-07
   1.0000000e+00  -3.9888491e-01  -4.5789040e-01   7.3463670e-01  -2.5502378e-02  -4.7778105e-03  -8.5455140e-03   1.5910917e-01   2.0966362e-01   5.3969108e-01   6.5037128e-04   2.2827473e-05   7.3025810e-05   1.5774050e-02  -1.1450635e-01   7.9580540e-02  -1.3652760e-03  -2.2212900e-04   3.6935750e-04   2.4882065e-04   1.3111704e-02   6.3330623e-03   1.8639786e-06   4.9341293e-08   1.3642496e-07
   1.0000000e+00  -4.3247202e-01  -3.2814990e-01   6.1317709e-01  -2.3454799e-02  -4.6679132e-03  -9.2474511e-03   1.8703205e-01   1.0768236e-01   3.7598614e-01   5.5012760e-04   2.1789414e-05   8.5515352e-05  -3.3587110e-02   1.2974050e-01  -1.2145961e-01   2.0475790e-03   1.0989730e-04  -7.0193710e-04   1.1280940e-03   1.6832597e-02   1.4752437e-02   4.1925798e-06   1.2077417e-08   4.9271569e-07
   1.0000000e+00  -4.2348021e-01  -3.1030270e-01   6.1569229e-01  -2.3011532e-02  -4.6585374e-03  -8.8540617e-03   1.7933549e-01   9.6287766e-02   3.7907700e-01   5.2953060e-04   2.1701971e-05   7.8394409e-05   8.9918100e-03   1.7847200e-02   2.5152000e-03   4.4326700e-04   9.3758000e-06   3.9338940e-04   8.0852647e-05   3.1852255e-04   6.3262310e-06   1.9648563e-07   8.7905626e-11   1.5475522e-07
   1.0000000e+00  -4.3087958e-01  -3.2717639e-01   5.4843252e-01  -2.2067555e-02  -4.7006012e-03  -9.3164444e-03   1.8565721e-01   1.0704439e-01   3.0077823e-01   4.8697698e-04   2.2095652e-05   8.6796136e-05  -7.3993700e-03  -1.6873690e-02  -6.7259770e-02   9.4397700e-04  -4.2063800e-05  -4.6238270e-04   5.4750676e-05   2.8472141e-04   4.5238767e-03   8.9109258e-07   1.7693633e-09   2.1379776e-07
   1.0000000e+00  -4.3556246e-01  -3.2040987e-01   6.1904700e-01  -2.4414804e-02  -4.6952351e-03  -9.3698437e-03   1.8971466e-01   1.0266248e-01   3.8321919e-01   5.9608265e-04   2.2045233e-05   8.7793971e-05  -4.6828800e-03   6.7665200e-03   7.0614480e-02  -2.3472490e-03   5.3661000e-06  -5.3399300e-05   2.1929365e-05   4.5785793e-05   4.9864048e-03   5.5095779e-06   2.8795029e-11   2.8514852e-09
   1.0000000e+00  -4.2860908e-01  -3.4269936e-01   5.7217816e-01  -2.2410949e-02  -4.7532499e-03  -9.2802408e-03   1.8370574e-01   1.1744285e-01   3.2738785e-01   5.0225064e-04   2.2593385e-05   8.6122869e-05   6.9533800e-03  -2.2289490e-02  -4.6868840e-02   2.0038550e-03  -5.8014800e-05   8.9602900e-05   4.8349493e-05   4.9682136e-04   2.1966882e-03   4.0154349e-06   3.3657170e-09   8.0286797e-09
   1.0000000e+00  -4.3470962e-01  -3.8479468e-01   6.1337484e-01  -2.3573791e-02  -4.7919028e-03  -9.3942866e-03   1.8897245e-01   1.4806695e-01   3.7622869e-01   5.5572362e-04   2.2962332e-05   8.8252621e-05  -6.1005400e-03  -4.2095320e-02   4.1196680e-02  -1.1628420e-03  -3.8652900e-05  -1.1404580e-04   3.7216588e-05   1.7720160e-03   1.6971664e-03   1.3522015e-06   1.4940467e-09   1.3006444e-08
   1.0000000e+00  -4.2153395e-01  -3.2626350e-01   6.1527593e-01  -2.3313710e-02  -5.4186266e-03  -9.0791610e-03   1.7769087e-01   1.0644787e-01   3.7856447e-01   5.4352907e-04   2.9361514e-05   8.2431164e-05   1.3175670e-02   5.8531180e-02   1.9010900e-03   2.6008100e-04  -6.2672380e-04   3.1512560e-04   1.7359828e-04   3.4258990e-03   3.6141432e-06   6.7642127e-08   3.9278272e-07   9.9304144e-08
