   1.0000000e+00   0.0000000e+00   0.0000000e+00   0.0000000e+00   0.0000000e+00   0.0000000e+00  -0.0000000e+00   0.0000000e+00   0.0000000e+00   0.0000000e+00   0.0000000e+00   0.0000000e+00   0.0000000e+00   0.0000000e+00   0.0000000e+00   0.0000000e+00   0.0000000e+00   0.0000000e+00   0.0000000e+00   0.0000000e+00   0.0000000e+00   0.0000000e+00   0.0000000e+00   0.0000000e+00   0.0000000e+00
   1.0000000e+00  -9.3951005e-04   3.8913824e-02  -1.6671865e-02   4.1993139e-04  -1.3047031e-04   3.5337155e-04   8.8267913e-07   1.5142857e-03   2.7795108e-04   1.7634237e-07   1.7022502e-08   1.2487145e-07  -9.3951005e-04   3.8913824e-02  -1.6671865e-02   4.1993139e-04  -1.3047031e-04   3.5337155e-04   8.8267913e-07   1.5142857e-03   2.7795108e-04   1.7634237e-07   1.7022502e-08   1.2487145e-07
   1.0000000e+00  -1.7089249e-04   2.5759932e-02  -3.7194015e-02   1.4029034e-03  -3.0571826e-04   4.0299792e-05   2.9204243e-08   6.6357410e-04   1.3833948e-03   1.9681379e-06   9.3463654e-08   1.6240732e-09   7.6861756e-04  -1.3153892e-02  -2.0522150e-02   9.8297201e-04  -1.7524795e-04  -3.1307176e-04   5.9077295e-07   1.7302487e-04   4.2115864e-04   9.6623397e-07   3.0711844e-08   9.8013926e-08
   1.0000000e+00  -3.3059121e-02   2.6150658e-02  -5.8471314e-02   2.0401405e-03   4.1560789e-04  -8.0161782e-04   1.0929055e-03   6.8385691e-04   3.4188946e-03   4.1621733e-06   1.7272992e-07   6.4259113e-07  -3.2888229e-02   3.9072600e-04  -2.1277299e-02   6.3723710e-04   7.2132615e-04  -8.4191761e-04   1.0816356e-03   1.5266681e-07   4.5272345e-04   4.0607112e-07   5.2031141e-07   7.0882527e-07
   1.0000000e+00  -1.8846884e-02   3.8248604e-02  -4.3507971e-02   1.6050225e-03   4.5365792e-04  -7.0700495e-04   3.5520504e-04   1.4629557e-03   1.8929435e-03   2.5760972e-06   2.0580551e-07   4.9985600e-07   1.4212237e-02   1.2097946e-02   1.4963343e-02  -4.3511800e-04   3.8050030e-05   9.4612870e-05   2.0198768e-04   1.4636030e-04   2.2390163e-04   1.8932767e-07   1.4478048e-09   8.9515952e-09
   1.0000000e+00  -1.2603232e-02   3.4540520e-02  -4.3539119e-02   8.5649479e-04   2.5783183e-04  -5.0817916e-04   1.5884146e-04   1.1930475e-03   1.8956549e-03   7.3358333e-07   6.6477253e-08   2.5824606e-07   6.2436520e-03  -3.7080840e-03  -3.1148000e-05  -7.4852771e-04  -1.9582609e-04   1.9882579e-04   3.8983190e-05   1.3749887e-05   9.7019790e-10   5.6029373e-07   3.8347858e-08   3.9531695e-08
   1.0000000e+00  -6.9210991e-02   2.2344200e-02  -7.5553207e-02   1.9077489e-03   1.1863257e-03  -1.9882015e-03   4.7901613e-03   4.9926327e-04   5.7082871e-03   3.6395059e-06   1.4073687e-06   3.9529452e-06  -5.6607759e-02  -1.2196320e-02  -3.2014088e-02   1.0512541e-03   9.2849387e-04  -1.4800223e-03   3.2044384e-03   1.4875022e-04   1.0249018e-03   1.1051352e-06   8.6210087e-07   2.1904661e-06
   1.0000000e+00  -3.5740845e-02   3.5396376e-02  -5.5936139e-02   1.0604545e-03   7.3699532e-04  -1.0650806e-03   1.2774080e-03   1.2529034e-03   3.1288516e-03   1.1245637e-06   5.4316210e-07   1.1343967e-06   3.3470146e-02   1.3052176e-02   1.9617068e-02  -8.4729440e-04  -4.4933038e-04   9.2312090e-04   1.1202507e-03   1.7035930e-04   3.8482936e-04   7.1790780e-07   2.0189779e-07   8.5215220e-07
   1.0000000e+00  -3.3270415e-02  -2.7984484e-03   4.2630409e-03  -2.2171268e-04   6.9172953e-04  -8.0636928e-04   1.1069205e-03   7.8313134e-06   1.8173518e-05   4.9156512e-08   4.7848974e-07   6.5023142e-07   2.4704300e-03  -3.8194824e-02   6.0199180e-02  -1.2821672e-03  -4.5265790e-05   2.5871132e-04   6.1030244e-06   1.4588446e-03   3.6239413e-03   1.6439527e-06   2.0489917e-09   6.6931547e-08
   1.0000000e+00  -2.4060541e-02  -2.3079604e-02  -1.8752896e-03  -6.2458462e-05   5.2324146e-04  -5.5811714e-04   5.7890963e-04   5.3266812e-04   3.5167111e-06   3.9010595e-09   2.7378163e-07   3.1149474e-07   9.2098740e-03  -2.0281156e-02  -6.1383305e-03   1.5925422e-04  -1.6848807e-04   2.4825214e-04   8.4821779e-05   4.1132527e-04   3.7679101e-05   2.5361906e-08   2.8388230e-08   6.1629125e-08
   1.0000000e+00  -2.3999445e-02  -5.8638714e-02   1.3911684e-02  -2.6289480e-04   6.7476927e-04  -4.5977693e-04   5.7597336e-04   3.4384988e-03   1.9353495e-04   6.9113676e-08   4.5531357e-07   2.1139483e-07   6.1096000e-05  -3.5559110e-02   1.5786974e-02  -2.0043634e-04   1.5152781e-04   9.8340210e-05   3.7327212e-09   1.2644503e-03   2.4922854e-04   4.0174726e-08   2.2960677e-08   9.6707969e-09
   1.0000000e+00  -6.8037119e-03  -3.4483156e-02  -1.1725765e-02   3.0842503e-04   2.7668178e-04  -7.8098546e-05   4.6290496e-05   1.1890880e-03   1.3749356e-04   9.5125999e-08   7.6552807e-08   6.0993829e-09   1.7195733e-02   2.4155558e-02  -2.5637449e-02   5.7131983e-04  -3.9808749e-04   3.8167838e-04   2.9569324e-04   5.8349098e-04   6.5727879e-04   3.2640635e-07   1.5847365e-07   1.4567839e-07
   1.0000000e+00   1.4954522e-03  -5.1108110e-02   1.4413077e-02   4.2561898e-04   1.8750614e-04  -1.2258652e-04   2.2363773e-06   2.6120389e-03   2.0773679e-04   1.8115152e-07   3.5158553e-08   1.5027455e-08   8.2991641e-03  -1.6624954e-02   2.6138842e-02   1.1719395e-04  -8.9175640e-05  -4.4487974e-05   6.8876125e-05   2.7638910e-04   6.8323906e-04   1.3734422e-08   7.9522948e-09   1.9791798e-09
   1.0000000e+00  -5.8637108e-03  -6.0396113e-02   2.6470175e-02   1.3726424e-04   4.0376283e-04  -1.1248761e-04   3.4383104e-05   3.6476905e-03   7.0067016e-04   1.8841472e-08   1.6302442e-07   1.2653462e-08  -7.3591630e-03  -9.2880030e-03   1.2057098e-02  -2.8835474e-04   2.1625669e-04   1.0098910e-05   5.4157280e-05   8.6267000e-05   1.4537361e-04   8.3148456e-08   4.6766956e-08   1.0198798e-10
   1.0000000e+00   1.0590688e-02  -5.5738085e-02   2.0054024e-03   8.3654945e-04   2.6660739e-04   1.0191026e-04   1.1216267e-04   3.1067341e-03   4.0216388e-06   6.9981498e-07   7.1079500e-08   1.0385701e-08   1.6454399e-02   4.6580280e-03  -2.4464773e-02   6.9928521e-04  -1.3715544e-04   2.1439787e-04   2.7074724e-04   2.1697225e-05   5.9852510e-04   4.8899980e-07   1.8811615e-08   4.5966447e-08
   1.0000000e+00  -2.1897387e-02  -4.9505275e-02  -2.4621233e-02   1.4235294e-03   3.1064706e-04  -9.3483548e-04   4.7949556e-04   2.4507723e-03   6.0620511e-04   2.0264360e-06   9.6501596e-08   8.7391737e-07  -3.2488075e-02   6.2328100e-03  -2.6626635e-02   5.8697995e-04   4.4039670e-05  -1.0367457e-03   1.0554750e-03   3.8847920e-05   7.0897771e-04   3.4454546e-07   1.9394925e-09   1.0748417e-06
   1.0000000e+00  -1.5982191e-02  -4.2851737e-02   4.7154504e-03   2.9106505e-04   2.1416265e-04  -5.9637220e-04   2.5543043e-04   1.8362714e-03   2.2235472e-05   8.4718863e-08   4.5865641e-08   3.5565980e-07   5.9151960e-03   6.6535380e-03   2.9336683e-02  -1.1324644e-03  -9.6484410e-05   3.3846328e-04   3.4989544e-05   4.4269568e-05   8.6064099e-04   1.2824755e-06   9.3092414e-09   1.1455739e-07
   1.0000000e+00   4.0784254e-03  -3.8965015e-02   8.6629018e-03   4.8084000e-04   2.4372190e-04   8.2413809e-05   1.6633554e-05   1.5182724e-03   7.5045868e-05   2.3120711e-07   5.9400365e-08   6.7920359e-09   2.0060616e-02   3.8867220e-03   3.9474514e-03   1.8977495e-04   2.9559250e-05   6.7878601e-04   4.0242833e-04   1.5106608e-05   1.5582373e-05   3.6014532e-08   8.7374926e-10   4.6075045e-07
   1.0000000e+00  -2.5638034e-02  -4.3071106e-02   3.7540737e-02   3.3031360e-05   4.5685201e-04  -4.8510167e-04   6.5730879e-04   1.8551202e-03   1.4093069e-03   1.0910707e-09   2.0871376e-07   2.3532363e-07  -2.9716459e-02  -4.1060910e-03   2.8877835e-02  -4.4780864e-04   2.1313011e-04  -5.6751548e-04   8.8306796e-04   1.6859983e-05   8.3392937e-04   2.0053258e-07   4.5424444e-08   3.2207382e-07
   1.0000000e+00  -5.2344778e-02  -3.2472700e-02   2.2905972e-02   1.9853008e-04   6.5863112e-04  -1.6425019e-03   2.7399758e-03   1.0544762e-03   5.2468355e-04   3.9414193e-08   4.3379495e-07   2.6978125e-06  -2.6706744e-02   1.0598406e-02  -1.4634765e-02   1.6549872e-04   2.0177911e-04  -1.1574002e-03   7.1325018e-04   1.1232621e-04   2.1417635e-04   2.7389826e-08   4.0714809e-08   1.3395753e-06
   1.0000000e+00   2.4846776e-02   1.8604651e-02  -2.6376287e-02   1.1287403e-03  -1.1520075e-04   1.5786437e-04   6.1736228e-04   3.4613304e-04   6.9570852e-04   1.2740547e-06   1.3271213e-08   2.4921159e-08   7.7191554e-02   5.1077351e-02  -4.9282259e-02   9.3021022e-04  -7.7383187e-04   1.8003663e-03   5.9585360e-03   2.6088958e-03   2.4287411e-03   8.6529105e-07   5.9881576e-07   3.2413187e-06
   1.0000000e+00   4.0367013e-03  -2.4166941e-03  -9.3405295e-03   1.3742921e-04   6.2036318e-05  -3.5160235e-04   1.6294957e-05   5.8404104e-06   8.7245491e-05   1.8886788e-08   3.8485048e-09   1.2362421e-07  -2.0810075e-02  -2.1021345e-02   1.7035758e-02  -9.9131109e-04   1.7723707e-04  -5.0946672e-04   4.3305921e-04   4.4189695e-04   2.9021703e-04   9.8269768e-07   3.1412978e-08   2.5955634e-07
   1.0000000e+00  -7.1248500e-04  -2.8686557e-02  -1.2993670e-02   3.1668502e-05  -1.1217980e-04  -2.7234257e-04   5.0763488e-07   8.2291855e-04   1.6883546e-04   1.0028940e-09   1.2584308e-08   7.4170475e-08  -4.7491863e-03  -2.6269863e-02  -3.6531405e-03  -1.0576071e-04  -1.7421612e-04   7.9259780e-05   2.2554771e-05   6.9010570e-04   1.3345436e-05   1.1185327e-08   3.0351256e-08   6.2821127e-09
   1.0000000e+00   2.3291631e-02   7.6686209e-03  -5.9767704e-02   1.1652792e-03  -4.5460528e-04  -4.6515955e-05   5.4250007e-04   5.8807747e-05   3.5721784e-03   1.3578756e-06   2.0666596e-07   2.1637341e-09   2.4004116e-02   3.6355178e-02  -4.6774034e-02   1.1336107e-03  -3.4242548e-04   2.2582662e-04   5.7619758e-04   1.3216990e-03   2.1878103e-03   1.2850732e-06   1.1725521e-07   5.0997660e-08
   1.0000000e+00   2.0917179e-02   1.0963827e-03  -6.8121467e-02   1.4357238e-03   1.6324773e-04  -2.7088837e-05   4.3752838e-04   1.2020550e-06   4.6405343e-03   2.0613028e-06   2.6649821e-08   7.3380509e-10  -2.3744520e-03  -6.5722382e-03  -8.3537630e-03   2.7044460e-04   6.1785301e-04   1.9427118e-05   5.6380223e-06   4.3194315e-05   6.9785356e-05   7.3140282e-08   3.8174234e-07   3.7741291e-10
   1.0000000e+00   4.4903987e-03   2.7752411e-02  -6.4829201e-02   8.8739960e-04   3.4065479e-04  -2.5160146e-04   2.0163680e-05   7.7019632e-04   4.2028253e-03   7.8747805e-07   1.1604569e-07   6.3303295e-08  -1.6426780e-02   2.6656028e-02   3.2922660e-03  -5.4832420e-04   1.7740706e-04  -2.2451262e-04   2.6983911e-04   7.1054384e-04   1.0839015e-05   3.0065943e-07   3.1473265e-08   5.0405918e-08
   1.0000000e+00   1.3789250e-02   3.6331514e-02  -6.6364562e-02   2.0544756e-03  -5.6980696e-05   9.1607839e-05   1.9014342e-04   1.3199789e-03   4.4042551e-03   4.2208700e-06   3.2467997e-09   8.3919962e-09   9.2988513e-03   8.5791030e-03  -1.5353610e-03   1.1670760e-03  -3.9763549e-04   3.4320930e-04   8.6468635e-05   7.3601008e-05   2.3573334e-06   1.3620664e-06   1.5811398e-07   1.1779262e-07
   1.0000000e+00   5.5854060e-03   3.3769553e-02  -6.1390676e-02   1.2403331e-03  -3.7446041e-04  -2.2777719e-04   3.1196760e-05   1.1403827e-03   3.7688151e-03   1.5384262e-06   1.4022060e-07   5.1882448e-08  -8.2038440e-03  -2.5619610e-03   4.9738860e-03  -8.1414250e-04  -3.1747971e-04  -3.1938503e-04   6.7303056e-05   6.5636442e-06   2.4739542e-05   6.6282801e-07   1.0079337e-07   1.0200680e-07
   1.0000000e+00  -2.6154638e-03   4.1811021e-03  -3.7379493e-02   1.1582398e-03  -3.3017249e-04  -3.5891313e-04   6.8406509e-06   1.7481615e-05   1.3972265e-03   1.3415194e-06   1.0901387e-07   1.2881863e-07  -8.2008698e-03  -2.9588451e-02   2.4011183e-02  -8.2093300e-05   4.4287920e-05  -1.3113594e-04   6.7254265e-05   8.7547643e-04   5.7653691e-04   6.7393099e-09   1.9614199e-09   1.7196635e-08
   1.0000000e+00  -1.8519901e-02   2.4646782e-02  -3.4384344e-02   6.8048919e-04   4.2860723e-05  -5.6430190e-04   3.4298673e-04   6.0746386e-04   1.1822831e-03   4.6306554e-07   1.8370416e-09   3.1843663e-07  -1.5904437e-02   2.0465680e-02   2.9951490e-03  -4.7775061e-04   3.7303321e-04  -2.0538877e-04   2.5295112e-04   4.1884405e-04   8.9709175e-06   2.2824565e-07   1.3915378e-07   4.2184547e-08
   1.0000000e+00  -1.5168637e-02   6.1414438e-03  -3.7593877e-02   1.1825014e-03   1.4308780e-04  -6.9292489e-04   2.3008755e-04   3.7717332e-05   1.4132996e-03   1.3983096e-06   2.0474119e-08   4.8014490e-07   3.3512640e-03  -1.8505338e-02  -3.2095330e-03   5.0201221e-04   1.0022708e-04  -1.2862299e-04   1.1230970e-05   3.4244754e-04   1.0301102e-05   2.5201626e-07   1.0045467e-08   1.6543874e-08
   1.0000000e+00  -6.1572048e-02   2.7285496e-02  -5.6506704e-02   1.6815503e-03  -8.4440745e-04  -1.2645753e-03   3.7911171e-03   7.4449829e-04   3.1930076e-03   2.8276114e-06   7.1302394e-07   1.5991507e-06  -4.6403411e-02   2.1144052e-02  -1.8912827e-02   4.9904890e-04  -9.8749525e-04  -5.7165041e-04   2.1532766e-03   4.4707094e-04   3.5769503e-04   2.4904980e-07   9.7514687e-07   3.2678419e-07
   1.0000000e+00  -9.8206894e-02   2.7534754e-02  -4.9533098e-02   2.5667211e-03   2.3001393e-04  -1.9155640e-03   9.6445940e-03   7.5816268e-04   2.4535278e-03   6.5880572e-06   5.2906408e-08   3.6693854e-06  -3.6634846e-02   2.4925800e-04   6.9736060e-03   8.8517080e-04   1.0744214e-03  -6.5098870e-04   1.3421119e-03   6.2129551e-08   4.8631181e-05   7.8352735e-07   1.1543813e-06   4.2378629e-07
   1.0000000e+00  -3.4236901e-02   3.0952045e-02  -2.3460119e-02   1.5077234e-03  -5.1593117e-04  -7.3507542e-04   1.1721654e-03   9.5802909e-04   5.5037718e-04   2.2732299e-06   2.6618497e-07   5.4033587e-07   6.3969993e-02   3.4172910e-03   2.6072979e-02  -1.0589977e-03  -7.4594510e-04   1.1804886e-03   4.0921600e-03   1.1677878e-05   6.7980023e-04   1.1214761e-06   5.5643409e-07   1.3935533e-06
   1.0000000e+00  -6.2167789e-02   3.4399633e-02  -3.8738024e-02   2.2847582e-03   4.1412561e-04  -9.4890701e-04   3.8648340e-03   1.1833348e-03   1.5006345e-03   5.2201200e-06   1.7150002e-07   9.0042451e-07  -2.7930888e-02   3.4475880e-03  -1.5277905e-02   7.7703480e-04   9.3005678e-04  -2.1383159e-04   7.8013450e-04   1.1885863e-05   2.3341438e-04   6.0378308e-07   8.6500561e-07   4.5723949e-08
   1.0000000e+00  -4.0196663e-02   4.3653636e-02  -2.8399388e-02   2.6749945e-03   1.8342205e-03  -1.4759656e-04   1.6157717e-03   1.9056399e-03   8.0652524e-04   7.1555956e-06   3.3643648e-06   2.1784745e-08   2.1971126e-02   9.2540030e-03   1.0338636e-02   3.9023630e-04   1.4200949e-03   8.0131045e-04   4.8273038e-04   8.5636572e-05   1.0688739e-04   1.5228437e-07   2.0166695e-06   6.4209844e-07
   1.0000000e+00  -5.3221869e-02   5.4913349e-02  -1.4732821e-02   1.8839429e-03   8.4975005e-04  -1.4415863e-03   2.8325673e-03   3.0154759e-03   2.1705601e-04   3.5492409e-06   7.2207515e-07   2.0781711e-06  -1.3025206e-02   1.1259713e-02   1.3666567e-02  -7.9105160e-04  -9.8447045e-04  -1.2939897e-03   1.6965599e-04   1.2678114e-04   1.8677505e-04   6.2576263e-07   9.6918207e-07   1.6744094e-06
   1.0000000e+00  -7.5766346e-02   6.9008528e-02  -5.3761862e-02   2.8141394e-03   1.0402122e-03  -2.1011185e-03   5.7405392e-03   4.7621769e-03   2.8903378e-03   7.9193806e-06   1.0820414e-06   4.4146990e-06  -2.2544477e-02   1.4095179e-02  -3.9029041e-02   9.3019650e-04   1.9046215e-04  -6.5953220e-04   5.0825344e-04   1.9867407e-04   1.5232660e-03   8.6526553e-07   3.6275831e-08   4.3498272e-07
   1.0000000e+00  -7.1993320e-02   5.7049928e-02  -1.4273636e-02   2.5286287e-03   2.7790846e-04  -2.0159884e-03   5.1830381e-03   3.2546943e-03   2.0373668e-04   6.3939631e-06   7.7233112e-08   4.0642092e-06   3.7730260e-03  -1.1958600e-02   3.9488226e-02  -2.8551070e-04  -7.6230374e-04   8.5130100e-05   1.4235725e-05   1.4300811e-04   1.5593200e-03   8.1516360e-08   5.8110699e-07   7.2471339e-09
   1.0000000e+00  -2.0922904e-02   6.7254598e-02  -4.1585777e-02   2.1240019e-03  -1.3814811e-04  -3.6183319e-04   4.3776791e-04   4.5231810e-03   1.7293768e-03   4.5113841e-06   1.9084900e-08   1.3092326e-07   5.1070416e-02   1.0204670e-02  -2.7312141e-02  -4.0462680e-04  -4.1605657e-04   1.6541552e-03   2.6081874e-03   1.0413529e-04   7.4595305e-04   1.6372285e-07   1.7310307e-07   2.7362295e-06
   1.0000000e+00  -4.9590649e-02   4.4619173e-02  -2.0370608e-02   1.4995942e-03  -2.9676310e-04  -8.0207963e-04   2.4592325e-03   1.9908706e-03   4.1496167e-04   2.2487828e-06   8.8068338e-08   6.4333173e-07  -2.8667745e-02  -2.2635425e-02   2.1215169e-02  -6.2440770e-04  -1.5861499e-04  -4.4024644e-04   8.2183960e-04   5.1236246e-04   4.5008340e-04   3.8988498e-07   2.5158715e-08   1.9381693e-07
   1.0000000e+00  -2.9758054e-02   5.9982790e-02   3.4837803e-03   1.0385105e-03  -4.8384015e-04  -6.7478457e-04   8.8554178e-04   3.5979351e-03   1.2136725e-05   1.0785041e-06   2.3410129e-07   4.5533422e-07   1.9832595e-02   1.5363617e-02   2.3854388e-02  -4.6108370e-04  -1.8707705e-04   1.2729506e-04   3.9333182e-04   2.3604073e-04   5.6903184e-04   2.1259818e-07   3.4997823e-08   1.6204032e-08
   1.0000000e+00  -3.3212588e-02   1.1306215e-01  -1.7623514e-02   7.5563741e-04  -4.0824924e-04  -7.7258160e-04   1.1030760e-03   1.2783050e-02   3.1058825e-04   5.7098790e-07   1.6666744e-07   5.9688233e-07  -3.4545340e-03   5.3079360e-02  -2.1107294e-02  -2.8287309e-04   7.5590910e-05  -9.7797030e-05   1.1933805e-05   2.8174185e-03   4.4551787e-04   8.0017185e-08   5.7139857e-09   9.5642591e-09
   1.0000000e+00   6.1196900e-03   9.6751644e-02   7.2945356e-03   1.3638910e-03  -6.8587392e-04   5.5820196e-04   3.7450606e-05   9.3608806e-03   5.3210250e-05   1.8601987e-06   4.7042303e-07   3.1158943e-07   3.9332278e-02  -1.6310506e-02   2.4918050e-02   6.0825359e-04  -2.7762468e-04   1.3307836e-03   1.5470281e-03   2.6603261e-04   6.2090920e-04   3.6997243e-07   7.7075463e-08   1.7709849e-06
   1.0000000e+00  -3.1156380e-02   8.6271979e-02   2.9803915e-02   9.0234981e-04  -1.9469339e-04  -2.2939485e-04   9.7072001e-04   7.4428544e-03   8.8827335e-04   8.1423518e-07   3.7905516e-08   5.2621997e-08  -3.7276070e-02  -1.0479665e-02   2.2509379e-02  -4.6154119e-04   4.9118053e-04  -7.8759681e-04   1.3895054e-03   1.0982338e-04   5.0667216e-04   2.1302027e-07   2.4125831e-07   6.2030874e-07
   1.0000000e+00  -1.3784466e-02   1.0035538e-01   1.8946468e-02   1.5748497e-03  -5.9411653e-04   1.3526278e-04   1.9001150e-04   1.0071202e-02   3.5896865e-04   2.4801516e-06   3.5297445e-07   1.8296020e-08   1.7371914e-02   1.4083401e-02  -1.0857447e-02   6.7249989e-04  -3.9942314e-04   3.6465763e-04   3.0178340e-04   1.9834218e-04   1.1788416e-04   4.5225610e-07   1.5953884e-07   1.3297519e-07
   1.0000000e+00  -5.4671106e-02   1.1358353e-01   2.2928072e-02   1.4806116e-03  -2.2235713e-04  -5.4452448e-04   2.9889298e-03   1.2901218e-02   5.2569649e-04   2.1922107e-06   4.9442693e-08   2.9650691e-07  -4.0886640e-02   1.3228150e-02   3.9816040e-03  -9.4238100e-05   3.7175940e-04  -6.7978726e-04   1.6717173e-03   1.7498395e-04   1.5853170e-05   8.8808195e-09   1.3820505e-07   4.6211072e-07
   1.0000000e+00  -8.2196674e-02   1.0571819e-01   4.5013946e-02   4.9868664e-04   6.1108385e-04  -1.5640017e-03   6.7562932e-03   1.1176336e-02   2.0262553e-03   2.4868836e-07   3.7342347e-07   2.4461013e-06  -2.7525568e-02  -7.8653400e-03   2.2085874e-02  -9.8192496e-04   8.3344098e-04  -1.0194772e-03   7.5765689e-04   6.1863573e-05   4.8778583e-04   9.6417663e-07   6.9462387e-07   1.0393338e-06
   1.0000000e+00  -2.1654962e-02   1.0213701e-01   2.4527678e-02   1.3924649e-03  -5.3847542e-04   2.2721901e-04   4.6893738e-04   1.0431969e-02   6.0160699e-04   1.9389585e-06   2.8995578e-07   5.1628479e-08   6.0541712e-02  -3.5811800e-03  -2.0486268e-02   8.9377826e-04  -1.1495593e-03   1.7912207e-03   3.6652989e-03   1.2824850e-05   4.1968718e-04   7.9883958e-07   1.3214865e-06   3.2084716e-06
   1.0000000e+00  -3.4911600e-02   9.4441633e-02   4.6012054e-02   4.3938862e-04  -2.3947887e-04  -1.5623925e-04   1.2188198e-03   8.9192220e-03   2.1171091e-03   1.9306236e-07   5.7350129e-08   2.4410703e-08  -1.3256638e-02  -7.6953770e-03   2.1484376e-02  -9.5307628e-04   2.9899655e-04  -3.8345826e-04   1.7573845e-04   5.9218827e-05   4.6157841e-04   9.0835440e-07   8.9398937e-08   1.4704024e-07
   1.0000000e+00  -5.9180684e-03   1.0468611e-01   3.2623698e-02   9.1180908e-04  -2.1647899e-04   1.7091463e-04   3.5023534e-05   1.0959182e-02   1.0643057e-03   8.3139580e-07   4.6863153e-08   2.9211811e-08   2.8993532e-02   1.0244477e-02  -1.3388356e-02   4.7242046e-04   2.2999880e-05   3.2715388e-04   8.4062487e-04   1.0494931e-04   1.7924808e-04   2.2318109e-07   5.2899448e-10   1.0702966e-07
   1.0000000e+00  -1.0364428e-01   6.7793422e-02   4.9610049e-02  -2.1081171e-04   5.1285785e-04  -2.2033057e-03   1.0742137e-02   4.5959481e-03   2.4611570e-03   4.4441577e-08   2.6302317e-07   4.8545560e-06  -9.7726212e-02  -3.6892688e-02   1.6986351e-02  -1.1226208e-03   7.2933684e-04  -2.3742203e-03   9.5504124e-03   1.3610704e-03   2.8853612e-04   1.2602774e-06   5.3193223e-07   5.6369222e-06
   1.0000000e+00  -2.4289404e-02   9.7459368e-02   3.3995650e-03   5.4658447e-04   4.8349485e-04  -7.9777809e-04   5.8997515e-04   9.4983284e-03   1.1557042e-05   2.9875458e-07   2.3376727e-07   6.3644988e-07   7.9354876e-02   2.9665946e-02  -4.6210484e-02   7.5739618e-04  -2.9363000e-05   1.4055276e-03   6.2971963e-03   8.8006835e-04   2.1354088e-03   5.7364897e-07   8.6218577e-10   1.9755079e-06
   1.0000000e+00  -6.3824218e-02   9.1171321e-02   1.5674790e-02   8.9656958e-04  -9.6008818e-04  -3.3002256e-04   4.0735308e-03   8.3122098e-03   2.4569904e-04   8.0383701e-07   9.2176931e-07   1.0891489e-07  -3.9534814e-02  -6.2880470e-03   1.2275225e-02   3.4998511e-04  -1.4435830e-03   4.6775553e-04   1.5630015e-03   3.9539535e-05   1.5068115e-04   1.2248958e-07   2.0839320e-06   2.1879524e-07
   1.0000000e+00  -9.2606889e-02   8.7813105e-02   4.6268357e-02  -2.9268923e-04  -5.8112420e-04  -1.2074685e-03   8.5760359e-03   7.7111414e-03   2.1407609e-03   8.5666985e-08   3.3770534e-07   1.4579802e-06  -2.8782671e-02  -3.3582160e-03   3.0593567e-02  -1.1892588e-03   3.7896398e-04  -8.7744594e-04   8.2844215e-04   1.1277615e-05   9.3596634e-04   1.4143365e-06   1.4361370e-07   7.6991138e-07
   1.0000000e+00  -4.3105842e-02   1.0992644e-01   2.8801843e-02   1.2856435e-03  -4.9236129e-04  -9.3951937e-04   1.8581136e-03   1.2083822e-02   8.2954616e-04   1.6528792e-06   2.4241964e-07   8.8269665e-07   4.9501047e-02   2.2113335e-02  -1.7466514e-02   1.5783327e-03   8.8762910e-05   2.6794913e-04   2.4503537e-03   4.8899958e-04   3.0507911e-04   2.4911342e-06   7.8788542e-09   7.1796736e-08
   1.0000000e+00  -1.8678126e-02   7.1403545e-02   8.1948845e-03   1.3709547e-03  -9.2690077e-04  -1.4925106e-04   3.4887239e-04   5.0984662e-03   6.7156132e-05   1.8795168e-06   8.5914504e-07   2.2275879e-08   2.4427716e-02  -3.8522895e-02  -2.0606959e-02   8.5311200e-05  -4.3453948e-04   7.9026831e-04   5.9671331e-04   1.4840134e-03   4.2464674e-04   7.2780008e-09   1.8882456e-07   6.2452400e-07
   1.0000000e+00  -2.1025977e-02   5.8244842e-02  -1.9520254e-02   1.5154154e-03  -6.8415406e-04   2.6010411e-05   4.4209171e-04   3.3924616e-03   3.8104032e-04   2.2964838e-06   4.6806678e-07   6.7654148e-10  -2.3478510e-03  -1.3158703e-02  -2.7715139e-02   1.4446070e-04   2.4274671e-04   1.7526147e-04   5.5124043e-06   1.7315146e-04   7.6812890e-04   2.0868894e-08   5.8925965e-08   3.0716583e-08
   1.0000000e+00  -8.5556532e-02   3.4892024e-02  -4.3360558e-02   1.3367453e-03  -2.4508009e-04  -1.5292115e-03   7.3199202e-03   1.2174533e-03   1.8801380e-03   1.7868880e-06   6.0064251e-08   2.3384878e-06  -6.4530555e-02  -2.3352818e-02  -2.3840304e-02  -1.7867010e-04   4.3907397e-04  -1.5552219e-03   4.1641925e-03   5.4535411e-04   5.6836009e-04   3.1923005e-08   1.9278595e-07   2.4187152e-06
   1.0000000e+00  -5.7892704e-02   3.0286546e-02  -1.4523339e-02   1.3226409e-03  -8.5171252e-04  -7.3294437e-04   3.3515652e-03   9.1727487e-04   2.1092738e-04   1.7493790e-06   7.2541422e-07   5.3720745e-07   2.7663828e-02  -4.6054780e-03   2.8837219e-02  -1.4104400e-05  -6.0663243e-04   7.9626713e-04   7.6528738e-04   2.1210428e-05   8.3158520e-04   1.9893410e-10   3.6800291e-07   6.3404134e-07
   1.0000000e+00  -8.4606775e-02   5.2989164e-02  -2.4112290e-02   2.1675033e-03   4.9892714e-04  -1.7815485e-03   7.1583064e-03   2.8078515e-03   5.8140253e-04   4.6980706e-06   2.4892829e-07   3.1739151e-06  -2.6714071e-02   2.2702618e-02  -9.5889510e-03   8.4486240e-04   1.3506397e-03  -1.0486041e-03   7.1364159e-04   5.1540886e-04   9.1947981e-05   7.1379247e-07   1.8242275e-06   1.0995706e-06
   1.0000000e+00  -8.1741406e-02   6.4495145e-02   4.3561159e-02   1.8868237e-03   4.7209221e-05  -1.2917265e-03   6.6816575e-03   4.1596237e-03   1.8975746e-03   3.5601037e-06   2.2287105e-09   1.6685574e-06   2.8653690e-03   1.1505981e-02   6.7673449e-02  -2.8067960e-04  -4.5171792e-04   4.8982200e-04   8.2103395e-06   1.3238760e-04   4.5796957e-03   7.8781038e-08   2.0404908e-07   2.3992559e-07
   1.0000000e+00  -5.6703851e-02   5.1778513e-02   1.9352882e-02   1.4345781e-03   3.2710498e-05  -1.1271532e-03   3.2153267e-03   2.6810144e-03   3.7453404e-04   2.0580143e-06   1.0699767e-09   1.2704743e-06   2.5037555e-02  -1.2716632e-02  -2.4208277e-02  -4.5224560e-04  -1.4498723e-05   1.6457330e-04   6.2687916e-04   1.6171273e-04   5.8604068e-04   2.0452608e-07   2.1021297e-10   2.7084371e-08
   1.0000000e+00  -2.0818056e-02   6.6480914e-02  -3.1463091e-02   1.9769539e-03  -3.4080501e-04  -2.9295025e-04   4.3339146e-04   4.4197119e-03   9.8992610e-04   3.9083467e-06   1.1614805e-07   8.5819849e-08   3.5885795e-02   1.4702401e-02  -5.0815973e-02   5.4237580e-04  -3.7351551e-04   8.3420295e-04   1.2877903e-03   2.1616060e-04   2.5822631e-03   2.9417151e-07   1.3951383e-07   6.9589456e-07
   1.0000000e+00  -1.6186136e-02   5.7579231e-02   8.2749247e-03   1.4483202e-03  -5.3714363e-04  -4.8703660e-04   2.6199100e-04   3.3153678e-03   6.8474379e-05   2.0976314e-06   2.8852328e-07   2.3720465e-07   4.6319200e-03  -8.9016830e-03   3.9738016e-02  -5.2863370e-04  -1.9633862e-04  -1.9408635e-04   2.1454683e-05   7.9239960e-05   1.5791099e-03   2.7945359e-07   3.8548854e-08   3.7669511e-08
   1.0000000e+00  -4.2438937e-02   4.0459263e-03  -1.7621000e-02   1.1879600e-03   1.4677134e-04  -4.2905542e-04   1.8010634e-03   1.6369520e-05   3.1049964e-04   1.4112490e-06   2.1541826e-08   1.8408855e-07  -2.6252801e-02  -5.3533305e-02  -2.5895925e-02  -2.6036020e-04   6.8391497e-04   5.7981180e-05   6.8920956e-04   2.8658147e-03   6.7059892e-04   6.7787434e-08   4.6773969e-07   3.3618172e-09
   1.0000000e+00  -1.7498778e-02   3.8008027e-02   2.0836878e-03   1.5533567e-03  -6.7902694e-04  -5.3663720e-04   3.0620723e-04   1.4446101e-03   4.3417548e-06   2.4129170e-06   4.6107759e-07   2.8797948e-07   2.4940159e-02   3.3962101e-02   1.9704688e-02   3.6539670e-04  -8.2579828e-04  -1.0758178e-04   6.2201153e-04   1.1534243e-03   3.8827472e-04   1.3351475e-07   6.8194280e-07   1.1573839e-08
   1.0000000e+00   6.3097556e-02   5.8772776e-02  -3.2225923e-02   1.5348464e-03  -2.0461968e-03   5.2423833e-04   3.9813016e-03   3.4542392e-03   1.0385101e-03   2.3557535e-06   4.1869213e-06   2.7482583e-07   8.0596334e-02   2.0764749e-02  -3.4309611e-02  -1.8510300e-05  -1.3671699e-03   1.0608755e-03   6.4957691e-03   4.3117480e-04   1.1771494e-03   3.4263121e-10   1.8691534e-06   1.1254569e-06
   1.0000000e+00   3.7024422e-02   5.6469127e-02  -6.1263387e-02   2.9028104e-03  -8.7036524e-04   1.2635349e-03   1.3708078e-03   3.1887623e-03   3.7532026e-03   8.4263082e-06   7.5753565e-07   1.5965204e-06  -2.6073134e-02  -2.3036490e-03  -2.9037464e-02   1.3679640e-03   1.1758316e-03   7.3929657e-04   6.7980832e-04   5.3067987e-06   8.4317432e-04   1.8713255e-06   1.3825799e-06   5.4655942e-07
   1.0000000e+00   4.7051015e-02   5.5529912e-02  -1.7609649e-02   2.6784924e-03  -8.6907949e-04   9.2869002e-04   2.2137980e-03   3.0835711e-03   3.1009974e-04   7.1743215e-06   7.5529916e-07   8.6246515e-07   1.0026593e-02  -9.3921500e-04   4.3653738e-02  -2.2431800e-04   1.2857500e-06  -3.3484488e-04   1.0053257e-04   8.8212482e-07   1.9056488e-03   5.0318565e-08   1.6531531e-12   1.1212109e-07
   1.0000000e+00   3.3829801e-02   4.5521701e-02  -1.2634585e-02   2.8726350e-03  -2.9175574e-04   9.3395701e-04   1.1444554e-03   2.0722253e-03   1.5963274e-04   8.2520318e-06   8.5121412e-08   8.7227570e-07  -1.3221214e-02  -1.0008211e-02   4.9750640e-03   1.9414260e-04   5.7732375e-04   5.2669900e-06   1.7480050e-04   1.0016429e-04   2.4751262e-05   3.7691349e-08   3.3330271e-07   2.7741184e-11
   1.0000000e+00   4.0060955e-02   4.0737593e-02  -2.1193266e-02   3.1413959e-03  -4.4793840e-04   6.9827644e-04   1.6048801e-03   1.6595515e-03   4.4915452e-04   9.8683682e-06   2.0064881e-07   4.8758999e-07   6.2311540e-03  -4.7841080e-03  -8.5586810e-03   2.6876090e-04  -1.5618266e-04  -2.3568057e-04   3.8827280e-05   2.2887689e-05   7.3251020e-05   7.2232421e-08   2.4393023e-08   5.5545331e-08
   1.0000000e+00   2.8795597e-02   5.1287492e-02  -1.8824829e-02   2.7522812e-03  -3.2800927e-04   5.9508451e-04   8.2918641e-04   2.6304068e-03   3.5437419e-04   7.5750518e-06   1.0759008e-07   3.5412557e-07  -1.1265358e-02   1.0549899e-02   2.3684370e-03  -3.8911470e-04   1.1992913e-04  -1.0319193e-04   1.2690829e-04   1.1130037e-04   5.6094938e-06   1.5141025e-07   1.4382996e-08   1.0648574e-08
   1.0000000e+00   6.5123238e-02   3.0979642e-02  -4.4151582e-02   3.6876739e-03  -9.6212849e-04   1.2655857e-03   4.2410361e-03   9.5973822e-04   1.9493622e-03   1.3598939e-05   9.2569123e-07   1.6017072e-06   3.6327641e-02  -2.0307850e-02  -2.5326753e-02   9.3539270e-04  -6.3411922e-04   6.7050119e-04   1.3196975e-03   4.1240877e-04   6.4144442e-04   8.7495950e-07   4.0210719e-07   4.4957185e-07
   1.0000000e+00   4.4896345e-02   4.8436729e-02  -5.3213741e-02   2.4737910e-03  -7.0848010e-04   1.1906974e-03   2.0156818e-03   2.3461167e-03   2.8317022e-03   6.1196419e-06   5.0194405e-07   1.4177603e-06  -2.0226893e-02   1.7457087e-02  -9.0621590e-03  -1.2138829e-03   2.5364839e-04  -7.4888300e-05   4.0912720e-04   3.0474989e-04   8.2122726e-05   1.4735117e-06   6.4337506e-08   5.6082575e-09
   1.0000000e+00   3.9303356e-02   5.8701288e-02  -5.8443526e-02   2.2544460e-03  -7.6613442e-04   1.1549829e-03   1.5447538e-03   3.4458412e-03   3.4156457e-03   5.0825268e-06   5.8696195e-07   1.3339855e-06  -5.5929890e-03   1.0264559e-02  -5.2297850e-03  -2.1934500e-04  -5.7654320e-05  -3.5714500e-05   3.1281526e-05   1.0536117e-04   2.7350651e-05   4.8112229e-08   3.3240206e-09   1.2755255e-09
   1.0000000e+00   3.1245178e-03   6.6777606e-02   5.4046102e-03   8.8537186e-04  -1.0705204e-04   6.5228331e-04   9.7626115e-06   4.4592487e-03   2.9209811e-05   7.8388333e-07   1.1460139e-08   4.2547352e-07  -3.6178838e-02   8.0763180e-03   6.3848136e-02  -1.3690741e-03   6.5908238e-04  -5.0269959e-04   1.3089083e-03   6.5226912e-05   4.0765845e-03   1.8743640e-06   4.3438958e-07   2.5270688e-07
   1.0000000e+00   7.6008673e-03   7.5474152e-02  -3.3668209e-02   1.3733289e-03   2.2459595e-04   7.0141355e-04   5.7773184e-05   5.6963476e-03   1.1335483e-03   1.8860323e-06   5.0443341e-08   4.9198097e-07   4.4763495e-03   8.6965460e-03  -3.9072819e-02   4.8795704e-04   3.3164799e-04   4.9130240e-05   2.0037705e-05   7.5629912e-05   1.5266852e-03   2.3810207e-07   1.0999039e-07   2.4137805e-09
   1.0000000e+00   6.6811365e-03   8.0431948e-02  -8.8250718e-02   1.6311266e-03   4.2324881e-05   6.4303062e-04   4.4637585e-05   6.4692983e-03   7.7881892e-03   2.6605740e-06   1.7913956e-09   4.1348838e-07  -9.1973080e-04   4.9577960e-03  -5.4582509e-02   2.5779770e-04  -1.8227107e-04  -5.8382930e-05   8.4590474e-07   2.4579741e-05   2.9792503e-03   6.6459654e-08   3.3222743e-08   3.4085665e-09
   1.0000000e+00   1.8532515e-02   7.2806615e-02  -7.9106817e-02   1.4073344e-03  -2.7796783e-04   5.4802621e-04   3.4345411e-04   5.3008032e-03   6.2578885e-03   1.9805901e-06   7.7266115e-08   3.0033273e-07   1.1851378e-02  -7.6253330e-03   9.1439010e-03  -2.2379220e-04  -3.2029271e-04  -9.5004410e-05   1.4045517e-04   5.8145703e-05   8.3610925e-05   5.0082949e-08   1.0258742e-07   9.0258379e-09
   1.0000000e+00  -3.2636633e-02   5.6684287e-02  -5.3325934e-02   9.8560100e-04   5.0931510e-04  -4.4408310e-04   1.0651498e-03   3.2131084e-03   2.8436552e-03   9.7140933e-07   2.5940187e-07   1.9720980e-07  -5.1169148e-02  -1.6122328e-02   2.5780883e-02  -4.2173340e-04   7.8728293e-04  -9.9210931e-04   2.6182817e-03   2.5992946e-04   6.6465393e-04   1.7785906e-07   6.1981441e-07   9.8428088e-07
   1.0000000e+00  -7.6601976e-03   3.7501287e-02  -6.8034469e-02   1.3317685e-03   1.5790112e-04   2.1980919e-04   5.8678627e-05   1.4063465e-03   4.6286890e-03   1.7736073e-06   2.4932764e-08   4.8316080e-08   2.4976435e-02  -1.9183000e-02  -1.4708535e-02   3.4616750e-04  -3.5141398e-04   6.6389229e-04   6.2382233e-04   3.6798749e-04   2.1634100e-04   1.1983194e-07   1.2349179e-07   4.4075297e-07
   1.0000000e+00  -3.9979044e-02   2.8010997e-02  -5.4635843e-02   1.1732573e-03   2.4794643e-04  -4.8470262e-05   1.5983240e-03   7.8461595e-04   2.9850753e-03   1.3765327e-06   6.1477432e-08   2.3493663e-09  -3.2318846e-02  -9.4902900e-03   1.3398626e-02  -1.5851120e-04   9.0045310e-05  -2.6827945e-04   1.0445078e-03   9.0065604e-05   1.7952318e-04   2.5125801e-08   8.1081579e-09   7.1973864e-08
   1.0000000e+00  -7.9999076e-03   9.6792546e-03  -3.1669395e-02   6.9813704e-04  -1.5164548e-04   2.1380277e-04   6.3998522e-05   9.3687970e-05   1.0029506e-03   4.8739533e-07   2.2996352e-08   4.5711624e-08   3.1979136e-02  -1.8331742e-02   2.2966448e-02  -4.7512026e-04  -3.9959191e-04   2.6227303e-04   1.0226652e-03   3.3605278e-04   5.2745773e-04   2.2573926e-07   1.5967369e-07   6.8787143e-08
   1.0000000e+00   8.9749670e-03   3.0316737e-02  -6.6726806e-02   1.1867610e-03  -3.2410702e-04   4.6400595e-04   8.0550033e-05   9.1910454e-04   4.4524666e-03   1.4084017e-06   1.0504536e-07   2.1530152e-07   1.6974875e-02   2.0637482e-02  -3.5057411e-02   4.8862396e-04  -1.7246154e-04   2.5020318e-04   2.8814637e-04   4.2590568e-04   1.2290221e-03   2.3875337e-07   2.9742983e-08   6.2601631e-08
   1.0000000e+00   1.7134733e-02  -2.0181410e-03  -5.8947089e-02   3.5722127e-04  -3.9632353e-04   4.4173342e-04   2.9359907e-04   4.0728931e-06   3.4747593e-03   1.2760704e-07   1.5707234e-07   1.9512841e-07   8.1597660e-03  -3.2334878e-02   7.7797170e-03  -8.2953973e-04  -7.2216510e-05  -2.2272530e-05   6.6581781e-05   1.0455443e-03   6.0523997e-05   6.8813616e-07   5.2152243e-09   4.9606559e-10
   1.0000000e+00   1.0512689e-02  -1.8502507e-02  -8.5655743e-02   1.2089534e-03  -2.3079416e-04   5.4636314e-04   1.1051663e-04   3.4234277e-04   7.3369063e-03   1.4615683e-06   5.3265944e-08   2.9851268e-07  -6.6220440e-03  -1.6484366e-02  -2.6708654e-02   8.5173213e-04   1.6552937e-04   1.0462972e-04   4.3851467e-05   2.7173432e-04   7.1335220e-04   7.2544762e-07   2.7399972e-08   1.0947378e-08
   1.0000000e+00   3.5819220e-02  -6.7265260e-02  -5.5857051e-02   8.3421354e-05  -5.1092783e-04   8.0572527e-04   1.2830165e-03   4.5246152e-03   3.1200101e-03   6.9591223e-09   2.6104725e-07   6.4919321e-07   2.5306531e-02  -4.8762753e-02   2.9798692e-02  -1.1255320e-03  -2.8013367e-04   2.5936213e-04   6.4042051e-04   2.3778061e-03   8.8796204e-04   1.2668224e-06   7.8474873e-08   6.7268714e-08
   1.0000000e+00   8.4029880e-02  -2.2190878e-02  -1.0079227e-01   1.3086561e-03  -3.5007696e-04   1.1592336e-03   7.0610207e-03   4.9243507e-04   1.0159082e-02   1.7125808e-06   1.2255388e-07   1.3438225e-06   4.8210660e-02   4.5074382e-02  -4.4935219e-02   1.2252347e-03   1.6085087e-04   3.5350833e-04   2.3242677e-03   2.0316999e-03   2.0191739e-03   1.5012002e-06   2.5873002e-08   1.2496814e-07
   1.0000000e+00   6.2829449e-02  -2.8197323e-02  -3.6089738e-02   6.9155852e-04  -2.7513878e-04   9.4489651e-04   3.9475397e-03   7.9508902e-04   1.3024692e-03   4.7825319e-07   7.5701348e-08   8.9282941e-07  -2.1200431e-02  -6.0064450e-03   6.4702532e-02  -6.1709758e-04   7.4938180e-05  -2.1433709e-04   4.4945827e-04   3.6077382e-05   4.1864176e-03   3.8080942e-07   5.6157308e-09   4.5940388e-08
   1.0000000e+00   5.5845196e-02  -3.8954198e-02  -4.0584896e-02   1.2240170e-03   1.1879888e-05   1.0333989e-03   3.1186859e-03   1.5174295e-03   1.6471338e-03   1.4982176e-06   1.4113174e-10   1.0679133e-06  -6.9842530e-03  -1.0756875e-02  -4.4951580e-03   5.3245848e-04   2.8701867e-04   8.8502390e-05   4.8779790e-05   1.1571036e-04   2.0206445e-05   2.8351203e-07   8.2379716e-08   7.8326730e-09
   1.0000000e+00   5.5625558e-02  -4.7160708e-02  -1.1223597e-02   1.2272596e-03   1.5791149e-04   8.8610284e-04   3.0942027e-03   2.2241324e-03   1.2596913e-04   1.5061661e-06   2.4936039e-08   7.8517824e-07  -2.1963800e-04  -8.2065100e-03   2.9361299e-02   3.2426000e-06   1.4603160e-04  -1.4729606e-04   4.8240851e-08   6.7346806e-05   8.6208588e-04   1.0514455e-11   2.1325229e-08   2.1696129e-08
   1.0000000e+00   5.2080275e-02  -5.0664116e-02  -1.9422163e-02   1.2785723e-03   3.8912021e-05   7.8383933e-04   2.7123550e-03   2.5668527e-03   3.7722042e-04   1.6347471e-06   1.5141454e-09   6.1440410e-07  -3.5452830e-03  -3.5034080e-03  -8.1985660e-03   5.1312700e-05  -1.1899947e-04  -1.0226351e-04   1.2569032e-05   1.2273868e-05   6.7216484e-05   2.6329932e-09   1.4160874e-08   1.0457825e-08
   1.0000000e+00   5.8071674e-02  -5.9652647e-02  -2.2915663e-02   1.8397498e-03  -1.2740706e-04   8.6092638e-04   3.3723193e-03   3.5584383e-03   5.2512761e-04   3.3846793e-06   1.6232559e-08   7.4119423e-07   5.9913990e-03  -8.9885310e-03  -3.4935000e-03   5.6117750e-04  -1.6631908e-04   7.7087050e-05   3.5896862e-05   8.0793690e-05   1.2204542e-05   3.1492019e-07   2.7662037e-08   5.9424133e-09
   1.0000000e+00   4.9655536e-02  -3.6761040e-02  -3.9083751e-02   1.3548296e-03  -3.9655692e-05   9.0317846e-04   2.4656723e-03   1.3513741e-03   1.5275396e-03   1.8355632e-06   1.5725739e-09   8.1573133e-07  -8.4161380e-03   2.2891607e-02  -1.6168088e-02  -4.8492020e-04   8.7751368e-05   4.2252080e-05   7.0831379e-05   5.2402567e-04   2.6140707e-04   2.3514760e-07   7.7003026e-09   1.7852383e-09
   1.0000000e+00   4.9475295e-02  -5.2887907e-02  -1.4964390e-02   1.3297468e-03  -2.5474265e-04   6.8731485e-04   2.4478048e-03   2.7971307e-03   2.2393297e-04   1.7682266e-06   6.4893818e-08   4.7240170e-07  -1.8024100e-04  -1.6126867e-02   2.4119361e-02  -2.5082800e-05  -2.1508696e-04  -2.1586361e-04   3.2486818e-08   2.6007584e-04   5.8174358e-04   6.2914686e-10   4.6262400e-08   4.6597098e-08
   1.0000000e+00   6.2170987e-02  -7.5997636e-02   3.5413099e-03   7.3922598e-04   6.3711999e-05   1.0213770e-03   3.8652316e-03   5.7756407e-03   1.2540876e-05   5.4645505e-07   4.0592188e-09   1.0432110e-06   1.2695692e-02  -2.3109729e-02   1.8505700e-02  -5.9052082e-04   3.1845465e-04   3.3406215e-04   1.6118060e-04   5.3405957e-04   3.4246093e-04   3.4871484e-07   1.0141336e-07   1.1159752e-07
   1.0000000e+00   4.6477604e-02  -4.4309416e-02  -2.8951493e-02   1.0899042e-03   1.0712027e-04   1.2032230e-03   2.1601677e-03   1.9633243e-03   8.3818895e-04   1.1878912e-06   1.1474752e-08   1.4477456e-06  -1.5693383e-02   3.1688220e-02  -3.2492803e-02   3.5067822e-04   4.3408271e-05   1.8184600e-04   2.4628227e-04   1.0041433e-03   1.0557822e-03   1.2297521e-07   1.8842780e-09   3.3067968e-08
   1.0000000e+00   6.2913632e-02  -6.4874840e-02  -2.7378842e-02   6.2341473e-04  -5.8167076e-06   1.0583695e-03   3.9581251e-03   4.2087449e-03   7.4960099e-04   3.8864593e-07   3.3834087e-11   1.1201460e-06   1.6436028e-02  -2.0565424e-02   1.5726510e-03  -4.6648947e-04  -1.1293698e-04  -1.4485350e-04   2.7014302e-04   4.2293666e-04   2.4732312e-06   2.1761243e-07   1.2754761e-08   2.0982536e-08
   1.0000000e+00   7.0192121e-02  -4.3283791e-02  -5.7851875e-02   1.3646495e-03  -3.2713277e-05   1.1290959e-03   4.9269339e-03   1.8734866e-03   3.3468394e-03   1.8622683e-06   1.0701585e-09   1.2748576e-06   7.2784890e-03   2.1591049e-02  -3.0473033e-02   7.4123477e-04  -2.6896569e-05   7.0726400e-05   5.2976402e-05   4.6617340e-04   9.2860574e-04   5.4942898e-07   7.2342545e-10   5.0022237e-09
   1.0000000e+00   6.2299892e-02  -7.0229344e-02  -5.4280437e-02   9.5246639e-04   1.6972270e-04   9.2059191e-04   3.8812765e-03   4.9321608e-03   2.9463658e-03   9.0719222e-07   2.8805795e-08   8.4748946e-07  -7.8922290e-03  -2.6945553e-02   3.5714380e-03  -4.1218311e-04   2.0243598e-04  -2.0850399e-04   6.2287279e-05   7.2606283e-04   1.2755169e-05   1.6989492e-07   4.0980325e-08   4.3473914e-08
   1.0000000e+00   7.0007799e-02  -6.7158898e-02  -5.6585046e-02   1.5099692e-03   4.3898321e-05   1.0519088e-03   4.9010919e-03   4.5103176e-03   3.2018674e-03   2.2800070e-06   1.9270626e-09   1.1065121e-06   7.7079070e-03   3.0704460e-03  -2.3046090e-03   5.5750281e-04  -1.2582438e-04   1.3131689e-04   5.9411830e-05   9.4276386e-06   5.3112226e-06   3.1080938e-07   1.5831774e-08   1.7244126e-08
   1.0000000e+00   4.2337721e-02  -8.1985467e-02  -4.3202885e-02   8.8704637e-04   5.2981012e-04   5.5660433e-04   1.7924826e-03   6.7216168e-03   1.8664893e-03   7.8685126e-07   2.8069876e-07   3.0980838e-07  -2.7670078e-02  -1.4826569e-02   1.3382161e-02  -6.2292283e-04   4.8591180e-04  -4.9530447e-04   7.6563322e-04   2.1982715e-04   1.7908223e-04   3.8803285e-07   2.3611028e-07   2.4532652e-07
   1.0000000e+00   6.8067236e-02  -6.4494144e-02  -8.9461598e-02   1.7335589e-03   1.6840020e-04   8.7369382e-04   4.6331486e-03   4.1594946e-03   8.0033775e-03   3.0052265e-06   2.8358627e-08   7.6334089e-07   2.5729515e-02   1.7491323e-02  -4.6258713e-02   8.4651253e-04  -3.6140992e-04   3.1708949e-04   6.6200794e-04   3.0594638e-04   2.1398685e-03   7.1658346e-07   1.3061713e-07   1.0054574e-07
   1.0000000e+00   8.1278997e-02  -4.9318180e-02  -1.1188353e-01   2.0225489e-03   2.4447311e-04   1.4158426e-03   6.6062754e-03   2.4322829e-03   1.2517924e-02   4.0907041e-06   5.9767102e-08   2.0046103e-06   1.3211761e-02   1.5175964e-02  -2.2421932e-02   2.8899000e-04   7.6072910e-05   5.4214878e-04   1.7455063e-04   2.3030988e-04   5.0274303e-04   8.3515220e-08   5.7870876e-09   2.9392530e-07
   1.0000000e+00   4.3976068e-02  -5.7200560e-02  -1.1906343e-01   2.7170236e-03   8.2945504e-04   3.5297262e-04   1.9338946e-03   3.2719041e-03   1.4176100e-02   7.3822172e-06   6.8799566e-07   1.2458967e-07  -3.7302929e-02  -7.8823800e-03  -7.1799000e-03   6.9447470e-04   5.8498193e-04  -1.0628700e-03   1.3915085e-03   6.2131914e-05   5.1550964e-05   4.8229511e-07   3.4220386e-07   1.1296926e-06
   1.0000000e+00   6.9698205e-02  -7.3611579e-02  -1.1568769e-01   2.7788254e-03   7.7888311e-04   3.6881113e-04   4.8578398e-03   5.4186646e-03   1.3383642e-02   7.7218706e-06   6.0665890e-07   1.3602165e-07   2.5722137e-02  -1.6411019e-02   3.3757400e-03   6.1801800e-05  -5.0571930e-05   1.5838510e-05   6.6162833e-04   2.6932154e-04   1.1395621e-05   3.8194625e-09   2.5575201e-09   2.5085840e-10
   1.0000000e+00   7.1003675e-02  -8.1307510e-02  -1.1491378e-01   2.7063994e-03   7.9125213e-04   4.6425098e-04   5.0415219e-03   6.6109112e-03   1.3205177e-02   7.3245977e-06   6.2607993e-07   2.1552897e-07   1.3054700e-03  -7.6959310e-03   7.7391000e-04  -7.2426000e-05   1.2369020e-05   9.5439850e-05   1.7042519e-06   5.9227354e-05   5.9893669e-07   5.2455255e-09   1.5299266e-10   9.1087650e-09
   1.0000000e+00   9.3631735e-02  -7.1276918e-02  -1.0169207e-01   2.4314103e-03   1.7774913e-04   5.9481969e-04   8.7669018e-03   5.0803990e-03   1.0341277e-02   5.9117560e-06   3.1594753e-08   3.5381046e-07   2.2628060e-02   1.0030592e-02   1.3221710e-02  -2.7498910e-04  -6.1350300e-04   1.3056871e-04   5.1202910e-04   1.0061278e-04   1.7481362e-04   7.5619005e-08   3.7638593e-07   1.7048188e-08
   1.0000000e+00   9.1122292e-02  -4.7818172e-02  -8.1124609e-02   1.8309279e-03  -3.8235020e-05   1.3199700e-03   8.3032721e-03   2.2865776e-03   6.5812022e-03   3.3522970e-06   1.4619168e-09   1.7423208e-06  -2.5094430e-03   2.3458746e-02   2.0567461e-02  -6.0048240e-04  -2.1598415e-04   7.2515031e-04   6.2973042e-06   5.5031276e-04   4.2302045e-04   3.6057911e-07   4.6649153e-08   5.2584297e-07
   1.0000000e+00   4.1703096e-02  -6.5955373e-02  -1.1868860e-01   2.8216781e-03   6.9386437e-04   3.1227784e-04   1.7391482e-03   4.3501112e-03   1.4086984e-02   7.9618673e-06   4.8144776e-07   9.7517449e-08  -4.9419196e-02  -1.8137201e-02  -3.7563991e-02   9.9075020e-04   7.3209939e-04  -1.0076922e-03   2.4422569e-03   3.2895806e-04   1.4110534e-03   9.8158596e-07   5.3596952e-07   1.0154435e-06
   1.0000000e+00   3.0187535e-02  -7.4386596e-02  -1.2189208e-01   2.5637462e-03   7.9093757e-04  -1.5216132e-04   9.1128727e-04   5.5333657e-03   1.4857679e-02   6.5727946e-06   6.2558224e-07   2.3153067e-08  -1.1515561e-02  -8.4312230e-03  -3.2034800e-03  -2.5793190e-04   9.7073200e-05  -4.6443916e-04   1.3260815e-04   7.1085521e-05   1.0262284e-05   6.6528865e-08   9.4232062e-09   2.1570373e-07
   1.0000000e+00   4.1507803e-02  -9.0735230e-02  -1.1452840e-01   2.3004230e-03   7.8392745e-04   4.1550740e-04   1.7228977e-03   8.2328820e-03   1.3116754e-02   5.2919460e-06   6.1454225e-07   1.7264640e-07   1.1320268e-02  -1.6348634e-02   7.3636800e-03  -2.6332320e-04  -7.0101200e-06   5.6766872e-04   1.2814847e-04   2.6727783e-04   5.4223783e-05   6.9339108e-08   4.9141782e-11   3.2224778e-07
   1.0000000e+00   7.3288337e-02  -1.0324186e-01  -9.3467807e-02   1.3998903e-03   3.8266516e-04   1.1027395e-03   5.3711803e-03   1.0658882e-02   8.7362309e-03   1.9596929e-06   1.4643262e-07   1.2160344e-06   3.1780534e-02  -1.2506630e-02   2.1060593e-02  -9.0053270e-04  -4.0126229e-04   6.8723210e-04   1.0100023e-03   1.5641579e-04   4.4354858e-04   8.1095914e-07   1.6101143e-07   4.7228796e-07
   1.0000000e+00   9.0000843e-02  -8.7620081e-02  -1.3352934e-01   1.9156591e-03  -1.5023546e-04   1.6506762e-03   8.1001517e-03   7.6772786e-03   1.7830085e-02   3.6697498e-06   2.2570693e-08   2.7247319e-06   1.6712506e-02   1.5621779e-02  -4.0061533e-02   5.1576880e-04  -5.3290062e-04   5.4793670e-04   2.7930786e-04   2.4403998e-04   1.6049264e-03   2.6601746e-07   2.8398307e-07   3.0023463e-07
   1.0000000e+00   9.0986806e-02  -1.0264778e-01  -1.0590944e-01   1.1273048e-03  -2.6546938e-04   1.4394260e-03   8.2785989e-03   1.0536567e-02   1.1216809e-02   1.2708161e-06   7.0473992e-08   2.0719472e-06   9.8596300e-04  -1.5027699e-02   2.7619900e-02  -7.8835430e-04  -1.1523392e-04  -2.1125020e-04   9.7212304e-07   2.2583174e-04   7.6285888e-04   6.2150250e-07   1.3278856e-08   4.4626647e-08
   1.0000000e+00   8.7308523e-02  -1.1158375e-01  -1.4492933e-01   1.6696723e-03  -1.1666332e-04   1.5666589e-03   7.6227782e-03   1.2450933e-02   2.1004511e-02   2.7878056e-06   1.3610330e-08   2.4544201e-06  -3.6782830e-03  -8.9359700e-03  -3.9019890e-02   5.4236750e-04   1.4880606e-04   1.2723290e-04   1.3529766e-05   7.9851560e-05   1.5225518e-03   2.9416251e-07   2.2143243e-08   1.6188211e-08
   1.0000000e+00   6.8108003e-02  -1.2800380e-01  -9.1859249e-02   7.3186720e-04  -1.1242111e-04   1.5224639e-03   4.6387001e-03   1.6384973e-02   8.4381216e-03   5.3562960e-07   1.2638506e-08   2.3178963e-06  -1.9200520e-02  -1.6420050e-02   5.3070081e-02  -9.3780510e-04   4.2422100e-06  -4.4195000e-05   3.6865997e-04   2.6961804e-04   2.8164335e-03   8.7947841e-07   1.7996346e-11   1.9531980e-09
   1.0000000e+00   5.2858038e-02  -1.3101162e-01  -1.1942855e-01   1.4826179e-03   1.3253199e-04   1.2861864e-03   2.7939722e-03   1.7164045e-02   1.4263179e-02   2.1981558e-06   1.7564728e-08   1.6542755e-06  -1.5249965e-02  -3.0078200e-03  -2.7569301e-02   7.5075070e-04   2.4495310e-04  -2.3627750e-04   2.3256143e-04   9.0469812e-06   7.6006636e-04   5.6362661e-07   6.0002021e-08   5.5827057e-08
   1.0000000e+00   3.1428575e-02  -1.0724932e-01  -8.5531908e-02   1.3746095e-03   3.9821507e-04   8.2222190e-04   9.8775533e-04   1.1502417e-02   7.3157073e-03   1.8895513e-06   1.5857524e-07   6.7604885e-07  -2.1429463e-02   2.3762300e-02   3.3896642e-02  -1.0800840e-04   2.6568308e-04  -4.6396450e-04   4.5922188e-04   5.6464690e-04   1.1489823e-03   1.1665814e-08   7.0587499e-08   2.1526306e-07
   1.0000000e+00   3.1988475e-02  -1.3498048e-01  -1.2592665e-01   2.0880623e-03   4.1954624e-04   5.4292897e-04   1.0232625e-03   1.8219730e-02   1.5857521e-02   4.3600042e-06   1.7601905e-07   2.9477187e-07   5.5990000e-04  -2.7731160e-02  -4.0394742e-02   7.1345280e-04   2.1331170e-05  -2.7929293e-04   3.1348801e-07   7.6901723e-04   1.6317352e-03   5.0901490e-07   4.5501881e-10   7.8004541e-08
   1.0000000e+00   2.7726256e-02  -1.3111300e-01  -9.8036707e-02   2.2320922e-03   6.2501464e-04   6.1080399e-04   7.6874527e-04   1.7190619e-02   9.6111959e-03   4.9822356e-06   3.9064330e-07   3.7308151e-07  -4.2622190e-03   3.8674800e-03   2.7889943e-02   1.4402990e-04   2.0546840e-04   6.7875020e-05   1.8166511e-05   1.4957402e-05   7.7784892e-04   2.0744612e-08   4.2217263e-08   4.6070183e-09
   1.0000000e+00   3.2212012e-02  -1.2460847e-01  -1.0084378e-01   1.9923098e-03   5.4885386e-04   7.3307360e-04   1.0376137e-03   1.5527271e-02   1.0169468e-02   3.9692983e-06   3.0124056e-07   5.3739690e-07   4.4857560e-03   6.5045300e-03  -2.8070730e-03  -2.3978240e-04  -7.6160780e-05   1.2226961e-04   2.0122007e-05   4.2308911e-05   7.8796588e-06   5.7495599e-08   5.8004644e-09   1.4949858e-08
   1.0000000e+00   2.3867504e-02  -1.3882101e-01  -7.7747779e-02   1.7932074e-03   7.8274090e-04   6.9665324e-04   5.6965775e-04   1.9271273e-02   6.0447171e-03   3.2155928e-06   6.1268332e-07   4.8532574e-07  -8.3445080e-03  -1.4212540e-02   2.3096001e-02  -1.9910240e-04   2.3388704e-04  -3.6420360e-05   6.9630814e-05   2.0199629e-04   5.3342526e-04   3.9641766e-08   5.4703147e-08   1.3264426e-09
   1.0000000e+00   3.7637896e-02  -1.2131050e-01  -8.1135859e-02   1.4675377e-03   2.1561210e-04   7.9918865e-04   1.4166112e-03   1.4716237e-02   6.5830276e-03   2.1536669e-06   4.6488578e-08   6.3870250e-07   1.3770392e-02   1.7510510e-02  -3.3880800e-03  -3.2566970e-04  -5.6712880e-04   1.0253541e-04   1.8962370e-04   3.0661796e-04   1.1479086e-05   1.0606075e-07   3.2163508e-07   1.0513510e-08
   1.0000000e+00   5.0362573e-02  -1.0171171e-01  -7.4407443e-02   1.6807322e-03   1.0136762e-04   1.0560610e-03   2.5363888e-03   1.0345272e-02   5.5364676e-03   2.8248607e-06   1.0275394e-08   1.1152648e-06   1.2724677e-02   1.9598790e-02   6.7284160e-03   2.1319450e-04  -1.1424448e-04   2.5687235e-04   1.6191740e-04   3.8411257e-04   4.5271582e-05   4.5451895e-08   1.3051801e-08   6.5983404e-08
   1.0000000e+00   5.0508007e-02  -1.2105424e-01  -9.7522289e-02   1.5474750e-03   6.5505687e-05   9.8599312e-04   2.5510588e-03   1.4654129e-02   9.5105969e-03   2.3946789e-06   4.2909950e-09   9.7218243e-07   1.4543400e-04  -1.9342530e-02  -2.3114846e-02  -1.3325720e-04  -3.5861933e-05  -7.0067880e-05   2.1151048e-08   3.7413347e-04   5.3429611e-04   1.7757481e-08   1.2860782e-09   4.9095078e-09
   1.0000000e+00   5.8669841e-02  -1.2486925e-01  -8.9600709e-02   1.6007404e-03   1.8590216e-05   1.1685413e-03   3.4421502e-03   1.5592330e-02   8.0282871e-03   2.5623698e-06   3.4559613e-10   1.3654888e-06   8.1618340e-03  -3.8150100e-03   7.9215800e-03   5.3265400e-05  -4.6915471e-05   1.8254818e-04   6.6615534e-05   1.4554301e-05   6.2751430e-05   2.8372028e-09   2.2010614e-09   3.3323838e-08
   1.0000000e+00   6.0959818e-02  -1.4493211e-01  -9.4154596e-02   9.3947859e-04   1.0066558e-04   1.2643924e-03   3.7160994e-03   2.1005317e-02   8.8650879e-03   8.8262002e-07   1.0133559e-08   1.5986881e-06   2.2899770e-03  -2.0062860e-02  -4.5538870e-03  -6.6126181e-04   8.2075364e-05   9.5851100e-05   5.2439947e-06   4.0251835e-04   2.0737887e-05   4.3726718e-07   6.7363654e-09   9.1874334e-09
   1.0000000e+00   5.0441341e-02  -1.0143739e-01  -2.1047417e-01   3.7183138e-03   1.8597667e-04   1.2567358e-03   2.5443289e-03   1.0289544e-02   4.4299376e-02   1.3825858e-05   3.4587322e-08   1.5793849e-06  -1.0518477e-02   4.3494720e-02  -1.1631957e-01   2.7788352e-03   8.5311090e-05  -7.6566000e-06   1.1063836e-04   1.8917907e-03   1.3530243e-02   7.7219251e-06   7.2779821e-09   5.8623524e-11
   1.0000000e+00   6.7632658e-02  -9.7419032e-02  -1.8329193e-01   2.8498046e-03  -3.0681571e-04   1.6117516e-03   4.5741764e-03   9.4904678e-03   3.3595932e-02   8.1213863e-06   9.4135880e-08   2.5977432e-06   1.7191317e-02   4.0183580e-03   2.7182240e-02  -8.6850920e-04  -4.9279238e-04   3.5501580e-04   2.9554138e-04   1.6147201e-05   7.3887417e-04   7.5430823e-07   2.4284433e-07   1.2603622e-07
   1.0000000e+00   6.7036928e-02  -1.0314815e-01  -1.6669109e-01   4.0990644e-03  -1.2089790e-04   1.8605677e-03   4.4939497e-03   1.0639541e-02   2.7785919e-02   1.6802329e-05   1.4616302e-08   3.4617122e-06  -5.9573000e-04  -5.7291180e-03   1.6600840e-02   1.2492598e-03   1.8591781e-04   2.4881610e-04   3.5489423e-07   3.2822793e-05   2.7558789e-04   1.5606500e-06   3.4565432e-08   6.1909452e-08
   1.0000000e+00   5.9344060e-02  -1.1184678e-01  -1.6334370e-01   3.5799771e-03   8.7173401e-05   1.5945099e-03   3.5217175e-03   1.2509702e-02   2.6681164e-02   1.2816236e-05   7.5992018e-09   2.5424618e-06  -7.6928680e-03  -8.6986300e-03   3.3473900e-03  -5.1908730e-04   2.0807130e-04  -2.6605780e-04   5.9180218e-05   7.5666164e-05   1.1205020e-05   2.6945163e-07   4.3293666e-08   7.0786753e-08
   1.0000000e+00   8.0323666e-02  -1.1445275e-01  -1.4671520e-01   3.7171965e-03  -3.6684257e-04   1.9727466e-03   6.4518913e-03   1.3099432e-02   2.1525350e-02   1.3817550e-05   1.3457347e-07   3.8917291e-06   2.0979606e-02  -2.6059700e-03   1.6628500e-02   1.3721940e-04  -4.5401597e-04   3.7823670e-04   4.4014387e-04   6.7910796e-06   2.7650701e-04   1.8829164e-08   2.0613050e-07   1.4306300e-07
   1.0000000e+00   8.4226354e-02  -1.1451638e-01  -1.6039824e-01   3.5224594e-03  -2.1529669e-04   1.8458903e-03   7.0940787e-03   1.3114001e-02   2.5727595e-02   1.2407720e-05   4.6352665e-08   3.4073110e-06   3.9026880e-03  -6.3630000e-05  -1.3683040e-02  -1.9473710e-04   1.5154588e-04  -1.2685630e-04   1.5230974e-05   4.0487769e-09   1.8722558e-04   3.7922538e-08   2.2966154e-08   1.6092521e-08
   1.0000000e+00   7.9693385e-02  -1.3692688e-01  -1.2301820e-01   3.5713952e-03  -1.1204028e-04   1.6703692e-03   6.3510356e-03   1.8748970e-02   1.5133478e-02   1.2754864e-05   1.2553024e-08   2.7901333e-06  -4.5329690e-03  -2.2410500e-02   3.7380040e-02   4.8935800e-05   1.0325641e-04  -1.7552110e-04   2.0547808e-05   5.0223051e-04   1.3972674e-03   2.3947125e-09   1.0661886e-08   3.0807657e-08
   1.0000000e+00   6.7730627e-02  -1.5439715e-01  -1.5613124e-01   4.6519616e-03   1.8976143e-04   1.2973097e-03   4.5874378e-03   2.3838480e-02   2.4376964e-02   2.1640747e-05   3.6009400e-08   1.6830125e-06  -1.1962758e-02  -1.7470270e-02  -3.3113040e-02   1.0805664e-03   3.0180171e-04  -3.7305950e-04   1.4310758e-04   3.0521033e-04   1.0964734e-03   1.1676237e-06   9.1084272e-08   1.3917339e-07
   1.0000000e+00   6.7678859e-02  -1.5621831e-01  -1.4702844e-01   3.8446054e-03   1.8141114e-04   1.2736672e-03   4.5804280e-03   2.4404160e-02   2.1617362e-02   1.4780991e-05   3.2910002e-08   1.6222281e-06  -5.1768000e-05  -1.8211600e-03   9.1028000e-03  -8.0735620e-04  -8.3502900e-06  -2.3642500e-05   2.6799258e-09   3.3166237e-06   8.2860968e-05   6.5182403e-07   6.9727343e-11   5.5896781e-10
   1.0000000e+00   6.8454535e-02  -1.6755086e-01  -1.9006663e-01   4.1777701e-03   1.4401934e-04   1.3972430e-03   4.6860234e-03   2.8073291e-02   3.6125324e-02   1.7453763e-05   2.0741570e-08   1.9522880e-06   7.7567600e-04  -1.1332550e-02  -4.3038190e-02   3.3316470e-04  -3.7391800e-05   1.2357580e-04   6.0167326e-07   1.2842669e-04   1.8522858e-03   1.1099872e-07   1.3981467e-09   1.5270978e-08
   1.0000000e+00   8.4582799e-02  -1.3615506e-01  -1.5188993e-01   3.6221958e-03   1.7540082e-04   1.6159222e-03   7.1542499e-03   1.8538200e-02   2.3070551e-02   1.3120302e-05   3.0765448e-08   2.6112046e-06   1.6128264e-02   3.1395800e-02   3.8176700e-02  -5.5557430e-04   3.1381480e-05   2.1867920e-04   2.6012090e-04   9.8569626e-04   1.4574604e-03   3.0866280e-07   9.8479729e-10   4.7820593e-08
   1.0000000e+00   6.5483183e-02  -1.5756679e-01  -1.6455205e-01   3.2092198e-03   2.3980892e-04   1.3715171e-03   4.2880473e-03   2.4827293e-02   2.7077377e-02   1.0299092e-05   5.7508318e-08   1.8810592e-06  -1.9099616e-02  -2.1411730e-02  -1.2662120e-02  -4.1297600e-04   6.4408100e-05  -2.4440510e-04   3.6479533e-04   4.5846218e-04   1.6032928e-04   1.7054918e-07   4.1484033e-09   5.9733853e-08
   1.0000000e+00   8.4800827e-02  -1.5155361e-01  -1.7808471e-01   3.7806927e-03   5.3816823e-05   1.7017378e-03   7.1911803e-03   2.2968497e-02   3.1714164e-02   1.4293637e-05   2.8962504e-09   2.8959115e-06   1.9317644e-02   6.0131800e-03  -1.3532660e-02   5.7147290e-04  -1.8599210e-04   3.3022070e-04   3.7317137e-04   3.6158334e-05   1.8313289e-04   3.2658128e-07   3.4593060e-08   1.0904571e-07
   1.0000000e+00   6.5572052e-02  -1.4904389e-01  -1.8755052e-01   2.5190008e-03   2.4465789e-04   1.4687666e-03   4.2996940e-03   2.2214081e-02   3.5175198e-02   6.3453650e-06   5.9857483e-08   2.1572753e-06  -1.9228775e-02   2.5097200e-03  -9.4658100e-03  -1.2616919e-03   1.9084107e-04  -2.3297120e-04   3.6974579e-04   6.2986945e-06   8.9601559e-05   1.5918665e-06   3.6420313e-08   5.4275580e-08
   1.0000000e+00   7.3071985e-02  -1.1723729e-01  -2.0251011e-01   3.7783509e-03   1.7073483e-04   1.6486218e-03   5.3395150e-03   1.3744582e-02   4.1010345e-02   1.4275936e-05   2.9150382e-08   2.7179538e-06   7.4999330e-03   3.1806600e-02  -1.4959590e-02   1.2593501e-03  -7.3923060e-05   1.7985520e-04   5.6248995e-05   1.0116598e-03   2.2378933e-04   1.5859627e-06   5.4646188e-09   3.2347893e-08
   1.0000000e+00   5.7124128e-02  -1.3805229e-01  -1.9690592e-01   3.0559691e-03   1.6804650e-04   1.2756905e-03   3.2631660e-03   1.9058435e-02   3.8771941e-02   9.3389471e-06   2.8239626e-08   1.6273863e-06  -1.5947857e-02  -2.0815000e-02   5.6041900e-03  -7.2238180e-04  -2.6883300e-06  -3.7293130e-04   2.5433414e-04   4.3326423e-04   3.1406946e-05   5.2183546e-07   7.2271182e-12   1.3907775e-07
   1.0000000e+00   6.7818095e-02  -1.3883465e-01  -1.7289056e-01   3.7551722e-03   1.3960174e-04   1.5061836e-03   4.5992940e-03   1.9275060e-02   2.9891146e-02   1.4101318e-05   1.9488646e-08   2.2685890e-06   1.0693967e-02  -7.8236000e-04   2.4015360e-02   6.9920310e-04  -2.8444760e-05   2.3049310e-04   1.1436093e-04   6.1208717e-07   5.7673752e-04   4.8888498e-07   8.0910437e-10   5.3127069e-08
   1.0000000e+00   6.5970205e-02  -1.6395758e-01  -1.5503755e-01   2.0364652e-03  -7.6974316e-05   1.3389140e-03   4.3520679e-03   2.6882088e-02   2.4036642e-02   4.1471905e-06   5.9250453e-09   1.7926907e-06  -1.8478900e-03  -2.5122930e-02   1.7853010e-02  -1.7187070e-03  -2.1657606e-04  -1.6726960e-04   3.4146975e-06   6.3116161e-04   3.1872997e-04   2.9539538e-06   4.6905188e-08   2.7979119e-08
   1.0000000e+00   7.3852307e-02  -1.4958430e-01  -1.6606597e-01   3.3777422e-03   1.1698655e-05   1.3777141e-03   5.4541632e-03   2.2375463e-02   2.7577906e-02   1.1409142e-05   1.3685853e-10   1.8980961e-06   7.8821020e-03   1.4373280e-02  -1.1028420e-02   1.3412770e-03   8.8672971e-05   3.8800100e-05   6.2127532e-05   2.0659118e-04   1.2162605e-04   1.7990240e-06   7.8628958e-09   1.5054478e-09
   1.0000000e+00   6.0638211e-02  -1.6004150e-01  -1.6093972e-01   2.5100247e-03   2.3237106e-05   1.2133510e-03   3.6769926e-03   2.5613282e-02   2.5901593e-02   6.3002240e-06   5.3996310e-10   1.4722206e-06  -1.3214096e-02  -1.0457200e-02   5.1262500e-03  -8.6771750e-04   1.1538451e-05  -1.6436310e-04   1.7461233e-04   1.0935303e-04   2.6278439e-05   7.5293366e-07   1.3313585e-10   2.7015229e-08
   1.0000000e+00   6.8678119e-02  -1.2337239e-01  -1.9692130e-01   3.9577329e-03   3.1443843e-05   1.6779784e-03   4.7166840e-03   1.5220747e-02   3.8777998e-02   1.5663650e-05   9.8871526e-10   2.8156115e-06   8.0399080e-03   3.6669110e-02  -3.5981580e-02   1.4477082e-03   8.2067370e-06   4.6462740e-04   6.4640121e-05   1.3446236e-03   1.2946741e-03   2.0958590e-06   6.7350532e-11   2.1587862e-07
   1.0000000e+00   5.3866911e-02  -1.2905242e-01  -1.7768757e-01   2.6651242e-03   3.3516222e-05   1.3278133e-03   2.9016441e-03   1.6654527e-02   3.1572873e-02   7.1028870e-06   1.1233371e-09   1.7630882e-06  -1.4811208e-02  -5.6800300e-03   1.9233730e-02  -1.2926087e-03   2.0723790e-06  -3.5016510e-04   2.1937188e-04   3.2262741e-05   3.6993637e-04   1.6708373e-06   4.2947547e-12   1.2261560e-07
   1.0000000e+00   5.8742039e-02  -1.4789361e-01  -1.8181266e-01   3.7085255e-03  -1.4752392e-05   1.4908390e-03   3.4506271e-03   2.1872520e-02   3.3055843e-02   1.3753161e-05   2.1763307e-10   2.2226009e-06   4.8751280e-03  -1.8841190e-02  -4.1250900e-03   1.0434013e-03  -4.8268614e-05   1.6302570e-04   2.3766873e-05   3.5499044e-04   1.7016368e-05   1.0886863e-06   2.3298591e-09   2.6577379e-08
   1.0000000e+00   5.3769474e-02  -1.7354320e-01  -1.5981577e-01   2.1098025e-03  -1.4321811e-05   1.2838947e-03   2.8911563e-03   3.0117242e-02   2.5541080e-02   4.4512666e-06   2.0511427e-10   1.6483856e-06  -4.9725650e-03  -2.5649590e-02   2.1996890e-02  -1.5987230e-03   4.3058100e-07  -2.0694430e-04   2.4726403e-05   6.5790147e-04   4.8386317e-04   2.5559152e-06   1.8540000e-13   4.2825943e-08
   1.0000000e+00   5.4027420e-02  -1.6587123e-01  -1.3736825e-01   2.3642998e-03   2.2623206e-04   1.3371123e-03   2.9189621e-03   2.7513265e-02   1.8870036e-02   5.5899135e-06   5.1180945e-08   1.7878693e-06   2.5794600e-04   7.6719700e-03   2.2447520e-02   2.5449730e-04   2.4055387e-04   5.3217600e-05   6.6536139e-08   5.8859124e-05   5.0389115e-04   6.4768876e-08   5.7866165e-08   2.8321129e-09
   1.0000000e+00   5.6809203e-02  -1.9067667e-01  -1.1512676e-01   9.9069934e-04   1.6399279e-04   1.2902498e-03   3.2272855e-03   3.6357592e-02   1.3254171e-02   9.8148518e-07   2.6893635e-08   1.6647445e-06   2.7817830e-03  -2.4805440e-02   2.2241490e-02  -1.3736005e-03  -6.2239270e-05  -4.6862500e-05   7.7383167e-06   6.1530985e-04   4.9468388e-04   1.8867782e-06   3.8737267e-09   2.1960939e-09
   1.0000000e+00   7.2117470e-02  -1.7809543e-01  -1.3286735e-01   1.9382711e-03   2.5319797e-04   1.9894372e-03   5.2009295e-03   3.1717982e-02   1.7653733e-02   3.7568949e-06   6.4109212e-08   3.9578604e-06   1.5308267e-02   1.2581240e-02  -1.7740590e-02   9.4757176e-04   8.9205180e-05   6.9918740e-04   2.3434304e-04   1.5828760e-04   3.1472853e-04   8.9789224e-07   7.9575641e-09   4.8886302e-07
   1.0000000e+00   6.5576537e-02  -1.9926042e-01  -1.0581313e-01   3.9773147e-04   7.1100707e-06   1.5862762e-03   4.3002822e-03   3.9704715e-02   1.1196418e-02   1.5819032e-07   5.0553105e-11   2.5162722e-06  -6.5409330e-03  -2.1164990e-02   2.7054220e-02  -1.5405396e-03  -2.4608790e-04  -4.0316100e-04   4.2783805e-05   4.4795680e-04   7.3193082e-04   2.3732624e-06   6.0559254e-08   1.6253879e-07
   1.0000000e+00   6.7527873e-02  -1.7411590e-01  -1.4095761e-01   1.9392536e-03   6.9609001e-05   1.6725889e-03   4.5600136e-03   3.0316347e-02   1.9869048e-02   3.7607045e-06   4.8454130e-09   2.7975536e-06   1.9513360e-03   2.5144520e-02  -3.5144480e-02   1.5415221e-03   6.2498930e-05   8.6312700e-05   3.8077122e-06   6.3224689e-04   1.2351345e-03   2.3762905e-06   3.9061163e-09   7.4498822e-09
   1.0000000e+00   6.2084603e-02  -2.0534266e-01  -1.1867985e-01   8.0798475e-04   3.7799801e-05   1.4057340e-03   3.8544979e-03   4.2165608e-02   1.4084907e-02   6.5283936e-07   1.4288250e-09   1.9760881e-06  -5.4432700e-03  -3.1226760e-02   2.2277760e-02  -1.1312689e-03  -3.1809200e-05  -2.6685490e-04   2.9629188e-05   9.7511054e-04   4.9629859e-04   1.2797692e-06   1.0118252e-09   7.1211538e-08
   1.0000000e+00   5.6072605e-02  -2.0867942e-01  -1.5569776e-01   2.2697069e-03   4.8698044e-04   1.5304572e-03   3.1441370e-03   4.3547100e-02   2.4241792e-02   5.1515694e-06   2.3714995e-07   2.3422992e-06  -6.0119980e-03  -3.3367600e-03  -3.7017910e-02   1.4617222e-03   4.4918064e-04   1.2472320e-04   3.6144120e-05   1.1133967e-05   1.3703257e-03   2.1366316e-06   2.0176325e-07   1.5555877e-08
   1.0000000e+00   7.2279552e-02  -2.1890008e-01  -1.1193579e-01   4.4543485e-04   2.1543612e-04   1.4348502e-03   5.2243336e-03   4.7917245e-02   1.2529621e-02   1.9841221e-07   4.6412722e-08   2.0587951e-06   1.6206947e-02  -1.0220660e-02   4.3761970e-02  -1.8242721e-03  -2.7154432e-04  -9.5607000e-05   2.6266513e-04   1.0446189e-04   1.9151100e-03   3.3279685e-06   7.3736318e-08   9.1406984e-09
   1.0000000e+00   6.2898275e-02  -2.0675573e-01  -1.4607118e-01   2.4040907e-03   5.7822023e-04   1.6280235e-03   3.9561930e-03   4.2747932e-02   2.1336790e-02   5.7796521e-06   3.3433863e-07   2.6504605e-06  -9.3812770e-03   1.2144350e-02  -3.4135390e-02   1.9586559e-03   3.6278411e-04   1.9317330e-04   8.8008358e-05   1.4748524e-04   1.1652249e-03   3.8363327e-06   1.3161231e-07   3.7315924e-08
   1.0000000e+00   5.4855768e-02  -2.1527148e-01  -1.0294101e-01   1.2878883e-03   4.0072103e-04   1.4997564e-03   3.0091553e-03   4.6341810e-02   1.0596852e-02   1.6586563e-06   1.6057734e-07   2.2492693e-06  -8.0425070e-03  -8.5157500e-03   4.3130170e-02  -1.1162024e-03  -1.7749920e-04  -1.2826710e-04   6.4681919e-05   7.2517998e-05   1.8602116e-03   1.2459078e-06   3.1505966e-08   1.6452449e-08
   1.0000000e+00   6.1615397e-02  -2.0968239e-01  -1.1891850e-01   2.3691324e-03   3.7484243e-04   1.6525552e-03   3.7964571e-03   4.3966705e-02   1.4141610e-02   5.6127883e-06   1.4050685e-07   2.7309387e-06   6.7596290e-03   5.5890900e-03  -1.5977490e-02   1.0812441e-03  -2.5878600e-05   1.5279880e-04   4.5692584e-05   3.1237927e-05   2.5528019e-04   1.1690888e-06   6.6970194e-10   2.3347473e-08
   1.0000000e+00   7.3942086e-02  -2.1543683e-01  -8.7585679e-02   1.3418928e-03  -2.6640386e-05   1.5105798e-03   5.4674321e-03   4.6413028e-02   7.6712512e-03   1.8006763e-06   7.0971017e-10   2.2818513e-06   1.2326689e-02  -5.7544400e-03   3.1332821e-02  -1.0272396e-03  -4.0148282e-04  -1.4197540e-04   1.5194726e-04   3.3113580e-05   9.8174567e-04   1.0552212e-06   1.6118845e-07   2.0157014e-08
   1.0000000e+00   5.7568983e-02  -2.4498105e-01  -1.0328924e-01   2.0733819e-03   3.5068648e-04   1.4477051e-03   3.3141878e-03   6.0015715e-02   1.0668667e-02   4.2989125e-06   1.2298101e-07   2.0958501e-06  -1.6373103e-02  -2.9544220e-02  -1.5703561e-02   7.3148910e-04   3.7732687e-04  -6.2874700e-05   2.6807850e-04   8.7286094e-04   2.4660183e-04   5.3507630e-07   1.4237556e-07   3.9532279e-09
   1.0000000e+00   6.6511036e-02  -2.4677850e-01  -8.9058774e-02   1.3284786e-03   1.0322653e-04   1.5007054e-03   4.4237179e-03   6.0899628e-02   7.9314652e-03   1.7648554e-06   1.0655716e-08   2.2521167e-06   8.9420530e-03  -1.7974500e-03   1.4230466e-02  -7.4490330e-04  -2.4745995e-04   5.3000300e-05   7.9960312e-05   3.2308265e-06   2.0250616e-04   5.5488093e-07   6.1236427e-08   2.8090318e-09
   1.0000000e+00   6.3028847e-02  -2.4539313e-01  -1.0203774e-01   1.8748053e-03   2.4352706e-04   1.3394570e-03   3.9726356e-03   6.0217788e-02   1.0411700e-02   3.5148949e-06   5.9305429e-08   1.7941451e-06  -3.4821890e-03   1.3853700e-03  -1.2978966e-02   5.4632670e-04   1.4030053e-04  -1.6124840e-04   1.2125640e-05   1.9192500e-06   1.6845356e-04   2.9847286e-07   1.9684239e-08   2.6001047e-08
   1.0000000e+00   6.6831467e-02  -2.3910923e-01  -1.0618465e-01   1.4387198e-03   2.0887318e-04   1.2080366e-03   4.4664450e-03   5.7173224e-02   1.1275180e-02   2.0699147e-06   4.3628005e-08   1.4593524e-06   3.8026200e-03   6.2839000e-03  -4.1469100e-03  -4.3608550e-04  -3.4653880e-05  -1.3142040e-04   1.4459919e-05   3.9487399e-05   1.7196863e-05   1.9017056e-07   1.2008914e-09   1.7271322e-08
   1.0000000e+00   5.6730061e-02  -2.3654531e-01  -1.3960892e-01   2.2384534e-03   4.3559804e-04   1.1120063e-03   3.2182998e-03   5.5953684e-02   1.9490651e-02   5.0106736e-06   1.8974565e-07   1.2365580e-06  -1.0101406e-02   2.5639200e-03  -3.3424270e-02   7.9973360e-04   2.2672486e-04  -9.6030300e-05   1.0203840e-04   6.5736858e-06   1.1171818e-03   6.3957383e-07   5.1404162e-08   9.2218185e-09
   1.0000000e+00   5.4284769e-02  -2.4507139e-01  -1.2281358e-01   1.4751018e-03   2.6101672e-04   1.0110661e-03   2.9468361e-03   6.0059986e-02   1.5083175e-02   2.1759253e-06   6.8129728e-08   1.0222547e-06  -2.4452920e-03  -8.5260800e-03   1.6795340e-02  -7.6335160e-04  -1.7458132e-04  -1.0094020e-04   5.9794530e-06   7.2694040e-05   2.8208345e-04   5.8270567e-07   3.0478637e-08   1.0188924e-08
   1.0000000e+00   4.3640636e-02  -2.3615995e-01  -1.3130786e-01   1.7535864e-03   4.4845822e-04   1.0239659e-03   1.9045051e-03   5.5771522e-02   1.7241754e-02   3.0750653e-06   2.0111478e-07   1.0485062e-06  -1.0644133e-02   8.9114400e-03  -8.4942800e-03   2.7848460e-04   1.8744150e-04   1.2899800e-05   1.1329757e-04   7.9413763e-05   7.2152793e-05   7.7553672e-08   3.5134316e-08   1.6640484e-10
   1.0000000e+00   5.6194248e-02  -2.3706957e-01  -1.4708054e-01   1.7971811e-03   1.3003099e-04   1.1731139e-03   3.1577935e-03   5.6201981e-02   2.1632685e-02   3.2298599e-06   1.6908058e-08   1.3761962e-06   1.2553612e-02  -9.0962000e-04  -1.5772680e-02   4.3594700e-05  -3.1842723e-04   1.4914800e-04   1.5759317e-04   8.2740854e-07   2.4877743e-04   1.9004979e-09   1.0139590e-07   2.2245126e-08
   1.0000000e+00   4.0629075e-02  -2.0732341e-01  -1.7566909e-01   2.1794949e-03   3.0077666e-04   1.0190066e-03   1.6507217e-03   4.2982996e-02   3.0859629e-02   4.7501980e-06   9.0466599e-08   1.0383745e-06  -1.5565173e-02   2.9746160e-02  -2.8588550e-02   3.8231380e-04   1.7074567e-04  -1.5410730e-04   2.4227461e-04   8.8483403e-04   8.1730519e-04   1.4616384e-07   2.9154084e-08   2.3749060e-08
   1.0000000e+00   4.8397032e-02  -2.2459853e-01  -1.7808627e-01   2.6580756e-03   1.9137063e-04   1.1086886e-03   2.3422727e-03   5.0444500e-02   3.1714720e-02   7.0653659e-06   3.6622718e-08   1.2291904e-06   7.7679570e-03  -1.7275120e-02  -2.4171800e-03   4.7858070e-04  -1.0940603e-04   8.9682000e-05   6.0341156e-05   2.9842977e-04   5.8427592e-06   2.2903949e-07   1.1969679e-08   8.0428611e-09
   1.0000000e+00   4.3792460e-02  -2.4994923e-01  -1.7326355e-01   2.5513972e-03   5.5438403e-04   1.1447169e-03   1.9177796e-03   6.2474618e-02   3.0020258e-02   6.5096277e-06   3.0734165e-07   1.3103768e-06  -4.6045720e-03  -2.5350700e-02   4.8227200e-03  -1.0667840e-04   3.6301340e-04   3.6028300e-05   2.1202083e-05   6.4265799e-04   2.3258628e-05   1.1380281e-08   1.3177873e-07   1.2980384e-09
   1.0000000e+00   3.9317354e-02  -2.5397119e-01  -1.2105191e-01   1.5109379e-03   3.7298273e-04   9.3708901e-04   1.5458543e-03   6.4501365e-02   1.4653565e-02   2.2829333e-06   1.3911612e-07   8.7813581e-07  -4.4751060e-03  -4.0219600e-03   5.2211640e-02  -1.0404593e-03  -1.8140130e-04  -2.0762789e-04   2.0026574e-05   1.6176162e-05   2.7260554e-03   1.0825556e-06   3.2906432e-08   4.3109341e-08
   1.0000000e+00   2.9219764e-02  -2.4827362e-01  -1.3242976e-01   1.8240215e-03   3.3859580e-04   8.5059268e-04   8.5379461e-04   6.1639790e-02   1.7537641e-02   3.3270544e-06   1.1464712e-07   7.2350791e-07  -1.0097590e-02   5.6975700e-03  -1.1377850e-02   3.1308360e-04  -3.4386930e-05  -8.6496330e-05   1.0196132e-04   3.2462304e-05   1.2945547e-04   9.8021341e-08   1.1824610e-09   7.4816151e-09
   1.0000000e+00   3.5791498e-02  -2.6432660e-01  -1.4001024e-01   2.0288714e-03   3.3288583e-04   9.6951461e-04   1.2810313e-03   6.9868551e-02   1.9602867e-02   4.1163192e-06   1.1081298e-07   9.3995858e-07   6.5717340e-03  -1.6052980e-02  -7.5804800e-03   2.0484990e-04  -5.7099700e-06   1.1892193e-04   4.3187688e-05   2.5769817e-04   5.7463677e-05   4.1963482e-08   3.2603757e-11   1.4142425e-08
   1.0000000e+00   3.0309128e-02  -2.4199564e-01  -1.6035671e-01   2.7856382e-03   4.8243396e-04   1.0463702e-03   9.1864324e-04   5.8561890e-02   2.5714274e-02   7.7597802e-06   2.3274253e-07   1.0948906e-06  -5.4823700e-03   2.2330960e-02  -2.0346470e-02   7.5676680e-04   1.4954813e-04   7.6855590e-05   3.0056381e-05   4.9867177e-04   4.1397884e-04   5.7269599e-07   2.2364643e-08   5.9067817e-09
   1.0000000e+00   4.7322892e-02  -2.6620906e-01  -1.5258357e-01   2.8477342e-03   1.4393989e-04   1.1811481e-03   2.2394561e-03   7.0867264e-02   2.3281746e-02   8.1095901e-06   2.0718692e-08   1.3951108e-06   1.7013764e-02  -2.4213420e-02   7.7731400e-03   6.2096000e-05  -3.3849407e-04   1.3477790e-04   2.8946817e-04   5.8628971e-04   6.0421705e-05   3.8559132e-09   1.1457824e-07   1.8165082e-08
   1.0000000e+00   4.0708394e-02  -2.8161035e-01  -1.9572408e-01   3.3775579e-03   5.2026354e-04   1.1542022e-03   1.6571733e-03   7.9304389e-02   3.8307915e-02   1.1407897e-05   2.7067415e-07   1.3321827e-06  -6.6144980e-03  -1.5401290e-02  -4.3140510e-02   5.2982370e-04   3.7632365e-04  -2.6945900e-05   4.3751584e-05   2.3719973e-04   1.8611036e-03   2.8071315e-07   1.4161949e-07   7.2608153e-10
   1.0000000e+00   5.2841930e-02  -2.6558049e-01  -1.7102555e-01   2.7820956e-03   2.0697177e-04   1.1113133e-03   2.7922696e-03   7.0532997e-02   2.9249739e-02   7.7400559e-06   4.2837314e-08   1.2350173e-06   1.2133536e-02   1.6029860e-02   2.4698530e-02  -5.9546230e-04  -3.1329177e-04  -4.2888900e-05   1.4722270e-04   2.5695641e-04   6.1001738e-04   3.5457535e-07   9.8151733e-08   1.8394577e-09
   1.0000000e+00   4.1920569e-02  -2.8704397e-01  -1.6754494e-01   2.6136797e-03   4.9051775e-04   1.1266628e-03   1.7573341e-03   8.2394241e-02   2.8071307e-02   6.8313216e-06   2.4060766e-07   1.2693691e-06  -1.0921361e-02  -2.1463480e-02   3.4806100e-03  -1.6841590e-04   2.8354598e-04   1.5349500e-05   1.1927613e-04   4.6068097e-04   1.2114646e-05   2.8363915e-08   8.0398323e-08   2.3560715e-10
   1.0000000e+00   5.2370862e-02  -2.9459968e-01  -1.3359842e-01   1.7232048e-03   2.6204326e-04   1.1539411e-03   2.7427072e-03   8.6788971e-02   1.7848538e-02   2.9694348e-06   6.8666670e-08   1.3315801e-06   1.0450293e-02  -7.5557100e-03   3.3946520e-02  -8.9047490e-04  -2.2847449e-04   2.7278300e-05   1.0920862e-04   5.7088754e-05   1.1523662e-03   7.9294555e-07   5.2200593e-08   7.4410565e-10
   1.0000000e+00   4.9033941e-02  -2.9492990e-01  -1.6536988e-01   1.8133536e-03   4.4118288e-04   1.0818881e-03   2.4043274e-03   8.6983646e-02   2.7347197e-02   3.2882513e-06   1.9464233e-07   1.1704819e-06  -3.3369210e-03  -3.3022000e-04  -3.1771460e-02   9.0148800e-05   1.7913962e-04  -7.2053000e-05   1.1135042e-05   1.0904525e-07   1.0094257e-03   8.1268061e-09   3.2091003e-08   5.1916348e-09
   1.0000000e+00   5.1603154e-02  -2.9756193e-01  -1.5569761e-01   1.6632602e-03   4.1285150e-04   9.1027281e-04   2.6628855e-03   8.8543102e-02   2.4241746e-02   2.7664345e-06   1.7044636e-07   8.2859659e-07   2.5692130e-03  -2.6320300e-03   9.6722700e-03  -1.5009340e-04  -2.8331380e-05  -1.7161529e-04   6.6008554e-06   6.9275819e-06   9.3552807e-05   2.2528029e-08   8.0266709e-10   2.9451808e-08
   1.0000000e+00   2.5328070e-02  -2.7549976e-01  -1.9194906e-01   2.3100482e-03   8.3810369e-04   7.0597369e-04   6.4151113e-04   7.5900118e-02   3.6844442e-02   5.3363227e-06   7.0241780e-07   4.9839885e-07  -2.6275084e-02   2.2062170e-02  -3.6251450e-02   6.4678800e-04   4.2525219e-04  -2.0429912e-04   6.9038004e-04   4.8673935e-04   1.3141676e-03   4.1833472e-07   1.8083943e-07   4.1738130e-08
   1.0000000e+00   3.8084624e-02  -2.7615410e-01  -1.8134779e-01   1.7878924e-03   4.6178207e-04   7.1297841e-04   1.4504386e-03   7.6261087e-02   3.2887021e-02   3.1965592e-06   2.1324268e-07   5.0833821e-07   1.2756554e-02  -6.5434000e-04   1.0601270e-02  -5.2215580e-04  -3.7632162e-04   7.0047200e-06   1.6272967e-04   4.2816084e-07   1.1238693e-04   2.7264668e-07   1.4161796e-07   4.9066102e-11
   1.0000000e+00   2.1477019e-02  -2.7015379e-01  -2.1146944e-01   2.8508131e-03   8.8451754e-04   4.5379535e-04   4.6126235e-04   7.2983070e-02   4.4719324e-02   8.1271353e-06   7.8237128e-07   2.0593022e-07  -1.6607605e-02   6.0003100e-03  -3.0121650e-02   1.0629207e-03   4.2273547e-04  -2.5918306e-04   2.7581254e-04   3.6003720e-05   9.0731380e-04   1.1298004e-06   1.7870528e-07   6.7175859e-08
   1.0000000e+00   4.4783066e-02  -2.8076825e-01  -1.7060328e-01   2.4745567e-03   4.9798980e-04   7.3788269e-04   2.0055230e-03   7.8830810e-02   2.9105479e-02   6.1234309e-06   2.4799384e-07   5.4447086e-07   2.3306047e-02  -1.0614460e-02   4.0866160e-02  -3.7625640e-04  -3.8652774e-04   2.8408734e-04   5.4317183e-04   1.1266676e-04   1.6700430e-03   1.4156888e-07   1.4940369e-07   8.0705617e-08
   1.0000000e+00   4.5248586e-02  -2.9986240e-01  -1.8654486e-01   2.6746736e-03   6.7768582e-04   5.8806055e-04   2.0474345e-03   8.9917459e-02   3.4798985e-02   7.1538789e-06   4.5925807e-07   3.4581521e-07   4.6552000e-04  -1.9094150e-02  -1.5941580e-02   2.0011690e-04   1.7969602e-04  -1.4982214e-04   2.1670887e-07   3.6458656e-04   2.5413397e-04   4.0046774e-08   3.2290660e-08   2.2446674e-08
   1.0000000e+00   6.7102501e-02  -3.0250918e-01  -1.6933531e-01   3.1809689e-03   1.7226798e-04   1.0174448e-03   4.5027456e-03   9.1511804e-02   2.8674447e-02   1.0118563e-05   2.9676257e-08   1.0351939e-06   2.1853915e-02  -2.6467800e-03   1.7209550e-02   5.0629530e-04  -5.0541784e-04   4.2938425e-04   4.7759360e-04   7.0054444e-06   2.9616861e-04   2.5633493e-07   2.5544719e-07   1.8437083e-07
   1.0000000e+00   4.7620018e-02  -2.9048240e-01  -2.0223336e-01   3.6040548e-03   3.3056798e-04   7.7489356e-04   2.2676661e-03   8.4380025e-02   4.0898332e-02   1.2989211e-05   1.0927519e-07   6.0046003e-07  -1.9482483e-02   1.2026780e-02  -3.2898050e-02   4.2308590e-04   1.5830000e-04  -2.4255124e-04   3.7956714e-04   1.4464344e-04   1.0822817e-03   1.7900168e-07   2.5058890e-08   5.8831104e-08
   1.0000000e+00   7.0183666e-02  -3.1380525e-01  -2.3455144e-01   4.5548126e-03   1.2819675e-05   1.4283520e-03   4.9257470e-03   9.8473735e-02   5.5014378e-02   2.0746318e-05   1.6434407e-10   2.0401894e-06   2.2563648e-02  -2.3322850e-02  -3.2318080e-02   9.5075780e-04  -3.1774831e-04   6.5345844e-04   5.0911821e-04   5.4395533e-04   1.0444583e-03   9.0394039e-07   1.0096399e-07   4.2700793e-07
   1.0000000e+00   4.9780053e-02  -2.8224880e-01  -2.0967374e-01   3.2089858e-03   1.8316217e-04   1.0312185e-03   2.4780537e-03   7.9664385e-02   4.3963077e-02   1.0297590e-05   3.3548381e-08   1.0634116e-06  -2.0403613e-02   3.1556450e-02   2.4877700e-02  -1.3458268e-03   1.7034250e-04  -3.9713350e-04   4.1630742e-04   9.9580954e-04   6.1889996e-04   1.8112498e-06   2.9016566e-08   1.5771502e-07
   1.0000000e+00   8.3487401e-02  -3.0048636e-01  -1.8480396e-01   4.2631249e-03   1.5594872e-05   1.9513980e-03   6.9701461e-03   9.0292053e-02   3.4152504e-02   1.8174234e-05   2.4320003e-10   3.8079542e-06   3.3707348e-02  -1.8237560e-02   2.4869780e-02   1.0541391e-03  -1.6756730e-04   9.2017950e-04   1.1361853e-03   3.3260859e-04   6.1850596e-04   1.1112092e-06   2.8078799e-08   8.4673031e-07
   1.0000000e+00   1.1312537e-01  -3.1190750e-01  -1.7096613e-01   4.2338726e-03  -7.9473358e-04   2.2256669e-03   1.2797349e-02   9.7286289e-02   2.9229418e-02   1.7925677e-05   6.3160146e-07   4.9535931e-06   2.9637969e-02  -1.1421140e-02   1.3837830e-02  -2.9252300e-05  -8.1032845e-04   2.7426890e-04   8.7840921e-04   1.3044244e-04   1.9148554e-04   8.5569706e-10   6.5663220e-07   7.5223430e-08
   1.0000000e+00   4.7871431e-02  -2.9226635e-01  -1.9100194e-01   4.9461160e-03   2.3610355e-04   1.1344902e-03   2.2916739e-03   8.5419619e-02   3.6481741e-02   2.4464063e-05   5.5744886e-08   1.2870680e-06  -6.5253939e-02   1.9641150e-02  -2.0035810e-02   7.1224340e-04   1.0308371e-03  -1.0911767e-03   4.2580766e-03   3.8577477e-04   4.0143368e-04   5.0729066e-07   1.0626252e-06   1.1906666e-06
   1.0000000e+00   6.7333083e-02  -2.7316353e-01  -2.4499983e-01   5.5266258e-03   2.4712760e-04   1.8540880e-03   4.5337441e-03   7.4618314e-02   6.0024917e-02   3.0543593e-05   6.1072051e-08   3.4376423e-06   1.9461652e-02   1.9102820e-02  -5.3997890e-02   5.8050980e-04   1.1024050e-05   7.1959780e-04   3.7875590e-04   3.6491773e-04   2.9157721e-03   3.3699163e-07   1.2152968e-10   5.1782099e-07
   1.0000000e+00   7.2187243e-02  -2.8497092e-01  -2.0464719e-01   5.6795065e-03   2.6525800e-04   1.7459508e-03   5.2109981e-03   8.1208425e-02   4.1880472e-02   3.2256794e-05   7.0361807e-08   3.0483442e-06   4.8541600e-03  -1.1807390e-02   4.0352640e-02   1.5288070e-04   1.8130400e-05  -1.0813720e-04   2.3562869e-05   1.3941446e-04   1.6283356e-03   2.3372508e-08   3.2871140e-10   1.1693654e-08
   1.0000000e+00   9.1845968e-02  -3.2931260e-01  -2.1584508e-01   6.1678670e-03   1.6308311e-04   2.1150913e-03   8.4356818e-03   1.0844679e-01   4.6589099e-02   3.8042583e-05   2.6596101e-08   4.4736112e-06   1.9658725e-02  -4.4341680e-02  -1.1197890e-02   4.8836050e-04  -1.0217489e-04   3.6914050e-04   3.8646547e-04   1.9661846e-03   1.2539274e-04   2.3849598e-07   1.0439708e-08   1.3626471e-07
   1.0000000e+00   7.8284769e-02  -2.9426137e-01  -1.8406694e-01   5.4396608e-03   2.0691520e-04   1.8503216e-03   6.1285051e-03   8.6589754e-02   3.3880638e-02   2.9589910e-05   4.2813900e-08   3.4236900e-06  -1.3561199e-02   3.5051230e-02   3.1778140e-02  -7.2820620e-04   4.3832090e-05  -2.6476970e-04   1.8390612e-04   1.2285887e-03   1.0098502e-03   5.3028427e-07   1.9212521e-09   7.0102994e-08
   1.0000000e+00   9.0865035e-02  -3.1088062e-01  -2.1002653e-01   5.6307714e-03   7.3720140e-05   1.8383343e-03   8.2564546e-03   9.6646760e-02   4.4111143e-02   3.1705587e-05   5.4346590e-09   3.3794730e-06   1.2580266e-02  -1.6619250e-02  -2.5959590e-02   1.9111060e-04  -1.3319506e-04  -1.1987300e-05   1.5826309e-04   2.7619947e-04   6.7390031e-04   3.6523261e-08   1.7740924e-08   1.4369536e-10
   1.0000000e+00   8.6704581e-02  -3.3740265e-01  -1.8965806e-01   5.1677332e-03   6.6808995e-06   1.7388346e-03   7.5176844e-03   1.1384055e-01   3.5970180e-02   2.6705466e-05   4.4634418e-11   3.0235458e-06  -4.1604540e-03  -2.6522030e-02   2.0368470e-02  -4.6303820e-04  -6.7039241e-05  -9.9499700e-05   1.7309377e-05   7.0341808e-04   4.1487457e-04   2.1440437e-07   4.4942598e-09   9.9001903e-09
   1.0000000e+00   9.1243385e-02  -3.4562150e-01  -2.2594449e-01   5.4119176e-03   9.3660095e-05   1.8596542e-03   8.3253553e-03   1.1945422e-01   5.1050913e-02   2.9288852e-05   8.7722134e-09   3.4583137e-06   4.5388040e-03  -8.2188500e-03  -3.6286430e-02   2.4418440e-04   8.6979195e-05   1.2081960e-04   2.0600742e-05   6.7549495e-05   1.3167050e-03   5.9626021e-08   7.5653804e-09   1.4597376e-08
   1.0000000e+00   8.4111081e-02  -3.3980131e-01  -2.1846759e-01   4.5651328e-03   2.5113693e-05   1.7228140e-03   7.0746739e-03   1.1546493e-01   4.7728088e-02   2.0840437e-05   6.3069758e-10   2.9680881e-06  -7.1323040e-03   5.8201900e-03   7.4769000e-03  -8.4678480e-04  -6.8546402e-05  -1.3684020e-04   5.0869760e-05   3.3874612e-05   5.5904034e-05   7.1704450e-07   4.6986092e-09   1.8725240e-08
   1.0000000e+00   8.2934944e-02  -3.2918673e-01  -2.5355364e-01   5.2009474e-03   2.0905454e-04   1.9102387e-03   6.8782049e-03   1.0836390e-01   6.4289448e-02   2.7049854e-05   4.3703801e-08   3.6490119e-06  -1.1761370e-03   1.0614580e-02  -3.5086050e-02   6.3581460e-04   1.8394085e-04   1.8742470e-04   1.3832982e-06   1.1266931e-04   1.2310309e-03   4.0426021e-07   3.3834235e-08   3.5128018e-08
   1.0000000e+00   7.8641198e-02  -3.5504986e-01  -2.1073159e-01   3.8839502e-03   2.2410008e-04   1.6445741e-03   6.1844380e-03   1.2606040e-01   4.4407803e-02   1.5085069e-05   5.0220846e-08   2.7046240e-06  -4.2937460e-03  -2.5863130e-02   4.2822050e-02  -1.3169972e-03   1.5045540e-05  -2.6566460e-04   1.8436255e-05   6.6890149e-04   1.8337280e-03   1.7344816e-06   2.2636827e-10   7.0577680e-08
   1.0000000e+00   8.9099211e-02  -3.1855991e-01  -2.7884655e-01   4.9801532e-03   3.5438472e-04   2.1939865e-03   7.9386694e-03   1.0148042e-01   7.7755398e-02   2.4801926e-05   1.2558853e-07   4.8135768e-06   1.0458013e-02   3.6489950e-02  -6.8114960e-02   1.0962030e-03   1.3028464e-04   5.4941240e-04   1.0937004e-04   1.3315165e-03   4.6396478e-03   1.2016610e-06   1.6974087e-08   3.0185399e-07
