   1.0000000e+00   0.0000000e+00   0.0000000e+00   0.0000000e+00   0.0000000e+00   0.0000000e+00  -0.0000000e+00   0.0000000e+00   0.0000000e+00   0.0000000e+00   0.0000000e+00   0.0000000e+00   0.0000000e+00   0.0000000e+00   0.0000000e+00   0.0000000e+00   0.0000000e+00   0.0000000e+00   0.0000000e+00   0.0000000e+00   0.0000000e+00   0.0000000e+00   0.0000000e+00   0.0000000e+00   0.0000000e+00
   1.0000000e+00  -4.2027961e-03   1.5337435e-02   8.2271399e-03   8.2057008e-05   3.5212314e-04  -1.0464993e-04   1.7663495e-05   2.3523691e-04   6.7685831e-05   6.7333526e-09   1.2399071e-07   1.0951608e-08  -4.2027961e-03   1.5337435e-02   8.2271399e-03   8.2057008e-05   3.5212314e-04  -1.0464993e-04   1.7663495e-05   2.3523691e-04   6.7685831e-05   6.7333526e-09   1.2399071e-07   1.0951608e-08
   1.0000000e+00   5.2662538e-03   1.1772905e-02  -2.2796753e-02   3.3206937e-04  -4.3261850e-06   1.0556809e-04   2.7733429e-05   1.3860129e-04   5.1969195e-04   1.1027007e-07   1.8715877e-11   1.1144622e-08   9.4690499e-03  -3.5645300e-03  -3.1023893e-02   2.5001236e-04  -3.5644933e-04   2.1021802e-04   8.9662906e-05   1.2705874e-05   9.6248193e-04   6.2506181e-08   1.2705612e-07   4.4191616e-08
   1.0000000e+00   2.2436263e-02   9.3977581e-03  -1.6122513e-02   8.8426494e-04  -1.1301011e-04   3.7120159e-04   5.0338590e-04   8.8317857e-05   2.5993543e-04   7.8192448e-07   1.2771285e-08   1.3779062e-07   1.7170009e-02  -2.3751469e-03   6.6742400e-03   5.5219557e-04  -1.0868392e-04   2.6563350e-04   2.9480922e-04   5.6413228e-06   4.4545480e-05   3.0491995e-07   1.1812196e-08   7.0561156e-08
   1.0000000e+00  -1.1349598e-02   1.9199100e-02  -2.3639806e-02   6.3983544e-04  -8.9796305e-06  -1.5785570e-04   1.2881337e-04   3.6860544e-04   5.5884043e-04   4.0938939e-07   8.0633764e-11   2.4918422e-08  -3.3785861e-02   9.8013419e-03  -7.5172930e-03  -2.4442950e-04   1.0403048e-04  -5.2905729e-04   1.1414844e-03   9.6066303e-05   5.6509694e-05   5.9745780e-08   1.0822341e-08   2.7990162e-07
   1.0000000e+00  -1.1066171e-02   2.0564176e-03  -1.1460373e-02   8.3628302e-04   1.7067046e-04   9.1403553e-05   1.2246014e-04   4.2288533e-06   1.3134015e-04   6.9936929e-07   2.9128406e-08   8.3546095e-09   2.8342700e-04  -1.7142682e-02   1.2179433e-02   1.9644758e-04   1.7965009e-04   2.4925925e-04   8.0330864e-08   2.9387156e-04   1.4833859e-04   3.8591652e-08   3.2274155e-08   6.2130175e-08
   1.0000000e+00  -2.6692450e-02   7.9988917e-03   1.6679507e-03   7.3085552e-04   3.1534283e-04  -3.0386199e-04   7.1248689e-04   6.3982268e-05   2.7820595e-06   5.3414979e-07   9.9441100e-08   9.2332109e-08  -1.5626279e-02   5.9424741e-03   1.3128324e-02  -1.0542750e-04   1.4467237e-04  -3.9526554e-04   2.4418060e-04   3.5312998e-05   1.7235288e-04   1.1114958e-08   2.0930095e-08   1.5623485e-07
   1.0000000e+00  -2.4895072e-02  -5.1477986e-03  -8.7249885e-03   9.9245267e-04   2.7400282e-04   5.1184670e-05   6.1976461e-04   2.6499830e-05   7.6125424e-05   9.8496230e-07   7.5077545e-08   2.6198704e-09   1.7973780e-03  -1.3146690e-02  -1.0392939e-02   2.6159715e-04  -4.1340010e-05   3.5504666e-04   3.2305677e-06   1.7283547e-04   1.0801319e-04   6.8433069e-08   1.7089964e-09   1.2605813e-07
   1.0000000e+00  -4.4212910e-02   1.0901651e-02  -1.8788300e-02   7.9639491e-04   6.0915489e-04  -4.3521971e-04   1.9547814e-03   1.1884599e-04   3.5300022e-04   6.3424485e-07   3.7106968e-07   1.8941620e-07  -1.9317838e-02   1.6049450e-02  -1.0063312e-02  -1.9605776e-04   3.3515207e-04  -4.8640438e-04   3.7317886e-04   2.5758483e-04   1.0127024e-04   3.8438645e-08   1.1232691e-07   2.3658922e-07
   1.0000000e+00  -6.1248891e-02   9.7203976e-03  -3.5351767e-02   9.0395678e-04   5.4260696e-04  -9.2513835e-04   3.7514266e-03   9.4486130e-05   1.2497474e-03   8.1713786e-07   2.9442231e-07   8.5588097e-07  -1.7035981e-02  -1.1812534e-03  -1.6563467e-02   1.0756187e-04  -6.6547930e-05  -4.8991864e-04   2.9022465e-04   1.3953596e-06   2.7434844e-04   1.1569556e-08   4.4286270e-09   2.4002027e-07
   1.0000000e+00  -6.4834515e-02  -4.9823595e-03  -6.1312402e-03   4.7223053e-04   6.1479346e-04  -9.7572099e-04   4.2035143e-03   2.4823906e-05   3.7592106e-05   2.2300167e-07   3.7797100e-07   9.5203145e-07  -3.5856240e-03  -1.4702757e-02   2.9220527e-02  -4.3172625e-04   7.2186500e-05  -5.0582640e-05   1.2856699e-05   2.1617107e-04   8.5383919e-04   1.8638755e-07   5.2108908e-09   2.5586035e-09
   1.0000000e+00  -6.8413422e-02  -9.6144964e-03  -2.5407705e-02   2.7766875e-04   3.9822187e-04  -1.0696218e-03   4.6803963e-03   9.2438541e-05   6.4555147e-04   7.7099935e-08   1.5858066e-07   1.1440908e-06  -3.5789070e-03  -4.6321369e-03  -1.9276465e-02  -1.9456178e-04  -2.1657159e-04  -9.3900810e-05   1.2808575e-05   2.1456692e-05   3.7158210e-04   3.7854286e-08   4.6903254e-08   8.8173621e-09
   1.0000000e+00  -6.0028512e-02  -3.8129223e-02  -6.9675199e-03   1.1154635e-03   9.8602409e-04  -8.7167100e-04   3.6034223e-03   1.4538376e-03   4.8546334e-05   1.2442588e-06   9.7224351e-07   7.5981033e-07   8.3849100e-03  -2.8514727e-02   1.8440185e-02   8.3779475e-04   5.8780222e-04   1.9795080e-04   7.0306716e-05   8.1308963e-04   3.4004043e-04   7.0190004e-07   3.4551145e-07   3.9184519e-08
   1.0000000e+00  -1.6025198e-01  -1.0732968e-02  -1.5232518e-02  -3.1934420e-04   7.1133775e-04  -2.2310033e-03   2.5680697e-02   1.1519660e-04   2.3202960e-04   1.0198072e-07   5.0600139e-07   4.9773757e-06  -1.0022347e-01   2.7396255e-02  -8.2649981e-03  -1.4348077e-03  -2.7468634e-04  -1.3593323e-03   1.0044744e-02   7.5055479e-04   6.8310194e-05   2.0586731e-06   7.5452585e-08   1.8477843e-06
   1.0000000e+00  -1.2688802e-01   1.8308016e-02  -5.6424622e-03  -8.8585960e-04   1.0452088e-03  -1.9822139e-03   1.6100570e-02   3.3518345e-04   3.1837380e-05   7.8474723e-07   1.0924614e-06   3.9291719e-06   3.3363960e-02   2.9040984e-02   9.5900558e-03  -5.6651540e-04   3.3387105e-04   2.4878940e-04   1.1131538e-03   8.4337875e-04   9.1969170e-05   3.2093970e-07   1.1146988e-07   6.1896166e-08
   1.0000000e+00  -1.1504459e-01  -2.0300942e-02  -5.5057649e-02   2.7164911e-04   1.0128264e-03  -1.4775857e-03   1.3235258e-02   4.1212825e-04   3.0313447e-03   7.3793239e-08   1.0258173e-06   2.1832595e-06   1.1843430e-02  -3.8608958e-02  -4.9415187e-02   1.1575087e-03  -3.2382400e-05   5.0462820e-04   1.4026683e-04   1.4906516e-03   2.4418607e-03   1.3398264e-06   1.0486198e-09   2.5464962e-07
   1.0000000e+00  -1.0881583e-01   2.2351726e-02  -2.6022636e-02  -2.5643552e-04   6.6722915e-04  -1.4951736e-03   1.1840885e-02   4.9959966e-04   6.7717758e-04   6.5759176e-08   4.4519474e-07   2.2355441e-06   6.2287600e-03   4.2652668e-02   2.9035013e-02  -5.2808463e-04  -3.4559725e-04  -1.7587900e-05   3.8797451e-05   1.8192501e-03   8.4303198e-04   2.7887338e-07   1.1943746e-07   3.0933423e-10
   1.0000000e+00  -9.5619354e-02  -2.0802298e-02  -1.3851294e-02  -1.5544888e-05   1.0841779e-03  -1.1480771e-03   9.1430609e-03   4.3273560e-04   1.9185835e-04   2.4164354e-10   1.1754417e-06   1.3180810e-06   1.3196476e-02  -4.3154024e-02   1.2171342e-02   2.4089063e-04   4.1694875e-04   3.4709650e-04   1.7414698e-04   1.8622698e-03   1.4814157e-04   5.8028297e-08   1.7384626e-07   1.2047598e-07
   1.0000000e+00  -9.2285322e-02   3.1506016e-02   3.5935656e-02  -5.9255617e-04   1.1630036e-03  -1.1773715e-03   8.5165807e-03   9.9262904e-04   1.2913714e-03   3.5112281e-07   1.3525774e-06   1.3862036e-06   3.3340320e-03   5.2308314e-02   4.9786950e-02  -5.7701128e-04   7.8825700e-05  -2.9294400e-05   1.1115769e-05   2.7361597e-03   2.4787404e-03   3.3294202e-07   6.2134910e-09   8.5816187e-10
   1.0000000e+00  -6.8023502e-02   3.0613252e-02   4.0267085e-02  -1.1121187e-03   7.3025007e-04  -8.1063630e-04   4.6271968e-03   9.3717120e-04   1.6214381e-03   1.2368080e-06   5.3326516e-07   6.5713121e-07   2.4261820e-02  -8.9276400e-04   4.3314290e-03  -5.1956253e-04  -4.3275353e-04   3.6673520e-04   5.8863591e-04   7.9702756e-07   1.8761277e-05   2.6994522e-07   1.8727562e-07   1.3449471e-07
   1.0000000e+00  -6.3423893e-02   4.7118611e-02   3.6201896e-02  -9.6998337e-04   9.0986308e-04  -7.5630581e-04   4.0225902e-03   2.2201635e-03   1.3105773e-03   9.4086774e-07   8.2785082e-07   5.7199848e-07   4.5996090e-03   1.6505359e-02  -4.0651890e-03   1.4213533e-04   1.7961301e-04   5.4330490e-05   2.1156403e-05   2.7242688e-04   1.6525762e-05   2.0202452e-08   3.2260833e-08   2.9518021e-09
   1.0000000e+00  -5.4784818e-02   5.5253649e-02   2.3404848e-02  -1.3939737e-03   8.3204174e-04  -6.7086909e-04   3.0013763e-03   3.0529657e-03   5.4778691e-04   1.9431627e-06   6.9229346e-07   4.5006534e-07   8.6390750e-03   8.1350380e-03  -1.2797048e-02  -4.2399033e-04  -7.7821340e-05   8.5436720e-05   7.4633617e-05   6.6178843e-05   1.6376444e-04   1.7976780e-07   6.0561610e-09   7.2994331e-09
   1.0000000e+00  -5.8622001e-02   2.9860398e-02   5.9870357e-02  -1.1282339e-03   9.4150170e-04  -9.7257826e-04   3.4365390e-03   8.9164337e-04   3.5844596e-03   1.2729117e-06   8.8642545e-07   9.4590847e-07  -3.8371830e-03  -2.5393251e-02   3.6465509e-02   2.6573980e-04   1.0945996e-04  -3.0170917e-04   1.4723973e-05   6.4481720e-04   1.3297333e-03   7.0617641e-08   1.1981483e-08   9.1028423e-08
   1.0000000e+00  -4.8540225e-02   4.8065464e-02   6.4121443e-02  -1.3248004e-03   9.3626461e-04  -7.9938835e-04   2.3561534e-03   2.3102888e-03   4.1115595e-03   1.7550961e-06   8.7659142e-07   6.3902173e-07   1.0081776e-02   1.8205066e-02   4.2510860e-03  -1.9656650e-04  -5.2370900e-06   1.7318991e-04   1.0164221e-04   3.3142443e-04   1.8071732e-05   3.8638389e-08   2.7427112e-11   2.9994745e-08
   1.0000000e+00  -5.5649595e-02   6.2022224e-02   7.3386274e-02  -1.8150665e-03   8.3900609e-04  -8.3181862e-04   3.0968774e-03   3.8467563e-03   5.3855452e-03   3.2944664e-06   7.0393122e-07   6.9192222e-07  -7.1093700e-03   1.3956760e-02   9.2648310e-03  -4.9026610e-04  -9.7258520e-05  -3.2430270e-05   5.0543142e-05   1.9479115e-04   8.5837093e-05   2.4036085e-07   9.4592197e-09   1.0517224e-09
   1.0000000e+00  -5.7433056e-02   2.8347699e-02   7.8888964e-02  -9.0692745e-04   1.0284888e-03  -9.0483524e-04   3.2985559e-03   8.0359204e-04   6.2234686e-03   8.2251740e-07   1.0577892e-06   8.1872681e-07  -1.7834610e-03  -3.3674525e-02   5.5026900e-03   9.0813905e-04   1.8948271e-04  -7.3016620e-05   3.1807331e-06   1.1339736e-03   3.0279597e-05   8.2471653e-07   3.5903697e-08   5.3314268e-09
   1.0000000e+00  -6.3092619e-02   3.2726173e-02   5.9267852e-02  -1.3251263e-03   1.0046860e-03  -8.6064586e-04   3.9806786e-03   1.0710024e-03   3.5126783e-03   1.7559597e-06   1.0093940e-06   7.4071130e-07  -5.6595630e-03   4.3784740e-03  -1.9621112e-02  -4.1819885e-04  -2.3802800e-05   4.4189380e-05   3.2030653e-05   1.9171035e-05   3.8498804e-04   1.7489028e-07   5.6657329e-10   1.9527013e-09
   1.0000000e+00  -8.4142999e-02   2.6983728e-02   6.7541556e-02  -1.4830078e-03   7.0697631e-04  -1.5987357e-03   7.0800443e-03   7.2812158e-04   4.5618618e-03   2.1993121e-06   4.9981550e-07   2.5559558e-06  -2.1050380e-02  -5.7424450e-03   8.2737040e-03  -1.5788150e-04  -2.9770969e-04  -7.3808984e-04   4.4311850e-04   3.2975675e-05   6.8454178e-05   2.4926568e-08   8.8631060e-08   5.4477661e-07
   1.0000000e+00  -8.7254012e-02  -7.0196065e-03   4.8059009e-02  -1.3679900e-03   6.1181875e-04  -1.1770645e-03   7.6132626e-03   4.9274875e-05   2.3096683e-03   1.8713966e-06   3.7432218e-07   1.3854808e-06  -3.1110130e-03  -3.4003334e-02  -1.9482547e-02   1.1501780e-04  -9.5157560e-05   4.2167120e-04   9.6784019e-06   1.1562268e-03   3.7956964e-04   1.3229094e-08   9.0549612e-09   1.7780660e-07
   1.0000000e+00  -1.2090904e-01   2.7452214e-02   8.3991608e-02  -1.0714109e-03   9.7644978e-04  -1.7661608e-03   1.4618996e-02   7.5362405e-04   7.0545902e-03   1.1479213e-06   9.5345417e-07   3.1193240e-06  -3.3655028e-02   3.4471820e-02   3.5932599e-02   2.9657910e-04   3.6463103e-04  -5.8909630e-04   1.1326609e-03   1.1883064e-03   1.2911517e-03   8.7959163e-08   1.3295579e-07   3.4703445e-07
   1.0000000e+00  -1.5075724e-01  -1.0839152e-03   1.0014383e-01  -1.2422620e-03   8.3511072e-04  -2.0905152e-03   2.2727745e-02   1.1748722e-06   1.0028787e-02   1.5432149e-06   6.9740991e-07   4.3702538e-06  -2.9848200e-02  -2.8536129e-02   1.6152222e-02  -1.7085110e-04  -1.4133906e-04  -3.2435440e-04   8.9091504e-04   8.1431067e-04   2.6089428e-04   2.9190098e-08   1.9976730e-08   1.0520578e-07
   1.0000000e+00  -1.3369854e-01   6.9959933e-03   7.4161889e-02  -1.5464576e-03   7.5937642e-04  -1.9929705e-03   1.7875300e-02   4.8943922e-05   5.4999858e-03   2.3915311e-06   5.7665255e-07   3.9719314e-06   1.7058700e-02   8.0799085e-03  -2.5981941e-02  -3.0419560e-04  -7.5734300e-05   9.7544700e-05   2.9099925e-04   6.5284921e-05   6.7506126e-04   9.2534963e-08   5.7356842e-09   9.5149685e-09
   1.0000000e+00  -1.4255112e-01  -1.1550374e-02   9.5602446e-02  -1.2574945e-03   6.4437139e-04  -1.8543790e-03   2.0320822e-02   1.3341114e-04   9.1398277e-03   1.5812924e-06   4.1521449e-07   3.4387215e-06  -8.8525800e-03  -1.8546367e-02   2.1440557e-02   2.8896310e-04  -1.1500503e-04   1.3859150e-04   7.8368173e-05   3.4396774e-04   4.5969748e-04   8.3499673e-08   1.3226157e-08   1.9207604e-08
   1.0000000e+00  -1.4139537e-01  -3.5055413e-03   9.9100730e-02  -1.3350513e-03   4.8010470e-04  -1.9905203e-03   1.9992651e-02   1.2288820e-05   9.8209547e-03   1.7823620e-06   2.3050052e-07   3.9621711e-06   1.1557500e-03   8.0448327e-03   3.4982840e-03  -7.7556800e-05  -1.6426669e-04  -1.3614130e-04   1.3357581e-06   6.4719333e-05   1.2237991e-05   6.0150572e-09   2.6983545e-08   1.8534454e-08
   1.0000000e+00  -1.6042410e-01  -6.4711940e-03   9.3414025e-02  -1.6393467e-03   2.2923573e-04  -2.2977408e-03   2.5735892e-02   4.1876352e-05   8.7261801e-03   2.6874576e-06   5.2549020e-08   5.2796128e-06  -1.9028730e-02  -2.9656527e-03  -5.6867050e-03  -3.0429540e-04  -2.5086897e-04  -3.0722050e-04   3.6209257e-04   8.7950959e-06   3.2338614e-05   9.2595690e-08   6.2935240e-08   9.4384436e-08
   1.0000000e+00  -1.6434307e-01  -8.7891427e-05   1.0322627e-01  -1.2786517e-03   3.9480712e-04  -2.3426690e-03   2.7008645e-02   7.7249029e-09   1.0655663e-02   1.6349502e-06   1.5587266e-07   5.4880980e-06  -3.9189700e-03   6.3833026e-03   9.8122450e-03   3.6069500e-04   1.6557139e-04  -4.4928200e-05   1.5358326e-05   4.0746552e-05   9.6280152e-05   1.3010088e-07   2.7413885e-08   2.0185432e-09
   1.0000000e+00  -1.8764645e-01  -1.9509966e-02   7.9266624e-02  -1.1250734e-03   3.6045488e-04  -2.5861612e-03   3.5211190e-02   3.8063877e-04   6.2831977e-03   1.2657902e-06   1.2992772e-07   6.6882298e-06  -2.3303380e-02  -1.9422075e-02  -2.3959646e-02   1.5357830e-04  -3.4352240e-05  -2.4349220e-04   5.4304752e-04   3.7721698e-04   5.7406464e-04   2.3586294e-08   1.1800764e-09   5.9288451e-08
   1.0000000e+00  -1.8134221e-01  -1.4926141e-02   6.9097013e-02  -1.3092106e-03   1.1154508e-04  -2.6968731e-03   3.2884997e-02   2.2278969e-04   4.7743972e-03   1.7140324e-06   1.2442305e-08   7.2731245e-06   6.3042400e-03   4.5838250e-03  -1.0169611e-02  -1.8413720e-04  -2.4890980e-04  -1.1071190e-04   3.9743442e-05   2.1011452e-05   1.0342099e-04   3.3906508e-08   6.1956089e-08   1.2257125e-08
   1.0000000e+00  -1.8227448e-01  -4.8681720e-02   8.1389365e-02  -1.1461607e-03   9.7712956e-05  -2.7055310e-03   3.3223986e-02   2.3699099e-03   6.6242287e-03   1.3136844e-06   9.5478218e-09   7.3198980e-06  -9.3227000e-04  -3.3755579e-02   1.2292352e-02   1.6304990e-04  -1.3832124e-05  -8.6579000e-06   8.6912735e-07   1.1394391e-03   1.5110192e-04   2.6585270e-08   1.9132765e-10   7.4959232e-11
   1.0000000e+00  -2.0801651e-01   3.2486585e-03   8.4785875e-02  -1.5324713e-03   2.8715774e-04  -2.9270100e-03   4.3270868e-02   1.0553782e-05   7.1886446e-03   2.3484683e-06   8.2459568e-08   8.5673875e-06  -2.5742030e-02   5.1930378e-02   3.3965100e-03  -3.8631060e-04   1.8944478e-04  -2.2147900e-04   6.6265211e-04   2.6967642e-03   1.1536280e-05   1.4923588e-07   3.5889326e-08   4.9052947e-08
   1.0000000e+00  -1.9100053e-01  -5.5809872e-03   1.1254787e-01  -6.0543426e-04   2.9274190e-04  -2.8584510e-03   3.6481202e-02   3.1147418e-05   1.2667023e-02   3.6655064e-07   8.5697820e-08   8.1707421e-06   1.7015980e-02  -8.8296457e-03   2.7761995e-02   9.2703704e-04   5.5841600e-06   6.8559000e-05   2.8954358e-04   7.7962643e-05   7.7072837e-04   8.5939767e-07   3.1182843e-11   4.7003365e-09
   1.0000000e+00  -1.8989327e-01  -1.5887913e-02   1.2259160e-01  -8.5363228e-04   5.4472735e-04  -2.5538101e-03   3.6059454e-02   2.5242578e-04   1.5028700e-02   7.2868807e-07   2.9672789e-07   6.5219460e-06   1.1072600e-03  -1.0306926e-02   1.0043730e-02  -2.4819802e-04   2.5198545e-04   3.0464090e-04   1.2260247e-06   1.0623272e-04   1.0087651e-04   6.1602257e-08   6.3496667e-08   9.2806078e-08
   1.0000000e+00  -2.0561687e-01  -5.9854058e-03   1.4787187e-01  -1.6742547e-03   3.4731119e-04  -2.8039966e-03   4.2278297e-02   3.5825083e-05   2.1866090e-02   2.8031288e-06   1.2062506e-07   7.8623969e-06  -1.5723600e-02   9.9025072e-03   2.5280270e-02  -8.2062242e-04  -1.9741616e-04  -2.5018650e-04   2.4723160e-04   9.8059649e-05   6.3909205e-04   6.7342116e-07   3.8973140e-08   6.2593285e-08
   1.0000000e+00  -1.9417284e-01  -1.5341549e-03   1.2917158e-01  -1.1094648e-03   2.4684004e-04  -2.5598253e-03   3.7703092e-02   2.3536313e-06   1.6685297e-02   1.2309121e-06   6.0930005e-08   6.5527056e-06   1.1444030e-02   4.4512509e-03  -1.8700290e-02   5.6478990e-04  -1.0047115e-04   2.4417130e-04   1.3096582e-04   1.9813635e-05   3.4970085e-04   3.1898763e-07   1.0094452e-08   5.9619624e-08
   1.0000000e+00  -2.0547310e-01   4.5021744e-03   1.4250272e-01  -1.1089356e-03   5.1524254e-04  -2.5383417e-03   4.2219195e-02   2.0269574e-05   2.0307025e-02   1.2297382e-06   2.6547488e-07   6.4431786e-06  -1.1300260e-02   6.0363293e-03   1.3331140e-02   5.2920000e-07   2.6840250e-04   2.1483600e-05   1.2769588e-04   3.6437271e-05   1.7771929e-04   2.8005264e-13   7.2039902e-08   4.6154507e-10
   1.0000000e+00  -1.9437970e-01  -2.8363030e-02   1.3431201e-01  -1.1523781e-03   1.4108999e-04  -2.6198084e-03   3.7783468e-02   8.0446147e-04   1.8039716e-02   1.3279753e-06   1.9906385e-08   6.8633961e-06   1.1093400e-02  -3.2865204e-02  -8.1907100e-03  -4.3442500e-05  -3.7415255e-04  -8.1466700e-05   1.2306352e-04   1.0801217e-03   6.7087730e-05   1.8872508e-09   1.3999013e-07   6.6368232e-09
   1.0000000e+00  -1.9679387e-01  -2.0563843e-02   1.5706383e-01  -8.3781185e-04   3.5168392e-04  -2.5831196e-03   3.8727827e-02   4.2287164e-04   2.4669047e-02   7.0192870e-07   1.2368158e-07   6.6725069e-06  -2.4141700e-03   7.7991870e-03   2.2751820e-02   3.1456625e-04   2.1059393e-04   3.6688800e-05   5.8282168e-06   6.0827318e-05   5.1764531e-04   9.8951926e-08   4.4349803e-08   1.3460680e-09
   1.0000000e+00  -2.0523306e-01  -1.7271578e-02   1.2133690e-01  -1.6851852e-03   2.7155990e-04  -2.5303992e-03   4.2120609e-02   2.9830741e-04   1.4722643e-02   2.8398492e-06   7.3744779e-08   6.4029201e-06  -8.4391900e-03   3.2922650e-03  -3.5726930e-02  -8.4737335e-04  -8.0124020e-05   5.2720400e-05   7.1219928e-05   1.0839009e-05   1.2764135e-03   7.1804159e-07   6.4198586e-09   2.7794406e-09
   1.0000000e+00  -2.0223170e-01  -3.7992016e-02   1.6681721e-01  -1.1988397e-03   4.6531002e-04  -2.4228226e-03   4.0897660e-02   1.4433933e-03   2.7827982e-02   1.4372166e-06   2.1651341e-07   5.8700694e-06   3.0013600e-03  -2.0720438e-02   4.5480310e-02   4.8634550e-04   1.9375012e-04   1.0757660e-04   9.0081618e-06   4.2933655e-04   2.0684586e-03   2.3653195e-07   3.7539109e-08   1.1572725e-08
   1.0000000e+00  -2.1528073e-01  -2.9700785e-02   1.0642524e-01  -1.4797914e-03   4.0378640e-04  -2.8561454e-03   4.6345793e-02   8.8213663e-04   1.1326332e-02   2.1897826e-06   1.6304346e-07   8.1575665e-06  -1.3049030e-02   8.2912310e-03  -6.0391970e-02  -2.8095170e-04  -6.1523620e-05  -4.3332280e-04   1.7027718e-04   6.8744511e-05   3.6471900e-03   7.8933858e-08   3.7851558e-09   1.8776865e-07
   1.0000000e+00  -2.1503163e-01  -2.4258495e-03   1.3573132e-01  -1.0354441e-03   5.9302598e-04  -2.8677475e-03   4.6238602e-02   5.8847458e-06   1.8422991e-02   1.0721445e-06   3.5167981e-07   8.2239757e-06   2.4910000e-04   2.7274935e-02   2.9306080e-02   4.4434730e-04   1.8923958e-04  -1.1602100e-05   6.2050810e-08   7.4392211e-04   8.5884632e-04   1.9744452e-07   3.5811619e-08   1.3460872e-10
   1.0000000e+00  -1.9812864e-01  -4.9675690e-02   9.9154096e-02  -1.6703584e-03   6.2940572e-04  -2.4961612e-03   3.9254958e-02   2.4676742e-03   9.8315348e-03   2.7900972e-06   3.9615156e-07   6.2308207e-06   1.6902990e-02  -4.7249841e-02  -3.6577224e-02  -6.3491430e-04   3.6379740e-05   3.7158630e-04   2.8571107e-04   2.2325474e-03   1.3378933e-03   4.0311617e-07   1.3234855e-09   1.3807638e-07
   1.0000000e+00  -1.9324443e-01  -3.3238745e-02   1.1089453e-01  -9.9551954e-04   6.4335520e-04  -2.3797382e-03   3.7343410e-02   1.1048142e-03   1.2297597e-02   9.9105915e-07   4.1390591e-07   5.6631539e-06   4.8842100e-03   1.6436945e-02   1.1740434e-02   6.7483886e-04   1.3949480e-05   1.1642300e-04   2.3855507e-05   2.7017316e-04   1.3783779e-04   4.5540749e-07   1.9458799e-10   1.3554315e-08
   1.0000000e+00  -2.0371784e-01  -1.3963145e-02   1.0732345e-01  -1.4816769e-03   8.6070769e-04  -2.6552401e-03   4.1500958e-02   1.9496942e-04   1.1518323e-02   2.1953664e-06   7.4081773e-07   7.0503000e-06  -1.0473410e-02   1.9275600e-02  -3.5710800e-03  -4.8615736e-04   2.1735249e-04  -2.7550190e-04   1.0969232e-04   3.7154876e-04   1.2752612e-05   2.3634898e-07   4.7242105e-08   7.5901297e-08
   1.0000000e+00  -1.9872092e-01  -5.5454111e-02   1.1448412e-01  -1.1846633e-03   7.6111186e-04  -2.6059221e-03   3.9490004e-02   3.0751584e-03   1.3106614e-02   1.4034271e-06   5.7929126e-07   6.7908300e-06   4.9969200e-03  -4.1490966e-02   7.1606700e-03   2.9701360e-04  -9.9595830e-05   4.9318000e-05   2.4969209e-05   1.7215003e-03   5.1275195e-05   8.8217079e-08   9.9193294e-09   2.4322651e-09
   1.0000000e+00  -1.8623440e-01  -5.0476959e-02   1.5138268e-01  -1.5723385e-03   7.0239612e-04  -2.5029355e-03   3.4683252e-02   2.5479234e-03   2.2916716e-02   2.4722484e-06   4.9336031e-07   6.2646861e-06   1.2486520e-02   4.9771520e-03   3.6898560e-02  -3.8767520e-04  -5.8715740e-05   1.0298660e-04   1.5591318e-04   2.4772042e-05   1.3615037e-03   1.5029206e-07   3.4475381e-09   1.0606240e-08
   1.0000000e+00  -2.0847993e-01  -1.9881855e-02   1.2561062e-01  -1.9544612e-03   9.8634781e-04  -2.5385403e-03   4.3463881e-02   3.9528816e-04   1.5778028e-02   3.8199186e-06   9.7288200e-07   6.4441869e-06  -2.2245530e-02   3.0595104e-02  -2.5772060e-02  -3.8212270e-04   2.8395169e-04  -3.5604800e-05   4.9486360e-04   9.3606039e-04   6.6419908e-04   1.4601776e-07   8.0628562e-08   1.2677018e-09
   1.0000000e+00  -2.0622247e-01  -3.1884516e-02   1.4968288e-01  -2.1144856e-03   7.1059132e-04  -2.7545639e-03   4.2527707e-02   1.0166224e-03   2.2404965e-02   4.4710494e-06   5.0494002e-07   7.5876223e-06   2.2574600e-03  -1.2002661e-02   2.4072260e-02  -1.6002440e-04  -2.7575649e-04  -2.1602360e-04   5.0961257e-06   1.4406387e-04   5.7947370e-04   2.5607809e-08   7.6041642e-08   4.6666196e-08
   1.0000000e+00  -2.1265231e-01  -6.5789495e-02   1.6880838e-01  -2.2659267e-03   1.1861003e-03  -2.7057204e-03   4.5221005e-02   4.3282577e-03   2.8496269e-02   5.1344238e-06   1.4068339e-06   7.3209229e-06  -6.4298400e-03  -3.3904979e-02   1.9125500e-02  -1.5144110e-04   4.7550898e-04   4.8843500e-05   4.1342842e-05   1.1495476e-03   3.6578475e-04   2.2934407e-08   2.2610879e-07   2.3856875e-09
   1.0000000e+00  -2.2876149e-01  -4.1038073e-02   1.7581282e-01  -2.8921717e-03   8.8018092e-04  -2.9685097e-03   5.2331819e-02   1.6841234e-03   3.0910148e-02   8.3646571e-06   7.7471845e-07   8.8120498e-06  -1.6109180e-02   2.4751422e-02   7.0044400e-03  -6.2624500e-04  -3.0591938e-04  -2.6278930e-04   2.5950568e-04   6.1263289e-04   4.9062180e-05   3.9218280e-07   9.3586667e-08   6.9058216e-08
   1.0000000e+00  -2.2451650e-01  -3.1597009e-02   1.5039129e-01  -1.6401232e-03   8.3185442e-04  -2.5983293e-03   5.0407659e-02   9.9837098e-04   2.2617540e-02   2.6900041e-06   6.9198178e-07   6.7513152e-06   4.2449900e-03   9.4410640e-03  -2.5421530e-02   1.2520485e-03  -4.8326500e-05   3.7018040e-04   1.8019940e-05   8.9133689e-05   6.4625419e-04   1.5676254e-06   2.3354506e-09   1.3703353e-07
   1.0000000e+00  -2.3194523e-01  -4.3569090e-02   1.5343754e-01  -2.0340434e-03   8.2875022e-04  -2.4708944e-03   5.3798590e-02   1.8982656e-03   2.3543079e-02   4.1373326e-06   6.8682693e-07   6.1053191e-06  -7.4287300e-03  -1.1972081e-02   3.0462500e-03  -3.9392020e-04  -3.1042000e-06   1.2743490e-04   5.5186029e-05   1.4333072e-04   9.2796391e-06   1.5517312e-07   9.6360576e-12   1.6239654e-08
   1.0000000e+00  -2.3992324e-01  -4.5352746e-02   1.4834679e-01  -2.3526643e-03   7.0767197e-04  -2.6752466e-03   5.7563161e-02   2.0568716e-03   2.2006770e-02   5.5350293e-06   5.0079962e-07   7.1569444e-06  -7.9780100e-03  -1.7836560e-03  -5.0907500e-03  -3.1862090e-04  -1.2107825e-04  -2.0435220e-04   6.3648644e-05   3.1814287e-06   2.5915736e-05   1.0151928e-07   1.4659943e-08   4.1759822e-08
   1.0000000e+00  -2.3759352e-01  -2.3055280e-02   1.3810976e-01  -1.9379942e-03   9.7728108e-04  -2.3967020e-03   5.6450681e-02   5.3154594e-04   1.9074306e-02   3.7558215e-06   9.5507831e-07   5.7441805e-06   2.3297200e-03   2.2297466e-02  -1.0237030e-02   4.1467010e-04   2.6960911e-04   2.7854460e-04   5.4275953e-06   4.9717699e-04   1.0479678e-04   1.7195129e-07   7.2689072e-08   7.7587094e-08
   1.0000000e+00  -2.4219861e-01  -1.4695619e-02   1.2487657e-01  -1.2744398e-03   8.0197890e-04  -2.6752378e-03   5.8660167e-02   2.1596122e-04   1.5594158e-02   1.6241968e-06   6.4317016e-07   7.1568973e-06  -4.6050900e-03   8.3596610e-03  -1.3233190e-02   6.6355440e-04  -1.7530218e-04  -2.7853580e-04   2.1206854e-05   6.9883932e-05   1.7511732e-04   4.4030444e-07   3.0730854e-08   7.7582192e-08
   1.0000000e+00  -2.3846272e-01  -3.0466465e-02   1.4078787e-01  -1.6003614e-03   7.5938786e-04  -2.6252905e-03   5.6864469e-02   9.2820549e-04   1.9821224e-02   2.5611566e-06   5.7666992e-07   6.8921502e-06   3.7358900e-03  -1.5770846e-02   1.5911300e-02  -3.2592160e-04  -4.2591040e-05   4.9947300e-05   1.3956874e-05   2.4871958e-04   2.5316947e-04   1.0622489e-07   1.8139967e-09   2.4947328e-09
   1.0000000e+00  -2.4768540e-01  -2.6617509e-02   1.2492404e-01  -1.8835831e-03   6.0229651e-04  -2.7748375e-03   6.1348057e-02   7.0849179e-04   1.5606016e-02   3.5478853e-06   3.6276109e-07   7.6997232e-06  -9.2226800e-03   3.8489560e-03  -1.5863830e-02  -2.8322170e-04  -1.5709135e-04  -1.4954700e-04   8.5057826e-05   1.4814462e-05   2.5166110e-04   8.0214531e-08   2.4677692e-08   2.2364305e-08
   1.0000000e+00  -2.4308003e-01  -2.8590167e-02   1.2458289e-01  -1.4180100e-03   1.2928968e-03  -2.7700701e-03   5.9087901e-02   8.1739765e-04   1.5520896e-02   2.0107524e-06   1.6715821e-06   7.6732884e-06   4.6053700e-03  -1.9726580e-03  -3.4115000e-04   4.6557310e-04   6.9060029e-04   4.7674000e-06   2.1209433e-05   3.8913796e-06   1.1638332e-07   2.1675831e-07   4.7692876e-07   2.2728103e-11
   1.0000000e+00  -2.4208261e-01  -5.4038855e-03   1.0939650e-01  -1.7106848e-03   1.1675636e-03  -2.7757372e-03   5.8603990e-02   2.9201978e-05   1.1967594e-02   2.9264425e-06   1.3632048e-06   7.7047170e-06   9.9742000e-04   2.3186281e-02  -1.5186390e-02  -2.9267480e-04  -1.2533320e-04  -5.6671000e-06   9.9484666e-07   5.3760365e-04   2.3062644e-04   8.5658539e-08   1.5708411e-08   3.2116022e-11
   1.0000000e+00  -2.3791178e-01  -2.2647257e-02   1.2940188e-01  -1.4866344e-03   5.3349970e-04  -2.7809106e-03   5.6602015e-02   5.1289825e-04   1.6744847e-02   2.2100818e-06   2.8462193e-07   7.7334638e-06   4.1708300e-03  -1.7243372e-02   2.0005380e-02   2.2405040e-04  -6.3406390e-04  -5.1734000e-06   1.7395823e-05   2.9733386e-04   4.0021523e-04   5.0198582e-08   4.0203703e-07   2.6764068e-11
   1.0000000e+00  -2.5138638e-01  -8.6467576e-03   1.2410747e-01  -1.3882699e-03   8.9505177e-04  -2.9761147e-03   6.3195112e-02   7.4766417e-05   1.5402664e-02   1.9272933e-06   8.0111767e-07   8.8572587e-06  -1.3474600e-02   1.4000499e-02  -5.2944100e-03   9.8364500e-05   3.6155207e-04  -1.9520410e-04   1.8156485e-04   1.9601398e-04   2.8030777e-05   9.6755749e-09   1.3071990e-07   3.8104641e-08
   1.0000000e+00  -2.6036203e-01  -6.6364615e-03   1.0455374e-01  -1.2265685e-03   8.8678183e-04  -3.2661240e-03   6.7788387e-02   4.4042621e-05   1.0931485e-02   1.5044703e-06   7.8638201e-07   1.0667566e-05  -8.9756500e-03   2.0102961e-03  -1.9553730e-02   1.6170140e-04  -8.2699400e-06  -2.9000930e-04   8.0562293e-05   4.0412904e-06   3.8234836e-04   2.6147343e-08   6.8391908e-11   8.4105394e-08
   1.0000000e+00  -2.4753921e-01  -1.5262657e-02   8.7902429e-02  -2.4144151e-04   6.9487030e-04  -2.8046636e-03   6.1275660e-02   2.3294870e-04   7.7268370e-03   5.8294003e-08   4.8284473e-07   7.8661379e-06   1.2822820e-02  -8.6261955e-03  -1.6651311e-02   9.8512699e-04  -1.9191153e-04   4.6146040e-04   1.6442471e-04   7.4411249e-05   2.7726616e-04   9.7047519e-07   3.6830035e-08   2.1294570e-07
   1.0000000e+00  -2.5779508e-01  -3.0103793e-02   1.0237160e-01  -8.4014544e-04   8.5496183e-04  -3.0931577e-03   6.6458303e-02   9.0623835e-04   1.0479944e-02   7.0584436e-07   7.3095973e-07   9.5676246e-06  -1.0255870e-02  -1.4841136e-02   1.4469171e-02  -5.9870393e-04   1.6009153e-04  -2.8849410e-04   1.0518287e-04   2.2025932e-04   2.0935691e-04   3.5844640e-07   2.5629298e-08   8.3228846e-08
   1.0000000e+00  -2.7253030e-01  -5.6622517e-02   1.3789519e-01  -1.2229831e-03   9.3754794e-04  -3.6624748e-03   7.4272764e-02   3.2061094e-03   1.9015083e-02   1.4956877e-06   8.7899614e-07   1.3413722e-05  -1.4735220e-02  -2.6518724e-02   3.5523590e-02  -3.8283766e-04   8.2586110e-05  -5.6931710e-04   2.1712671e-04   7.0324272e-04   1.2619254e-03   1.4656467e-07   6.8204656e-09   3.2412196e-07
   1.0000000e+00  -2.4885694e-01  -6.8455938e-02   1.3651096e-01  -2.0162713e-03   1.2118655e-03  -2.9953863e-03   6.1929777e-02   4.6862154e-03   1.8635242e-02   4.0653500e-06   1.4686180e-06   8.9723391e-06   2.3673360e-02  -1.1833421e-02  -1.3842300e-03  -7.9328820e-04   2.7431756e-04   6.6708850e-04   5.6042797e-04   1.4002985e-04   1.9160927e-06   6.2930617e-07   7.5250124e-08   4.4500707e-07
   1.0000000e+00  -2.3710302e-01  -5.8176205e-02   1.1578283e-01  -1.8402458e-03   8.5779363e-04  -3.2431332e-03   5.6217842e-02   3.3844708e-03   1.3405664e-02   3.3865046e-06   7.3580991e-07   1.0517913e-05   1.1753920e-02   1.0279733e-02  -2.0728130e-02   1.7602550e-04  -3.5407187e-04  -2.4774690e-04   1.3815464e-04   1.0567291e-04   4.2965537e-04   3.0984977e-08   1.2536689e-07   6.1378526e-08
   1.0000000e+00  -2.3527245e-01  -1.0500149e-01   1.5749609e-01  -1.7928288e-03   1.1609044e-03  -2.9632411e-03   5.5353126e-02   1.1025313e-02   2.4805018e-02   3.2142351e-06   1.3476990e-06   8.7807978e-06   1.8305700e-03  -4.6825285e-02   4.1713260e-02   4.7417000e-05   3.0311077e-04   2.7989210e-04   3.3509865e-06   2.1926073e-03   1.7399961e-03   2.2483719e-09   9.1876139e-08   7.8339588e-08
   1.0000000e+00  -2.4642843e-01  -8.6934709e-02   1.5267243e-01  -2.5860955e-03   1.0812089e-03  -3.2052932e-03   6.0726971e-02   7.5576436e-03   2.3308871e-02   6.6878899e-06   1.1690127e-06   1.0273904e-05  -1.1155980e-02   1.8066781e-02  -4.8236600e-03  -7.9326670e-04  -7.9695500e-05  -2.4205210e-04   1.2445589e-04   3.2640858e-04   2.3267696e-05   6.2927206e-07   6.3513727e-09   5.8589219e-08
   1.0000000e+00  -2.4399800e-01  -9.7325963e-02   1.3639485e-01  -1.5590622e-03   1.1668485e-03  -2.8316827e-03   5.9535024e-02   9.4723431e-03   1.8603555e-02   2.4306749e-06   1.3615354e-06   8.0184269e-06   2.4304300e-03  -1.0391254e-02  -1.6277580e-02   1.0270333e-03   8.5639600e-05   3.7361050e-04   5.9069900e-06   1.0797816e-04   2.6495961e-04   1.0547974e-06   7.3341411e-09   1.3958481e-07
   1.0000000e+00  -2.5595169e-01  -1.0490496e-01   1.3109333e-01  -2.0857744e-03   9.2385481e-04  -3.0507078e-03   6.5511268e-02   1.1005051e-02   1.7185461e-02   4.3504548e-06   8.5350771e-07   9.3068181e-06  -1.1953690e-02  -7.5789970e-03  -5.3015200e-03  -5.2671220e-04  -2.4299369e-04  -2.1902510e-04   1.4289070e-04   5.7441196e-05   2.8106114e-05   2.7742574e-07   5.9045933e-08   4.7971994e-08
   1.0000000e+00  -2.5311064e-01  -9.6752074e-02   9.9088874e-02  -1.3631880e-03   5.5602342e-04  -3.0938026e-03   6.4064996e-02   9.3609638e-03   9.8186050e-03   1.8582815e-06   3.0916204e-07   9.5716145e-06   2.8410500e-03   8.1528860e-03  -3.2004456e-02   7.2258640e-04  -3.6783139e-04  -4.3094800e-05   8.0715651e-06   6.6469550e-05   1.0242852e-03   5.2213111e-07   1.3529993e-07   1.8571618e-09
   1.0000000e+00  -2.5434664e-01  -1.0780901e-01   1.1171407e-01  -1.1093916e-03   7.0878177e-04  -3.1434725e-03   6.4692213e-02   1.1622783e-02   1.2480033e-02   1.2307497e-06   5.0237160e-07   9.8814194e-06  -1.2360000e-03  -1.1056936e-02   1.2625196e-02   2.5379640e-04   1.5275835e-04  -4.9669900e-05   1.5276960e-06   1.2225583e-04   1.5939557e-04   6.4412613e-08   2.3335113e-08   2.4670990e-09
   1.0000000e+00  -2.6303746e-01  -1.0607861e-01   1.0862163e-01  -1.3679160e-03   7.6883404e-04  -3.0741796e-03   6.9188705e-02   1.1252671e-02   1.1798659e-02   1.8711942e-06   5.9110578e-07   9.4505802e-06  -8.6908200e-03   1.7304000e-03  -3.0924400e-03  -2.5852440e-04   6.0052270e-05   6.9292900e-05   7.5530352e-05   2.9942842e-06   9.5631852e-06   6.6834865e-08   3.6062751e-09   4.8015060e-09
   1.0000000e+00  -2.5592412e-01  -1.2044833e-01   1.1795580e-01  -1.4110379e-03   8.5966860e-04  -3.2445193e-03   6.5497155e-02   1.4507800e-02   1.3913571e-02   1.9910280e-06   7.3903010e-07   1.0526905e-05   7.1133400e-03  -1.4369720e-02   9.3341700e-03  -4.3121900e-05   9.0834560e-05  -1.7033970e-04   5.0599606e-05   2.0648885e-04   8.7126730e-05   1.8594983e-09   8.2509173e-09   2.9015613e-08
   1.0000000e+00  -2.5640629e-01  -1.0767724e-01   1.3198195e-01  -1.7740527e-03   9.1421118e-04  -3.0762757e-03   6.5744186e-02   1.1594388e-02   1.7419235e-02   3.1472630e-06   8.3578208e-07   9.4634722e-06  -4.8217000e-04   1.2771090e-02   1.4026150e-02  -3.6301480e-04   5.4542580e-05   1.6824360e-04   2.3248791e-07   1.6310074e-04   1.9673288e-04   1.3177975e-07   2.9748930e-09   2.8305909e-08
   1.0000000e+00  -2.7073779e-01  -1.1257718e-01   1.2282316e-01  -1.9554880e-03   8.3203945e-04  -3.3817618e-03   7.3298951e-02   1.2673621e-02   1.5085529e-02   3.8239333e-06   6.9228965e-07   1.1436313e-05  -1.4331500e-02  -4.8999400e-03  -9.1587900e-03  -1.8143530e-04  -8.2171730e-05  -3.0548610e-04   2.0539189e-04   2.4009412e-05   8.3883434e-05   3.2918768e-08   6.7521932e-09   9.3321757e-08
   1.0000000e+00  -2.5661550e-01  -1.2607452e-01   1.3531537e-01  -8.9047798e-04   9.9468378e-04  -2.9267844e-03   6.5851515e-02   1.5894785e-02   1.8310249e-02   7.9295103e-07   9.8939582e-07   8.5660669e-06   1.4122290e-02  -1.3497340e-02   1.2492210e-02   1.0650100e-03   1.6264433e-04   4.5497740e-04   1.9943907e-04   1.8217819e-04   1.5605531e-04   1.1342463e-06   2.6453178e-08   2.0700443e-07
   1.0000000e+00  -2.4950381e-01  -1.1225871e-01   1.0019925e-01  -1.5077932e-03   8.6466598e-04  -2.9681100e-03   6.2252151e-02   1.2602018e-02   1.0039890e-02   2.2734403e-06   7.4764726e-07   8.8096770e-06   7.1116900e-03   1.3815810e-02  -3.5116120e-02  -6.1731522e-04  -1.3001780e-04  -4.1325600e-05   5.0576135e-05   1.9087661e-04   1.2331419e-03   3.8107808e-07   1.6904628e-08   1.7078052e-09
   1.0000000e+00  -2.5362655e-01  -1.3999675e-01   1.0726274e-01  -1.0097866e-03   1.1079859e-03  -2.7218364e-03   6.4326427e-02   1.9599090e-02   1.1505295e-02   1.0196690e-06   1.2276328e-06   7.4083934e-06  -4.1227400e-03  -2.7738040e-02   7.0634900e-03   4.9800660e-04   2.4331992e-04   2.4627360e-04   1.6996985e-05   7.6939886e-04   4.9892891e-05   2.4801057e-07   5.9204583e-08   6.0650686e-08
   1.0000000e+00  -2.4770821e-01  -1.3040251e-01   1.4517905e-01  -1.0675407e-03   1.0768250e-03  -2.8092423e-03   6.1359357e-02   1.7004815e-02   2.1076957e-02   1.1396431e-06   1.1595521e-06   7.8918423e-06   5.9183400e-03   9.5942400e-03   3.7916310e-02  -5.7754100e-05  -3.1160900e-05  -8.7405900e-05   3.5026748e-05   9.2049441e-05   1.4376466e-03   3.3355361e-09   9.7100169e-10   7.6397914e-09
   1.0000000e+00  -2.4683445e-01  -1.2447358e-01   1.3469148e-01  -1.8360651e-03   8.9720202e-04  -2.7764573e-03   6.0927246e-02   1.5493672e-02   1.8141795e-02   3.3711351e-06   8.0497146e-07   7.7087151e-06   8.7376000e-04   5.9289300e-03  -1.0487570e-02  -7.6852440e-04  -1.7962298e-04   3.2785000e-05   7.6345654e-07   3.5152211e-05   1.0998912e-04   5.9062975e-07   3.2264415e-08   1.0748562e-09
   1.0000000e+00  -2.3987065e-01  -1.1482844e-01   1.5259073e-01  -9.3704000e-04   1.1784042e-03  -2.6793405e-03   5.7537929e-02   1.3185571e-02   2.3283931e-02   8.7804396e-07   1.3886365e-06   7.1788655e-06   6.9638000e-03   9.6451400e-03   1.7899250e-02   8.9902510e-04   2.8120218e-04   9.7116800e-05   4.8494510e-05   9.3028726e-05   3.2038315e-04   8.0824613e-07   7.9074666e-08   9.4316728e-09
   1.0000000e+00  -2.4345601e-01  -9.2973137e-02   1.8170754e-01  -1.8942191e-03   1.3320359e-03  -2.5849193e-03   5.9270829e-02   8.6440042e-03   3.3017630e-02   3.5880660e-06   1.7743196e-06   6.6818078e-06  -3.5853600e-03   2.1855303e-02   2.9116810e-02  -9.5717910e-04   1.5363170e-04   9.4421200e-05   1.2854806e-05   4.7765427e-04   8.4778862e-04   9.1619183e-07   2.3602699e-08   8.9153630e-09
   1.0000000e+00  -2.3523085e-01  -1.0028486e-01   1.5402260e-01  -1.3310907e-03   1.0876653e-03  -2.4809184e-03   5.5333553e-02   1.0057053e-02   2.3722961e-02   1.7718025e-06   1.1830158e-06   6.1549561e-06   8.2251600e-03  -7.3117230e-03  -2.7684940e-02   5.6312840e-04  -2.4437060e-04   1.0400090e-04   6.7653257e-05   5.3461293e-05   7.6645590e-04   3.1711359e-07   5.9716990e-08   1.0816187e-08
   1.0000000e+00  -2.1810345e-01  -9.7332111e-02   1.6001701e-01  -7.1354634e-04   8.8392302e-04  -2.3913356e-03   4.7569115e-02   9.4735398e-03   2.5605443e-02   5.0914838e-07   7.8131991e-07   5.7184860e-06   1.7127400e-02   2.9527490e-03   5.9944100e-03   6.1754436e-04  -2.0374228e-04   8.9582800e-05   2.9334783e-04   8.7187267e-06   3.5932951e-05   3.8136104e-07   4.1510917e-08   8.0250781e-09
   1.0000000e+00  -2.4778519e-01  -8.9477943e-02   1.5490516e-01  -1.4319142e-03   1.0962821e-03  -2.6142438e-03   6.1397500e-02   8.0063023e-03   2.3995609e-02   2.0503783e-06   1.2018344e-06   6.8342706e-06  -2.9681740e-02   7.8541680e-03  -5.1118500e-03  -7.1836786e-04   2.1235908e-04  -2.2290820e-04   8.8100569e-04   6.1687955e-05   2.6131010e-05   5.1605238e-07   4.5096379e-08   4.9688066e-08
   1.0000000e+00  -2.3199019e-01  -8.1112272e-02   1.6925812e-01  -1.2242717e-03   9.6615475e-04  -2.3937576e-03   5.3819448e-02   6.5792007e-03   2.8648311e-02   1.4988412e-06   9.3345500e-07   5.7300754e-06   1.5795000e-02   8.3656710e-03   1.4352960e-02   2.0764250e-04  -1.3012735e-04   2.2048620e-04   2.4948202e-04   6.9984451e-05   2.0600746e-04   4.3115408e-08   1.6933127e-08   4.8614164e-08
   1.0000000e+00  -2.4983513e-01  -6.6925049e-02   1.7206823e-01  -1.2447289e-03   1.2506518e-03  -2.6148068e-03   6.2417592e-02   4.4789622e-03   2.9607476e-02   1.5493500e-06   1.5641299e-06   6.8372146e-06  -1.7844940e-02   1.4187223e-02   2.8101100e-03  -2.0457200e-05   2.8449705e-04  -2.2104920e-04   3.1844188e-04   2.0127730e-04   7.8967182e-06   4.1849703e-10   8.0938571e-08   4.8862749e-08
   1.0000000e+00  -2.4453698e-01  -9.1677126e-02   1.7035261e-01  -8.6340449e-04   1.2044288e-03  -2.7164716e-03   5.9798335e-02   8.4046954e-03   2.9020012e-02   7.4546731e-07   1.4506487e-06   7.3792180e-06   5.2981500e-03  -2.4752077e-02  -1.7156200e-03   3.8132441e-04  -4.6223000e-05  -1.0166480e-04   2.8070393e-05   6.1266532e-04   2.9433520e-06   1.4540831e-07   2.1365657e-09   1.0335732e-08
   1.0000000e+00  -2.3034706e-01  -8.2269120e-02   1.4428729e-01  -8.8398007e-04   1.2671592e-03  -2.3937765e-03   5.3059768e-02   6.7682081e-03   2.0818822e-02   7.8142076e-07   1.6056924e-06   5.7301659e-06   1.4189920e-02   9.4080060e-03  -2.6065320e-02  -2.0575580e-05   6.2730400e-05   3.2269510e-04   2.0135383e-04   8.8510577e-05   6.7940091e-04   4.2335449e-10   3.9351031e-09   1.0413213e-07
   1.0000000e+00  -2.1373799e-01  -6.7148278e-02   1.4543924e-01  -7.2568814e-04   1.1741283e-03  -2.1670875e-03   4.5683928e-02   4.5088912e-03   2.1152573e-02   5.2662328e-07   1.3785773e-06   4.6962682e-06   1.6609070e-02   1.5120842e-02   1.1519500e-03   1.5829193e-04  -9.3030900e-05   2.2668900e-04   2.7586121e-04   2.2863986e-04   1.3269888e-06   2.5056335e-08   8.6547484e-09   5.1387903e-08
   1.0000000e+00  -2.2860128e-01  -9.9975758e-02   1.5165944e-01   1.4602084e-04   1.3099005e-03  -2.2131856e-03   5.2258545e-02   9.9951522e-03   2.3000586e-02   2.1322086e-08   1.7158393e-06   4.8981905e-06  -1.4863290e-02  -3.2827480e-02   6.2202000e-03   8.7170898e-04   1.3577220e-04  -4.6098100e-05   2.2091739e-04   1.0776434e-03   3.8690888e-05   7.5987655e-07   1.8434090e-08   2.1250348e-09
   1.0000000e+00  -2.3222755e-01  -1.2301909e-01   1.2430589e-01  -2.4648997e-04   1.1295862e-03  -2.3138286e-03   5.3929635e-02   1.5133697e-02   1.5451954e-02   6.0757305e-08   1.2759650e-06   5.3538028e-06  -3.6262700e-03  -2.3043332e-02  -2.7353550e-02  -3.9251081e-04  -1.8031430e-04  -1.0064300e-04   1.3149834e-05   5.3099515e-04   7.4821670e-04   1.5406474e-07   3.2513247e-08   1.0129013e-08
   1.0000000e+00  -2.2842666e-01  -1.4369319e-01   1.3832575e-01  -1.1064363e-04   1.2922907e-03  -2.3433092e-03   5.2178739e-02   2.0647733e-02   1.9134013e-02   1.2242013e-08   1.6700153e-06   5.4910980e-06   3.8008900e-03  -2.0674100e-02   1.4019860e-02   1.3584634e-04   1.6270450e-04  -2.9480600e-05   1.4446765e-05   4.2741841e-04   1.9655647e-04   1.8454228e-08   2.6472754e-08   8.6910578e-10
   1.0000000e+00  -2.2496531e-01  -1.1723739e-01   1.0116269e-01   2.5345832e-04   1.4704695e-03  -2.1595540e-03   5.0609391e-02   1.3744606e-02   1.0233890e-02   6.4241120e-08   2.1622806e-06   4.6636735e-06   3.4613500e-03   2.6455800e-02  -3.7163060e-02   3.6410195e-04   1.7817880e-04   1.8375520e-04   1.1980944e-05   6.9990935e-04   1.3810930e-03   1.3257023e-07   3.1747685e-08   3.3765974e-08
   1.0000000e+00  -2.1391800e-01  -1.1389814e-01   1.1932723e-01   2.1367662e-04   1.6022468e-03  -2.5433762e-03   4.5760911e-02   1.2972786e-02   1.4238988e-02   4.5657698e-08   2.5671948e-06   6.4687625e-06   1.1047310e-02   3.3392500e-03   1.8164540e-02  -3.9781700e-05   1.3177730e-04  -3.8382220e-04   1.2204306e-04   1.1150591e-05   3.2995051e-04   1.5825837e-09   1.7365257e-08   1.4731948e-07
   1.0000000e+00  -2.2976019e-01  -1.1719901e-01   1.6967121e-01  -4.6490034e-04   2.1973380e-03  -2.8778848e-03   5.2789745e-02   1.3735608e-02   2.8788320e-02   2.1613233e-07   4.8282943e-06   8.2822209e-06  -1.5842190e-02  -3.3008700e-03   5.0343980e-02  -6.7857696e-04   5.9509120e-04  -3.3450860e-04   2.5097498e-04   1.0895743e-05   2.5345163e-03   4.6046669e-07   3.5413354e-07   1.1189600e-07
   1.0000000e+00  -2.1995420e-01  -7.9724020e-02   1.8666575e-01  -5.2851893e-04   1.7958224e-03  -2.6798225e-03   4.8379850e-02   6.3559194e-03   3.4844102e-02   2.7933226e-07   3.2249781e-06   7.1814486e-06   9.8059900e-03   3.7474990e-02   1.6994540e-02  -6.3618590e-05  -4.0151560e-04   1.9806230e-04   9.6157440e-05   1.4043749e-03   2.8881439e-04   4.0473250e-09   1.6121478e-07   3.9228675e-08
   1.0000000e+00  -2.1624605e-01  -9.5981353e-02   1.7456126e-01   1.2786702e-04   1.7220984e-03  -2.6039560e-03   4.6762354e-02   9.2124201e-03   3.0471633e-02   1.6349975e-08   2.9656229e-06   6.7805868e-06   3.7081500e-03  -1.6257333e-02  -1.2104490e-02   6.5638595e-04  -7.3724000e-05   7.5866500e-05   1.3750376e-05   2.6430088e-04   1.4651868e-04   4.3084252e-07   5.4352282e-09   5.7557258e-09
   1.0000000e+00  -2.1391239e-01  -8.2843082e-02   1.5839042e-01  -2.4316629e-04   1.7261893e-03  -2.5153577e-03   4.5758511e-02   6.8629762e-03   2.5087525e-02   5.9129845e-08   2.9797295e-06   6.3270244e-06   2.3336600e-03   1.3138271e-02  -1.6170840e-02  -3.7103331e-04   4.0909000e-06   8.8598300e-05   5.4459690e-06   1.7261416e-04   2.6149607e-04   1.3766572e-07   1.6735463e-11   7.8496588e-09
   1.0000000e+00  -2.1738225e-01  -7.9913240e-02   1.6501376e-01  -5.7383008e-04   1.5741091e-03  -2.5842541e-03   4.7255043e-02   6.3861259e-03   2.7229541e-02   3.2928096e-07   2.4778195e-06   6.6783693e-06  -3.4698600e-03   2.9298420e-03   6.6233400e-03  -3.3066379e-04  -1.5208020e-04  -6.8896400e-05   1.2039928e-05   8.5839741e-06   4.3868633e-05   1.0933854e-07   2.3128387e-08   4.7467139e-09
   1.0000000e+00  -2.3305312e-01  -9.3750173e-02   1.9299289e-01  -4.0269163e-04   1.9429132e-03  -2.6721388e-03   5.4313757e-02   8.7890949e-03   3.7246256e-02   1.6216055e-07   3.7749117e-06   7.1403258e-06  -1.5670870e-02  -1.3836933e-02   2.7979130e-02   1.7113845e-04   3.6880410e-04  -8.7884700e-05   2.4557617e-04   1.9146071e-04   7.8283172e-04   2.9288369e-08   1.3601646e-07   7.7237205e-09
   1.0000000e+00  -2.2275631e-01  -9.4577877e-02   1.4460276e-01   1.7294314e-04   1.8844801e-03  -2.1339595e-03   4.9620374e-02   8.9449748e-03   2.0909958e-02   2.9909330e-08   3.5512652e-06   4.5537831e-06   1.0296810e-02  -8.2770400e-04  -4.8390130e-02   5.7563477e-04  -5.8433100e-05   5.3817930e-04   1.0602430e-04   6.8509391e-07   2.3416047e-03   3.3135539e-07   3.4144272e-09   2.8963696e-07
   1.0000000e+00  -2.2226198e-01  -1.1463258e-01   1.3256921e-01   9.8972876e-04   1.8949950e-03  -2.3264417e-03   4.9400388e-02   1.3140628e-02   1.7574595e-02   9.7956302e-07   3.5910061e-06   5.4123310e-06   4.9433000e-04  -2.0054703e-02  -1.2033550e-02   8.1678562e-04   1.0514900e-05  -1.9248220e-04   2.4436215e-07   4.0219111e-04   1.4480633e-04   6.6713875e-07   1.1056312e-10   3.7049397e-08
   1.0000000e+00  -2.5110239e-01  -1.0884497e-01   1.4628628e-01   5.5315527e-04   2.0769912e-03  -3.0627392e-03   6.3052410e-02   1.1847227e-02   2.1399676e-02   3.0598075e-07   4.3138924e-06   9.3803714e-06  -2.8840410e-02   5.7876100e-03   1.3717070e-02  -4.3657349e-04   1.8199620e-04  -7.3629750e-04   8.3176925e-04   3.3496430e-05   1.8815801e-04   1.9059641e-07   3.3122617e-08   5.4213401e-07
   1.0000000e+00  -2.3638119e-01  -1.2306375e-01   1.1685331e-01   1.2359571e-03   1.7119101e-03  -2.5092131e-03   5.5876067e-02   1.5144687e-02   1.3654696e-02   1.5275900e-06   2.9306362e-06   6.2961504e-06   1.4721200e-02  -1.4218780e-02  -2.9432970e-02   6.8280183e-04  -3.6508110e-04   5.5352610e-04   2.1671373e-04   2.0217370e-04   8.6629972e-04   4.6621834e-07   1.3328421e-07   3.0639114e-07
   1.0000000e+00  -2.8581517e-01  -1.2616457e-01   1.5526524e-01   4.2099082e-04   2.5575730e-03  -3.8025587e-03   8.1690311e-02   1.5917499e-02   2.4107295e-02   1.7723327e-07   6.5411797e-06   1.4459453e-05  -4.9433980e-02  -3.1008200e-03   3.8411930e-02  -8.1496628e-04   8.4566290e-04  -1.2933456e-03   2.4437184e-03   9.6150847e-06   1.4754764e-03   6.6417004e-07   7.1514574e-07   1.6727428e-06
   1.0000000e+00  -2.9792002e-01  -1.1243263e-01   1.1898211e-01  -1.5260485e-05   1.9821102e-03  -4.3570577e-03   8.8756338e-02   1.2641096e-02   1.4156743e-02   2.3288240e-10   3.9287608e-06   1.8983952e-05  -1.2104850e-02   1.3731940e-02  -3.6283130e-02  -4.3625130e-04  -5.7546280e-04  -5.5449900e-04   1.4652739e-04   1.8856618e-04   1.3164655e-03   1.9031520e-07   3.3115743e-07   3.0746914e-07
   1.0000000e+00  -2.5515296e-01  -1.7770789e-01   9.7330593e-02   7.0853108e-04   2.0675640e-03  -3.6639691e-03   6.5103033e-02   3.1580094e-02   9.4732443e-03   5.0201629e-07   4.2748209e-06   1.3424670e-05   4.2767060e-02  -6.5275260e-02  -2.1651517e-02   7.2379157e-04   8.5453800e-05   6.9308860e-04   1.8290214e-03   4.2608596e-03   4.6878819e-04   5.2387423e-07   7.3023519e-09   4.8037181e-07
   1.0000000e+00  -2.8373345e-01  -1.3504427e-01   1.2005606e-01  -4.0581906e-05   2.3880684e-03  -3.9133398e-03   8.0504671e-02   1.8236955e-02   1.4413458e-02   1.6468911e-09   5.7028707e-06   1.5314228e-05  -2.8580490e-02   4.2663620e-02   2.2725467e-02  -7.4911299e-04   3.2050440e-04  -2.4937070e-04   8.1684441e-04   1.8201845e-03   5.1644685e-04   5.6117027e-07   1.0272307e-07   6.2185746e-08
   1.0000000e+00  -2.5141639e-01  -1.7078004e-01   1.0439501e-01   8.7454719e-04   2.0395400e-03  -3.6020134e-03   6.3210201e-02   2.9165822e-02   1.0898318e-02   7.6483279e-07   4.1597234e-06   1.2974501e-05   3.2317060e-02  -3.5735770e-02  -1.5661050e-02   9.1512910e-04  -3.4852840e-04   3.1132640e-04   1.0443924e-03   1.2770453e-03   2.4526849e-04   8.3746126e-07   1.2147205e-07   9.6924127e-08
   1.0000000e+00  -2.3421711e-01  -1.3552349e-01   1.0471951e-01  -7.2703538e-05   2.0201943e-03  -3.0426947e-03   5.4857655e-02   1.8366616e-02   1.0966176e-02   5.2858044e-09   4.0811850e-06   9.2579910e-06   1.7199280e-02   3.5256550e-02   3.2450000e-04  -9.4725073e-04  -1.9345700e-05   5.5931870e-04   2.9581523e-04   1.2430243e-03   1.0530025e-07   8.9728394e-07   3.7425611e-10   3.1283741e-07
   1.0000000e+00  -2.4804394e-01  -1.7334420e-01   1.4051708e-01   4.3385583e-05   2.0386522e-03  -3.5722058e-03   6.1525796e-02   3.0048212e-02   1.9745050e-02   1.8823088e-09   4.1561028e-06   1.2760654e-05  -1.3826830e-02  -3.7820710e-02   3.5797570e-02   1.1608912e-04   1.8457900e-05  -5.2951110e-04   1.9118123e-04   1.4304061e-03   1.2814660e-03   1.3476684e-08   3.4069407e-10   2.8038201e-07
   1.0000000e+00  -2.2304620e-01  -1.6091768e-01   1.5583935e-01   3.2334641e-04   1.9244432e-03  -2.8259112e-03   4.9749607e-02   2.5894500e-02   2.4285903e-02   1.0455290e-07   3.7034816e-06   7.9857741e-06   2.4997740e-02   1.2426520e-02   1.5322270e-02   2.7996083e-04  -1.1420900e-04   7.4629460e-04   6.2488701e-04   1.5441840e-04   2.3477196e-04   7.8378065e-08   1.3043696e-08   5.5695563e-07
   1.0000000e+00  -2.2548398e-01  -1.6505469e-01   1.4081384e-01  -2.1205606e-04   1.8503535e-03  -2.9945591e-03   5.0843025e-02   2.7243051e-02   1.9828538e-02   4.4967773e-08   3.4238081e-06   8.9673842e-06  -2.4377800e-03  -4.1370100e-03  -1.5025510e-02  -5.3540247e-04  -7.4089700e-05  -1.6864790e-04   5.9427713e-06   1.7114852e-05   2.2576595e-04   2.8665580e-07   5.4892836e-09   2.8442114e-08
   1.0000000e+00  -2.3700020e-01  -2.0150371e-01   1.5752051e-01  -5.4899189e-04   2.1307131e-03  -3.3026322e-03   5.6169095e-02   4.0603745e-02   2.4812711e-02   3.0139210e-07   4.5399383e-06   1.0907379e-05  -1.1516220e-02  -3.6449020e-02   1.6706670e-02  -3.3693583e-04   2.8035960e-04  -3.0807310e-04   1.3262332e-04   1.3285311e-03   2.7911282e-04   1.1352575e-07   7.8601505e-08   9.4909035e-08
   1.0000000e+00  -2.3280882e-01  -1.6415916e-01   1.4306160e-01  -4.8204321e-04   1.8436991e-03  -2.8451494e-03   5.4199947e-02   2.6948230e-02   2.0466621e-02   2.3236566e-07   3.3992264e-06   8.0948751e-06   4.1913800e-03   3.7344550e-02  -1.4458910e-02   6.6948680e-05  -2.8701400e-04   4.5748280e-04   1.7567666e-05   1.3946154e-03   2.0906008e-04   4.4821258e-09   8.2377036e-08   2.0929051e-07
   1.0000000e+00  -2.1311457e-01  -1.4209508e-01   1.6218258e-01  -1.0041461e-03   1.6690892e-03  -2.7501193e-03   4.5417820e-02   2.0191012e-02   2.6303189e-02   1.0083094e-06   2.7858588e-06   7.5631562e-06   1.9694250e-02   2.2064080e-02   1.9120980e-02  -5.2210289e-04  -1.7460990e-04   9.5030100e-05   3.8786348e-04   4.8682363e-04   3.6561188e-04   2.7259143e-07   3.0488617e-08   9.0307199e-09
   1.0000000e+00  -2.2575385e-01  -2.0242214e-01   1.7494183e-01  -3.8540307e-04   1.8416810e-03  -2.8107674e-03   5.0964801e-02   4.0974723e-02   3.0604644e-02   1.4853553e-07   3.3917889e-06   7.9004134e-06  -1.2639280e-02  -6.0327060e-02   1.2759250e-02   6.1874303e-04   1.7259180e-04  -6.0648100e-05   1.5975140e-04   3.6393542e-03   1.6279846e-04   3.8284294e-07   2.9787929e-08   3.6781920e-09
   1.0000000e+00  -2.2418804e-01  -1.6880270e-01   1.7016389e-01  -9.6206301e-04   1.6757532e-03  -2.9639280e-03   5.0260277e-02   2.8494352e-02   2.8955749e-02   9.2556524e-07   2.8081488e-06   8.7848692e-06   1.5658100e-03   3.3619440e-02  -4.7779400e-03  -5.7665994e-04  -1.6592780e-04  -1.5316060e-04   2.4517610e-06   1.1302667e-03   2.2828711e-05   3.3253669e-07   2.7532035e-08   2.3458169e-08
   1.0000000e+00  -2.1705401e-01  -1.5667217e-01   1.5560870e-01  -2.7301165e-04   1.6376220e-03  -2.7473166e-03   4.7112443e-02   2.4546169e-02   2.4214068e-02   7.4535361e-08   2.6818058e-06   7.5477485e-06   7.1340300e-03   1.2130530e-02  -1.4555190e-02   6.8905136e-04  -3.8131200e-05   2.1661140e-04   5.0894384e-05   1.4714976e-04   2.1185356e-04   4.7479178e-07   1.4539884e-09   4.6920499e-08
   1.0000000e+00  -2.3505490e-01  -1.8582583e-01   1.5625283e-01  -1.9418267e-04   1.8547811e-03  -3.1322355e-03   5.5250806e-02   3.4531239e-02   2.4414947e-02   3.7706909e-08   3.4402129e-06   9.8108992e-06  -1.8000890e-02  -2.9153660e-02   6.4413000e-04   7.8828980e-05   2.1715910e-04  -3.8491890e-04   3.2403204e-04   8.4993589e-04   4.1490346e-07   6.2140081e-09   4.7158075e-08   1.4816256e-07
   1.0000000e+00  -2.3579861e-01  -1.6517348e-01   1.7649215e-01  -5.7218306e-04   1.1096241e-03  -3.2064074e-03   5.5600984e-02   2.7282278e-02   3.1149479e-02   3.2739345e-07   1.2312656e-06   1.0281048e-05  -7.4371000e-04   2.0652350e-02   2.0239320e-02  -3.7800039e-04  -7.4515700e-04  -7.4171900e-05   5.5310456e-07   4.2651956e-04   4.0963007e-04   1.4288429e-07   5.5525895e-07   5.5014707e-09
   1.0000000e+00  -2.4255033e-01  -2.0469789e-01   1.7297723e-01  -8.7304916e-05   1.6414396e-03  -3.2933070e-03   5.8830663e-02   4.1901226e-02   2.9921122e-02   7.6221484e-09   2.6943240e-06   1.0845871e-05  -6.7517200e-03  -3.9524410e-02  -3.5149200e-03   4.8487814e-04   5.3181550e-04  -8.6899600e-05   4.5585723e-05   1.5621790e-03   1.2354663e-05   2.3510681e-07   2.8282773e-07   7.5515405e-09
   1.0000000e+00  -2.5820296e-01  -1.6854003e-01   1.6738430e-01  -7.2393512e-04   1.5623521e-03  -3.5190159e-03   6.6668769e-02   2.8405742e-02   2.8017504e-02   5.2408206e-07   2.4409441e-06   1.2383473e-05  -1.5652630e-02   3.6157860e-02  -5.5929300e-03  -6.3663020e-04  -7.9087500e-05  -2.2570890e-04   2.4500483e-04   1.3073908e-03   3.1280866e-05   4.0529802e-07   6.2548327e-09   5.0944508e-08
   1.0000000e+00  -2.4266364e-01  -1.6641002e-01   1.4110280e-01   2.3798315e-04   1.5191061e-03  -2.9932177e-03   5.8885642e-02   2.7692295e-02   1.9910000e-02   5.6635980e-08   2.3076833e-06   8.9593522e-06   1.5539320e-02   2.1300100e-03  -2.6281500e-02   9.6191827e-04  -4.3246000e-05   5.2579820e-04   2.4147047e-04   4.5369426e-06   6.9071724e-04   9.2528676e-07   1.8702165e-09   2.7646375e-07
   1.0000000e+00  -2.5553407e-01  -1.6988452e-01   1.5841018e-01  -2.7419649e-04   1.4519606e-03  -3.2634250e-03   6.5297661e-02   2.8860750e-02   2.5093785e-02   7.5183715e-08   2.1081896e-06   1.0649943e-05  -1.2870430e-02  -3.4745000e-03   1.7307380e-02  -5.1217964e-04  -6.7145500e-05  -2.7020730e-04   1.6564797e-04   1.2072150e-05   2.9954540e-04   2.6232798e-07   4.5085182e-09   7.3011985e-08
   1.0000000e+00  -2.6832326e-01  -1.6120724e-01   1.5917183e-01  -5.5347197e-04   1.2809963e-03  -3.4445057e-03   7.1997372e-02   2.5987774e-02   2.5335671e-02   3.0633122e-07   1.6409515e-06   1.1864620e-05  -1.2789190e-02   8.6772800e-03   7.6165000e-04  -2.7927548e-04  -1.7096430e-04  -1.8108070e-04   1.6356338e-04   7.5295188e-05   5.8011072e-07   7.7994794e-08   2.9228792e-08   3.2790220e-08
   1.0000000e+00  -2.6029630e-01  -2.0491466e-01   1.5954813e-01   2.7885114e-04   1.3711709e-03  -3.4389015e-03   6.7754164e-02   4.1990018e-02   2.5455606e-02   7.7757958e-08   1.8801096e-06   1.1826044e-05   8.0269600e-03  -4.3707420e-02   3.7630000e-04   8.3232311e-04   9.0174600e-05   5.6042000e-06   6.4432087e-05   1.9103386e-03   1.4160169e-07   6.9276176e-07   8.1314585e-09   3.1407058e-11
   1.0000000e+00  -2.6598506e-01  -1.7543115e-01   1.5309083e-01  -2.0003301e-04   1.6296584e-03  -3.4292473e-03   7.0748052e-02   3.0776088e-02   2.3436802e-02   4.0013205e-08   2.6557865e-06   1.1759737e-05  -5.6887600e-03   2.9483510e-02  -6.4573000e-03  -4.7888415e-04   2.5848750e-04   9.6542000e-06   3.2361990e-05   8.6927736e-04   4.1696723e-05   2.2933003e-07   6.6815788e-08   9.3203578e-11
   1.0000000e+00  -2.7857466e-01  -1.7522897e-01   1.3957597e-01   4.6128685e-04   1.3265829e-03  -3.4063138e-03   7.7603841e-02   3.0705192e-02   1.9481451e-02   2.1278556e-07   1.7598222e-06   1.1602974e-05  -1.2589600e-02   2.0218000e-04  -1.3514860e-02   6.6131986e-04  -3.0307550e-04   2.2933500e-05   1.5849803e-04   4.0876752e-08   1.8265144e-04   4.3734396e-07   9.1854759e-08   5.2594542e-10
   1.0000000e+00  -2.8035800e-01  -1.9103346e-01   1.5146601e-01   3.0179459e-04   1.3196847e-03  -3.1286144e-03   7.8600608e-02   3.6493783e-02   2.2941952e-02   9.1079975e-08   1.7415677e-06   9.7882281e-06  -1.7833400e-03  -1.5804490e-02   1.1890040e-02  -1.5949226e-04  -6.8982000e-06   2.7769940e-04   3.1803016e-06   2.4978190e-04   1.4137305e-04   2.5437781e-08   4.7585163e-11   7.7116957e-08
   1.0000000e+00  -2.8702774e-01  -1.9829576e-01   1.6574663e-01  -9.6355884e-05   1.0934787e-03  -3.3395562e-03   8.2384924e-02   3.9321208e-02   2.7471945e-02   9.2844564e-09   1.1956957e-06   1.1152636e-05  -6.6697400e-03  -7.2623000e-03   1.4280620e-02  -3.9815047e-04  -2.2620600e-04  -2.1094180e-04   4.4485432e-05   5.2741001e-05   2.0393611e-04   1.5852380e-07   5.1169154e-08   4.4496443e-08
   1.0000000e+00  -2.9300758e-01  -2.3765367e-01   1.6561779e-01  -3.4305059e-05   1.2591034e-03  -3.5048930e-03   8.5853442e-02   5.6479267e-02   2.7429252e-02   1.1768371e-09   1.5853414e-06   1.2284275e-05  -5.9798400e-03  -3.9357910e-02  -1.2884000e-04   6.2050825e-05   1.6562470e-04  -1.6533680e-04   3.5758486e-05   1.5490451e-03   1.6599746e-08   3.8503049e-09   2.7431541e-08   2.7336257e-08
   1.0000000e+00  -3.0359571e-01  -1.8769237e-01   1.8212470e-01  -4.8230557e-04   1.2210904e-03  -3.8363054e-03   9.2170355e-02   3.5228426e-02   3.3169406e-02   2.3261866e-07   1.4910618e-06   1.4717239e-05  -1.0588130e-02   4.9961300e-02   1.6506910e-02  -4.4800051e-04  -3.8013000e-05  -3.3141240e-04   1.1210850e-04   2.4961315e-03   2.7247808e-04   2.0070446e-07   1.4449882e-09   1.0983418e-07
   1.0000000e+00  -3.0276218e-01  -2.0255737e-01   1.4923504e-01   4.3254089e-04   1.1957287e-03  -3.7254687e-03   9.1664938e-02   4.1029488e-02   2.2271097e-02   1.8709162e-07   1.4297671e-06   1.3879117e-05   8.3353000e-04  -1.4865000e-02  -3.2889660e-02   9.1484646e-04  -2.5361700e-05   1.1083670e-04   6.9477226e-07   2.2096822e-04   1.0817297e-03   8.3694405e-07   6.4321583e-10   1.2284774e-08
   1.0000000e+00  -2.9496462e-01  -2.0796176e-01   1.6364394e-01   7.8116500e-04   1.4093887e-03  -3.3717760e-03   8.7004127e-02   4.3248094e-02   2.6779339e-02   6.1021876e-07   1.9863765e-06   1.1368873e-05   7.7975600e-03  -5.4043900e-03   1.4408900e-02   3.4862411e-04   2.1366000e-04   3.5369270e-04   6.0801942e-05   2.9207431e-05   2.0761640e-04   1.2153877e-07   4.5650596e-08   1.2509853e-07
   1.0000000e+00  -2.8907079e-01  -2.0584608e-01   1.5038795e-01  -5.9828375e-05   1.4180361e-03  -3.5340558e-03   8.3561922e-02   4.2372609e-02   2.2616536e-02   3.5794345e-09   2.0108264e-06   1.2489550e-05   5.8938300e-03   2.1156800e-03  -1.3255990e-02  -8.4099337e-04   8.6474000e-06  -1.6227980e-04   3.4737232e-05   4.4761019e-06   1.7572127e-04   7.0726986e-07   7.4777527e-11   2.6334733e-08
   1.0000000e+00  -2.8260928e-01  -2.1317439e-01   1.6972475e-01   3.1224293e-04   1.6805412e-03  -3.4251874e-03   7.9868005e-02   4.5443321e-02   2.8806491e-02   9.7495647e-08   2.8242187e-06   1.1731909e-05   6.4615100e-03  -7.3283100e-03   1.9336800e-02   3.7207130e-04   2.6250510e-04   1.0886840e-04   4.1751111e-05   5.3704127e-05   3.7391183e-04   1.3843706e-07   6.8908928e-08   1.1852329e-08
   1.0000000e+00  -2.9132874e-01  -2.1044659e-01   1.3411620e-01   5.0193517e-05   2.0175719e-03  -3.4938430e-03   8.4872435e-02   4.4287767e-02   1.7987155e-02   2.5193891e-09   4.0705964e-06   1.2206939e-05  -8.7194600e-03   2.7278000e-03  -3.5608550e-02  -2.6204941e-04   3.3703070e-04  -6.8655600e-05   7.6028983e-05   7.4408928e-06   1.2679688e-03   6.8669895e-08   1.1358969e-07   4.7135914e-09
   1.0000000e+00  -3.2232629e-01  -1.6200823e-01   1.5387741e-01  -4.4304959e-04   1.8456977e-03  -4.2350361e-03   1.0389424e-01   2.6246667e-02   2.3678257e-02   1.9629294e-07   3.4066000e-06   1.7935531e-05  -3.0997550e-02   4.8438360e-02   1.9761210e-02  -4.9324311e-04  -1.7187420e-04  -7.4119310e-04   9.6084811e-04   2.3462747e-03   3.9050542e-04   2.4328876e-07   2.9540741e-08   5.4936721e-07
   1.0000000e+00  -2.6394948e-01  -2.4113755e-01   1.3200975e-01  -6.4431086e-04   1.6271499e-03  -4.2846239e-03   6.9669328e-02   5.8147318e-02   1.7426574e-02   4.1513648e-07   2.6476168e-06   1.8358002e-05   5.8376810e-02  -7.9129320e-02  -2.1867660e-02  -2.0126127e-04  -2.1854780e-04  -4.9587800e-05   3.4078519e-03   6.2614493e-03   4.7819455e-04   4.0506099e-08   4.7763141e-08   2.4589499e-09
   1.0000000e+00  -2.6718939e-01  -2.3501851e-01   1.0208963e-01   1.3447395e-04   1.6920007e-03  -4.8147257e-03   7.1390170e-02   5.5233700e-02   1.0422293e-02   1.8083243e-08   2.8628664e-06   2.3181584e-05  -3.2399100e-03   6.1190400e-03  -2.9920120e-02   7.7878481e-04   6.4850800e-05  -5.3010180e-04   1.0497017e-05   3.7442651e-05   8.9521358e-04   6.0650578e-07   4.2056263e-09   2.8100792e-07
   1.0000000e+00  -2.6012685e-01  -2.7212878e-01   1.2818114e-01   4.8044078e-04   1.8045484e-03  -4.1374877e-03   6.7665978e-02   7.4054073e-02   1.6430405e-02   2.3082334e-07   3.2563949e-06   1.7118804e-05   7.0625400e-03  -3.7110270e-02   2.6091510e-02   3.4596683e-04   1.1254770e-04   6.7723800e-04   4.9879471e-05   1.3771721e-03   6.8076689e-04   1.1969305e-07   1.2666985e-08   4.5865131e-07
   1.0000000e+00  -2.3380590e-01  -2.6126813e-01   1.1578936e-01   3.2720071e-04   1.4722563e-03  -3.5550577e-03   5.4665199e-02   6.8261036e-02   1.3407176e-02   1.0706030e-07   2.1675386e-06   1.2638435e-05   2.6320950e-02   1.0860650e-02  -1.2391780e-02  -1.5324007e-04  -3.3229210e-04   5.8243000e-04   6.9279241e-04   1.1795372e-04   1.5355621e-04   2.3482519e-08   1.1041804e-07   3.3922470e-07
   1.0000000e+00  -2.5167131e-01  -2.9269286e-01   1.4479928e-01   1.1876327e-03   1.3477785e-03  -4.1664045e-03   6.3338448e-02   8.5669110e-02   2.0966831e-02   1.4104714e-06   1.8165069e-06   1.7358926e-05  -1.7865410e-02  -3.1424730e-02   2.9009920e-02   8.6043199e-04  -1.2447780e-04  -6.1134680e-04   3.1917287e-04   9.8751366e-04   8.4157546e-04   7.4034321e-07   1.5494723e-08   3.7374491e-07
   1.0000000e+00  -2.2763264e-01  -2.0586041e-01   1.5127137e-01   2.9292609e-04   1.4073780e-03  -3.2952846e-03   5.1816619e-02   4.2378508e-02   2.2883027e-02   8.5805694e-08   1.9807128e-06   1.0858901e-05   2.4038670e-02   8.6832450e-02   6.4720900e-03  -8.9470661e-04   5.9599500e-05   8.7111990e-04   5.7785766e-04   7.5398744e-03   4.1887949e-05   8.0049992e-07   3.5521004e-09   7.5884988e-07
   1.0000000e+00  -2.3679023e-01  -2.1474907e-01   1.6262182e-01  -1.9783599e-05   1.4707902e-03  -3.7613544e-03   5.6069613e-02   4.6117163e-02   2.6445856e-02   3.9139079e-10   2.1632238e-06   1.4147787e-05  -9.1575900e-03  -8.8886600e-03   1.1350450e-02  -3.1270969e-04   6.3412200e-05  -4.6606980e-04   8.3861455e-05   7.9008277e-05   1.2883272e-04   9.7787350e-08   4.0211071e-09   2.1722106e-07
   1.0000000e+00  -2.2414599e-01  -2.1038016e-01   1.5580288e-01   6.6762691e-04   1.5878618e-03  -3.4148456e-03   5.0241425e-02   4.4259812e-02   2.4274537e-02   4.4572569e-07   2.5213051e-06   1.1661170e-05   1.2644240e-02   4.3689100e-03  -6.8189400e-03   6.8741051e-04   1.1707160e-04   3.4650880e-04   1.5987681e-04   1.9087375e-05   4.6497943e-05   4.7253321e-07   1.3705760e-08   1.2006835e-07
   1.0000000e+00  -2.3252193e-01  -2.2054115e-01   1.5109739e-01   2.7328629e-04   1.6965837e-03  -3.5303438e-03   5.4066448e-02   4.8638399e-02   2.2830421e-02   7.4685396e-08   2.8783963e-06   1.2463327e-05  -8.3759400e-03  -1.0160990e-02  -4.7054900e-03  -3.9434062e-04   1.0872190e-04  -1.1549820e-04   7.0156371e-05   1.0324572e-04   2.2141636e-05   1.5550452e-07   1.1820452e-08   1.3339834e-08
   1.0000000e+00  -2.2473771e-01  -2.5934566e-01   1.5146077e-01   7.8272208e-04   1.4152033e-03  -3.7924342e-03   5.0507038e-02   6.7260171e-02   2.2940365e-02   6.1265385e-07   2.0028004e-06   1.4382557e-05   7.7842200e-03  -3.8804510e-02   3.6338000e-04   5.0943579e-04  -2.8138040e-04  -2.6209040e-04   6.0594081e-05   1.5057900e-03   1.3204502e-07   2.5952482e-07   7.9174930e-08   6.8691378e-08
   1.0000000e+00  -2.2432492e-01  -2.3170911e-01   1.5109720e-01   9.0409414e-04   1.9601989e-03  -3.5284473e-03   5.0321670e-02   5.3689112e-02   2.2830364e-02   8.1738621e-07   3.8423797e-06   1.2449940e-05   4.1279000e-04   2.7636550e-02  -3.6357000e-04   1.2137206e-04   5.4499560e-04   2.6398690e-04   1.7039558e-07   7.6377890e-04   1.3218314e-07   1.4731177e-08   2.9702020e-07   6.9689083e-08
   1.0000000e+00  -2.1985352e-01  -2.1925306e-01   1.3303705e-01   1.3859442e-03   1.8929975e-03  -3.6965537e-03   4.8335570e-02   4.8071904e-02   1.7698857e-02   1.9208413e-06   3.5834395e-06   1.3664509e-05   4.4714000e-03   1.2456050e-02  -1.8060150e-02   4.8185006e-04  -6.7201400e-05  -1.6810640e-04   1.9993418e-05   1.5515318e-04   3.2616902e-04   2.3217948e-07   4.5160282e-09   2.8259762e-08
   1.0000000e+00  -2.4408416e-01  -2.4994005e-01   1.2267812e-01   1.4420497e-03   2.4439568e-03  -4.1428037e-03   5.9577077e-02   6.2470029e-02   1.5049921e-02   2.0795073e-06   5.9729248e-06   1.7162822e-05  -2.4230640e-02  -3.0686990e-02  -1.0358930e-02   5.6105500e-05   5.5095930e-04  -4.4625000e-04   5.8712391e-04   9.4169136e-04   1.0730743e-04   3.1478271e-09   3.0355615e-07   1.9913906e-07
   1.0000000e+00  -2.5860631e-01  -2.3116340e-01   1.1514879e-01   1.3371032e-03   2.7529871e-03  -4.5194961e-03   6.6877224e-02   5.3436517e-02   1.3259244e-02   1.7878450e-06   7.5789380e-06   2.0425845e-05  -1.4522150e-02   1.8776650e-02  -7.5293300e-03  -1.0494650e-04   3.0903030e-04  -3.7669240e-04   2.1089284e-04   3.5256259e-04   5.6690810e-05   1.1013768e-08   9.5499726e-08   1.4189716e-07
   1.0000000e+00  -2.5373788e-01  -2.5272672e-01   1.1017330e-01   1.2379407e-03   2.4710856e-03  -4.2895491e-03   6.4382912e-02   6.3870795e-02   1.2138156e-02   1.5324972e-06   6.1062640e-06   1.8400231e-05   4.8684300e-03  -2.1563320e-02  -4.9754900e-03  -9.9162500e-05  -2.8190150e-04   2.2994700e-04   2.3701611e-05   4.6497677e-04   2.4755501e-05   9.8332014e-09   7.9468456e-08   5.2875623e-08
   1.0000000e+00  -2.8276990e-01  -2.6592202e-01   8.1775799e-02   2.0879515e-03   2.6349528e-03  -4.9060297e-03   7.9958816e-02   7.0714521e-02   6.6872813e-03   4.3595415e-06   6.9429763e-06   2.4069127e-05  -2.9032020e-02  -1.3195300e-02  -2.8397501e-02   8.5001080e-04   1.6386720e-04  -6.1648060e-04   8.4285819e-04   1.7411594e-04   8.0641806e-04   7.2251836e-07   2.6852459e-08   3.8004833e-07
   1.0000000e+00  -2.9015936e-01  -2.4469791e-01   8.6945486e-02   1.9051001e-03   2.7947509e-03  -4.8443167e-03   8.4192454e-02   5.9877067e-02   7.5595175e-03   3.6294064e-06   7.8106326e-06   2.3467404e-05  -7.3894600e-03   2.1224110e-02   5.1696870e-03  -1.8285140e-04   1.5979810e-04   6.1713000e-05   5.4604119e-05   4.5046285e-04   2.6725664e-05   3.3434634e-08   2.5535433e-08   3.8084944e-09
   1.0000000e+00  -2.8951878e-01  -2.5638362e-01   7.8591118e-02   2.3595938e-03   2.5497222e-03  -4.8568915e-03   8.3821124e-02   6.5732561e-02   6.1765638e-03   5.5676829e-06   6.5010833e-06   2.3589395e-05   6.4058000e-04  -1.1685710e-02  -8.3543680e-03   4.5449370e-04  -2.4502870e-04  -1.2574800e-05   4.1034274e-07   1.3655582e-04   6.9795465e-05   2.0656452e-07   6.0039064e-08   1.5812560e-10
   1.0000000e+00  -2.6988967e-01  -2.7620980e-01   1.0016281e-01   2.3442831e-03   2.4038268e-03  -4.5828716e-03   7.2840434e-02   7.6291854e-02   1.0032589e-02   5.4956633e-06   5.7783833e-06   2.1002712e-05   1.9629110e-02  -1.9826180e-02   2.1571692e-02  -1.5310700e-05  -1.4589540e-04   2.7401990e-04   3.8530196e-04   3.9307741e-04   4.6533790e-04   2.3441753e-10   2.1285468e-08   7.5086906e-08
   1.0000000e+00  -2.9198000e-01  -2.6367208e-01   9.3090799e-02   1.3926452e-03   2.8305488e-03  -4.7944824e-03   8.5252320e-02   6.9522966e-02   8.6658969e-03   1.9394607e-06   8.0120065e-06   2.2987061e-05  -2.2090330e-02   1.2537720e-02  -7.0720110e-03  -9.5163790e-04   4.2672200e-04  -2.1161080e-04   4.8798268e-04   1.5719442e-04   5.0013340e-05   9.0561469e-07   1.8209167e-07   4.4779131e-08
   1.0000000e+00  -2.8110495e-01  -2.7843536e-01   1.2599806e-01   2.0662211e-03   2.5094921e-03  -4.6436398e-03   7.9019993e-02   7.7526250e-02   1.5875511e-02   4.2692696e-06   6.2975506e-06   2.1563391e-05   1.0875050e-02  -1.4763280e-02   3.2907261e-02   6.7357590e-04  -3.2105670e-04   1.5084260e-04   1.1826671e-04   2.1795444e-04   1.0828878e-03   4.5370449e-07   1.0307740e-07   2.2753490e-08
   1.0000000e+00  -2.7303796e-01  -2.6976825e-01   9.6285412e-02   1.5934656e-03   2.3412400e-03  -4.3238334e-03   7.4549728e-02   7.2774909e-02   9.2708806e-03   2.5391326e-06   5.4814047e-06   1.8695535e-05   8.0669900e-03   8.6671100e-03  -2.9712648e-02  -4.7275550e-04  -1.6825210e-04   3.1980640e-04   6.5076328e-05   7.5118796e-05   8.8284145e-04   2.2349776e-07   2.8308769e-08   1.0227613e-07
   1.0000000e+00  -2.7422334e-01  -2.6710073e-01   1.0824384e-01   1.9300640e-03   2.3888789e-03  -4.3904518e-03   7.5198440e-02   7.1342800e-02   1.1716729e-02   3.7251470e-06   5.7067424e-06   1.9276067e-05  -1.1853800e-03   2.6675200e-03   1.1958428e-02   3.3659840e-04   4.7638900e-05  -6.6618400e-05   1.4051257e-06   7.1156630e-06   1.4300400e-04   1.1329848e-07   2.2694648e-09   4.4380112e-09
   1.0000000e+00  -2.6502100e-01  -2.6739892e-01   1.1162747e-01   1.5991370e-03   2.2353434e-03  -4.1572688e-03   7.0236130e-02   7.1502182e-02   1.2460692e-02   2.5572391e-06   4.9967601e-06   1.7282884e-05   9.2023400e-03  -2.9819000e-04   3.3836300e-03  -3.3092700e-04  -1.5353550e-04   2.3318300e-04   8.4683061e-05   8.8917276e-08   1.1448952e-05   1.0951268e-07   2.3573150e-08   5.4374311e-08
   1.0000000e+00  -2.6451169e-01  -2.6086512e-01   1.0176269e-01   1.5730119e-03   2.1172154e-03  -4.3255373e-03   6.9966434e-02   6.8050611e-02   1.0355645e-02   2.4743664e-06   4.4826010e-06   1.8710273e-05   5.0931000e-04   6.5338000e-03  -9.8647800e-03  -2.6125100e-05  -1.1812800e-04  -1.6826850e-04   2.5939668e-07   4.2690542e-05   9.7313884e-05   6.8252085e-10   1.3954224e-08   2.8314288e-08
   1.0000000e+00  -2.7009994e-01  -2.7289838e-01   1.1414932e-01   1.5644836e-03   2.3047186e-03  -4.3140597e-03   7.2953978e-02   7.4473526e-02   1.3030067e-02   2.4476089e-06   5.3117278e-06   1.8611111e-05  -5.5882500e-03  -1.2033260e-02   1.2386630e-02  -8.5283000e-06   1.8750320e-04   1.1477600e-05   3.1228538e-05   1.4479935e-04   1.5342860e-04   7.2731901e-11   3.5157450e-08   1.3173530e-10
   1.0000000e+00  -2.6545401e-01  -2.7753687e-01   1.2281097e-01   1.1792365e-03   2.2255492e-03  -4.3276431e-03   7.0465831e-02   7.7026714e-02   1.5082534e-02   1.3905987e-06   4.9530692e-06   1.8728495e-05   4.6459300e-03  -4.6384900e-03   8.6616500e-03  -3.8524710e-04  -7.9169400e-05  -1.3583400e-05   2.1584666e-05   2.1515589e-05   7.5024181e-05   1.4841533e-07   6.2677939e-09   1.8450876e-10
   1.0000000e+00  -2.6244897e-01  -2.7835997e-01   1.2218696e-01   1.4838262e-03   2.4058772e-03  -4.1495601e-03   6.8879462e-02   7.7484273e-02   1.4929653e-02   2.2017402e-06   5.7882451e-06   1.7218849e-05   3.0050400e-03  -8.2310000e-04  -6.2401000e-04   3.0458970e-04   1.8032800e-04   1.7808300e-04   9.0302654e-06   6.7749361e-07   3.8938848e-07   9.2774885e-08   3.2518188e-08   3.1713555e-08
   1.0000000e+00  -2.5052272e-01  -2.7559180e-01   1.3460604e-01   1.3590221e-03   2.4736416e-03  -3.8788211e-03   6.2761633e-02   7.5950840e-02   1.8118786e-02   1.8469411e-06   6.1189028e-06   1.5045253e-05   1.1926250e-02   2.7681700e-03   1.2419080e-02  -1.2480410e-04   6.7764400e-05   2.7073900e-04   1.4223544e-04   7.6627651e-06   1.5423355e-04   1.5576063e-08   4.5920139e-09   7.3299606e-08
   1.0000000e+00  -2.4659019e-01  -2.8514430e-01   1.1130493e-01   1.2539514e-03   2.2058996e-03  -4.0474764e-03   6.0806722e-02   8.1307272e-02   1.2388787e-02   1.5723941e-06   4.8659930e-06   1.6382065e-05   3.9325300e-03  -9.5525000e-03  -2.3301110e-02  -1.0507070e-04  -2.6774200e-04  -1.6865530e-04   1.5464792e-05   9.1250256e-05   5.4294173e-04   1.1039852e-08   7.1685779e-08   2.8444610e-08
   1.0000000e+00  -2.5594243e-01  -2.8043931e-01   1.1333674e-01   1.9224346e-03   2.3578985e-03  -3.9084324e-03   6.5506527e-02   7.8646207e-02   1.2845217e-02   3.6957548e-06   5.5596853e-06   1.5275844e-05  -9.3522400e-03   4.7049900e-03   2.0318100e-03   6.6848320e-04   1.5199890e-04   1.3904400e-04   8.7464393e-05   2.2136931e-05   4.1282519e-06   4.4686979e-07   2.3103666e-08   1.9333234e-08
   1.0000000e+00  -2.6342026e-01  -3.0414223e-01   1.2966917e-01   8.7362503e-04   2.2143241e-03  -4.1138694e-03   6.9390233e-02   9.2502496e-02   1.6814094e-02   7.6322069e-07   4.9032312e-06   1.6923921e-05  -7.4778300e-03  -2.3702920e-02   1.6332430e-02  -1.0488096e-03  -1.4357440e-04  -2.0543700e-04   5.5917942e-05   5.6182842e-04   2.6674827e-04   1.1000015e-06   2.0613608e-08   4.2204361e-08
   1.0000000e+00  -2.6177742e-01  -3.1836341e-01   1.1403606e-01   1.1541131e-03   2.3125639e-03  -4.2252565e-03   6.8527418e-02   1.0135526e-01   1.3004223e-02   1.3319770e-06   5.3479518e-06   1.7852792e-05   1.6428400e-03  -1.4221180e-02  -1.5633110e-02   2.8048807e-04   9.8239800e-05  -1.1138710e-04   2.6989233e-06   2.0224196e-04   2.4439413e-04   7.8673557e-08   9.6510583e-09   1.2407086e-08
   1.0000000e+00  -2.6216882e-01  -2.9915820e-01   1.0070538e-01   7.8363464e-04   2.1464368e-03  -4.0618341e-03   6.8732490e-02   8.9495629e-02   1.0141574e-02   6.1408325e-07   4.6071909e-06   1.6498496e-05  -3.9140000e-04   1.9205210e-02  -1.3330680e-02  -3.7047846e-04  -1.6612710e-04   1.6342240e-04   1.5319396e-07   3.6884009e-04   1.7770703e-04   1.3725429e-07   2.7598213e-08   2.6706881e-08
   1.0000000e+00  -2.6827957e-01  -3.2323974e-01   1.1084233e-01   1.1722369e-03   2.2214897e-03  -4.1225409e-03   7.1973928e-02   1.0448393e-01   1.2286022e-02   1.3741393e-06   4.9350165e-06   1.6995343e-05  -6.1107500e-03  -2.4081540e-02   1.0136950e-02   3.8860226e-04   7.5052900e-05  -6.0706800e-05   3.7341266e-05   5.7992057e-04   1.0275776e-04   1.5101172e-07   5.6329378e-09   3.6853156e-09
   1.0000000e+00  -2.5433101e-01  -3.3305548e-01   1.0225427e-01   1.2775351e-03   2.0810226e-03  -3.9382140e-03   6.4684263e-02   1.1092595e-01   1.0455936e-02   1.6320959e-06   4.3306551e-06   1.5509530e-05   1.3948560e-02  -9.8157400e-03  -8.5880600e-03   1.0529820e-04  -1.4046710e-04   1.8432690e-04   1.9456233e-04   9.6348752e-05   7.3754775e-05   1.1087711e-08   1.9731006e-08   3.3976406e-08
   1.0000000e+00  -2.5640387e-01  -3.0807928e-01   9.8886016e-02   1.4836638e-03   2.1686698e-03  -3.9049015e-03   6.5742945e-02   9.4912843e-02   9.7784442e-03   2.2012583e-06   4.7031287e-06   1.5248256e-05  -2.0728600e-03   2.4976200e-02  -3.3682540e-03   2.0612870e-04   8.7647200e-05   3.3312500e-05   4.2967486e-06   6.2381057e-04   1.1345135e-05   4.2489041e-08   7.6820317e-09   1.1097227e-09
   1.0000000e+00  -2.6586339e-01  -3.4665013e-01   1.3211792e-01   1.3041664e-03   2.3629414e-03  -4.5464161e-03   7.0683342e-02   1.2016631e-01   1.7455145e-02   1.7008500e-06   5.5834921e-06   2.0669899e-05  -9.4595200e-03  -3.8570850e-02   3.3231904e-02  -1.7949740e-04   1.9427160e-04  -6.4151460e-04   8.9482519e-05   1.4877105e-03   1.1043594e-03   3.2219317e-08   3.7741455e-08   4.1154098e-07
   1.0000000e+00  -2.5968245e-01  -3.0906733e-01   1.4645799e-01   8.2856222e-04   2.3052275e-03  -4.2430773e-03   6.7434975e-02   9.5522614e-02   2.1449943e-02   6.8651535e-07   5.3140738e-06   1.8003705e-05   6.1809400e-03   3.7582800e-02   1.4340070e-02  -4.7560418e-04  -5.7713900e-05   3.0333880e-04   3.8204019e-05   1.4124669e-03   2.0563761e-04   2.2619934e-07   3.3308943e-09   9.2014428e-08
   1.0000000e+00  -2.5933865e-01  -3.2672791e-01   1.3592552e-01   1.2130145e-03   2.5255271e-03  -4.3762526e-03   6.7256535e-02   1.0675113e-01   1.8475747e-02   1.4714042e-06   6.3782871e-06   1.9151587e-05   3.4380000e-04  -1.7660580e-02  -1.0532470e-02   3.8445228e-04   2.2029960e-04  -1.3317530e-04   1.1819844e-07   3.1189609e-04   1.1093292e-04   1.4780356e-07   4.8531914e-08   1.7735661e-08
   1.0000000e+00  -2.6590546e-01  -3.1861796e-01   1.6584525e-01   4.7894602e-04   2.7773572e-03  -4.3022102e-03   7.0705714e-02   1.0151740e-01   2.7504647e-02   2.2938929e-07   7.7137130e-06   1.8509013e-05  -6.5668100e-03   8.1099500e-03   2.9919730e-02  -7.3406848e-04   2.5183010e-04   7.4042400e-05   4.3122994e-05   6.5771289e-05   8.9519024e-04   5.3885653e-07   6.3418399e-08   5.4822770e-09
   1.0000000e+00  -2.4513270e-01  -3.3963523e-01   1.3862897e-01   4.3787256e-04   2.2329012e-03  -4.2427772e-03   6.0090041e-02   1.1535209e-01   1.9217991e-02   1.9173238e-07   4.9858478e-06   1.8001158e-05   2.0772760e-02  -2.1017270e-02  -2.7216280e-02  -4.1073460e-05  -5.4445600e-04   5.9433000e-05   4.3150756e-04   4.4172564e-04   7.4072590e-04   1.6870291e-09   2.9643234e-07   3.5322815e-09
   1.0000000e+00  -2.5363073e-01  -3.4972161e-01   1.4385115e-01   1.2088533e-03   2.5408163e-03  -4.3133201e-03   6.4328547e-02   1.2230520e-01   2.0693153e-02   1.4613263e-06   6.4557475e-06   1.8604730e-05  -8.4980300e-03  -1.0086380e-02   5.2221800e-03   7.7098074e-04   3.0791510e-04  -7.0542900e-05   7.2216514e-05   1.0173506e-04   2.7271164e-05   5.9441130e-07   9.4811709e-08   4.9763007e-09
   1.0000000e+00  -2.5806422e-01  -3.2896553e-01   1.6846901e-01   7.4260912e-04   2.7489804e-03  -4.2160390e-03   6.6597142e-02   1.0821832e-01   2.8381807e-02   5.5146831e-07   7.5568932e-06   1.7774985e-05  -4.4334900e-03   2.0756080e-02   2.4617860e-02  -4.6624418e-04   2.0816410e-04   9.7281100e-05   1.9655834e-05   4.3081486e-04   6.0603903e-04   2.1738364e-07   4.3332293e-08   9.4636124e-09
   1.0000000e+00  -2.4986751e-01  -3.5524098e-01   1.3085043e-01   1.4511599e-03   2.7255379e-03  -4.3392053e-03   6.2433773e-02   1.2619615e-01   1.7121835e-02   2.1058651e-06   7.4285568e-06   1.8828703e-05   8.1967100e-03  -2.6275450e-02  -3.7618580e-02   7.0855078e-04  -2.3442500e-05  -1.2316630e-04   6.7186055e-05   6.9039927e-04   1.4151576e-03   5.0204421e-07   5.4955081e-10   1.5169937e-08
   1.0000000e+00  -2.5384507e-01  -3.4244822e-01   1.2940902e-01   9.8261675e-04   2.6558653e-03  -4.3207771e-03   6.4437320e-02   1.1727078e-01   1.6746694e-02   9.6553568e-07   7.0536205e-06   1.8669115e-05  -3.9775600e-03   1.2792760e-02  -1.4414100e-03  -4.6854315e-04  -6.9672600e-05   1.8428200e-05   1.5820984e-05   1.6365471e-04   2.0776628e-06   2.1953268e-07   4.8542712e-09   3.3959856e-10
   1.0000000e+00  -2.7614140e-01  -3.2642366e-01   1.6142991e-01   1.2303931e-03   2.9994616e-03  -4.6477184e-03   7.6254073e-02   1.0655241e-01   2.6059616e-02   1.5138672e-06   8.9967699e-06   2.1601286e-05  -2.2296330e-02   1.6024560e-02   3.2020890e-02   2.4777635e-04   3.4359630e-04  -3.2694130e-04   4.9712633e-04   2.5678652e-04   1.0253374e-03   6.1393120e-08   1.1805842e-07   1.0689061e-07
   1.0000000e+00  -3.0994277e-01  -3.5586697e-01   1.6418287e-01   1.6152844e-03   3.4465724e-03  -5.2906420e-03   9.6064521e-02   1.2664130e-01   2.6956015e-02   2.6091437e-06   1.1878861e-05   2.7990893e-05  -3.3801370e-02  -2.9443310e-02   2.7529600e-03   3.8489130e-04   4.4711080e-04  -6.4292360e-04   1.1425326e-03   8.6690850e-04   7.5787888e-06   1.4814131e-07   1.9990807e-07   4.1335076e-07
   1.0000000e+00  -3.1064478e-01  -3.2309728e-01   1.6531713e-01   1.0578320e-03   3.6705349e-03  -5.0687843e-03   9.6500179e-02   1.0439185e-01   2.7329753e-02   1.1190085e-06   1.3472826e-05   2.5692574e-05  -7.0201000e-04   3.2769690e-02   1.1342600e-03  -5.5745240e-04   2.2396250e-04   2.2185770e-04   4.9281804e-07   1.0738526e-03   1.2865457e-06   3.1075318e-07   5.0159201e-08   4.9220839e-08
   1.0000000e+00  -2.8525913e-01  -3.4371051e-01   1.5480278e-01   1.8622864e-03   3.4240919e-03  -4.5099583e-03   8.1372771e-02   1.1813691e-01   2.3963901e-02   3.4681106e-06   1.1724405e-05   2.0339724e-05   2.5385650e-02  -2.0613230e-02  -1.0514350e-02   8.0445440e-04  -2.4644300e-04   5.5882600e-04   6.4443123e-04   4.2490525e-04   1.1055156e-04   6.4714688e-07   6.0734152e-08   3.1228650e-07
   1.0000000e+00  -3.0021658e-01  -3.4608869e-01   1.5963405e-01   1.2460641e-03   3.3723714e-03  -4.8478736e-03   9.0129995e-02   1.1977738e-01   2.5483030e-02   1.5526757e-06   1.1372889e-05   2.3501878e-05  -1.4957450e-02  -2.3781800e-03   4.8312700e-03  -6.1622230e-04  -5.1720500e-05  -3.3791530e-04   2.2372531e-04   5.6557401e-06   2.3341170e-05   3.7972992e-07   2.6750101e-09   1.1418675e-07
   1.0000000e+00  -2.9220164e-01  -3.5372353e-01   1.3527199e-01   1.9722586e-03   3.4441550e-03  -4.8935064e-03   8.5381798e-02   1.2512034e-01   1.8298511e-02   3.8898040e-06   1.1862204e-05   2.3946405e-05   8.0149400e-03  -7.6348400e-03  -2.4362060e-02   7.2619450e-04   7.1783600e-05  -4.5632800e-05   6.4239263e-05   5.8290782e-05   5.9350997e-04   5.2735845e-07   5.1528852e-09   2.0823524e-09
   1.0000000e+00  -2.8225792e-01  -3.6302556e-01   1.6115414e-01   1.2564744e-03   3.3834525e-03  -4.8598738e-03   7.9669533e-02   1.3178756e-01   2.5970657e-02   1.5787279e-06   1.1447751e-05   2.3618373e-05   9.9437200e-03  -9.3020300e-03   2.5882150e-02  -7.1578420e-04  -6.0702500e-05   3.3632600e-05   9.8877567e-05   8.6527762e-05   6.6988569e-04   5.1234702e-07   3.6847935e-09   1.1311518e-09
   1.0000000e+00  -2.9182877e-01  -3.6342189e-01   1.7574586e-01   8.7811708e-04   3.5848320e-03  -4.7535451e-03   8.5164031e-02   1.3207547e-01   3.0886607e-02   7.7108961e-07   1.2851020e-05   2.2596191e-05  -9.5708500e-03  -3.9633000e-04   1.4591720e-02  -3.7835732e-04   2.0137950e-04   1.0632870e-04   9.1601170e-05   1.5707747e-07   2.1291829e-04   1.4315426e-07   4.0553703e-08   1.1305792e-08
   1.0000000e+00  -2.8871205e-01  -4.1175770e-01   1.8090345e-01   1.6953307e-03   3.3499260e-03  -4.6577387e-03   8.3354648e-02   1.6954440e-01   3.2726058e-02   2.8741462e-06   1.1222004e-05   2.1694530e-05   3.1167200e-03  -4.8335810e-02   5.1575900e-03   8.1721362e-04  -2.3490600e-04   9.5806400e-05   9.7139436e-06   2.3363505e-03   2.6600735e-05   6.6783810e-07   5.5180829e-08   9.1788663e-09
   1.0000000e+00  -2.9024384e-01  -4.0026003e-01   1.8520454e-01   1.2145085e-03   3.2866429e-03  -4.6560653e-03   8.4241487e-02   1.6020809e-01   3.4300722e-02   1.4750309e-06   1.0802022e-05   2.1678944e-05  -1.5317900e-03   1.1497670e-02   4.3010900e-03  -4.8082220e-04  -6.3283100e-05   1.6734000e-06   2.3463806e-06   1.3219642e-04   1.8499375e-05   2.3118999e-07   4.0047507e-09   2.8002676e-12
   1.0000000e+00  -2.7195092e-01  -4.1371421e-01   1.4864811e-01   1.5458310e-03   3.1983250e-03  -4.2782847e-03   7.3957303e-02   1.7115945e-01   2.2096261e-02   2.3895935e-06   1.0229283e-05   1.8303720e-05   1.8292920e-02  -1.3454180e-02  -3.6556430e-02   3.3132250e-04  -8.8317900e-05   3.7778060e-04   3.3463092e-04   1.8101496e-04   1.3363726e-03   1.0977460e-07   7.8000515e-09   1.4271818e-07
   1.0000000e+00  -2.8681105e-01  -4.4017654e-01   1.7118220e-01   1.8882616e-03   3.2788802e-03  -4.6305182e-03   8.2260578e-02   1.9375539e-01   2.9303346e-02   3.5655319e-06   1.0751055e-05   2.1441699e-05  -1.4860130e-02  -2.6462330e-02   2.2534090e-02   3.4243060e-04   8.0555200e-05  -3.5223350e-04   2.2082346e-04   7.0025491e-04   5.0778521e-04   1.1725872e-07   6.4891402e-09   1.2406844e-07
