   1.0000000e+00   0.0000000e+00   0.0000000e+00   0.0000000e+00   0.0000000e+00   0.0000000e+00  -0.0000000e+00   0.0000000e+00   0.0000000e+00   0.0000000e+00   0.0000000e+00   0.0000000e+00   0.0000000e+00   0.0000000e+00   0.0000000e+00   0.0000000e+00   0.0000000e+00   0.0000000e+00   0.0000000e+00   0.0000000e+00   0.0000000e+00   0.0000000e+00   0.0000000e+00   0.0000000e+00   0.0000000e+00
   1.0000000e+00   8.2222102e-03  -1.7210548e-02   4.9760099e-02  -5.3511450e-04   2.5515217e-04   3.4293899e-04   6.7604741e-05   2.9620296e-04   2.4760675e-03   2.8634753e-07   6.5102630e-08   1.1760715e-07   8.2222102e-03  -1.7210548e-02   4.9760099e-02  -5.3511450e-04   2.5515217e-04   3.4293899e-04   6.7604741e-05   2.9620296e-04   2.4760675e-03   2.8634753e-07   6.5102630e-08   1.1760715e-07
   1.0000000e+00   5.1743550e-02   2.6118101e-02   2.5756931e-02  -4.3634252e-04   2.8839019e-04   1.0303046e-03   2.6773950e-03   6.8215520e-04   6.6341949e-04   1.9039479e-07   8.3168902e-08   1.0615276e-06   4.3521340e-02   4.3328649e-02  -2.4003168e-02   9.8771980e-05   3.3238020e-05   6.8736561e-04   1.8941070e-03   1.8773718e-03   5.7615207e-04   9.7559040e-09   1.1047660e-09   4.7247148e-07
   1.0000000e+00   5.7742893e-02  -4.4556390e-03   3.8655019e-02  -6.5671466e-04   1.4126464e-04   1.2616898e-03   3.3342417e-03   1.9852719e-05   1.4942105e-03   4.3127414e-07   1.9955699e-08   1.5918612e-06   5.9993430e-03  -3.0573740e-02   1.2898088e-02  -2.2037214e-04  -1.4712555e-04   2.3138520e-04   3.5992116e-05   9.3475358e-04   1.6636067e-04   4.8563880e-08   2.1645927e-08   5.3539111e-08
   1.0000000e+00   5.1904126e-02  -3.4623754e-02   3.1460301e-02   1.8544476e-04   2.8713570e-04   1.4233502e-03   2.6940383e-03   1.1988043e-03   9.8975054e-04   3.4389759e-08   8.2446910e-08   2.0259258e-06  -5.8387670e-03  -3.0168115e-02  -7.1947180e-03   8.4215942e-04   1.4587106e-04   1.6166040e-04   3.4091200e-05   9.1011516e-04   5.1763967e-05   7.0923249e-07   2.1278366e-08   2.6134085e-08
   1.0000000e+00   6.7660622e-02  -2.4170259e-02   5.5751819e-02  -1.1501516e-03   6.7086301e-04   1.2927680e-03   4.5779598e-03   5.8420142e-04   3.1082653e-03   1.3228487e-06   4.5005718e-07   1.6712491e-06   1.5756496e-02   1.0453495e-02   2.4291518e-02  -1.3355964e-03   3.8372731e-04  -1.3058220e-04   2.4826717e-04   1.0927556e-04   5.9007785e-04   1.7838176e-06   1.4724665e-07   1.7051711e-08
   1.0000000e+00   7.8426441e-02  -2.8163180e-02   5.6258030e-02  -2.0851667e-04   5.5575387e-04   1.6907403e-03   6.1507066e-03   7.9316471e-04   3.1649659e-03   4.3479202e-08   3.0886236e-07   2.8586028e-06   1.0765819e-02  -3.9929210e-03   5.0621100e-04   9.4163493e-04  -1.1510914e-04   3.9797230e-04   1.1590286e-04   1.5943418e-05   2.5624958e-07   8.8667634e-07   1.3250114e-08   1.5838195e-07
   1.0000000e+00   8.9784735e-02  -4.1133182e-02   7.3221735e-02  -1.3142181e-03   5.7205526e-04   1.9027714e-03   8.0612986e-03   1.6919387e-03   5.3614225e-03   1.7271692e-06   3.2724722e-07   3.6205390e-06   1.1358294e-02  -1.2970002e-02   1.6963705e-02  -1.1057014e-03   1.6301390e-05   2.1203110e-04   1.2901084e-04   1.6822095e-04   2.8776729e-04   1.2225757e-06   2.6573532e-10   4.4957187e-08
   1.0000000e+00   9.2367081e-02  -6.0703155e-02   5.6568585e-02  -4.1686780e-04   9.0517402e-04   2.0062691e-03   8.5316777e-03   3.6848730e-03   3.2000048e-03   1.7377876e-07   8.1934001e-07   4.0251157e-06   2.5823460e-03  -1.9569973e-02  -1.6653150e-02   8.9735030e-04   3.3311876e-04   1.0349770e-04   6.6685109e-06   3.8298384e-04   2.7732740e-04   8.0523756e-07   1.1096811e-07   1.0711774e-08
   1.0000000e+00   9.7183621e-02  -7.0564562e-02   5.8284610e-02  -1.0973820e-03   5.3195802e-04   2.1363125e-03   9.4446562e-03   4.9793574e-03   3.3970958e-03   1.2042473e-06   2.8297934e-07   4.5638311e-06   4.8165400e-03  -9.8614070e-03   1.7160250e-03  -6.8051420e-04  -3.7321600e-04   1.3004340e-04   2.3199058e-05   9.7247348e-05   2.9447418e-06   4.6309958e-07   1.3929018e-07   1.6911286e-08
   1.0000000e+00   9.7359949e-02  -4.8891634e-02   5.9417163e-02  -1.0319572e-03   3.5305667e-04   2.1512051e-03   9.4789597e-03   2.3903919e-03   3.5303993e-03   1.0649357e-06   1.2464901e-07   4.6276834e-06   1.7632800e-04   2.1672928e-02   1.1325530e-03   6.5424800e-05  -1.7890135e-04   1.4892600e-05   3.1091564e-08   4.6971581e-04   1.2826763e-06   4.2804045e-09   3.2005693e-08   2.2178953e-10
   1.0000000e+00   7.7551884e-02  -7.6540929e-02   4.1111536e-02  -9.2633702e-04   3.5506696e-04   1.9335908e-03   6.0142947e-03   5.8585138e-03   1.6901584e-03   8.5810027e-07   1.2607255e-07   3.7387734e-06  -1.9808065e-02  -2.7649295e-02  -1.8305627e-02   1.0562018e-04   2.0102900e-06  -2.1761430e-04   3.9235944e-04   7.6448351e-04   3.3509598e-04   1.1155622e-08   4.0412659e-12   4.7355984e-08
   1.0000000e+00   7.0984331e-02  -3.7629668e-02   5.2777414e-02  -1.2072243e-03   6.0789073e-04   1.9520368e-03   5.0387752e-03   1.4159919e-03   2.7854554e-03   1.4573905e-06   3.6953114e-07   3.8104477e-06  -6.5675530e-03   3.8911261e-02   1.1665878e-02  -2.8088728e-04   2.5282377e-04   1.8446000e-05   4.3132752e-05   1.5140862e-03   1.3609271e-04   7.8897664e-08   6.3919859e-08   3.4025492e-10
   1.0000000e+00   7.2099044e-02  -8.1576804e-02   4.6123012e-02  -1.0873976e-03   7.5864598e-04   1.7520996e-03   5.1982721e-03   6.6547750e-03   2.1273322e-03   1.1824335e-06   5.7554372e-07   3.0698530e-06   1.1147130e-03  -4.3947136e-02  -6.6544020e-03   1.1982670e-04   1.5075525e-04  -1.9993720e-04   1.2425851e-06   1.9313508e-03   4.4281066e-05   1.4358438e-08   2.2727145e-08   3.9974884e-08
   1.0000000e+00   6.5906320e-02  -4.9453216e-02   6.8458302e-02  -1.7714680e-03   4.3213346e-04   1.6592585e-03   4.3436430e-03   2.4456206e-03   4.6865391e-03   3.1380989e-06   1.8673933e-07   2.7531388e-06  -6.1927240e-03   3.2123588e-02   2.2335290e-02  -6.8407040e-04  -3.2651252e-04  -9.2841100e-05   3.8349831e-05   1.0319249e-03   4.9886518e-04   4.6795231e-07   1.0661043e-07   8.6194698e-09
   1.0000000e+00   5.9124392e-02  -1.0458066e-01   5.9122546e-02  -1.1932895e-03   6.0750091e-04   1.8643449e-03   3.4956937e-03   1.0937114e-02   3.4954754e-03   1.4239398e-06   3.6905736e-07   3.4757819e-06  -6.7819280e-03  -5.5127444e-02  -9.3357560e-03   5.7817850e-04   1.7536745e-04   2.0508640e-04   4.5994547e-05   3.0390351e-03   8.7156340e-05   3.3429038e-07   3.0753743e-08   4.2060431e-08
   1.0000000e+00   7.2903225e-02  -6.9040304e-02   7.2217197e-02  -2.0939628e-03   2.9383982e-04   1.9155009e-03   5.3148802e-03   4.7665636e-03   5.2153235e-03   4.3846802e-06   8.6341840e-08   3.6691437e-06   1.3778833e-02   3.5540356e-02   1.3094651e-02  -9.0067330e-04  -3.1366109e-04   5.1156000e-05   1.8985624e-04   1.2631169e-03   1.7146988e-04   8.1121239e-07   9.8383279e-08   2.6169363e-09
   1.0000000e+00   8.7826934e-02  -1.1210073e-01   1.8575521e-02  -4.0887307e-04   4.1051513e-04   2.3953174e-03   7.7135703e-03   1.2566574e-02   3.4504998e-04   1.6717719e-07   1.6852267e-07   5.7375454e-06   1.4923709e-02  -4.3060426e-02  -5.3641676e-02   1.6850897e-03   1.1667531e-04   4.7981650e-04   2.2271709e-04   1.8542003e-03   2.8774294e-03   2.8395274e-06   1.3613128e-08   2.3022387e-07
   1.0000000e+00   8.9823092e-02  -9.9811497e-02   2.5037623e-02  -1.4031818e-03   1.3372330e-04   2.6889499e-03   8.0681879e-03   9.9623349e-03   6.2688257e-04   1.9689192e-06   1.7881921e-08   7.2304516e-06   1.9961580e-03   1.2289233e-02   6.4621020e-03  -9.9430873e-04  -2.7679183e-04   2.9363250e-04   3.9846468e-06   1.5102525e-04   4.1758762e-05   9.8864985e-07   7.6613717e-08   8.6220045e-08
   1.0000000e+00   9.9895249e-02  -8.9420596e-02   2.2756356e-02  -5.5168882e-04   3.8537166e-04   3.3164067e-03   9.9790608e-03   7.9960430e-03   5.1785174e-04   3.0436055e-07   1.4851132e-07   1.0998553e-05   1.0072157e-02   1.0390901e-02  -2.2812670e-03   8.5149298e-04   2.5164836e-04   6.2745680e-04   1.0144835e-04   1.0797082e-04   5.2041791e-06   7.2504029e-07   6.3326897e-08   3.9370204e-07
   1.0000000e+00   8.7576892e-02  -1.2955259e-01   4.1752688e-02  -1.5836376e-03   3.7860884e-04   2.7106184e-03   7.6697120e-03   1.6783874e-02   1.7432870e-03   2.5079080e-06   1.4334465e-07   7.3474521e-06  -1.2318357e-02  -4.0131994e-02   1.8996332e-02  -1.0319488e-03  -6.7628200e-06  -6.0578830e-04   1.5174192e-04   1.6105769e-03   3.6086063e-04   1.0649183e-06   4.5735734e-11   3.6697946e-07
   1.0000000e+00   9.2916263e-02  -9.0700383e-02   7.1792355e-02  -2.1981512e-03   3.7829891e-04   2.9428146e-03   8.6334319e-03   8.2265595e-03   5.1541422e-03   4.8318687e-06   1.4311007e-07   8.6601578e-06   5.3393710e-03   3.8852207e-02   3.0039667e-02  -6.1451360e-04  -3.0993000e-07   2.3219620e-04   2.8508883e-05   1.5094940e-03   9.0238159e-04   3.7762696e-07   9.6056605e-14   5.3915075e-08
   1.0000000e+00   9.3424064e-02  -1.5099302e-01  -1.4734507e-03  -6.0765592e-04   5.3486599e-04   3.2593873e-03   8.7280557e-03   2.2798892e-02   2.1710570e-06   3.6924572e-07   2.8608163e-07   1.0623606e-05   5.0780100e-04  -6.0292637e-02  -7.3265806e-02   1.5904953e-03   1.5656708e-04   3.1657270e-04   2.5786186e-07   3.6352021e-03   5.3678783e-03   2.5296752e-06   2.4513251e-08   1.0021827e-07
   1.0000000e+00   9.9792573e-02  -1.2571191e-01   5.4502721e-02  -2.1080122e-03   4.6211514e-04   3.1464181e-03   9.9585576e-03   1.5803484e-02   2.9705466e-03   4.4437154e-06   2.1355040e-07   9.8999469e-06   6.3685090e-03   2.5281110e-02   5.5976172e-02  -1.5003563e-03  -7.2750850e-05  -1.1296920e-04   4.0557907e-05   6.3913452e-04   3.1333318e-03   2.2510690e-06   5.2926862e-09   1.2762040e-08
   1.0000000e+00   9.5960970e-02  -1.4185324e-01   2.9642700e-03  -1.3419995e-03   2.2485785e-04   3.0370288e-03   9.2085078e-03   2.0122342e-02   8.7868966e-06   1.8009627e-06   5.0561053e-08   9.2235439e-06  -3.8316030e-03  -1.6141330e-02  -5.1538451e-02   7.6601270e-04  -2.3725729e-04  -1.0938930e-04   1.4681182e-05   2.6054253e-04   2.6562119e-03   5.8677546e-07   5.6291022e-08   1.1966019e-08
   1.0000000e+00   7.3466877e-02  -1.8441996e-01   1.7879871e-02  -2.7765578e-03  -2.8267426e-04   2.4579761e-03   5.3973820e-03   3.4010722e-02   3.1968979e-04   7.7092732e-06   7.9904737e-08   6.0416465e-06  -2.2494093e-02  -4.2566720e-02   1.4915601e-02  -1.4345583e-03  -5.0753211e-04  -5.7905270e-04   5.0598422e-04   1.8119257e-03   2.2247515e-04   2.0579575e-06   2.5758884e-07   3.3530203e-07
   1.0000000e+00   3.6135636e-02  -1.3998655e-01   1.7930174e-02  -1.9445576e-03  -1.8080558e-04   2.0611822e-03   1.3057842e-03   1.9596234e-02   3.2149114e-04   3.7813043e-06   3.2690658e-08   4.2484721e-06  -3.7331241e-02   4.4433410e-02   5.0303000e-05   8.3200020e-04   1.0186868e-04  -3.9679390e-04   1.3936216e-03   1.9743279e-03   2.5303918e-09   6.9222433e-07   1.0377228e-08   1.5744540e-07
   1.0000000e+00   5.4120945e-02  -1.9568018e-01   2.0254107e-02  -2.1478165e-03  -8.9220285e-05   2.3833452e-03   2.9290767e-03   3.8290733e-02   4.1022885e-04   4.6131157e-06   7.9602593e-09   5.6803343e-06   1.7985309e-02  -5.5693630e-02   2.3239330e-03  -2.0325890e-04   9.1585295e-05   3.2216300e-04   3.2347134e-04   3.1017804e-03   5.4006646e-06   4.1314180e-08   8.3878663e-09   1.0378900e-07
   1.0000000e+00   5.0959422e-02  -1.5387001e-01   3.9447946e-02  -2.4305780e-03  -2.9278531e-04   2.1288410e-03   2.5968627e-03   2.3675980e-02   1.5561404e-03   5.9077094e-06   8.5723238e-08   4.5319640e-06  -3.1615230e-03   4.1810170e-02   1.9193839e-02  -2.8276150e-04  -2.0356503e-04  -2.5450420e-04   9.9952277e-06   1.7480903e-03   3.6840346e-04   7.9954066e-08   4.1438719e-08   6.4772388e-08
   1.0000000e+00   7.3567002e-02  -1.8795440e-01   2.6507504e-02  -1.7456980e-03  -2.7718158e-04   2.5744472e-03   5.4121038e-03   3.5326856e-02   7.0264777e-04   3.0474615e-06   7.6829628e-08   6.6277784e-06   2.2607580e-02  -3.4084390e-02  -1.2940442e-02   6.8488000e-04   1.5603730e-05   4.4560620e-04   5.1110267e-04   1.1617456e-03   1.6745504e-04   4.6906061e-07   2.4347639e-10   1.9856489e-07
   1.0000000e+00   1.1194944e-01  -1.5214740e-01   6.3472521e-02  -2.3421978e-03   8.8321723e-05   3.5419300e-03   1.2532677e-02   2.3148831e-02   4.0287609e-03   5.4858905e-06   7.8007268e-09   1.2545268e-05   3.8382438e-02   3.5807000e-02   3.6965017e-02  -5.9649980e-04   3.6550330e-04   9.6748280e-04   1.4732115e-03   1.2821412e-03   1.3664125e-03   3.5581201e-07   1.3359266e-07   9.3602297e-07
   1.0000000e+00   1.1807480e-01  -2.2591196e-01   4.4932283e-02  -1.5389736e-03   9.4899393e-05   3.4804134e-03   1.3941658e-02   5.1036214e-02   2.0189101e-03   2.3684397e-06   9.0058948e-09   1.2113277e-05   6.1253600e-03  -7.3764560e-02  -1.8540238e-02   8.0322420e-04   6.5776700e-06  -6.1516600e-05   3.7520035e-05   5.4412103e-03   3.4374043e-04   6.4516912e-07   4.3265743e-11   3.7842921e-09
   1.0000000e+00   1.3888074e-01  -1.7474268e-01   7.4650722e-02  -3.0337192e-03   2.7140397e-04   3.6334397e-03   1.9287860e-02   3.0535004e-02   5.5727303e-03   9.2034522e-06   7.3660115e-08   1.3201884e-05   2.0805940e-02   5.1169280e-02   2.9718439e-02  -1.4947456e-03   1.7650458e-04   1.5302630e-04   4.3288714e-04   2.6182952e-03   8.8318562e-04   2.2342644e-06   3.1153866e-08   2.3417048e-08
   1.0000000e+00   1.4656124e-01  -2.1537046e-01   4.7495448e-02  -1.6724330e-03   7.9550524e-04   3.9414583e-03   2.1480197e-02   4.6384435e-02   2.2558176e-03   2.7970321e-06   6.3282859e-07   1.5535094e-05   7.6805000e-03  -4.0627780e-02  -2.7155274e-02   1.3612862e-03   5.2410127e-04   3.0801860e-04   5.8990080e-05   1.6506165e-03   7.3740891e-04   1.8531001e-06   2.7468214e-07   9.4875458e-08
   1.0000000e+00   1.5603500e-01  -2.3733941e-01   6.7957512e-02  -2.7323425e-03   7.2105222e-04   4.0091343e-03   2.4346921e-02   5.6329996e-02   4.6182234e-03   7.4656955e-06   5.1991630e-07   1.6073158e-05   9.4737600e-03  -2.1968950e-02   2.0462064e-02  -1.0599095e-03  -7.4453020e-05   6.7676000e-05   8.9752129e-05   4.8263476e-04   4.1869606e-04   1.1234081e-06   5.5432522e-09   4.5800410e-09
   1.0000000e+00   1.5812669e-01  -2.0041658e-01   8.1157351e-02  -2.3092102e-03   7.2934477e-04   4.0872534e-03   2.5004050e-02   4.0166806e-02   6.5865156e-03   5.3324517e-06   5.3194379e-07   1.6705640e-05   2.0916900e-03   3.6922830e-02   1.3199839e-02   4.2313230e-04   8.2925500e-06   7.8119100e-05   4.3751671e-06   1.3632954e-03   1.7423575e-04   1.7904094e-07   6.8766386e-11   6.1025938e-09
   1.0000000e+00   1.6470821e-01  -2.2028844e-01   6.5793851e-02  -2.2549759e-03   6.4720870e-04   4.1527713e-03   2.7128794e-02   4.8526997e-02   4.3288308e-03   5.0849163e-06   4.1887910e-07   1.7245509e-05   6.5815200e-03  -1.9871860e-02  -1.5363500e-02   5.4234300e-05  -8.2136070e-05   6.5517900e-05   4.3316406e-05   3.9489082e-04   2.3603713e-04   2.9413593e-09   6.7463340e-09   4.2925952e-09
   1.0000000e+00   1.5252222e-01  -2.1066755e-01   7.0996061e-02  -2.5516130e-03   4.0853398e-04   4.0998106e-03   2.3263028e-02   4.4380817e-02   5.0404407e-03   6.5107289e-06   1.6690001e-07   1.6808447e-05  -1.2185990e-02   9.6208900e-03   5.2022100e-03  -2.9663710e-04  -2.3867472e-04  -5.2960700e-05   1.4849835e-04   9.2561524e-05   2.7062989e-05   8.7993569e-08   5.6965622e-08   2.8048357e-09
   1.0000000e+00   1.4602173e-01  -2.3879601e-01   5.1386773e-02  -1.4720551e-03   4.3485872e-04   4.0082719e-03   2.1322346e-02   5.7023534e-02   2.6406004e-03   2.1669462e-06   1.8910211e-07   1.6066244e-05  -6.5004900e-03  -2.8128460e-02  -1.9609288e-02   1.0795579e-03   2.6324740e-05  -9.1538700e-05   4.2256370e-05   7.9121026e-04   3.8452418e-04   1.1654453e-06   6.9299194e-10   8.3793336e-09
   1.0000000e+00   1.5188527e-01  -2.7763116e-01   7.1237327e-02  -2.7112890e-03  -1.1396581e-04   4.0210158e-03   2.3069135e-02   7.7079061e-02   5.0747568e-03   7.3510880e-06   1.2988206e-08   1.6168568e-05   5.8635400e-03  -3.8835150e-02   1.9850554e-02  -1.2392339e-03  -5.4882453e-04   1.2743900e-05   3.4381101e-05   1.5081689e-03   3.9404449e-04   1.5357007e-06   3.0120836e-07   1.6240699e-10
   1.0000000e+00   1.5080706e-01  -2.4124903e-01   6.6372104e-02  -1.8341411e-03   7.0570895e-05   4.1938085e-03   2.2742769e-02   5.8201094e-02   4.4052562e-03   3.3640736e-06   4.9802512e-09   1.7588030e-05  -1.0782100e-03   3.6382130e-02  -4.8652230e-03   8.7714790e-04   1.8453671e-04   1.7279270e-04   1.1625368e-06   1.3236594e-03   2.3670395e-05   7.6938844e-07   3.4053795e-08   2.9857317e-08
   1.0000000e+00   1.5891960e-01  -2.7327447e-01   6.1636381e-02  -1.6259616e-03   1.9827714e-04   4.2261698e-03   2.5255439e-02   7.4678936e-02   3.7990435e-03   2.6437511e-06   3.9313824e-08   1.7860511e-05   8.1125400e-03  -3.2025440e-02  -4.7357230e-03   2.0817950e-04   1.2770624e-04   3.2361300e-05   6.5813305e-05   1.0256288e-03   2.2427072e-05   4.3338704e-08   1.6308885e-08   1.0472537e-09
   1.0000000e+00   1.6157453e-01  -2.3717806e-01   8.7103600e-02  -2.6824218e-03  -2.6665591e-05   3.9397350e-03   2.6106329e-02   5.6253432e-02   7.5870371e-03   7.1953867e-06   7.1105374e-10   1.5521512e-05   2.6549300e-03   3.6096410e-02   2.5467219e-02  -1.0564602e-03  -2.2494273e-04  -2.8643480e-04   7.0486533e-06   1.3029508e-03   6.4857924e-04   1.1161082e-06   5.0599232e-08   8.2044895e-08
   1.0000000e+00   1.7345574e-01  -2.3686634e-01   2.7159729e-02  -1.5785341e-03   4.9228075e-04   4.1838146e-03   3.0086894e-02   5.6105663e-02   7.3765088e-04   2.4917699e-06   2.4234034e-07   1.7504305e-05   1.1881210e-02   3.1172000e-04  -5.9943871e-02   1.1038877e-03   5.1894634e-04   2.4407960e-04   1.4116315e-04   9.7169358e-08   3.5932677e-03   1.2185681e-06   2.6930530e-07   5.9574851e-08
   1.0000000e+00   1.7438485e-01  -2.5902405e-01   5.8298469e-02  -2.4370683e-03   8.3933750e-04   4.5341889e-03   3.0410076e-02   6.7093458e-02   3.3987115e-03   5.9393019e-06   7.0448744e-07   2.0558869e-05   9.2911000e-04  -2.2157710e-02   3.1138740e-02  -8.5853420e-04   3.4705675e-04   3.5037430e-04   8.6324539e-07   4.9096411e-04   9.6962113e-04   7.3708097e-07   1.2044839e-07   1.2276215e-07
   1.0000000e+00   1.7312630e-01  -2.9376164e-01   8.9484558e-02  -3.2548570e-03   9.4099339e-04   3.8200969e-03   2.9972716e-02   8.6295901e-02   8.0074861e-03   1.0594094e-05   8.8546856e-07   1.4593140e-05  -1.2585500e-03  -3.4737590e-02   3.1186089e-02  -8.1778870e-04   1.0165589e-04  -7.1409200e-04   1.5839481e-06   1.2067002e-03   9.7257215e-04   6.6877836e-07   1.0333920e-08   5.0992738e-07
   1.0000000e+00   2.0003234e-01  -2.6645769e-01   6.5036026e-02  -2.4237587e-03   8.0776914e-04   4.4233737e-03   4.0012937e-02   7.0999701e-02   4.2296847e-03   5.8746062e-06   6.5249098e-07   1.9566235e-05   2.6906040e-02   2.7303950e-02  -2.4448532e-02   8.3109830e-04  -1.3322425e-04   6.0327680e-04   7.2393499e-04   7.4550569e-04   5.9773072e-04   6.9072438e-07   1.7748701e-08   3.6394290e-07
   1.0000000e+00   2.0230127e-01  -2.9613407e-01   4.7890646e-02  -2.8119369e-03   1.1845537e-03   4.5695301e-03   4.0925804e-02   8.7695387e-02   2.2935140e-03   7.9069891e-06   1.4031675e-06   2.0880605e-05   2.2689300e-03  -2.9676380e-02  -1.7145380e-02  -3.8817820e-04   3.7678456e-04   1.4615640e-04   5.1480433e-06   8.8068753e-04   2.9396406e-04   1.5068231e-07   1.4196660e-07   2.1361693e-08
   1.0000000e+00   1.8370317e-01  -3.0303194e-01   5.4451303e-02  -3.7791031e-03   1.8792780e-03   4.1370463e-03   3.3746855e-02   9.1828357e-02   2.9649444e-03   1.4281620e-05   3.5316858e-06   1.7115152e-05  -1.8598100e-02  -6.8978700e-03   6.5606570e-03  -9.6716620e-04   6.9472430e-04  -4.3248380e-04   3.4588932e-04   4.7580611e-05   4.3042220e-05   9.3541046e-07   4.8264185e-07   1.8704224e-07
   1.0000000e+00   1.7013836e-01  -2.8843831e-01   6.1023551e-02  -3.3039878e-03   1.8943984e-03   3.7762678e-03   2.8947062e-02   8.3196659e-02   3.7238738e-03   1.0916335e-05   3.5887453e-06   1.4260198e-05  -1.3564810e-02   1.4593630e-02   6.5722480e-03   4.7511530e-04   1.5120400e-05  -3.6077850e-04   1.8400407e-04   2.1297404e-04   4.3194444e-05   2.2573455e-07   2.2862650e-10   1.3016113e-07
   1.0000000e+00   1.8665066e-01  -2.9202654e-01   6.6672700e-02  -3.5897460e-03   1.4812166e-03   3.7802016e-03   3.4838469e-02   8.5279500e-02   4.4452489e-03   1.2886276e-05   2.1940026e-06   1.4289924e-05   1.6512300e-02  -3.5882300e-03   5.6491490e-03  -2.8575820e-04  -4.1318180e-04   3.9338000e-06   2.7265605e-04   1.2875395e-05   3.1912884e-05   8.1657749e-08   1.7071920e-07   1.5474782e-11
   1.0000000e+00   1.8908570e-01  -2.6601267e-01   5.2773688e-02  -2.6397315e-03   2.0901204e-03   3.6798491e-03   3.5753402e-02   7.0762741e-02   2.7850621e-03   6.9681824e-06   4.3686033e-06   1.3541289e-05   2.4350400e-03   2.6013870e-02  -1.3899012e-02   9.5001450e-04   6.0890380e-04  -1.0035250e-04   5.9294198e-06   6.7672143e-04   1.9318253e-04   9.0252755e-07   3.7076384e-07   1.0070624e-08
   1.0000000e+00   1.8719752e-01  -2.9271425e-01   2.3119589e-02  -1.9637737e-03   1.6361210e-03   3.7386026e-03   3.5042911e-02   8.5681632e-02   5.3451540e-04   3.8564071e-06   2.6768919e-06   1.3977149e-05  -1.8881800e-03  -2.6701580e-02  -2.9654099e-02   6.7595780e-04  -4.5399940e-04   5.8753500e-05   3.5652237e-06   7.1297437e-04   8.7936559e-04   4.5691895e-07   2.0611546e-07   3.4519738e-09
   1.0000000e+00   2.0792822e-01  -2.6325442e-01   5.8619729e-02  -2.6758597e-03   1.3850229e-03   3.8586853e-03   4.3234145e-02   6.9302890e-02   3.4362726e-03   7.1602251e-06   1.9182884e-06   1.4889452e-05   2.0730700e-02   2.9459830e-02   3.5500140e-02  -7.1208600e-04  -2.5109810e-04   1.2008270e-04   4.2976192e-04   8.6788158e-04   1.2602599e-03   5.0706647e-07   6.3050256e-08   1.4419855e-08
   1.0000000e+00   1.8814723e-01  -2.8826124e-01   5.3585199e-02  -1.8266050e-03   1.5588765e-03   3.7790315e-03   3.5399380e-02   8.3094542e-02   2.8713736e-03   3.3364858e-06   2.4300959e-06   1.4281079e-05  -1.9780990e-02  -2.5006820e-02  -5.0345300e-03   8.4925470e-04   1.7385360e-04  -7.9653800e-05   3.9128757e-04   6.2534105e-04   2.5346492e-05   7.2123355e-07   3.0225074e-08   6.3447279e-09
   1.0000000e+00   1.8904422e-01  -2.9730024e-01   6.0572956e-02  -2.3585446e-03   1.9855357e-03   3.8674932e-03   3.5737717e-02   8.8387433e-02   3.6690830e-03   5.5627326e-06   3.9423520e-06   1.4957504e-05   8.9699000e-04  -9.0390000e-03   6.9877570e-03  -5.3193960e-04   4.2665920e-04   8.8461700e-05   8.0459106e-07   8.1703521e-05   4.8828748e-05   2.8295974e-07   1.8203807e-07   7.8254724e-09
   1.0000000e+00   2.1210991e-01  -2.8353448e-01   8.0195468e-02  -2.9668674e-03   1.9176390e-03   3.8278385e-03   4.4990614e-02   8.0391801e-02   6.4313131e-03   8.8023022e-06   3.6773393e-06   1.4652348e-05   2.3065690e-02   1.3765760e-02   1.9622512e-02  -6.0832280e-04  -6.7896700e-05  -3.9654700e-05   5.3202606e-04   1.8949615e-04   3.8504298e-04   3.7005663e-07   4.6099619e-09   1.5724952e-09
   1.0000000e+00   2.1625347e-01  -3.0140031e-01   8.0114343e-02  -3.0190361e-03   1.7870561e-03   3.9378428e-03   4.6765563e-02   9.0842147e-02   6.4183080e-03   9.1145790e-06   3.1935695e-06   1.5506606e-05   4.1435600e-03  -1.7865830e-02  -8.1125000e-05  -5.2168700e-05  -1.3058290e-04   1.1000430e-04   1.7169089e-05   3.1918788e-04   6.5812656e-09   2.7215733e-09   1.7051894e-08   1.2100946e-08
   1.0000000e+00   2.2426829e-01  -3.4051720e-01   8.8885674e-02  -3.4270060e-03   1.5120890e-03   4.2550773e-03   5.0296266e-02   1.1595196e-01   7.9006630e-03   1.1744370e-05   2.2864131e-06   1.8105683e-05   8.0148200e-03  -3.9116890e-02   8.7713310e-03  -4.0796990e-04  -2.7496710e-04   3.1723450e-04   6.4237340e-05   1.5301311e-03   7.6936248e-05   1.6643944e-07   7.5606906e-08   1.0063773e-07
   1.0000000e+00   2.3165841e-01  -3.2783517e-01   7.3877962e-02  -2.3643566e-03   1.7548205e-03   4.3039879e-03   5.3665619e-02   1.0747590e-01   5.4579533e-03   5.5901821e-06   3.0793950e-06   1.8524312e-05   7.3901200e-03   1.2682030e-02  -1.5007712e-02   1.0626494e-03   2.4273150e-04   4.8910600e-05   5.4613874e-05   1.6083388e-04   2.2523142e-04   1.1292237e-06   5.8918581e-08   2.3922468e-09
   1.0000000e+00   2.4052559e-01  -3.2071265e-01   7.1747004e-02  -2.8914953e-03   1.6607459e-03   4.3517296e-03   5.7852559e-02   1.0285660e-01   5.1476326e-03   8.3607451e-06   2.7580769e-06   1.8937551e-05   8.8671800e-03   7.1225200e-03  -2.1309580e-03  -5.2713870e-04  -9.4074600e-05   4.7741700e-05   7.8626881e-05   5.0730291e-05   4.5409820e-06   2.7787521e-07   8.8500304e-09   2.2792699e-09
   1.0000000e+00   2.3552964e-01  -3.1390401e-01   7.3384080e-02  -3.0552228e-03   1.7600787e-03   4.1619930e-03   5.5474211e-02   9.8535727e-02   5.3852232e-03   9.3343864e-06   3.0978770e-06   1.7322186e-05  -4.9959500e-03   6.8086400e-03   1.6370760e-03  -1.6372750e-04   9.9332800e-05  -1.8973660e-04   2.4959516e-05   4.6357579e-05   2.6800178e-06   2.6806694e-08   9.8670052e-09   3.5999977e-08
   1.0000000e+00   2.2900847e-01  -3.3666394e-01   5.7343179e-02  -2.0199588e-03   2.0257966e-03   4.0480796e-03   5.2444879e-02   1.1334261e-01   3.2882402e-03   4.0802336e-06   4.1038519e-06   1.6386948e-05  -6.5211700e-03  -2.2759930e-02  -1.6040901e-02   1.0352640e-03   2.6571790e-04  -1.1391340e-04   4.2525658e-05   5.1801441e-04   2.5731050e-04   1.0717715e-06   7.0606002e-08   1.2976263e-08
   1.0000000e+00   2.3653938e-01  -3.6195969e-01   6.3950803e-02  -2.7218719e-03   2.0734655e-03   4.2723166e-03   5.5950878e-02   1.3101482e-01   4.0897052e-03   7.4085866e-06   4.2992592e-06   1.8252689e-05   7.5309100e-03  -2.5295750e-02   6.6076240e-03  -7.0191310e-04   4.7668900e-05   2.2423700e-04   5.6714605e-05   6.3987497e-04   4.3660695e-05   4.9268200e-07   2.2723240e-09   5.0282232e-08
   1.0000000e+00   2.6838711e-01  -3.4369786e-01   7.1803187e-02  -3.4221359e-03   2.2548200e-03   4.7323134e-03   7.2031641e-02   1.1812822e-01   5.1556977e-03   1.1711014e-05   5.0842132e-06   2.2394790e-05   3.1847730e-02   1.8261830e-02   7.8523840e-03  -7.0026400e-04   1.8135450e-04   4.5999680e-04   1.0142779e-03   3.3349443e-04   6.1659934e-05   4.9036967e-07   3.2889455e-08   2.1159706e-07
   1.0000000e+00   2.7874107e-01  -3.7457634e-01   7.4908820e-02  -2.2546582e-03   2.4162829e-03   4.7644486e-03   7.7696584e-02   1.4030743e-01   5.6113313e-03   5.0834836e-06   5.8384231e-06   2.2699970e-05   1.0353960e-02  -3.0878480e-02   3.1056330e-03   1.1674777e-03   1.6146290e-04   3.2135200e-05   1.0720449e-04   9.5348053e-04   9.6449563e-06   1.3630042e-06   2.6070268e-08   1.0326711e-09
   1.0000000e+00   2.7826178e-01  -4.1383861e-01   4.1008276e-02  -1.4042137e-03   2.5656630e-03   5.2709574e-03   7.7429618e-02   1.7126240e-01   1.6816787e-03   1.9718161e-06   6.5826266e-06   2.7782992e-05  -4.7929000e-04  -3.9262270e-02  -3.3900544e-02   8.5044450e-04   1.4938010e-04   5.0650880e-04   2.2971890e-07   1.5415258e-03   1.1492469e-03   7.2325585e-07   2.2314414e-08   2.5655116e-07
   1.0000000e+00   2.8137372e-01  -4.1548761e-01   6.1432098e-02  -1.6660649e-03   2.2212687e-03   5.1488179e-03   7.9171170e-02   1.7262995e-01   3.7739027e-03   2.7757723e-06   4.9340346e-06   2.6510326e-05   3.1119400e-03  -1.6490000e-03   2.0423822e-02  -2.6185120e-04  -3.4439430e-04  -1.2213950e-04   9.6841706e-06   2.7192010e-06   4.1713251e-04   6.8566051e-08   1.1860743e-07   1.4918057e-08
   1.0000000e+00   2.7462267e-01  -4.3334672e-01   4.9854549e-02  -6.7780797e-04   2.7966559e-03   5.2316633e-03   7.5417611e-02   1.8778938e-01   2.4854761e-03   4.5942364e-07   7.8212842e-06   2.7370301e-05  -6.7510500e-03  -1.7859110e-02  -1.1577549e-02   9.8825693e-04   5.7538720e-04   8.2845400e-05   4.5576676e-05   3.1894781e-04   1.3403964e-04   9.7665176e-07   3.3107043e-07   6.8633603e-09
   1.0000000e+00   2.6651627e-01  -4.7391909e-01   7.0839242e-02  -8.1959733e-04   3.1103567e-03   5.0399354e-03   7.1030922e-02   2.2459930e-01   5.0181982e-03   6.7173978e-07   9.6743188e-06   2.5400949e-05  -8.1064000e-03  -4.0572370e-02   2.0984693e-02  -1.4178936e-04   3.1370080e-04  -1.9172790e-04   6.5713721e-05   1.6461172e-03   4.4035734e-04   2.0104223e-08   9.8408192e-08   3.6759588e-08
   1.0000000e+00   2.7751176e-01  -4.6032920e-01   7.1673304e-02  -7.4786921e-04   3.3308577e-03   5.2482803e-03   7.7012777e-02   2.1190297e-01   5.1370625e-03   5.5930836e-07   1.1094613e-05   2.7544446e-05   1.0995490e-02   1.3589890e-02   8.3406200e-04   7.1728120e-05   2.2050100e-04   2.0834490e-04   1.2090080e-04   1.8468511e-04   6.9565942e-07   5.1449232e-09   4.8620691e-08   4.3407597e-08
   1.0000000e+00   2.7767672e-01  -5.1762769e-01   9.6904419e-02  -9.3379746e-04   3.1047031e-03   5.2740808e-03   7.7104361e-02   2.6793843e-01   9.3904664e-03   8.7197770e-07   9.6391813e-06   2.7815928e-05   1.6496000e-04  -5.7298490e-02   2.5231115e-02  -1.8592825e-04  -2.2615460e-04   2.5800500e-05   2.7211802e-08   3.2831170e-03   6.3660916e-04   3.4569314e-08   5.1145903e-08   6.6566580e-10
   1.0000000e+00   2.7002403e-01  -4.7931563e-01   8.2422473e-02  -8.0102730e-04   3.0346988e-03   5.2598998e-03   7.2912977e-02   2.2974347e-01   6.7934641e-03   6.4164474e-07   9.2093968e-06   2.7666546e-05  -7.6526900e-03   3.8312060e-02  -1.4481946e-02   1.3277016e-04  -7.0004300e-05  -1.4181000e-05   5.8563664e-05   1.4678139e-03   2.0972676e-04   1.7627915e-08   4.9006020e-09   2.0110076e-10
   1.0000000e+00   2.6343366e-01  -5.4317975e-01   7.1205126e-02   1.9298254e-04   3.2913937e-03   5.1469154e-03   6.9397293e-02   2.9504424e-01   5.0701700e-03   3.7242261e-08   1.0833272e-05   2.6490738e-05  -6.5903700e-03  -6.3864120e-02  -1.1217347e-02   9.9400984e-04   2.5669490e-04  -1.1298440e-04   4.3432977e-05   4.0786258e-03   1.2582887e-04   9.8805556e-07   6.5892272e-08   1.2765475e-08
   1.0000000e+00   2.6929352e-01  -5.1906781e-01   6.7692723e-02  -9.3338366e-04   2.8454307e-03   5.3505819e-03   7.2519000e-02   2.6943139e-01   4.5823047e-03   8.7120506e-07   8.0964759e-06   2.8628727e-05   5.8598600e-03   2.4111940e-02  -3.5124030e-03  -1.1263662e-03  -4.4596300e-04   2.0366650e-04   3.4337959e-05   5.8138565e-04   1.2336975e-05   1.2687008e-06   1.9888300e-07   4.1480043e-08
   1.0000000e+00   2.6564431e-01  -5.2427484e-01   5.5721264e-02   8.1912854e-06   3.1501388e-03   5.2475987e-03   7.0566899e-02   2.7486411e-01   3.1048593e-03   6.7097157e-11   9.9233745e-06   2.7537292e-05  -3.6492100e-03  -5.2070300e-03  -1.1971459e-02   9.4157495e-04   3.0470810e-04  -1.0298320e-04   1.3316734e-05   2.7113161e-05   1.4331583e-04   8.8656338e-07   9.2847026e-08   1.0605539e-08
   1.0000000e+00   2.5161070e-01  -5.4058929e-01   5.1952013e-02  -5.1605419e-04   2.6989403e-03   4.9705657e-03   6.3307944e-02   2.9223678e-01   2.6990117e-03   2.6631193e-07   7.2842787e-06   2.4706523e-05  -1.4033610e-02  -1.6314450e-02  -3.7692510e-03  -5.2424548e-04  -4.5119850e-04  -2.7703300e-04   1.9694221e-04   2.6616128e-04   1.4207253e-05   2.7483332e-07   2.0358009e-07   7.6747283e-08
   1.0000000e+00   2.5196919e-01  -5.3593071e-01   7.2136596e-02  -4.0304948e-04   3.3670308e-03   5.0720115e-03   6.3488473e-02   2.8722173e-01   5.2036885e-03   1.6244888e-07   1.1336896e-05   2.5725301e-05   3.5849000e-04   4.6585800e-03   2.0184583e-02   1.1300471e-04   6.6809050e-04   1.0144580e-04   1.2851508e-07   2.1702368e-05   4.0741739e-04   1.2770064e-08   4.4634492e-07   1.0291250e-08
   1.0000000e+00   2.5688845e-01  -5.4883984e-01   8.0188560e-02  -1.4149843e-03   3.2201065e-03   5.0044976e-03   6.5991676e-02   3.0122517e-01   6.4302052e-03   2.0021806e-06   1.0369086e-05   2.5044996e-05   4.9192600e-03  -1.2909130e-02   8.0519640e-03  -1.0119348e-03  -1.4692430e-04  -6.7513900e-05   2.4199119e-05   1.6664564e-04   6.4834124e-05   1.0240121e-06   2.1586750e-08   4.5581267e-09
   1.0000000e+00   2.6300297e-01  -5.4360093e-01   4.3034138e-02  -1.0046166e-04   3.2425614e-03   5.1614744e-03   6.9170562e-02   2.9550197e-01   1.8519370e-03   1.0092545e-08   1.0514204e-05   2.6640818e-05   6.1145200e-03   5.2389100e-03  -3.7154422e-02   1.3145226e-03   2.2454900e-05   1.5697680e-04   3.7387355e-05   2.7446178e-05   1.3804511e-03   1.7279698e-06   5.0422253e-10   2.4641716e-08
   1.0000000e+00   2.7117359e-01  -5.7170429e-01   4.2832932e-02  -3.5452855e-04   3.4519634e-03   5.5058734e-03   7.3535116e-02   3.2684580e-01   1.8346601e-03   1.2569049e-07   1.1916051e-05   3.0314642e-05   8.1706200e-03  -2.8103360e-02  -2.0120600e-04  -2.5406689e-04   2.0940200e-04   3.4439900e-04   6.6759031e-05   7.8979884e-04   4.0483854e-08   6.4549985e-08   4.3849198e-08   1.1861067e-07
   1.0000000e+00   2.5752464e-01  -5.6305874e-01  -1.1688430e-03   1.0475762e-03   3.3687467e-03   5.3289880e-03   6.6318940e-02   3.1703514e-01   1.3661940e-06   1.0974159e-06   1.1348454e-05   2.8398113e-05  -1.3648950e-02   8.6455500e-03  -4.4001775e-02   1.4021047e-03  -8.3216700e-05  -1.7688540e-04   1.8629384e-04   7.4745535e-05   1.9361562e-03   1.9658977e-06   6.9250192e-09   3.1288445e-08
   1.0000000e+00   2.4962931e-01  -5.9307144e-01   3.1551286e-02  -2.9518879e-04   3.1323284e-03   5.2886300e-03   6.2314792e-02   3.5173373e-01   9.9548365e-04   8.7136422e-08   9.8114812e-06   2.7969607e-05  -7.8953300e-03  -3.0012700e-02   3.2720129e-02  -1.3427650e-03  -2.3641830e-04  -4.0358000e-05   6.2336236e-05   9.0076216e-04   1.0706068e-03   1.8030178e-06   5.5893613e-08   1.6287682e-09
   1.0000000e+00   2.5415402e-01  -5.6647673e-01   3.5637454e-02   3.4879797e-04   2.9794397e-03   5.5132541e-03   6.4594266e-02   3.2089589e-01   1.2700281e-03   1.2166002e-07   8.8770609e-06   3.0395971e-05   4.5247100e-03   2.6594710e-02   4.0861680e-03   6.4398676e-04  -1.5288870e-04   2.2462410e-04   2.0473001e-05   7.0727860e-04   1.6696769e-05   4.1471895e-07   2.3374955e-08   5.0455986e-08
   1.0000000e+00   2.5843068e-01  -5.8060044e-01   3.5531804e-02   1.7294088e-05   3.2592616e-03   5.8817307e-03   6.6786416e-02   3.3709687e-01   1.2625091e-03   2.9908548e-10   1.0622786e-05   3.4594756e-05   4.2766600e-03  -1.4123710e-02  -1.0565000e-04  -3.3150388e-04   2.7982190e-04   3.6847660e-04   1.8289821e-05   1.9947918e-04   1.1161922e-08   1.0989482e-07   7.8300296e-08   1.3577500e-07
   1.0000000e+00   2.6501370e-01  -5.4970875e-01   4.9620370e-02  -3.0423325e-04   3.0228907e-03   5.6429084e-03   7.0232261e-02   3.0217971e-01   2.4621811e-03   9.2557870e-08   9.1378682e-06   3.1842415e-05   6.5830200e-03   3.0891690e-02   1.4088566e-02  -3.2152734e-04  -2.3637090e-04  -2.3882230e-04   4.3336152e-05   9.5429651e-04   1.9848769e-04   1.0337983e-07   5.5871202e-08   5.7036091e-08
   1.0000000e+00   2.6348689e-01  -5.6765911e-01   3.0115815e-02  -6.0884121e-05   3.0905511e-03   5.7434582e-03   6.9425341e-02   3.2223687e-01   9.0696231e-04   3.7068762e-09   9.5515061e-06   3.2987312e-05  -1.5268100e-03  -1.7950360e-02  -1.9504555e-02   2.4334913e-04   6.7660400e-05   1.0054980e-04   2.3311488e-06   3.2221542e-04   3.8042767e-04   5.9218799e-08   4.5779297e-09   1.0110262e-08
   1.0000000e+00   2.5366231e-01  -5.3536418e-01   1.4723552e-02   2.2304157e-04   2.8232855e-03   5.6211709e-03   6.4344568e-02   2.8661481e-01   2.1678298e-04   4.9747542e-08   7.9709410e-06   3.1597562e-05  -9.8245800e-03   3.2294930e-02  -1.5392263e-02   2.8392569e-04  -2.6726560e-04  -1.2228730e-04   9.6522372e-05   1.0429625e-03   2.3692176e-04   8.0613798e-08   7.1430901e-08   1.4954184e-08
   1.0000000e+00   1.9317729e-01  -5.8638809e-01  -6.6446159e-03   1.5274015e-04   3.1084553e-03   4.3160339e-03   3.7317465e-02   3.4385099e-01   4.4150920e-05   2.3329553e-08   9.6624944e-06   1.8628149e-05  -6.0485020e-02  -5.1023910e-02  -2.1368168e-02  -7.0301420e-05   2.8516980e-04  -1.3051370e-03   3.6584376e-03   2.6034394e-03   4.5659860e-04   4.9422897e-09   8.1321815e-08   1.7033826e-06
   1.0000000e+00   1.8862722e-01  -5.2774074e-01   6.7850465e-02  -2.1161577e-03   3.2979477e-03   3.9491007e-03   3.5580228e-02   2.7851029e-01   4.6036856e-03   4.4781234e-06   1.0876459e-05   1.5595396e-05  -4.5500700e-03   5.8647350e-02   7.4495081e-02  -2.2688978e-03   1.8949240e-04  -3.6693320e-04   2.0703137e-05   3.4395117e-03   5.5495171e-03   5.1478975e-06   3.5907370e-08   1.3463997e-07
   1.0000000e+00   2.1728169e-01  -5.4720443e-01   5.0603700e-02  -1.9258856e-03   3.2250300e-03   5.4930454e-03   4.7211333e-02   2.9943269e-01   2.5607345e-03   3.7090353e-06   1.0400819e-05   3.0173548e-05   2.8654470e-02  -1.9463690e-02  -1.7246765e-02   1.9027210e-04  -7.2917700e-05   1.5439447e-03   8.2107865e-04   3.7883523e-04   2.9745090e-04   3.6203472e-08   5.3169910e-09   2.3837652e-06
   1.0000000e+00   1.8477052e-01  -5.6105152e-01   9.1611867e-02  -2.9839957e-03   3.0925899e-03   4.8848380e-03   3.4140145e-02   3.1477881e-01   8.3927342e-03   8.9042303e-06   9.5641123e-06   2.3861642e-05  -3.2511170e-02  -1.3847090e-02   4.1008167e-02  -1.0581101e-03  -1.3244010e-04  -6.0820740e-04   1.0569762e-03   1.9174190e-04   1.6816698e-03   1.1195970e-06   1.7540380e-08   3.6991624e-07
   1.0000000e+00   1.7609948e-01  -5.9360306e-01   9.1390464e-02  -2.0783152e-03   3.6694438e-03   4.5433678e-03   3.1011027e-02   3.5236459e-01   8.3522169e-03   4.3193941e-06   1.3464818e-05   2.0642191e-05  -8.6710400e-03  -3.2551540e-02  -2.2140300e-04   9.0568050e-04   5.7685390e-04  -3.4147020e-04   7.5186935e-05   1.0596028e-03   4.9019288e-08   8.2025717e-07   3.3276042e-07   1.1660190e-07
   1.0000000e+00   1.8868376e-01  -6.2108337e-01   8.1622952e-02  -2.5245567e-03   3.3129389e-03   4.6968995e-03   3.5601561e-02   3.8574455e-01   6.6623063e-03   6.3733865e-06   1.0975564e-05   2.2060865e-05   1.2584280e-02  -2.7480310e-02  -9.7675120e-03  -4.4624150e-04  -3.5650490e-04   1.5353170e-04   1.5836410e-04   7.5516744e-04   9.5404291e-05   1.9913148e-07   1.2709574e-07   2.3571983e-08
   1.0000000e+00   1.8063116e-01  -5.9498340e-01   8.8640885e-02  -3.2002965e-03   3.1134570e-03   4.7011373e-03   3.2627616e-02   3.5400525e-01   7.8572065e-03   1.0241898e-05   9.6936145e-06   2.2100692e-05  -8.0526000e-03   2.6099970e-02   7.0179330e-03  -6.7573980e-04  -1.9948190e-04   4.2378000e-06   6.4844367e-05   6.8120843e-04   4.9251384e-05   4.5662428e-07   3.9793028e-08   1.7958949e-11
   1.0000000e+00   1.5990595e-01  -6.2031232e-01   6.4502936e-02  -2.4537536e-03   3.4408706e-03   4.3035087e-03   2.5569913e-02   3.8478737e-01   4.1606288e-03   6.0209067e-06   1.1839590e-05   1.8520187e-05  -2.0725210e-02  -2.5328920e-02  -2.4137949e-02   7.4654290e-04   3.2741360e-04  -3.9762860e-04   4.2953433e-04   6.4155419e-04   5.8264058e-04   5.5732630e-07   1.0719967e-07   1.5810850e-07
   1.0000000e+00   1.4766255e-01  -6.3844511e-01   8.6644228e-02  -3.0392416e-03   3.7116631e-03   3.6798719e-03   2.1804229e-02   4.0761216e-01   7.5072222e-03   9.2369895e-06   1.3776443e-05   1.3541457e-05  -1.2243400e-02  -1.8132790e-02   2.2141292e-02  -5.8548800e-04   2.7079250e-04  -6.2363680e-04   1.4990084e-04   3.2879807e-04   4.9023681e-04   3.4279620e-07   7.3328578e-08   3.8892286e-07
   1.0000000e+00   1.8271986e-01  -6.3292768e-01   4.9432050e-02  -2.8853415e-03   4.5766917e-03   4.0926732e-03   3.3386547e-02   4.0059745e-01   2.4435276e-03   8.3251956e-06   2.0946107e-05   1.6749974e-05   3.5057310e-02   5.5174300e-03  -3.7212178e-02   1.5390010e-04   8.6502860e-04   4.1280130e-04   1.2290150e-03   3.0442034e-05   1.3847462e-03   2.3685241e-08   7.4827448e-07   1.7040491e-07
   1.0000000e+00   1.9231215e-01  -6.6946758e-01   7.5307988e-02  -3.2256931e-03   4.0337661e-03   3.8499497e-03   3.6983963e-02   4.4818684e-01   5.6712931e-03   1.0405096e-05   1.6271269e-05   1.4822113e-05   9.5922900e-03  -3.6539900e-02   2.5875938e-02  -3.4035160e-04  -5.4292560e-04  -2.4272350e-04   9.2012027e-05   1.3351643e-03   6.6956417e-04   1.1583921e-07   2.9476821e-07   5.8914697e-08
   1.0000000e+00   1.8317243e-01  -6.4754865e-01   7.3771317e-02  -2.5900730e-03   4.3498624e-03   3.7860519e-03   3.3552139e-02   4.1931925e-01   5.4422072e-03   6.7084781e-06   1.8921303e-05   1.4334189e-05  -9.1397200e-03   2.1918930e-02  -1.5366710e-03   6.3562010e-04   3.1609630e-04  -6.3897800e-05   8.3534482e-05   4.8043949e-04   2.3613578e-06   4.0401291e-07   9.9916871e-08   4.0829288e-09
   1.0000000e+00   1.8529336e-01  -6.8495692e-01   2.6052197e-02  -1.3064998e-03   3.8521115e-03   3.6775959e-03   3.4333629e-02   4.6916598e-01   6.7871697e-04   1.7069417e-06   1.4838763e-05   1.3524712e-05   2.1209300e-03  -3.7408270e-02  -4.7719120e-02   1.2835732e-03  -4.9775090e-04  -1.0845600e-04   4.4983441e-06   1.3993787e-03   2.2771144e-03   1.6475602e-06   2.4775596e-07   1.1762704e-08
   1.0000000e+00   1.9058222e-01  -6.4148140e-01   6.3281693e-02  -2.7270433e-03   3.5186391e-03   3.5793754e-03   3.6321583e-02   4.1149839e-01   4.0045727e-03   7.4367652e-06   1.2380821e-05   1.2811928e-05   5.2888600e-03   4.3475520e-02   3.7229496e-02  -1.4205435e-03  -3.3347240e-04  -9.8220500e-05   2.7972040e-05   1.8901208e-03   1.3860354e-03   2.0179438e-06   1.1120384e-07   9.6472666e-09
   1.0000000e+00   2.1968922e-01  -6.6609241e-01   6.5440576e-02  -1.5432935e-03   4.1219536e-03   4.2062718e-03   4.8263353e-02   4.4367910e-01   4.2824690e-03   2.3817548e-06   1.6990501e-05   1.7692722e-05   2.9107000e-02  -2.4611010e-02   2.1588830e-03   1.1837498e-03   6.0331450e-04   6.2689640e-04   8.4721745e-04   6.0570181e-04   4.6607758e-06   1.4012636e-06   3.6398839e-07   3.9299910e-07
   1.0000000e+00   2.4271853e-01  -7.1615349e-01   9.8163798e-02  -2.1502863e-03   4.2723241e-03   4.4875493e-03   5.8912285e-02   5.1287582e-01   9.6361312e-03   4.6237312e-06   1.8252753e-05   2.0138099e-05   2.3029310e-02  -5.0061080e-02   3.2723222e-02  -6.0699280e-04   1.5037050e-04   2.8127750e-04   5.3034912e-04   2.5061117e-03   1.0708093e-03   3.6844026e-07   2.2611287e-08   7.9117032e-08
   1.0000000e+00   2.8324110e-01  -7.0251124e-01   1.0041730e-01  -2.2843044e-03   3.8988687e-03   4.8440981e-03   8.0225521e-02   4.9352204e-01   1.0083634e-02   5.2180466e-06   1.5201177e-05   2.3465286e-05   4.0522570e-02   1.3642250e-02   2.2535020e-03  -1.3401810e-04  -3.7345540e-04   3.5654880e-04   1.6420787e-03   1.8611099e-04   5.0782713e-06   1.7960851e-08   1.3946894e-07   1.2712705e-07
   1.0000000e+00   2.8712233e-01  -7.0093648e-01   6.7952997e-02  -2.1241540e-03   4.3032909e-03   4.9722235e-03   8.2439232e-02   4.9131195e-01   4.6176098e-03   4.5120302e-06   1.8518313e-05   2.4723007e-05   3.8812300e-03   1.5747600e-03  -3.2464303e-02   1.6015040e-04   4.0442220e-04   1.2812540e-04   1.5063946e-05   2.4798691e-06   1.0539310e-03   2.5648151e-08   1.6355732e-07   1.6416118e-08
   1.0000000e+00   3.0775074e-01  -7.2198826e-01   1.2140449e-01  -2.9137883e-03   4.1691468e-03   5.3236206e-03   9.4710518e-02   5.2126705e-01   1.4739050e-02   8.4901623e-06   1.7381785e-05   2.8340936e-05   2.0628410e-02  -2.1051780e-02   5.3451493e-02  -7.8963430e-04  -1.3414410e-04   3.5139710e-04   4.2553130e-04   4.4317744e-04   2.8570621e-03   6.2352233e-07   1.7994640e-08   1.2347992e-07
   1.0000000e+00   3.0417344e-01  -7.1572806e-01   1.0569456e-01  -1.9670286e-03   4.1541502e-03   5.4877041e-03   9.2521482e-02   5.1226666e-01   1.1171340e-02   3.8692015e-06   1.7256964e-05   3.0114896e-05  -3.5773000e-03   6.2602000e-03  -1.5709930e-02   9.4675970e-04  -1.4996600e-05   1.6408350e-04   1.2797075e-05   3.9190104e-05   2.4680190e-04   8.9635393e-07   2.2489801e-10   2.6923395e-08
   1.0000000e+00   3.1338964e-01  -6.9584511e-01   1.1799237e-01  -2.8903477e-03   4.1585511e-03   6.0685388e-03   9.8213066e-02   4.8420042e-01   1.3922199e-02   8.3541098e-06   1.7293547e-05   3.6827163e-05   9.2162000e-03   1.9882950e-02   1.2297810e-02  -9.2331910e-04   4.4009000e-06   5.8083470e-04   8.4938342e-05   3.9533170e-04   1.5123613e-04   8.5251816e-07   1.9367921e-11   3.3736895e-07
   1.0000000e+00   2.9201227e-01  -6.6847008e-01   1.4626965e-01  -4.3108187e-03   3.9875941e-03   5.5723150e-03   8.5271166e-02   4.4685225e-01   2.1394811e-02   1.8583158e-05   1.5900907e-05   3.1050694e-05  -2.1377370e-02   2.7375030e-02   2.8277280e-02  -1.4204710e-03  -1.7095700e-04  -4.9622380e-04   4.5699195e-04   7.4939227e-04   7.9960456e-04   2.0177379e-06   2.9226296e-08   2.4623806e-07
   1.0000000e+00   2.8176596e-01  -7.0000916e-01   1.3318234e-01  -3.4675216e-03   4.3710693e-03   5.1937008e-03   7.9392056e-02   4.9001282e-01   1.7737536e-02   1.2023706e-05   1.9106247e-05   2.6974528e-05  -1.0246310e-02  -3.1539080e-02  -1.3087310e-02   8.4329710e-04   3.8347520e-04  -3.7861420e-04   1.0498687e-04   9.9471357e-04   1.7127768e-04   7.1115000e-07   1.4705323e-07   1.4334871e-07
   1.0000000e+00   3.0891269e-01  -7.3984226e-01   1.4234250e-01  -3.6550197e-03   4.3967203e-03   5.4475316e-03   9.5427050e-02   5.4736657e-01   2.0261387e-02   1.3359169e-05   1.9331149e-05   2.9675601e-05   2.7146730e-02  -3.9833100e-02   9.1601600e-03  -1.8749810e-04   2.5651000e-05   2.5383080e-04   7.3694495e-04   1.5866759e-03   8.3908531e-05   3.5155538e-08   6.5797380e-10   6.4430075e-08
   1.0000000e+00   3.5018386e-01  -7.0798559e-01   1.6303916e-01  -4.1697659e-03   4.1538618e-03   5.8662471e-03   1.2262874e-01   5.0124360e-01   2.6581768e-02   1.7386948e-05   1.7254568e-05   3.4412855e-05   4.1271170e-02   3.1856670e-02   2.0696660e-02  -5.1474620e-04  -2.4285850e-04   4.1871550e-04   1.7033095e-03   1.0148474e-03   4.2835174e-04   2.6496365e-07   5.8980251e-08   1.7532267e-07
   1.0000000e+00   3.5713028e-01  -7.3700247e-01   1.1793842e-01  -3.2650712e-03   4.8248206e-03   5.6564579e-03   1.2754204e-01   5.4317264e-01   1.3909471e-02   1.0660690e-05   2.3278894e-05   3.1995516e-05   6.9464200e-03  -2.9016880e-02  -4.5100740e-02   9.0469470e-04   6.7095880e-04  -2.0978920e-04   4.8252751e-05   8.4197932e-04   2.0340767e-03   8.1847250e-07   4.5018571e-07   4.4011508e-08
   1.0000000e+00   3.4026876e-01  -7.7667839e-01   1.4763016e-01  -3.4321702e-03   5.6697913e-03   4.9839079e-03   1.1578283e-01   6.0322932e-01   2.1794664e-02   1.1779792e-05   3.2146533e-05   2.4839338e-05  -1.6861520e-02  -3.9675920e-02   2.9691740e-02  -1.6709900e-04   8.4497070e-04  -6.7255000e-04   2.8431086e-04   1.5741786e-03   8.8159942e-04   2.7922076e-08   7.1397548e-07   4.5232350e-07
   1.0000000e+00   3.6820263e-01  -7.6266572e-01   1.4101543e-01  -2.7029713e-03   5.9347583e-03   5.0005029e-03   1.3557318e-01   5.8165900e-01   1.9885351e-02   7.3060538e-06   3.5221356e-05   2.5005029e-05   2.7933870e-02   1.4012670e-02  -6.6147300e-03   7.2919890e-04   2.6496700e-04   1.6595000e-05   7.8030109e-04   1.9635492e-04   4.3754653e-05   5.3173104e-07   7.0207511e-08   2.7539403e-10
   1.0000000e+00   3.7031093e-01  -7.8369966e-01   1.0963289e-01  -1.5770833e-03   6.5013258e-03   4.9962828e-03   1.3713018e-01   6.1418516e-01   1.2019371e-02   2.4871917e-06   4.2267237e-05   2.4962842e-05   2.1083000e-03  -2.1033940e-02  -3.1382540e-02   1.1258880e-03   5.6656750e-04  -4.2201000e-06   4.4449289e-06   4.4242663e-04   9.8486382e-04   1.2676238e-06   3.2099873e-07   1.7809244e-11
   1.0000000e+00   3.8554197e-01  -7.7773218e-01   1.2814770e-01  -1.5248875e-03   7.3564806e-03   4.8041259e-03   1.4864261e-01   6.0486734e-01   1.6421833e-02   2.3252819e-06   5.4117807e-05   2.3079626e-05   1.5231040e-02   5.9674800e-03   1.8514810e-02   5.2195800e-05   8.5515480e-04  -1.9215690e-04   2.3198458e-04   3.5610818e-05   3.4279819e-04   2.7244015e-09   7.3128973e-07   3.6924274e-08
   1.0000000e+00   3.7626601e-01  -7.8888611e-01   1.3725355e-01  -1.4336382e-03   7.5892543e-03   4.8865029e-03   1.4157611e-01   6.2234129e-01   1.8838537e-02   2.0553185e-06   5.7596781e-05   2.3877911e-05  -9.2759600e-03  -1.1153930e-02   9.1058500e-03   9.1249300e-05   2.3277370e-04   8.2377000e-05   8.6043434e-05   1.2441015e-04   8.2916504e-05   8.3264348e-09   5.4183595e-08   6.7859701e-09
   1.0000000e+00   3.7835513e-01  -8.0132075e-01   1.2601598e-01  -1.8671364e-03   6.9089976e-03   4.8682122e-03   1.4315260e-01   6.4211494e-01   1.5880027e-02   3.4861983e-06   4.7734248e-05   2.3699490e-05   2.0891200e-03  -1.2434640e-02  -1.1237570e-02  -4.3349820e-04  -6.8025670e-04  -1.8290700e-05   4.3644224e-06   1.5462027e-04   1.2628298e-04   1.8792069e-07   4.6274918e-07   3.3454971e-10
   1.0000000e+00   3.7458866e-01  -8.0668528e-01   1.1088347e-01  -1.1451226e-03   7.0621597e-03   4.6364658e-03   1.4031666e-01   6.5074114e-01   1.2295144e-02   1.3113058e-06   4.9874100e-05   2.1496815e-05  -3.7664700e-03  -5.3645300e-03  -1.5132510e-02   7.2201380e-04   1.5316210e-04  -2.3174640e-04   1.4186296e-05   2.8778182e-05   2.2899286e-04   5.2130393e-07   2.3458629e-08   5.3706394e-08
   1.0000000e+00   3.4638814e-01  -8.3331458e-01   6.1323570e-02   5.4528887e-04   6.5266363e-03   4.3867195e-03   1.1998474e-01   6.9441319e-01   3.7605802e-03   2.9733995e-07   4.2596981e-05   1.9243308e-05  -2.8200520e-02  -2.6629300e-02  -4.9559900e-02   1.6904115e-03  -5.3552340e-04  -2.4974630e-04   7.9526933e-04   7.0911962e-04   2.4561837e-03   2.8574909e-06   2.8678531e-07   6.2373214e-08
   1.0000000e+00   3.5195714e-01  -7.9892214e-01   7.5705923e-02  -2.0060977e-05   6.4651590e-03   4.8693454e-03   1.2387383e-01   6.3827659e-01   5.7313868e-03   4.0244280e-10   4.1798281e-05   2.3710525e-05   5.5690000e-03   3.4392440e-02   1.4382353e-02  -5.6534985e-04  -6.1477300e-05   4.8262590e-04   3.1013761e-05   1.1828399e-03   2.0685208e-04   3.1962045e-07   3.7794584e-09   2.3292776e-07
   1.0000000e+00   4.2428686e-01  -7.7100804e-01   1.2058393e-01  -1.4496534e-03   6.9708031e-03   6.5101362e-03   1.8001934e-01   5.9445340e-01   1.4540484e-02   2.1014950e-06   4.8592096e-05   4.2381873e-05   7.2329720e-02   2.7914100e-02   4.4878007e-02  -1.4295924e-03   5.0564410e-04   1.6407908e-03   5.2315884e-03   7.7919698e-04   2.0140355e-03   2.0437345e-06   2.5567596e-07   2.6921944e-06
   1.0000000e+00   3.8416181e-01  -7.7156631e-01   1.7210403e-01  -4.4940633e-03   5.6993056e-03   6.0458024e-03   1.4758030e-01   5.9531457e-01   2.9619797e-02   2.0196605e-05   3.2482084e-05   3.6551727e-05  -4.0125050e-02  -5.5827000e-04   5.1520100e-02  -3.0444099e-03  -1.2714975e-03  -4.6433380e-04   1.6100196e-03   3.1166539e-07   2.6543207e-03   9.2684316e-06   1.6167059e-06   2.1560588e-07
   1.0000000e+00   4.9538488e-01  -7.8961069e-01   1.8796098e-01  -3.9330678e-03   8.0897289e-03   7.5512075e-03   2.4540618e-01   6.2348504e-01   3.5329330e-02   1.5469022e-05   6.5443714e-05   5.7020735e-05   1.1122307e-01  -1.8044380e-02   1.5856950e-02   5.6099550e-04   2.3904233e-03   1.5054051e-03   1.2370571e-02   3.2559965e-04   2.5144286e-04   3.1471595e-07   5.7141236e-06   2.2662445e-06
   1.0000000e+00   4.8484349e-01  -7.9063469e-01   1.5917854e-01  -2.1357638e-03   7.7956005e-03   7.5912347e-03   2.3507321e-01   6.2510321e-01   2.5337808e-02   4.5614870e-06   6.0771387e-05   5.7626844e-05  -1.0541390e-02  -1.0240000e-03  -2.8782440e-02   1.7973040e-03  -2.9412840e-04   4.0027200e-05   1.1112090e-04   1.0485760e-06   8.2842885e-04   3.2303017e-06   8.6511516e-08   1.6021767e-09
   1.0000000e+00   5.0572580e-01  -8.3581813e-01   1.4946591e-01  -2.2433737e-03   7.5153714e-03   7.3624486e-03   2.5575858e-01   6.9859195e-01   2.2340058e-02   5.0327256e-06   5.6480807e-05   5.4205649e-05   2.0882310e-02  -4.5183440e-02  -9.7126300e-03  -1.0760990e-04  -2.8022910e-04  -2.2878610e-04   4.3607087e-04   2.0415433e-03   9.4335182e-05   1.1579891e-08   7.8528348e-08   5.2343080e-08
   1.0000000e+00   5.3254375e-01  -8.3474549e-01   1.5453012e-01  -2.2227946e-03   7.8977435e-03   7.4157420e-03   2.8360285e-01   6.9680003e-01   2.3879558e-02   4.9408158e-06   6.2374352e-05   5.4993229e-05   2.6817950e-02   1.0726400e-03   5.0642100e-03   2.0579100e-05   3.8237210e-04   5.3293400e-05   7.1920244e-04   1.1505566e-06   2.5646223e-05   4.2349936e-10   1.4620842e-07   2.8401865e-09
   1.0000000e+00   5.1920946e-01  -8.1919460e-01   1.3660274e-01  -1.7205277e-03   8.6588183e-03   7.4124425e-03   2.6957846e-01   6.7107979e-01   1.8660309e-02   2.9602156e-06   7.4975134e-05   5.4944304e-05  -1.3334290e-02   1.5550890e-02  -1.7927380e-02   5.0226690e-04   7.6107480e-04  -3.2995000e-06   1.7780329e-04   2.4183018e-04   3.2139095e-04   2.5227204e-07   5.7923485e-07   1.0886700e-11
   1.0000000e+00   5.6393243e-01  -8.1082875e-01   1.5705184e-01  -2.6675801e-03   7.8432603e-03   8.3587452e-03   3.1801979e-01   6.5744326e-01   2.4665280e-02   7.1159836e-06   6.1516732e-05   6.9868621e-05   4.4722970e-02   8.3658500e-03   2.0449100e-02  -9.4705240e-04  -8.1555800e-04   9.4630270e-04   2.0001440e-03   6.9987446e-05   4.1816569e-04   8.9690825e-07   6.6513485e-07   8.9548880e-07
   1.0000000e+00   5.4283129e-01  -8.1614649e-01   1.2565091e-01  -1.7965506e-03   8.1416818e-03   8.1424263e-03   2.9466581e-01   6.6609509e-01   1.5788151e-02   3.2275941e-06   6.6286983e-05   6.6299106e-05  -2.1101140e-02  -5.3177400e-03  -3.1400930e-02   8.7102950e-04   2.9842150e-04  -2.1631890e-04   4.4525811e-04   2.8278359e-05   9.8601840e-04   7.5869239e-07   8.9055392e-08   4.6793866e-08
   1.0000000e+00   5.3139040e-01  -8.6167147e-01   1.4716931e-01  -2.0704484e-03   8.2506553e-03   7.7862033e-03   2.8237576e-01   7.4247772e-01   2.1658806e-02   4.2867566e-06   6.8073313e-05   6.0624962e-05  -1.1440890e-02  -4.5524980e-02   2.1518400e-02  -2.7389780e-04   1.0897350e-04  -3.5622300e-04   1.3089396e-04   2.0725238e-03   4.6304154e-04   7.5020005e-08   1.1875224e-08   1.2689483e-07
   1.0000000e+00   5.1263660e-01  -8.3967481e-01   1.5651356e-01  -3.4726219e-03   7.7356328e-03   7.7787180e-03   2.6279628e-01   7.0505379e-01   2.4496494e-02   1.2059103e-05   5.9840015e-05   6.0508454e-05  -1.8753800e-02   2.1996660e-02   9.3442500e-03  -1.4021735e-03  -5.1502250e-04  -7.4853000e-06   3.5170501e-04   4.8385305e-04   8.7315008e-05   1.9660905e-06   2.6524818e-07   5.6029716e-11
   1.0000000e+00   4.6251563e-01  -8.4355753e-01   1.7186247e-01  -4.2894832e-03   6.9234536e-03   7.0122505e-03   2.1392071e-01   7.1158931e-01   2.9536709e-02   1.8399666e-05   4.7934210e-05   4.9171657e-05  -5.0120970e-02  -3.8827200e-03   1.5348910e-02  -8.1686130e-04  -8.1217920e-04  -7.6646750e-04   2.5121116e-03   1.5075515e-05   2.3558904e-04   6.6726238e-07   6.5963505e-07   5.8747243e-07
   1.0000000e+00   4.8060551e-01  -8.6490316e-01   1.7297430e-01  -4.3421541e-03   7.2687167e-03   7.5944419e-03   2.3098166e-01   7.4805748e-01   2.9920108e-02   1.8854302e-05   5.2834242e-05   5.7675548e-05   1.8089880e-02  -2.1345630e-02   1.1118300e-03  -5.2670900e-05   3.4526310e-04   5.8219140e-04   3.2724376e-04   4.5563592e-04   1.2361659e-06   2.7742237e-09   1.1920661e-07   3.3894683e-07
   1.0000000e+00   5.2281562e-01  -8.5449067e-01   2.0416384e-01  -3.7141261e-03   7.9343748e-03   8.1446083e-03   2.7333617e-01   7.3015431e-01   4.1682874e-02   1.3794733e-05   6.2954303e-05   6.6334644e-05   4.2210110e-02   1.0412490e-02   3.1189540e-02   6.2802800e-04   6.6565810e-04   5.5016640e-04   1.7816934e-03   1.0841995e-04   9.7278741e-04   3.9441917e-07   4.4310071e-07   3.0268307e-07
   1.0000000e+00   5.0290836e-01  -8.8919730e-01   2.0219054e-01  -3.5909463e-03   8.1042719e-03   7.9833362e-03   2.5291682e-01   7.9067184e-01   4.0881014e-02   1.2894895e-05   6.5679223e-05   6.3733657e-05  -1.9907260e-02  -3.4706630e-02  -1.9733000e-03   1.2317980e-04   1.6989710e-04  -1.6127210e-04   3.9629900e-04   1.2045502e-03   3.8939129e-06   1.5173263e-08   2.8865025e-08   2.6008690e-08
   1.0000000e+00   4.8197477e-01  -8.8854105e-01   2.0092094e-01  -4.0858641e-03   8.3477100e-03   8.2454989e-03   2.3229968e-01   7.8950520e-01   4.0369224e-02   1.6694285e-05   6.9684262e-05   6.7988252e-05  -2.0933590e-02   6.5625000e-04  -1.2696000e-03  -4.9491780e-04   2.4343810e-04   2.6216270e-04   4.3821519e-04   4.3066406e-07   1.6118842e-06   2.4494363e-07   5.9262109e-08   6.8729281e-08
   1.0000000e+00   4.1638408e-01  -8.8657015e-01   9.8953264e-02  -2.9534997e-03   8.4855536e-03   8.2858421e-03   1.7337570e-01   7.8600663e-01   9.7917485e-03   8.7231605e-06   7.2004620e-05   6.8655179e-05  -6.5590690e-02   1.9709000e-03  -1.0196768e-01   1.1323644e-03   1.3784360e-04   4.0343200e-05   4.3021386e-03   3.8844468e-06   1.0397407e-02   1.2822491e-06   1.9000858e-08   1.6275738e-09
   1.0000000e+00   4.5029538e-01  -8.9806725e-01   1.7287974e-01  -4.0877352e-03   8.7781281e-03   8.2339318e-03   2.0276593e-01   8.0652479e-01   2.9887405e-02   1.6709579e-05   7.7055533e-05   6.7797633e-05   3.3911300e-02  -1.1497100e-02   7.3926476e-02  -1.1342355e-03   2.9257450e-04  -5.1910300e-05   1.1499763e-03   1.3218331e-04   5.4651239e-03   1.2864902e-06   8.5599838e-08   2.6946792e-09
   1.0000000e+00   4.4746515e-01  -8.6158474e-01   2.1117677e-01  -6.8063880e-03   7.5592064e-03   8.5455849e-03   2.0022506e-01   7.4232826e-01   4.4595628e-02   4.6326918e-05   5.7141601e-05   7.3027021e-05  -2.8302300e-03   3.6482510e-02   3.8297030e-02  -2.7186528e-03  -1.2189217e-03   3.1165310e-04   8.0102019e-06   1.3309735e-03   1.4666625e-03   7.3910730e-06   1.4857701e-06   9.7127655e-08
   1.0000000e+00   4.7373904e-01  -9.0311675e-01   2.4009262e-01  -6.6544565e-03   7.7506214e-03   8.0361945e-03   2.2442868e-01   8.1561986e-01   5.7644466e-02   4.4281791e-05   6.0072132e-05   6.4580422e-05   2.6273890e-02  -4.1532010e-02   2.8915850e-02   1.5193150e-04   1.9141500e-04  -5.0939040e-04   6.9031730e-04   1.7249079e-03   8.3612638e-04   2.3083181e-08   3.6639702e-08   2.5947858e-07
   1.0000000e+00   5.5923658e-01  -9.5345509e-01   2.1542232e-01  -5.4118916e-03   9.6495886e-03   9.3227498e-03   3.1274555e-01   9.0907661e-01   4.6406776e-02   2.9288571e-05   9.3114560e-05   8.6913664e-05   8.5497540e-02  -5.0338340e-02  -2.4670300e-02   1.2425649e-03   1.8989672e-03   1.2865553e-03   7.3098293e-03   2.5339485e-03   6.0862370e-04   1.5439675e-06   3.6060764e-06   1.6552245e-06
   1.0000000e+00   5.6914622e-01  -9.1021684e-01   2.1975788e-01  -4.5325831e-03   8.9166121e-03   9.0934891e-03   3.2392742e-01   8.2849470e-01   4.8293526e-02   2.0544310e-05   7.9505971e-05   8.2691544e-05   9.9096400e-03   4.3238250e-02   4.3355600e-03   8.7930850e-04  -7.3297650e-04  -2.2926070e-04   9.8200965e-05   1.8695463e-03   1.8797081e-05   7.7318344e-07   5.3725455e-07   5.2560469e-08
   1.0000000e+00   5.6414197e-01  -9.1461150e-01   1.8514195e-01  -7.6377278e-03   6.4939028e-03   1.0316549e-02   3.1825616e-01   8.3651420e-01   3.4277542e-02   5.8334886e-05   4.2170774e-05   1.0643118e-04  -5.0042500e-03  -4.3946600e-03  -3.4615930e-02  -3.1051447e-03  -2.4227093e-03   1.2230599e-03   2.5042518e-05   1.9313037e-05   1.1982626e-03   9.6419236e-06   5.8695204e-06   1.4958755e-06
   1.0000000e+00   4.4314665e-01  -9.0468103e-01   2.4261094e-01  -1.0841717e-02   6.6188015e-03   9.9603409e-03   1.9637895e-01   8.1844777e-01   5.8860068e-02   1.1754283e-04   4.3808533e-05   9.9208391e-05  -1.2099532e-01   9.9304700e-03   5.7468990e-02  -3.2039892e-03   1.2489870e-04  -3.5620810e-04   1.4639867e-02   9.8614234e-05   3.3026848e-03   1.0265547e-05   1.5599685e-08   1.2688421e-07
   1.0000000e+00   4.3929804e-01  -9.6857848e-01   1.8449166e-01  -7.8081108e-03   8.9584589e-03   9.9415395e-03   1.9298277e-01   9.3814427e-01   3.4037173e-02   6.0966594e-05   8.0253986e-05   9.8834208e-05  -3.8486100e-03  -6.3897450e-02  -5.8119280e-02   3.0336062e-03   2.3396574e-03  -1.8801400e-05   1.4811799e-05   4.0828841e-03   3.3778507e-03   9.2027666e-06   5.4739967e-06   3.5349264e-10
   1.0000000e+00   4.2870101e-01  -9.7228825e-01   2.1972805e-01  -8.7012005e-03   8.8833883e-03   8.8718180e-03   1.8378456e-01   9.4534444e-01   4.8280416e-02   7.5710890e-05   7.8914588e-05   7.8709155e-05  -1.0597030e-02  -3.7097700e-03   3.5236390e-02  -8.9308970e-04  -7.5070600e-05  -1.0697215e-03   1.1229704e-04   1.3762393e-05   1.2416032e-03   7.9760921e-07   5.6355950e-09   1.1443041e-06
   1.0000000e+00   4.6271121e-01  -9.1815417e-01   2.1163764e-01  -7.2195800e-03   8.5343483e-03   8.8046815e-03   2.1410166e-01   8.4300708e-01   4.4790491e-02   5.2122335e-05   7.2835101e-05   7.7522416e-05   3.4010200e-02   5.4134080e-02  -8.0904100e-03   1.4816205e-03  -3.4904000e-04  -6.7136500e-05   1.1566937e-03   2.9304986e-03   6.5454734e-05   2.1951993e-06   1.2182892e-07   4.5073096e-09
   1.0000000e+00   4.5150622e-01  -9.7653238e-01   1.3929127e-01  -5.7142993e-03   8.9081129e-03   8.2077297e-03   2.0385787e-01   9.5361549e-01   1.9402058e-02   3.2653216e-05   7.9354475e-05   6.7366827e-05  -1.1204990e-02  -5.8378210e-02  -7.2346370e-02   1.5052807e-03   3.7376460e-04  -5.9695180e-04   1.2555180e-04   3.4080154e-03   5.2339973e-03   2.2658700e-06   1.3969998e-07   3.5635145e-07
   1.0000000e+00   4.9643418e-01  -9.2906323e-01   1.5103799e-01  -3.9835960e-03   9.0739236e-03   8.2607117e-03   2.4644690e-01   8.6315849e-01   2.2812474e-02   1.5869037e-05   8.2336089e-05   6.8239358e-05   4.4927960e-02   4.7469150e-02   1.1746720e-02   1.7307033e-03   1.6581070e-04   5.2982000e-05   2.0185216e-03   2.2533202e-03   1.3798543e-04   2.9953339e-06   2.7493188e-08   2.8070923e-09
   1.0000000e+00   4.9703302e-01  -9.1754522e-01   9.9268548e-02  -5.4317249e-03   8.2913873e-03   1.0311373e-02   2.4704182e-01   8.4188923e-01   9.8542446e-03   2.9503635e-05   6.8747103e-05   1.0632441e-04   5.9884000e-04   1.1518010e-02  -5.1769442e-02  -1.4481289e-03  -7.8253630e-04   2.0506613e-03   3.5860935e-07   1.3266455e-04   2.6800751e-03   2.0970773e-06   6.1236306e-07   4.2052118e-06
   1.0000000e+00   4.2586667e-01  -9.2606611e-01   1.0968130e-01  -6.5196268e-03   7.8176596e-03   9.2004296e-03   1.8136242e-01   8.5759844e-01   1.2029988e-02   4.2505534e-05   6.1115802e-05   8.4647905e-05  -7.1166350e-02  -8.5208900e-03   1.0412752e-02  -1.0879019e-03  -4.7372770e-04  -1.1109434e-03   5.0646494e-03   7.2605566e-05   1.0842540e-04   1.1835305e-06   2.2441793e-07   1.2341952e-06
   1.0000000e+00   4.9632473e-01  -9.6178558e-01   1.2988399e-01  -4.6673164e-03   9.2722165e-03   9.7457010e-03   2.4633824e-01   9.2503150e-01   1.6869851e-02   2.1783842e-05   8.5973999e-05   9.4978688e-05   7.0458060e-02  -3.5719470e-02   2.0202690e-02   1.8523104e-03   1.4545569e-03   5.4527140e-04   4.9643382e-03   1.2758805e-03   4.0814868e-04   3.4310538e-06   2.1157358e-06   2.9732090e-07
   1.0000000e+00   5.3192574e-01  -9.9416025e-01   1.6618526e-01  -5.0993424e-03   1.0203006e-02   9.1303336e-03   2.8294499e-01   9.8835460e-01   2.7617541e-02   2.6003293e-05   1.0410133e-04   8.3362992e-05   3.5601010e-02  -3.2374670e-02   3.6301270e-02  -4.3202600e-04   9.3078950e-04  -6.1536740e-04   1.2674319e-03   1.0481193e-03   1.3177822e-03   1.8664646e-07   8.6636909e-07   3.7867704e-07
   1.0000000e+00   3.6335202e-01  -9.6680965e-01   1.1939200e-01  -6.4675494e-03   8.7995902e-03   7.7479335e-03   1.3202469e-01   9.3472090e-01   1.4254450e-02   4.1829195e-05   7.7432788e-05   6.0030474e-05  -1.6857372e-01   2.7350600e-02  -4.6793260e-02  -1.3682070e-03  -1.4034158e-03  -1.3824001e-03   2.8417099e-02   7.4805532e-04   2.1896092e-03   1.8719904e-06   1.9695759e-06   1.9110300e-06
   1.0000000e+00   2.8444874e-01  -9.1198004e-01   1.0367240e-01  -9.1468799e-03   7.0929696e-03   9.2205896e-03   8.0911086e-02   8.3170759e-01   1.0747967e-02   8.3665412e-05   5.0310218e-05   8.5019273e-05  -7.8903280e-02   5.4829610e-02  -1.5719600e-02  -2.6793305e-03  -1.7066206e-03   1.4726561e-03   6.2257276e-03   3.0062861e-03   2.4710582e-04   7.1788119e-06   2.9125539e-06   2.1687160e-06
   1.0000000e+00   3.5277921e-01  -9.8593945e-01   1.7150453e-01  -9.4183591e-03   9.1857641e-03   9.3227105e-03   1.2445317e-01   9.7207660e-01   2.9413804e-02   8.8705488e-05   8.4378262e-05   8.6912931e-05   6.8330470e-02  -7.3959410e-02   6.7832130e-02  -2.7147920e-04   2.0927945e-03   1.0212090e-04   4.6690531e-03   5.4699943e-03   4.6011979e-03   7.3700956e-08   4.3797888e-06   1.0428678e-08
   1.0000000e+00   2.8252235e-01  -9.5909915e-01   1.1312736e-01  -9.3581498e-03   7.3159159e-03   8.6694225e-03   7.9818878e-02   9.1987118e-01   1.2797800e-02   8.7574968e-05   5.3522625e-05   7.5158886e-05  -7.0256860e-02   2.6840300e-02  -5.8377170e-02   6.0209300e-05  -1.8698482e-03  -6.5328800e-04   4.9360264e-03   7.2040170e-04   3.4078940e-03   3.6251598e-09   3.4963323e-06   4.2678521e-07
   1.0000000e+00   3.0968676e-01  -9.9692739e-01   1.3993330e-01  -9.7752782e-03   8.8984416e-03   8.5160443e-03   9.5905889e-02   9.9386422e-01   1.9581328e-02   9.5556064e-05   7.9182263e-05   7.2523011e-05   2.7164410e-02  -3.7828240e-02   2.6805940e-02  -4.1712840e-04   1.5825257e-03  -1.5337820e-04   7.3790517e-04   1.4309757e-03   7.1855842e-04   1.7399610e-07   2.5043876e-06   2.3524872e-08
   1.0000000e+00   1.6116090e-01  -9.9136767e-01   6.5327917e-02  -8.0737306e-03   7.1233175e-03   6.5157229e-03   2.5972836e-02   9.8280986e-01   4.2677367e-03   6.5185126e-05   5.0741652e-05   4.2454645e-05  -1.4852586e-01   5.5597200e-03  -7.4605383e-02   1.7015476e-03  -1.7751241e-03  -2.0003214e-03   2.2059931e-02   3.0910486e-05   5.5659632e-03   2.8952642e-06   3.1510656e-06   4.0012857e-06
   1.0000000e+00   2.2104002e-01  -1.0131146e+00   1.8057027e-01  -1.1358468e-02   5.1183065e-03   6.0909163e-03   4.8858690e-02   1.0264012e+00   3.2605622e-02   1.2901480e-04   2.6197061e-05   3.7099261e-05   5.9879120e-02  -2.1746930e-02   1.1524235e-01  -3.2847374e-03  -2.0050110e-03  -4.2480660e-04   3.5855090e-03   4.7292896e-04   1.3280800e-02   1.0789500e-05   4.0200691e-06   1.8046065e-07
   1.0000000e+00  -6.3886124e-02  -1.0115841e+00   9.6230781e-02  -1.1745085e-02   3.3254064e-03   1.3708519e-03   4.0814368e-03   1.0233024e+00   9.2603632e-03   1.3794702e-04   1.1058328e-05   1.8792349e-06  -2.8492614e-01   1.5305000e-03  -8.4339489e-02  -3.8661700e-04  -1.7929001e-03  -4.7200644e-03   8.1182908e-02   2.3424302e-06   7.1131494e-03   1.4947270e-07   3.2144908e-06   2.2279008e-05
   1.0000000e+00  -2.5685565e-01  -1.0623810e+00   5.7570320e-02  -1.1233015e-02   8.6850861e-04  -1.8279928e-03   6.5974825e-02   1.1286534e+00   3.3143417e-03   1.2618063e-04   7.5430721e-07   3.3415577e-06  -1.9296953e-01  -5.0796900e-02  -3.8660461e-02   5.1207000e-04  -2.4568978e-03  -3.1988447e-03   3.7237238e-02   2.5803250e-03   1.4946312e-03   2.6221568e-07   6.0363468e-06   1.0232607e-05
   1.0000000e+00  -2.3504881e-01  -1.0785249e+00   6.9011680e-02  -1.1538513e-02   2.5090383e-03  -4.3538751e-04   5.5247943e-02   1.1632160e+00   4.7626120e-03   1.3313728e-04   6.2952732e-06   1.8956228e-07   2.1806840e-02  -1.6143900e-02   1.1441360e-02  -3.0549800e-04   1.6405297e-03   1.3926053e-03   4.7553827e-04   2.6062551e-04   1.3090472e-04   9.3329028e-08   2.6913377e-06   1.9393495e-06
   1.0000000e+00  -2.0650669e-01  -1.0994410e+00   8.0302558e-02  -1.1171013e-02   2.9542603e-03   7.0318448e-04   4.2645013e-02   1.2087705e+00   6.4485008e-03   1.2479153e-04   8.7276539e-06   4.9446841e-07   2.8542120e-02  -2.0916100e-02   1.1290878e-02   3.6750000e-04   4.4522200e-04   1.1385720e-03   8.1465261e-04   4.3748324e-04   1.2748393e-04   1.3505625e-07   1.9822263e-07   1.2963462e-06
   1.0000000e+00  -2.3067945e-01  -1.1281713e+00   7.7784062e-02  -1.1502298e-02   3.3545880e-03   7.0399846e-04   5.3213009e-02   1.2727705e+00   6.0503603e-03   1.3230286e-04   1.1253261e-05   4.9561383e-07  -2.4172760e-02  -2.8730300e-02  -2.5184960e-03  -3.3128500e-04   4.0032770e-04   8.1398000e-07   5.8432233e-04   8.2543014e-04   6.3428221e-06   1.0974975e-07   1.6026227e-07   6.6256344e-13
   1.0000000e+00  -2.3693370e-01  -1.1425440e+00   8.1788214e-02  -1.1935534e-02   2.1633545e-03  -6.2409939e-04   5.6137578e-02   1.3054068e+00   6.6893119e-03   1.4245697e-04   4.6801027e-06   3.8950005e-07  -6.2542500e-03  -1.4372700e-02   4.0041520e-03  -4.3323600e-04  -1.1912335e-03  -1.3280978e-03   3.9115643e-05   2.0657451e-04   1.6033233e-05   1.8769343e-07   1.4190373e-06   1.7638439e-06
   1.0000000e+00  -4.5618084e-01  -1.1665639e+00   5.3835654e-02  -1.2876490e-02  -2.1043520e-03  -5.8452287e-03   2.0810096e-01   1.3608713e+00   2.8982776e-03   1.6580399e-04   4.4282973e-06   3.4166699e-05  -2.1924714e-01  -2.4019900e-02  -2.7952560e-02  -9.4095600e-04  -4.2677065e-03  -5.2211293e-03   4.8069308e-02   5.7695560e-04   7.8134561e-04   8.8539819e-07   1.8213319e-05   2.7260191e-05
   1.0000000e+00  -5.8759468e-01  -1.1822698e+00   5.5428362e-02  -1.2943730e-02  -3.3930025e-03  -8.8139017e-03   3.4526751e-01   1.3977619e+00   3.0723033e-03   1.6754015e-04   1.1512466e-05   7.7684863e-05  -1.3141384e-01  -1.5705900e-02   1.5927080e-03  -6.7240000e-05  -1.2886505e-03  -2.9686730e-03   1.7269597e-02   2.4667529e-04   2.5367188e-06   4.5212176e-09   1.6606201e-06   8.8130194e-06
   1.0000000e+00  -6.4299435e-01  -1.1778411e+00   3.4139238e-02  -1.2676788e-02  -3.4469642e-03  -9.6361984e-03   4.1344173e-01   1.3873097e+00   1.1654876e-03   1.6070095e-04   1.1881562e-05   9.2856320e-05  -5.5399670e-02   4.4287000e-03  -2.1289124e-02   2.6694200e-04  -5.3961700e-05  -8.2229670e-04   3.0691234e-03   1.9613384e-05   4.5322680e-04   7.1258031e-08   2.9118651e-09   6.7617186e-07
   1.0000000e+00  -6.5618382e-01  -1.1863429e+00   1.1016831e-01  -1.3957139e-02  -3.7097178e-03  -1.0646437e-02   4.3057721e-01   1.4074095e+00   1.2137057e-02   1.9480173e-04   1.3762006e-05   1.1334662e-04  -1.3189470e-02  -8.5018000e-03   7.6029072e-02  -1.2803510e-03  -2.6275360e-04  -1.0102386e-03   1.7396212e-04   7.2280603e-05   5.7804198e-03   1.6392987e-06   6.9039454e-08   1.0205820e-06
   1.0000000e+00  -6.6299993e-01  -1.1786596e+00   9.1729398e-02  -1.3729501e-02  -3.9875451e-03  -1.0701193e-02   4.3956891e-01   1.3892385e+00   8.4142825e-03   1.8849920e-04   1.5900516e-05   1.1451553e-04  -6.8161100e-03   7.6833000e-03  -1.8438912e-02   2.2763800e-04  -2.7782730e-04  -5.4756000e-05   4.6459356e-05   5.9033099e-05   3.3999348e-04   5.1819059e-08   7.7188009e-08   2.9982195e-09
   1.0000000e+00  -4.6614998e-01  -1.1505222e+00   2.8734616e-01  -1.6917709e-02  -3.0203893e-03  -7.8281119e-03   2.1729580e-01   1.3237013e+00   8.2567816e-02   2.8620888e-04   9.1227515e-06   6.1279336e-05   1.9684995e-01   2.8137400e-02   1.9561676e-01  -3.1882080e-03   9.6715580e-04   2.8730811e-03   3.8749903e-02   7.9171328e-04   3.8265918e-02   1.0164670e-05   9.3539034e-07   8.2545950e-06
   1.0000000e+00  -6.2706298e-01  -1.2080931e+00   1.1116745e-01  -1.4882775e-02  -4.5530645e-03  -1.0088308e-02   3.9320798e-01   1.4594889e+00   1.2358202e-02   2.2149699e-04   2.0730396e-05   1.0177396e-04  -1.6091300e-01  -5.7570900e-02  -1.7617871e-01   2.0349340e-03  -1.5326752e-03  -2.2601961e-03   2.5892994e-02   3.3144085e-03   3.1038938e-02   4.1409564e-06   2.3490933e-06   5.1084864e-06
   1.0000000e+00  -6.9053251e-01  -1.2233125e+00   1.1193667e-01  -1.5563480e-02  -4.8837033e-03  -1.0878353e-02   4.7683515e-01   1.4964935e+00   1.2529818e-02   2.4222191e-04   2.3850558e-05   1.1833856e-04  -6.3469530e-02  -1.5219400e-02   7.6922000e-04  -6.8070500e-04  -3.3063880e-04  -7.9004500e-04   4.0283812e-03   2.3163014e-04   5.9169941e-07   4.6335930e-07   1.0932202e-07   6.2417110e-07
   1.0000000e+00  -7.0350793e-01  -1.2258717e+00   1.1844568e-01  -1.5100850e-02  -4.6581176e-03  -1.1340443e-02   4.9492341e-01   1.5027614e+00   1.4029379e-02   2.2803567e-04   2.1698060e-05   1.2860565e-04  -1.2975420e-02  -2.5592000e-03   6.5090100e-03   4.6263000e-04   2.2558570e-04  -4.6209000e-04   1.6836152e-04   6.5495046e-06   4.2367211e-05   2.1402652e-07   5.0888908e-08   2.1352717e-07
   1.0000000e+00  -7.2422854e-01  -1.2330763e+00   1.2242392e-01  -1.5522233e-02  -5.1605074e-03  -1.1922710e-02   5.2450698e-01   1.5204772e+00   1.4987616e-02   2.4093972e-04   2.6630837e-05   1.4215101e-04  -2.0720610e-02  -7.2046000e-03   3.9782400e-03  -4.2138300e-04  -5.0238980e-04  -5.8226700e-04   4.2934368e-04   5.1906261e-05   1.5826393e-05   1.7756363e-07   2.5239551e-07   3.3903486e-07
   1.0000000e+00  -7.2109245e-01  -1.2382841e+00   1.3200156e-01  -1.5614319e-02  -4.9391626e-03  -1.2126194e-02   5.1997432e-01   1.5333475e+00   1.7424412e-02   2.4380696e-04   2.4395327e-05   1.4704458e-04   3.1360900e-03  -5.2078000e-03   9.5776400e-03  -9.2086000e-05   2.2134480e-04  -2.0348400e-04   9.8350605e-06   2.7121181e-05   9.1731188e-05   8.4798314e-09   4.8993520e-08   4.1405738e-08
   1.0000000e+00  -7.2301673e-01  -1.2539226e+00   1.2939196e-01  -1.5858443e-02  -5.9790316e-03  -1.2618160e-02   5.2275319e-01   1.5723219e+00   1.6742279e-02   2.5149021e-04   3.5748819e-05   1.5921796e-04  -1.9242800e-03  -1.5638500e-02  -2.6096000e-03  -2.4412400e-04  -1.0398690e-03  -4.9196600e-04   3.7028535e-06   2.4456268e-04   6.8100122e-06   5.9596527e-08   1.0813275e-06   2.4203055e-07
   1.0000000e+00  -7.3630323e-01  -1.2656537e+00   1.2043417e-01  -1.5636294e-02  -5.3882421e-03  -1.2605072e-02   5.4214245e-01   1.6018793e+00   1.4504389e-02   2.4449369e-04   2.9033153e-05   1.5888784e-04  -1.3286500e-02  -1.1731100e-02  -8.9577900e-03   2.2214900e-04   5.9078950e-04   1.3088000e-05   1.7653108e-04   1.3761871e-04   8.0242002e-05   4.9350178e-08   3.4903223e-07   1.7129574e-10
   1.0000000e+00  -7.5636793e-01  -1.2641308e+00   1.0499940e-01  -1.5176192e-02  -5.4046343e-03  -1.2721390e-02   5.7209245e-01   1.5980267e+00   1.1024874e-02   2.3031680e-04   2.9210072e-05   1.6183376e-04  -2.0064700e-02   1.5229000e-03  -1.5434770e-02   4.6010200e-04  -1.6392200e-05  -1.1631800e-04   4.0259219e-04   2.3192244e-06   2.3823212e-04   2.1169385e-07   2.6870422e-10   1.3529877e-08
   1.0000000e+00  -7.5918580e-01  -1.2780898e+00   1.3084437e-01  -1.6077301e-02  -5.2069625e-03  -1.3105947e-02   5.7636308e-01   1.6335135e+00   1.7120249e-02   2.5847961e-04   2.7112458e-05   1.7176585e-04  -2.8178700e-03  -1.3959000e-02   2.5844970e-02  -9.0110900e-04   1.9767180e-04  -3.8455700e-04   7.9403913e-06   1.9485368e-04   6.6796247e-04   8.1199743e-07   3.9074141e-08   1.4788409e-07
   1.0000000e+00  -7.5761003e-01  -1.2842641e+00   1.2413792e-01  -1.5238849e-02  -5.7365256e-03  -1.3188668e-02   5.7397296e-01   1.6493343e+00   1.5410223e-02   2.3222252e-04   3.2907726e-05   1.7394096e-04   1.5757700e-03  -6.1743000e-03  -6.7064500e-03   8.3845200e-04  -5.2956310e-04  -8.2721000e-05   2.4830511e-06   3.8121980e-05   4.4976472e-05   7.0300176e-07   2.8043708e-07   6.8427638e-09
   1.0000000e+00  -7.6964629e-01  -1.3060059e+00   1.2694286e-01  -1.5835211e-02  -5.7884234e-03  -1.3500996e-02   5.9235541e-01   1.7056514e+00   1.6114490e-02   2.5075391e-04   3.3505845e-05   1.8227689e-04  -1.2036260e-02  -2.1741800e-02   2.8049400e-03  -5.9636200e-04  -5.1897800e-05  -3.1232800e-04   1.4487155e-04   4.7270587e-04   7.8676884e-06   3.5564764e-07   2.6933816e-09   9.7548780e-08
   1.0000000e+00  -7.7709539e-01  -1.3063769e+00   1.2010246e-01  -1.4740634e-02  -5.7570431e-03  -1.3435401e-02   6.0387725e-01   1.7066206e+00   1.4424601e-02   2.1728629e-04   3.3143545e-05   1.8051000e-04  -7.4491000e-03  -3.7100000e-04  -6.8404000e-03   1.0945770e-03   3.1380300e-05   6.5595000e-05   5.5489091e-05   1.3764100e-07   4.6791072e-05   1.1980988e-06   9.8472323e-10   4.3027040e-09
   1.0000000e+00  -7.8787164e-01  -1.3323543e+00   1.1311488e-01  -1.5289313e-02  -5.7466701e-03  -1.3712697e-02   6.2074172e-01   1.7751680e+00   1.2794976e-02   2.3376309e-04   3.3024217e-05   1.8803806e-04  -1.0776250e-02  -2.5977400e-02  -6.9875800e-03  -5.4867900e-04   1.0373000e-05  -2.7729600e-04   1.1612756e-04   6.7482531e-04   4.8826274e-05   3.0104865e-07   1.0759913e-10   7.6893072e-08
   1.0000000e+00  -7.9119569e-01  -1.3592720e+00   1.3005746e-01  -1.5171778e-02  -5.7612848e-03  -1.3712538e-02   6.2599062e-01   1.8476204e+00   1.6914943e-02   2.3018285e-04   3.3192403e-05   1.8803370e-04  -3.3240500e-03  -2.6917700e-02   1.6942580e-02   1.1753500e-04  -1.4614700e-05   1.5900000e-07   1.1049308e-05   7.2456257e-04   2.8705102e-04   1.3814476e-08   2.1358946e-10   2.5281000e-14
   1.0000000e+00  -7.9631878e-01  -1.3507342e+00   1.1059944e-01  -1.5104667e-02  -5.9462054e-03  -1.3963179e-02   6.3412360e-01   1.8244829e+00   1.2232236e-02   2.2815097e-04   3.5357359e-05   1.9497037e-04  -5.1230900e-03   8.5378000e-03  -1.9458020e-02   6.7111000e-05  -1.8492060e-04  -2.5064100e-04   2.6246051e-05   7.2894029e-05   3.7861454e-04   4.5038863e-09   3.4195628e-08   6.2820911e-08
   1.0000000e+00  -8.0969697e-01  -1.3973222e+00   1.3605202e-01  -1.6045657e-02  -6.4588281e-03  -1.4559412e-02   6.5560918e-01   1.9525093e+00   1.8510152e-02   2.5746311e-04   4.1716460e-05   2.1197648e-04  -1.3378190e-02  -4.6588000e-02   2.5452580e-02  -9.4099000e-04  -5.1262270e-04  -5.9623300e-04   1.7897597e-04   2.1704417e-03   6.4783383e-04   8.8546218e-07   2.6278203e-07   3.5549379e-07
   1.0000000e+00  -8.3302115e-01  -1.3968230e+00   7.0301260e-02  -1.4150382e-02  -6.5297331e-03  -1.4727544e-02   6.9392424e-01   1.9511145e+00   4.9422672e-03   2.0023331e-04   4.2637414e-05   2.1690055e-04  -2.3324180e-02   4.9920000e-04  -6.5750760e-02   1.8952750e-03  -7.0905000e-05  -1.6813200e-04   5.4401737e-04   2.4920064e-07   4.3231624e-03   3.5920673e-06   5.0275190e-09   2.8268369e-08
   1.0000000e+00  -8.4217328e-01  -1.4592378e+00   1.3141806e-01  -1.5134937e-02  -6.4888674e-03  -1.5125833e-02   7.0925583e-01   2.1293750e+00   1.7270706e-02   2.2906632e-04   4.2105400e-05   2.2879082e-04  -9.1521300e-03  -6.2414800e-02   6.1116800e-02  -9.8455500e-04   4.0865700e-05  -3.9828900e-04   8.3761484e-05   3.8956073e-03   3.7352632e-03   9.6934855e-07   1.6700054e-09   1.5863413e-07
   1.0000000e+00  -8.5718634e-01  -1.5169364e+00  -2.1599557e-03  -1.1338937e-02  -6.0600662e-03  -1.4923582e-02   7.3476842e-01   2.3010960e+00   4.6654086e-06   1.2857149e-04   3.6724402e-05   2.2271330e-04  -1.5013060e-02  -5.7698600e-02  -1.3357802e-01   3.7960000e-03   4.2880120e-04   2.0225100e-04   2.2539197e-04   3.3291284e-03   1.7843086e-02   1.4409616e-05   1.8387047e-07   4.0905467e-08
   1.0000000e+00  -8.6622068e-01  -1.4992835e+00   2.1441384e-01  -1.6799394e-02  -7.2454756e-03  -1.5845293e-02   7.5033827e-01   2.2478510e+00   4.5973295e-02   2.8221964e-04   5.2496917e-05   2.5107331e-04  -9.0343400e-03   1.7652900e-02   2.1657380e-01  -5.4604570e-03  -1.1854094e-03  -9.2171100e-04   8.1619299e-05   3.1162488e-04   4.6904209e-02   2.9816591e-05   1.4051954e-06   8.4955117e-07
   1.0000000e+00  -8.8167011e-01  -1.5716634e+00   1.1338695e-01  -1.4430097e-02  -8.2178694e-03  -1.7244529e-02   7.7734218e-01   2.4701258e+00   1.2856600e-02   2.0822770e-04   6.7533377e-05   2.9737378e-04  -1.5449430e-02  -7.2379900e-02  -1.0102689e-01   2.3692970e-03  -9.7239380e-04  -1.3992360e-03   2.3868489e-04   5.2388499e-03   1.0206433e-02   5.6135683e-06   9.4554970e-07   1.9578614e-06
   1.0000000e+00  -7.7125793e-01  -1.4695500e+00   1.2708123e-01  -1.5035746e-02  -5.0283866e-03  -1.4735940e-02   5.9483879e-01   2.1595772e+00   1.6149639e-02   2.2607366e-04   2.5284672e-05   2.1714793e-04   1.1041218e-01   1.0211340e-01   1.3694280e-02  -6.0564900e-04   3.1894828e-03   2.5085890e-03   1.2190849e-02   1.0427146e-02   1.8753330e-04   3.6681071e-07   1.0172801e-05   6.2930188e-06
   1.0000000e+00  -7.0063969e-01  -1.4332168e+00   1.5507780e-01  -1.5430026e-02  -5.2310171e-03  -1.3869234e-02   4.9089598e-01   2.0541104e+00   2.4049124e-02   2.3808570e-04   2.7363540e-05   1.9235565e-04   7.0618240e-02   3.6333200e-02   2.7996570e-02  -3.9428000e-04  -2.0263050e-04   8.6670600e-04   4.9869358e-03   1.3201014e-03   7.8380793e-04   1.5545672e-07   4.1059120e-08   7.5117929e-07
   1.0000000e+00  -6.6999254e-01  -1.4312838e+00   1.2406673e-01  -1.4435814e-02  -5.1077386e-03  -1.3481115e-02   4.4889000e-01   2.0485733e+00   1.5392553e-02   2.0839273e-04   2.6088994e-05   1.8174046e-04   3.0647150e-02   1.9330000e-03  -3.1011070e-02   9.9421200e-04   1.2327850e-04   3.8811900e-04   9.3924780e-04   3.7364890e-06   9.6168646e-04   9.8845750e-07   1.5197589e-08   1.5063636e-07
   1.0000000e+00  -6.3044529e-01  -1.4369737e+00   1.4184565e-01  -1.4300426e-02  -5.1860493e-03  -1.3091005e-02   3.9746126e-01   2.0648934e+00   2.0120188e-02   2.0450218e-04   2.6895107e-05   1.7137441e-04   3.9547250e-02  -5.6899000e-03   1.7778920e-02   1.3538800e-04  -7.8310700e-05   3.9011000e-04   1.5639850e-03   3.2374962e-05   3.1609000e-04   1.8329911e-08   6.1325657e-09   1.5218581e-07
   1.0000000e+00  -6.1340436e-01  -1.4149729e+00   1.6780223e-01  -1.4526715e-02  -5.0014954e-03  -1.2642584e-02   3.7626491e-01   2.0021483e+00   2.8157588e-02   2.1102545e-04   2.5014956e-05   1.5983493e-04   1.7040930e-02   2.2000800e-02   2.5956580e-02  -2.2628900e-04   1.8455390e-04   4.4842100e-04   2.9039330e-04   4.8403520e-04   6.7374405e-04   5.1206712e-08   3.4060142e-08   2.0108139e-07
   1.0000000e+00  -5.5743412e-01  -1.4434645e+00   1.7559970e-01  -1.4357310e-02  -4.8804443e-03  -1.1940237e-02   3.1073280e-01   2.0835898e+00   3.0835255e-02   2.0613235e-04   2.3818737e-05   1.4256926e-04   5.5970240e-02  -2.8491600e-02   7.7974700e-03   1.6940500e-04   1.2105110e-04   7.0234700e-04   3.1326678e-03   8.1177127e-04   6.0800538e-05   2.8698054e-08   1.4653369e-08   4.9329131e-07
   1.0000000e+00  -5.6920510e-01  -1.4421306e+00   1.3845123e-01  -1.3493847e-02  -4.4653005e-03  -1.1852617e-02   3.2399445e-01   2.0797407e+00   1.9168743e-02   1.8208391e-04   1.9938909e-05   1.4048453e-04  -1.1770980e-02   1.3339000e-03  -3.7148470e-02   8.6346300e-04   4.1514380e-04   8.7620000e-05   1.3855597e-04   1.7792892e-06   1.3800088e-03   7.4556835e-07   1.7234437e-07   7.6772644e-09
   1.0000000e+00  -5.0093422e-01  -1.5022911e+00   1.9995519e-01  -1.4930252e-02  -4.2961224e-03  -1.1389267e-02   2.5093509e-01   2.2568785e+00   3.9982078e-02   2.2291242e-04   1.8456668e-05   1.2971540e-04   6.8270880e-02  -6.0160500e-02   6.1503960e-02  -1.4364050e-03   1.6917810e-04   4.6335000e-04   4.6609131e-03   3.6192858e-03   3.7827371e-03   2.0632593e-06   2.8621230e-08   2.1469322e-07
   1.0000000e+00  -4.5697996e-01  -1.4742075e+00   2.1768444e-01  -1.5843307e-02  -3.3451993e-03  -1.0941340e-02   2.0883068e-01   2.1732878e+00   4.7386515e-02   2.5101038e-04   1.1190358e-05   1.1971292e-04   4.3954260e-02   2.8083600e-02   1.7729250e-02  -9.1305500e-04   9.5092310e-04   4.4792700e-04   1.9319770e-03   7.8868859e-04   3.1432631e-04   8.3366943e-07   9.0425474e-07   2.0063860e-07
   1.0000000e+00  -4.3645568e-01  -1.4863228e+00   1.9938637e-01  -1.4708164e-02  -3.0648831e-03  -1.0732195e-02   1.9049356e-01   2.2091555e+00   3.9754925e-02   2.1633009e-04   9.3935084e-06   1.1518001e-04   2.0524280e-02  -1.2115300e-02  -1.8298070e-02   1.1351430e-03   2.8031620e-04   2.0914500e-04   4.2124607e-04   1.4678049e-04   3.3481937e-04   1.2885496e-06   7.8577172e-08   4.3741631e-08
   1.0000000e+00  -4.2508138e-01  -1.4675115e+00   1.8317242e-01  -1.4770146e-02  -2.6797860e-03  -1.0596220e-02   1.8069418e-01   2.1535900e+00   3.3552135e-02   2.1815721e-04   7.1812530e-06   1.1227988e-04   1.1374300e-02   1.8811300e-02  -1.6213950e-02  -6.1982000e-05   3.8509710e-04   1.3597500e-04   1.2937470e-04   3.5386501e-04   2.6289217e-04   3.8417683e-09   1.4829978e-07   1.8489201e-08
   1.0000000e+00  -4.3328165e-01  -1.4649814e+00   2.0265829e-01  -1.4834379e-02  -2.1221594e-03  -1.1012145e-02   1.8773299e-01   2.1461705e+00   4.1070383e-02   2.2005880e-04   4.5035605e-06   1.2126734e-04  -8.2002700e-03   2.5301000e-03   1.9485870e-02  -6.4233000e-05   5.5762660e-04  -4.1592500e-04   6.7244428e-05   6.4014060e-06   3.7969913e-04   4.1258783e-09   3.1094743e-07   1.7299361e-07
   1.0000000e+00  -4.1751606e-01  -1.5122196e+00   1.7022769e-01  -1.3451922e-02  -1.7518039e-03  -1.0837434e-02   1.7431966e-01   2.2868081e+00   2.8977466e-02   1.8095421e-04   3.0688169e-06   1.1744998e-04   1.5765590e-02  -4.7238200e-02  -3.2430600e-02   1.3824570e-03   3.7035550e-04   1.7471100e-04   2.4855383e-04   2.2314475e-03   1.0517438e-03   1.9111874e-06   1.3716320e-07   3.0523934e-08
   1.0000000e+00  -3.9713797e-01  -1.5351487e+00   1.8360973e-01  -1.3973646e-02  -1.7294296e-03  -1.0928245e-02   1.5771857e-01   2.3566815e+00   3.3712533e-02   1.9526278e-04   2.9909267e-06   1.1942654e-04   2.0378090e-02  -2.2929100e-02   1.3382040e-02  -5.2172400e-04   2.2374300e-05  -9.0811000e-05   4.1526655e-04   5.2574363e-04   1.7907899e-04   2.7219593e-07   5.0060930e-10   8.2466377e-09
