   1.0000000e+00   0.0000000e+00   0.0000000e+00   0.0000000e+00   0.0000000e+00   0.0000000e+00  -0.0000000e+00   0.0000000e+00   0.0000000e+00   0.0000000e+00   0.0000000e+00   0.0000000e+00   0.0000000e+00   0.0000000e+00   0.0000000e+00   0.0000000e+00   0.0000000e+00   0.0000000e+00   0.0000000e+00   0.0000000e+00   0.0000000e+00   0.0000000e+00   0.0000000e+00   0.0000000e+00   0.0000000e+00
   1.0000000e+00   1.2312685e-02  -2.8156394e-02   4.4624311e-02  -8.1345779e-04  -1.1101036e-04   3.0156879e-04   1.5160221e-04   7.9278252e-04   1.9913291e-03   6.6171358e-07   1.2323300e-08   9.0943735e-08   1.2312685e-02  -2.8156394e-02   4.4624311e-02  -8.1345779e-04  -1.1101036e-04   3.0156879e-04   1.5160221e-04   7.9278252e-04   1.9913291e-03   6.6171358e-07   1.2323300e-08   9.0943735e-08
   1.0000000e+00   6.8932601e-03   1.3700854e-02  -4.2805789e-03   5.4194538e-04  -2.9232865e-05   2.9060903e-04   4.7517035e-05   1.8771340e-04   1.8323356e-05   2.9370479e-07   8.5456040e-10   8.4453608e-08  -5.4194249e-03   4.1857248e-02  -4.8904890e-02   1.3554032e-03   8.1777495e-05  -1.0959760e-05   2.9370166e-05   1.7520292e-03   2.3916883e-03   1.8371178e-06   6.6875587e-09   1.2011634e-10
   1.0000000e+00   8.5373578e-03  -1.7189278e-02   2.0705626e-03   3.8839423e-04   1.1776558e-04   3.6374884e-04   7.2886478e-05   2.9547128e-04   4.2872295e-06   1.5085008e-07   1.3868732e-08   1.3231322e-07   1.6440977e-03  -3.0890132e-02   6.3511415e-03  -1.5355115e-04   1.4699845e-04   7.3139810e-05   2.7030572e-06   9.5420025e-04   4.0336998e-05   2.3577956e-08   2.1608543e-08   5.3494318e-09
   1.0000000e+00   2.1010662e-02   2.0258900e-03   1.9223410e-02  -2.4867959e-04   3.1250356e-05   4.6089936e-04   4.4144792e-04   4.1042303e-06   3.6953949e-04   6.1841538e-08   9.7658475e-10   2.1242822e-07   1.2473304e-02   1.9215168e-02   1.7152847e-02  -6.3707382e-04  -8.6515224e-05   9.7150520e-05   1.5558332e-04   3.6922268e-04   2.9422017e-04   4.0586305e-07   7.4848840e-09   9.4382235e-09
   1.0000000e+00   2.6929764e-03  -3.5749181e-03  -2.3912265e-02   1.0987985e-03   2.3973191e-04   3.2544298e-04   7.2521219e-06   1.2780039e-05   5.7179642e-04   1.2073581e-06   5.7471389e-08   1.0591313e-07  -1.8317686e-02  -5.6008081e-03  -4.3135675e-02   1.3474781e-03   2.0848155e-04  -1.3545638e-04   3.3553761e-04   3.1369051e-05   1.8606865e-03   1.8156972e-06   4.3464558e-08   1.8348431e-08
   1.0000000e+00   6.1607238e-03  -3.5085938e-02   1.3057669e-02  -3.6304852e-04   3.6453898e-04   1.6280052e-04   3.7954518e-05   1.2310230e-03   1.7050272e-04   1.3180423e-07   1.3288867e-07   2.6504009e-08   3.4677474e-03  -3.1511020e-02   3.6969934e-02  -1.4618470e-03   1.2480707e-04  -1.6264246e-04   1.2025272e-05   9.9294438e-04   1.3667760e-03   2.1369967e-06   1.5576805e-08   2.6452570e-08
   1.0000000e+00  -1.0974892e-02  -2.7243557e-02   2.2427853e-02   4.8927224e-04   5.4418773e-04   5.5525217e-06   1.2044825e-04   7.4221140e-04   5.0300859e-04   2.3938732e-07   2.9614029e-07   3.0830497e-11  -1.7135616e-02   7.8423810e-03   9.3701840e-03   8.5232076e-04   1.7964875e-04  -1.5724800e-04   2.9362933e-04   6.1502940e-05   8.7800348e-05   7.2645068e-07   3.2273673e-08   2.4726933e-08
   1.0000000e+00  -9.4687389e-03  -4.3309069e-02  -2.0939917e-02   1.4830652e-03   8.0671769e-04  -1.5192618e-05   8.9657016e-05   1.8756755e-03   4.3848012e-04   2.1994824e-06   6.5079343e-07   2.3081564e-10   1.5061531e-03  -1.6065512e-02  -4.3367770e-02   9.9379296e-04   2.6252996e-04  -2.0745140e-05   2.2684972e-06   2.5810068e-04   1.8807635e-03   9.8762445e-07   6.8921980e-08   4.3036082e-10
   1.0000000e+00  -1.9183751e-02  -5.9065604e-02   2.1149717e-02   2.7953319e-04   8.2469046e-04  -9.2585148e-05   3.6801630e-04   3.4887456e-03   4.4731053e-04   7.8138804e-08   6.8011435e-07   8.5720096e-09  -9.7150121e-03  -1.5756535e-02   4.2089634e-02  -1.2035320e-03   1.7972770e-05  -7.7392530e-05   9.4381460e-05   2.4826840e-04   1.7715373e-03   1.4484893e-06   3.2302046e-10   5.9896037e-09
   1.0000000e+00  -2.4738034e-02  -6.3693490e-02   3.5709094e-02   5.9546062e-04   6.4385399e-04  -5.2643311e-04   6.1197033e-04   4.0568607e-03   1.2751394e-03   3.5457335e-07   4.1454796e-07   2.7713182e-07  -5.5542830e-03  -4.6278860e-03   1.4559377e-02   3.1592743e-04  -1.8083647e-04  -4.3384796e-04   3.0850060e-05   2.1417329e-05   2.1197546e-04   9.9810141e-08   3.2701829e-08   1.8822405e-07
   1.0000000e+00  -3.2339825e-02  -1.1000036e-01   5.8811808e-02   3.9131752e-04   9.7165510e-04  -6.2059573e-04   1.0458643e-03   1.2100079e-02   3.4588288e-03   1.5312940e-07   9.4411363e-07   3.8513906e-07  -7.6017910e-03  -4.6306870e-02   2.3102714e-02  -2.0414310e-04   3.2780111e-04  -9.4162620e-05   5.7787226e-05   2.1443262e-03   5.3373539e-04   4.1674405e-08   1.0745357e-07   8.8665990e-09
   1.0000000e+00  -1.4071524e-02  -6.6265124e-02   2.1733452e-02   7.2376383e-04   6.9097285e-04  -1.8589173e-04   1.9800779e-04   4.3910667e-03   4.7234294e-04   5.2383408e-07   4.7744348e-07   3.4555735e-08   1.8268301e-02   4.3735236e-02  -3.7078356e-02   3.3244631e-04  -2.8068225e-04   4.3470400e-04   3.3373082e-04   1.9127709e-03   1.3748045e-03   1.1052055e-07   7.8782525e-08   1.8896757e-07
   1.0000000e+00  -3.0599043e-02  -1.1966148e-01   4.7205107e-02   8.9072804e-04   9.0287172e-04  -4.8120901e-04   9.3630143e-04   1.4318870e-02   2.2283221e-03   7.9339644e-07   8.1517734e-07   2.3156211e-07  -1.6527519e-02  -5.3396356e-02   2.5471655e-02   1.6696421e-04   2.1189887e-04  -2.9531728e-04   2.7315888e-04   2.8511708e-03   6.4880521e-04   2.7877047e-08   4.4901131e-08   8.7212296e-08
   1.0000000e+00  -4.6139130e-02  -1.0247116e-01   1.0506814e-01  -1.1708904e-03   1.0048495e-03  -1.0782650e-03   2.1288193e-03   1.0500339e-02   1.1039314e-02   1.3709843e-06   1.0097225e-06   1.1626554e-06  -1.5540087e-02   1.7190320e-02   5.7863033e-02  -2.0616184e-03   1.0197778e-04  -5.9705599e-04   2.4149430e-04   2.9550710e-04   3.3481306e-03   4.2502706e-06   1.0399468e-08   3.5647586e-07
   1.0000000e+00  -1.5936321e-02  -1.1351738e-01   4.3660450e-02   1.1001629e-03   8.5280879e-04  -2.5063715e-04   2.5396633e-04   1.2886196e-02   1.9062349e-03   1.2103584e-06   7.2728283e-07   6.2818981e-08   3.0202809e-02  -1.1046220e-02  -6.1407690e-02   2.2710533e-03  -1.5204071e-04   8.2762785e-04   9.1220967e-04   1.2201898e-04   3.7709044e-03   5.1576831e-06   2.3116377e-08   6.8496786e-07
   1.0000000e+00  -1.2282130e-02  -1.5227217e-01   5.5561867e-02  -2.9183250e-04   7.8858376e-04  -3.0411598e-04   1.5085072e-04   2.3186814e-02   3.0871211e-03   8.5166208e-08   6.2186435e-07   9.2486529e-08   3.6541910e-03  -3.8754790e-02   1.1901417e-02  -1.3919954e-03  -6.4225030e-05  -5.3478830e-05   1.3353112e-05   1.5019337e-03   1.4164373e-04   1.9376512e-06   4.1248545e-09   2.8599853e-09
   1.0000000e+00  -1.6187169e-02  -1.3092618e-01   6.0945951e-02   1.9096835e-04   7.2915372e-04  -2.5544857e-04   2.6202444e-04   1.7141665e-02   3.7144089e-03   3.6468911e-08   5.3166515e-07   6.5253972e-08  -3.9050390e-03   2.1345990e-02   5.3840840e-03   4.8280085e-04  -5.9430040e-05   4.8667410e-05   1.5249330e-05   4.5565129e-04   2.8988361e-05   2.3309666e-07   3.5319297e-09   2.3685168e-09
   1.0000000e+00  -1.4787400e-02  -1.5640503e-01   2.3804864e-02   3.1556358e-04   8.8156249e-04  -5.4685322e-04   2.1866720e-04   2.4462533e-02   5.6667155e-04   9.9580373e-08   7.7715242e-07   2.9904844e-07   1.3997690e-03  -2.5478850e-02  -3.7141087e-02   1.2459523e-04   1.5240877e-04  -2.9140465e-04   1.9593533e-06   6.4917180e-04   1.3794603e-03   1.5523971e-08   2.3228433e-08   8.4916670e-08
   1.0000000e+00  -1.0410433e-02  -1.3733297e-01   3.9355233e-02  -2.3675032e-04   6.7646020e-04  -3.6959525e-04   1.0837712e-04   1.8860345e-02   1.5488344e-03   5.6050714e-08   4.5759840e-07   1.3660065e-07   4.3769670e-03   1.9072060e-02   1.5550369e-02  -5.5231390e-04  -2.0510229e-04   1.7725797e-04   1.9157840e-05   3.6374347e-04   2.4181398e-04   3.0505064e-07   4.2066949e-08   3.1420388e-08
   1.0000000e+00  -2.7507947e-03  -1.4003134e-01   1.2226663e-02   1.2810257e-03   5.2469494e-04  -1.6299573e-04   7.5668715e-06   1.9608776e-02   1.4949129e-04   1.6410268e-06   2.7530478e-07   2.6567608e-08   7.6596383e-03  -2.6983700e-03  -2.7128570e-02   1.5177760e-03  -1.5176526e-04   2.0659952e-04   5.8670059e-05   7.2812007e-06   7.3595931e-04   2.3036440e-06   2.3032694e-08   4.2683362e-08
   1.0000000e+00  -9.9615723e-04  -1.7461282e-01   1.6431033e-02   1.6905465e-04   5.6171767e-04  -1.4316165e-04   9.9232923e-07   3.0489637e-02   2.6997885e-04   2.8579475e-08   3.1552674e-07   2.0495258e-08   1.7546375e-03  -3.4581480e-02   4.2043700e-03  -1.1119710e-03   3.7022730e-05   1.9834080e-05   3.0787527e-06   1.1958788e-03   1.7676727e-05   1.2364796e-06   1.3706825e-09   3.9339073e-10
   1.0000000e+00   7.7108934e-04  -1.4540232e-01   1.0841953e-02   6.3659130e-04   6.7657632e-04  -1.5621915e-04   5.9457877e-07   2.1141835e-02   1.1754794e-04   4.0524848e-07   4.5775552e-07   2.4404423e-08   1.7672466e-03   2.9210500e-02  -5.5890800e-03   4.6753665e-04   1.1485865e-04  -1.3057500e-05   3.1231604e-06   8.5325331e-04   3.1237815e-05   2.1859052e-07   1.3192509e-08   1.7049831e-10
   1.0000000e+00   4.6857596e-03  -1.7278314e-01   2.2102264e-02   7.0180993e-04   5.4019401e-04   2.9280607e-05   2.1956343e-05   2.9854013e-02   4.8851007e-04   4.9253718e-07   2.9180957e-07   8.5735395e-10   3.9146703e-03  -2.7380820e-02   1.1260311e-02   6.5218630e-05  -1.3638231e-04   1.8549976e-04   1.5324643e-05   7.4970930e-04   1.2679460e-04   4.2534697e-09   1.8600134e-08   3.4410160e-08
   1.0000000e+00   7.1759467e-03  -1.8882702e-01   3.7797766e-02  -5.4916691e-04   6.7491597e-04   1.7096065e-04   5.1494211e-05   3.5655643e-02   1.4286711e-03   3.0158430e-07   4.5551157e-07   2.9227544e-08   2.4901871e-03  -1.6043880e-02   1.5695502e-02  -1.2509768e-03   1.3472196e-04   1.4168004e-04   6.2010318e-06   2.5740609e-04   2.4634878e-04   1.5649431e-06   1.8150007e-08   2.0073235e-08
   1.0000000e+00   1.6968045e-02  -1.5909939e-01  -7.7689866e-03   1.6164272e-03   6.6891595e-04   9.8756710e-05   2.8791455e-04   2.5312616e-02   6.0357153e-05   2.6128369e-06   4.4744855e-07   9.7528878e-09   9.7920983e-03   2.9727630e-02  -4.5566753e-02   2.1655941e-03  -6.0000200e-06  -7.2203940e-05   9.5885189e-05   8.8373199e-04   2.0763289e-03   4.6897978e-06   3.6000240e-11   5.2134090e-09
   1.0000000e+00   6.0558056e-03  -1.8712453e-01  -2.2265786e-02   1.6170083e-03   6.2813937e-04   3.1081715e-04   3.6672781e-05   3.5015590e-02   4.9576523e-04   2.6147158e-06   3.9455907e-07   9.6607301e-08  -1.0912239e-02  -2.8025140e-02  -1.4496799e-02   5.8110000e-07  -4.0776580e-05   2.1206044e-04   1.1907697e-04   7.8540847e-04   2.1015719e-04   3.3767721e-13   1.6627295e-09   4.4969630e-08
   1.0000000e+00   1.2087959e-02  -1.9323812e-01   4.1297995e-02  -3.8129303e-04   6.6131265e-04   3.8434670e-04   1.4611875e-04   3.7340971e-02   1.7055244e-03   1.4538437e-07   4.3733442e-07   1.4772239e-07   6.0321534e-03  -6.1135900e-03   6.3563781e-02  -1.9983013e-03   3.3173280e-05   7.3529550e-05   3.6386875e-05   3.7375983e-05   4.0403543e-03   3.9932082e-06   1.1004665e-09   5.4065947e-09
   1.0000000e+00  -6.5914939e-03  -2.4705315e-01   9.9302117e-02  -9.1985517e-04   5.9530307e-04  -3.3715401e-04   4.3447792e-05   6.1035259e-02   9.8609104e-03   8.4613353e-07   3.5438575e-07   1.1367283e-07  -1.8679453e-02  -5.3815030e-02   5.8004122e-02  -5.3856214e-04  -6.6009580e-05  -7.2150071e-04   3.4892196e-04   2.8960575e-03   3.3644782e-03   2.9004918e-07   4.3572647e-09   5.2056327e-07
   1.0000000e+00  -5.4789804e-03  -2.1372266e-01   8.2822492e-03   2.8140536e-05   6.9570980e-04  -3.2699392e-04   3.0019226e-05   4.5677375e-02   6.8595652e-05   7.9188977e-10   4.8401213e-07   1.0692502e-07   1.1125135e-03   3.3330490e-02  -9.1019868e-02   9.4799571e-04   1.0040673e-04   1.0160090e-05   1.2376863e-06   1.1109216e-03   8.2846163e-03   8.9869586e-07   1.0081511e-08   1.0322743e-10
   1.0000000e+00  -1.4842630e-02  -1.8367202e-01   1.9944155e-04   6.5569456e-04   7.8123376e-04  -3.7919185e-04   2.2030367e-04   3.3735411e-02   3.9776932e-08   4.2993536e-07   6.1032619e-07   1.4378646e-07  -9.3636496e-03   3.0050640e-02  -8.0828076e-03   6.2755402e-04   8.5523960e-05  -5.2197930e-05   8.7677934e-05   9.0304096e-04   6.5331780e-05   3.9382405e-07   7.3143477e-09   2.7246239e-09
   1.0000000e+00   1.8206887e-04  -2.1314406e-01   1.1368075e-02   9.3193584e-04   7.7677081e-04  -1.6826155e-04   3.3149073e-08   4.5430390e-02   1.2923313e-04   8.6850441e-07   6.0337289e-07   2.8311949e-08   1.5024699e-02  -2.9472040e-02   1.1168633e-02   2.7624128e-04  -4.4629500e-06   2.1093030e-04   2.2574158e-04   8.6860114e-04   1.2473837e-04   7.6309245e-08   1.9917923e-11   4.4491591e-08
   1.0000000e+00  -2.4306525e-03  -2.0314206e-01   2.9471581e-02  -1.4798546e-04   8.3298628e-04  -4.3808826e-05   5.9080716e-06   4.1266697e-02   8.6857409e-04   2.1899696e-08   6.9386614e-07   1.9192132e-09  -2.6127214e-03   1.0002000e-02   1.8103506e-02  -1.0799213e-03   5.6215470e-05   1.2445272e-04   6.8263130e-06   1.0004000e-04   3.2773693e-04   1.1662300e-06   3.1601791e-09   1.5488481e-08
   1.0000000e+00   2.9963629e-03  -2.1580329e-01   1.0308512e-03   1.4425543e-03   6.7853555e-04   8.0790230e-05   8.9781906e-06   4.6571060e-02   1.0626542e-06   2.0809629e-06   4.6041049e-07   6.5270613e-09   5.4270154e-03  -1.2661230e-02  -2.8440730e-02   1.5905398e-03  -1.5445073e-04   1.2459906e-04   2.9452496e-05   1.6030675e-04   8.0887511e-04   2.5298167e-06   2.3855028e-08   1.5524925e-08
   1.0000000e+00  -3.6725457e-03  -2.2270480e-01   1.0626025e-02  -1.2494727e-05   7.4594062e-04  -2.7231661e-05   1.3487592e-05   4.9597428e-02   1.1291241e-04   1.5611820e-10   5.5642741e-07   7.4156336e-10  -6.6689086e-03  -6.9015100e-03   9.5951738e-03  -1.4550490e-03   6.7405070e-05  -1.0802189e-04   4.4474342e-05   4.7630840e-05   9.2067360e-05   2.1171677e-06   4.5434435e-09   1.1668729e-08
   1.0000000e+00   1.2591323e-02  -1.9242289e-01  -1.0811674e-03   1.7797680e-03   5.9085320e-04   4.4614189e-04   1.5854141e-04   3.7026569e-02   1.1689229e-06   3.1675741e-06   3.4910750e-07   1.9904259e-07   1.6263869e-02   3.0281910e-02  -1.1707192e-02   1.7922627e-03  -1.5508742e-04   4.7337355e-04   2.6451343e-04   9.1699407e-04   1.3705835e-04   3.2122057e-06   2.4052108e-08   2.2408252e-07
   1.0000000e+00   1.9722518e-02  -2.2234641e-01  -6.9164949e-03   1.0973678e-03   4.6694853e-04   4.6988161e-04   3.8897772e-04   4.9437926e-02   4.7837902e-05   1.2042161e-06   2.1804093e-07   2.2078873e-07   7.1311950e-03  -2.9923520e-02  -5.8353275e-03  -6.8240020e-04  -1.2390467e-04   2.3739720e-05   5.0853942e-05   8.9541705e-04   3.4051047e-05   4.6567003e-07   1.5352367e-08   5.6357431e-10
   1.0000000e+00   2.3172859e-02  -2.0876188e-01   2.5962148e-02   1.1064015e-03   4.1546256e-04   7.0115974e-04   5.3698139e-04   4.3581523e-02   6.7403313e-04   1.2241243e-06   1.7260914e-07   4.9162498e-07   3.4503410e-03   1.3584530e-02   3.2878643e-02   9.0337000e-06  -5.1485970e-05   2.3127813e-04   1.1904853e-05   1.8453946e-04   1.0810052e-03   8.1607736e-11   2.6508051e-09   5.3489573e-08
   1.0000000e+00   5.5820974e-03  -2.3744105e-01  -2.5330048e-02   2.2482318e-03   4.0421927e-04   3.2694654e-04   3.1159811e-05   5.6378252e-02   6.4161133e-04   5.0545462e-06   1.6339322e-07   1.0689404e-07  -1.7590762e-02  -2.8679170e-02  -5.1292196e-02   1.1418303e-03  -1.1243290e-05  -3.7421320e-04   3.0943489e-04   8.2249479e-04   2.6308894e-03   1.3037764e-06   1.2641157e-10   1.4003552e-07
   1.0000000e+00   7.8867576e-03  -2.1849848e-01   1.4016730e-02   9.3521210e-04   6.2475333e-04   4.5357239e-04   6.2200945e-05   4.7741586e-02   1.9646872e-04   8.7462167e-07   3.9031672e-07   2.0572791e-07   2.3046602e-03   1.8942570e-02   3.9346778e-02  -1.3130197e-03   2.2053406e-04   1.2662585e-04   5.3114586e-06   3.5882096e-04   1.5481689e-03   1.7240207e-06   4.8635272e-08   1.6034106e-08
   1.0000000e+00   1.8154979e-02  -2.1602268e-01  -3.2018760e-02   3.6373591e-03   5.1186017e-04   8.6481545e-04   3.2960326e-04   4.6665798e-02   1.0252010e-03   1.3230381e-05   2.6200083e-07   7.4790576e-07   1.0268221e-02   2.4758000e-03  -4.6035490e-02   2.7021470e-03  -1.1289316e-04   4.1124306e-04   1.0543637e-04   6.1295856e-06   2.1192663e-03   7.3015984e-06   1.2744866e-08   1.6912085e-07
   1.0000000e+00  -3.6262159e-03  -2.3743647e-01   3.0513229e-02   1.9482704e-03   1.2337274e-03   2.5408956e-04   1.3149442e-05   5.6376077e-02   9.3105714e-04   3.7957576e-06   1.5220833e-06   6.4561505e-08  -2.1781195e-02  -2.1413790e-02   6.2531989e-02  -1.6890887e-03   7.2186723e-04  -6.1072589e-04   4.7442045e-04   4.5855040e-04   3.9102496e-03   2.8530206e-06   5.2109230e-07   3.7298611e-07
   1.0000000e+00  -8.1950523e-03  -2.5809636e-01   6.6342773e-02   4.2509185e-03   1.1194348e-03   1.9734365e-04   6.7158882e-05   6.6613731e-02   4.4013635e-03   1.8070308e-05   1.2531343e-06   3.8944516e-08  -4.5688364e-03  -2.0659890e-02   3.5829544e-02   2.3026481e-03  -1.1429260e-04  -5.6745910e-05   2.0874266e-05   4.2683105e-04   1.2837562e-03   5.3021883e-06   1.3062798e-08   3.2200983e-09
   1.0000000e+00   6.8933179e-04  -2.3920089e-01   9.4060780e-02   3.2148494e-03   1.7016565e-03  -2.4003780e-04   4.7517832e-07   5.7217066e-02   8.8474303e-03   1.0335257e-05   2.8956348e-06   5.7618145e-08   8.8843841e-03   1.8895470e-02   2.7718007e-02  -1.0360691e-03   5.8222170e-04  -4.3738145e-04   7.8932281e-05   3.5703879e-04   7.6828791e-04   1.0734392e-06   3.3898211e-07   1.9130253e-07
   1.0000000e+00  -8.6062183e-03  -2.6390695e-01   9.8613725e-02   1.1960801e-03   1.4657300e-03  -2.1623318e-04   7.4066993e-05   6.9646878e-02   9.7246668e-03   1.4306076e-06   2.1483644e-06   4.6756788e-08  -9.2955501e-03  -2.4706060e-02   4.5529450e-03  -2.0187693e-03  -2.3592650e-04   2.3804620e-05   8.6407251e-05   6.1038940e-04   2.0729308e-05   4.0754295e-06   5.5661313e-08   5.6665993e-10
   1.0000000e+00  -1.1473386e-02  -2.4198623e-01   3.9233136e-02   1.7447227e-03   1.3896461e-03  -2.9857822e-04   1.3163859e-04   5.8557336e-02   1.5392390e-03   3.0440573e-06   1.9311163e-06   8.9148953e-08  -2.8671677e-03   2.1920720e-02  -5.9380589e-02   5.4864260e-04  -7.6083900e-05  -8.2345040e-05   8.2206506e-06   4.8051797e-04   3.5260543e-03   3.0100870e-07   5.7887598e-09   6.7807056e-09
   1.0000000e+00  -1.9473476e-02  -2.8091724e-01   6.5565755e-02   1.3493389e-03   1.6655196e-03  -2.8169008e-04   3.7921627e-04   7.8914496e-02   4.2988682e-03   1.8207155e-06   2.7739555e-06   7.9349301e-08  -8.0000900e-03  -3.8931010e-02   2.6332619e-02  -3.9538380e-04   2.7587350e-04   1.6888140e-05   6.4001440e-05   1.5156235e-03   6.9340682e-04   1.5632835e-07   7.6106188e-08   2.8520927e-10
   1.0000000e+00  -1.0113896e-02  -2.6425007e-01   2.1564874e-02   4.1006991e-03   1.1145037e-03  -4.1374346e-05   1.0229089e-04   6.9828099e-02   4.6504379e-04   1.6815733e-05   1.2421185e-06   1.7118365e-09   9.3595800e-03   1.6667170e-02  -4.4000881e-02   2.7513602e-03  -5.5101590e-04   2.4031573e-04   8.7601738e-05   2.7779456e-04   1.9360775e-03   7.5699830e-06   3.0361852e-07   5.7751652e-08
   1.0000000e+00  -2.2921924e-02  -3.0581367e-01   8.6340993e-02   2.7314044e-03   1.6468146e-03  -1.1778916e-04   5.2541460e-04   9.3522001e-02   7.4547671e-03   7.4605700e-06   2.7119983e-06   1.3874286e-08  -1.2808028e-02  -4.1563600e-02   6.4776119e-02  -1.3692947e-03   5.3231090e-04  -7.6414814e-05   1.6404558e-04   1.7275328e-03   4.1959456e-03   1.8749680e-06   2.8335489e-07   5.8392238e-09
   1.0000000e+00  -2.2690928e-02  -2.9934860e-01   8.6684013e-02   3.1304484e-03   1.7287385e-03  -3.0050964e-04   5.1487821e-04   8.9609584e-02   7.5141181e-03   9.7997072e-06   2.9885368e-06   9.0306044e-08   2.3099600e-04   6.4650700e-03   3.4302000e-04   3.9904400e-04   8.1923900e-05  -1.8272048e-04   5.3359152e-08   4.1797130e-05   1.1766272e-07   1.5923611e-07   6.7115254e-09   3.3386774e-08
   1.0000000e+00  -2.6414616e-02  -3.1958973e-01   7.8299658e-02   3.9203209e-03   1.9280885e-03  -1.9398257e-06   6.9773194e-04   1.0213760e-01   6.1308364e-03   1.5368916e-05   3.7175253e-06   3.7629237e-12  -3.7236880e-03  -2.0241130e-02  -8.3843550e-03   7.8987250e-04   1.9935000e-04   2.9856981e-04   1.3865852e-05   4.0970334e-04   7.0297409e-05   6.2389857e-07   3.9740423e-08   8.9143934e-08
   1.0000000e+00  -3.1339780e-02  -3.5709486e-01   8.4373887e-02   2.7753324e-03   1.7493955e-03  -3.0504337e-04   9.8218181e-04   1.2751674e-01   7.1189528e-03   7.7024699e-06   3.0603846e-06   9.3051458e-08  -4.9251640e-03  -3.7505130e-02   6.0742290e-03  -1.1449885e-03  -1.7869300e-04  -3.0310354e-04   2.4257240e-05   1.4066348e-03   3.6896258e-05   1.3109987e-06   3.1931188e-08   9.1871759e-08
   1.0000000e+00  -1.0262632e-02  -3.1000273e-01   5.4827903e-02   4.4903312e-03   1.3934447e-03  -1.8342809e-04   1.0532162e-04   9.6101693e-02   3.0060989e-03   2.0163074e-05   1.9416881e-06   3.3645864e-08   2.1077148e-02   4.7092130e-02  -2.9545984e-02   1.7149988e-03  -3.5595080e-04   1.2161528e-04   4.4424617e-04   2.2176687e-03   8.7296517e-04   2.9412209e-06   1.2670097e-07   1.4790276e-08
   1.0000000e+00  -5.2142390e-03  -3.1949434e-01   4.6619112e-02   3.6298616e-03   1.8534044e-03  -2.1120419e-04   2.7188288e-05   1.0207663e-01   2.1733416e-03   1.3175895e-05   3.4351079e-06   4.4607210e-08   5.0483930e-03  -9.4916100e-03  -8.2087910e-03  -8.6046960e-04   4.5995970e-04  -2.7776100e-05   2.5486272e-05   9.0090660e-05   6.7384250e-05   7.4040793e-07   2.1156293e-07   7.7151173e-10
   1.0000000e+00   1.6323534e-03  -3.2192744e-01   9.6077991e-02   2.4790475e-03   1.7175101e-03  -2.2652536e-04   2.6645776e-06   1.0363728e-01   9.2309804e-03   6.1456765e-06   2.9498409e-06   5.1313739e-08   6.8465924e-03  -2.4331000e-03   4.9458879e-02  -1.1508141e-03  -1.3589430e-04  -1.5321170e-05   4.6875827e-05   5.9199756e-06   2.4461807e-03   1.3243731e-06   1.8467261e-08   2.3473825e-10
   1.0000000e+00  -1.0334017e-02  -3.0940861e-01   5.0455630e-02   3.7031922e-03   1.9557365e-03  -2.6992625e-04   1.0679191e-04   9.5733688e-02   2.5457706e-03   1.3713632e-05   3.8249053e-06   7.2860180e-08  -1.1966370e-02   1.2518830e-02  -4.5622361e-02   1.2241447e-03   2.3822640e-04  -4.3400890e-05   1.4319402e-04   1.5672110e-04   2.0813998e-03   1.4985302e-06   5.6751818e-08   1.8836373e-09
   1.0000000e+00  -8.7120844e-03  -3.5109145e-01   8.9640615e-02   2.0364466e-03   1.8145898e-03  -2.7983378e-04   7.5900415e-05   1.2326521e-01   8.0354399e-03   4.1471148e-06   3.2927361e-06   7.8306944e-08   1.6219326e-03  -4.1682840e-02   3.9184985e-02  -1.6667456e-03  -1.4114670e-04  -9.9075300e-06   2.6306654e-06   1.7374592e-03   1.5354630e-03   2.7780409e-06   1.9922391e-08   9.8159151e-11
   1.0000000e+00  -8.4137684e-03  -3.2998218e-01   5.1566397e-02   3.7775186e-03   2.0286639e-03  -2.3031304e-04   7.0791499e-05   1.0888824e-01   2.6590933e-03   1.4269647e-05   4.1154772e-06   5.3044096e-08   2.9831600e-04   2.1109270e-02  -3.8074218e-02   1.7410720e-03   2.1407410e-04   4.9520740e-05   8.8992436e-08   4.4560128e-04   1.4496461e-03   3.0313317e-06   4.5827720e-08   2.4523037e-09
   1.0000000e+00  -7.0115388e-03  -3.6192381e-01   4.5901001e-02   3.5313522e-03   1.9044619e-03  -3.8969070e-04   4.9161676e-05   1.3098884e-01   2.1069019e-03   1.2470448e-05   3.6269751e-06   1.5185884e-07   1.4022296e-03  -3.1941630e-02  -5.6653960e-03  -2.4616640e-04  -1.2420200e-04  -1.5937766e-04   1.9662479e-06   1.0202677e-03   3.2096712e-05   6.0597896e-08   1.5426137e-08   2.5401239e-08
   1.0000000e+00  -2.5278249e-02  -3.7724449e-01   7.8566333e-02   2.6154210e-03   1.9373824e-03  -7.9428667e-04   6.3898987e-04   1.4231341e-01   6.1726687e-03   6.8404270e-06   3.7534506e-06   6.3089131e-07  -1.8266710e-02  -1.5320680e-02   3.2665332e-02  -9.1593120e-04   3.2920500e-05  -4.0459597e-04   3.3367270e-04   2.3472324e-04   1.0670239e-03   8.3892996e-07   1.0837593e-09   1.6369790e-07
   1.0000000e+00  -5.5138132e-03  -3.5648040e-01   6.4407662e-02   4.1309131e-03   1.5141556e-03  -4.1306214e-04   3.0402136e-05   1.2707828e-01   4.1483469e-03   1.7064443e-05   2.2926672e-06   1.7062033e-07   1.9764436e-02   2.0764090e-02  -1.4158671e-02   1.5154921e-03  -4.2322680e-04   3.8122453e-04   3.9063292e-04   4.3114743e-04   2.0046796e-04   2.2967163e-06   1.7912092e-07   1.4533214e-07
   1.0000000e+00  -2.6498066e-02  -4.2488838e-01   7.8484386e-02   3.4186424e-03   2.0131694e-03  -7.3204651e-04   7.0214750e-04   1.8053014e-01   6.1597988e-03   1.1687116e-05   4.0528510e-06   5.3589209e-07  -2.0984253e-02  -6.8407980e-02   1.4076724e-02  -7.1227070e-04   4.9901380e-04  -3.1898437e-04   4.4033887e-04   4.6796517e-03   1.9815416e-04   5.0732955e-07   2.4901477e-07   1.0175103e-07
   1.0000000e+00  -2.3030019e-02  -4.1602335e-01   1.1774395e-01   2.3555379e-03   1.6510597e-03  -5.7141710e-04   5.3038178e-04   1.7307543e-01   1.3863638e-02   5.5485588e-06   2.7259981e-06   3.2651750e-07   3.4680470e-03   8.8650300e-03   3.9259564e-02  -1.0631045e-03  -3.6210970e-04   1.6062941e-04   1.2027350e-05   7.8588757e-05   1.5413134e-03   1.1301912e-06   1.3112343e-07   2.5801807e-08
   1.0000000e+00  -2.2675063e-02  -4.0571225e-01   4.2543324e-02   4.0773823e-03   2.1204798e-03  -5.9865320e-04   5.1415848e-04   1.6460243e-01   1.8099344e-03   1.6625046e-05   4.4964346e-06   3.5838565e-07   3.5495600e-04   1.0311100e-02  -7.5200626e-02   1.7218444e-03   4.6942010e-04  -2.7236100e-05   1.2599376e-07   1.0631878e-04   5.6551342e-03   2.9647481e-06   2.2035523e-07   7.4180514e-10
   1.0000000e+00  -2.3706868e-02  -4.4476107e-01   1.1394376e-01   1.9512447e-03   1.7324469e-03  -7.2745266e-04   5.6201559e-04   1.9781241e-01   1.2983180e-02   3.8073559e-06   3.0013723e-06   5.2918737e-07  -1.0318050e-03  -3.9048820e-02   7.1400436e-02  -2.1261376e-03  -3.8803290e-04  -1.2879946e-04   1.0646216e-06   1.5248103e-03   5.0980223e-03   4.5204611e-06   1.5056953e-07   1.6589301e-08
   1.0000000e+00  -1.9873645e-02  -4.1141132e-01   5.9727625e-02   3.9874438e-03   1.8903814e-03  -5.0816689e-04   3.9496177e-04   1.6925927e-01   3.5673892e-03   1.5899708e-05   3.5735418e-06   2.5823359e-07   3.8332230e-03   3.3349750e-02  -5.4216135e-02   2.0361991e-03   1.5793450e-04   2.1928577e-04   1.4693599e-05   1.1122058e-03   2.9393893e-03   4.1461068e-06   2.4943306e-08   4.8086249e-08
   1.0000000e+00  -2.1273464e-02  -4.3506502e-01   9.9463948e-02   2.9034255e-03   1.6735107e-03  -4.5693437e-04   4.5256027e-04   1.8928157e-01   9.8930770e-03   8.4298796e-06   2.8006381e-06   2.0878902e-07  -1.3998190e-03  -2.3653700e-02   3.9736323e-02  -1.0840183e-03  -2.1687070e-04   5.1232520e-05   1.9594932e-06   5.5949752e-04   1.5789754e-03   1.1750957e-06   4.7032901e-08   2.6247711e-09
   1.0000000e+00  -2.4915107e-02  -4.1789184e-01   8.5056862e-02   3.6017892e-03   2.2417692e-03  -4.5484913e-04   6.2076256e-04   1.7463359e-01   7.2346698e-03   1.2972885e-05   5.0255291e-06   2.0688773e-07  -3.6416430e-03   1.7173180e-02  -1.4407086e-02   6.9836370e-04   5.6825850e-04   2.0852400e-06   1.3261564e-05   2.9491811e-04   2.0756413e-04   4.8771186e-07   3.2291772e-07   4.3482259e-12
   1.0000000e+00  -1.7836875e-02  -4.4556487e-01   5.9079799e-02   3.5752830e-03   2.0208334e-03  -4.5597556e-04   3.1815411e-04   1.9852805e-01   3.4904226e-03   1.2782649e-05   4.0837676e-06   2.0791371e-07   7.0782320e-03  -2.7673030e-02  -2.5977063e-02  -2.6506200e-05  -2.2093580e-04  -1.1264300e-06   5.0101368e-05   7.6579659e-04   6.7480780e-04   7.0257864e-10   4.8812628e-08   1.2688445e-12
   1.0000000e+00  -1.2681282e-02  -4.4769249e-01   9.3670413e-02   2.4941011e-03   1.9751096e-03  -2.1182458e-04   1.6081491e-04   2.0042857e-01   8.7741463e-03   6.2205403e-06   3.9010579e-06   4.4869653e-08   5.1555930e-03  -2.1276200e-03   3.4590614e-02  -1.0811819e-03  -4.5723800e-05   2.4415098e-04   2.6580139e-05   4.5267669e-06   1.1965106e-03   1.1689543e-06   2.0906659e-09   5.9609701e-08
   1.0000000e+00  -4.0625986e-02  -4.8556802e-01   1.3137679e-01   2.0735294e-03   2.2449757e-03  -1.0559921e-03   1.6504707e-03   2.3577630e-01   1.7259861e-02   4.2995242e-06   5.0399159e-06   1.1151193e-06  -2.7944704e-02  -3.7875530e-02   3.7706377e-02  -4.2057170e-04   2.6986610e-04  -8.4416752e-04   7.8090648e-04   1.4345558e-03   1.4217709e-03   1.7688055e-07   7.2827712e-08   7.1261880e-07
   1.0000000e+00  -3.4659155e-02  -4.9281309e-01   5.6343822e-02   2.6646848e-03   1.8867803e-03  -8.6895604e-04   1.2012570e-03   2.4286474e-01   3.1746263e-03   7.1005451e-06   3.5599399e-06   7.5508460e-07   5.9668310e-03  -7.2450700e-03  -7.5032968e-02   5.9115540e-04  -3.5819540e-04   1.8703606e-04   3.5603072e-05   5.2491039e-05   5.6299463e-03   3.4946471e-07   1.2830394e-07   3.4982488e-08
   1.0000000e+00  -4.3937186e-02  -4.7686816e-01   6.7280819e-02   3.1354596e-03   1.7631357e-03  -5.7995277e-04   1.9304763e-03   2.2740324e-01   4.5267086e-03   9.8311069e-06   3.1086475e-06   3.3634522e-07  -9.2780310e-03   1.5944930e-02   1.0936997e-02   4.7077480e-04  -1.2364460e-04   2.8900327e-04   8.6081859e-05   2.5424079e-04   1.1961790e-04   2.2162891e-07   1.5287987e-08   8.3522890e-08
   1.0000000e+00  -7.7526846e-02  -5.3105195e-01   7.2645261e-02   2.3520272e-03   2.1593161e-03  -1.6381685e-03   6.0104119e-03   2.8201617e-01   5.2773339e-03   5.5320319e-06   4.6626460e-06   2.6835960e-06  -3.3589660e-02  -5.4183790e-02   5.3644420e-03  -7.8343240e-04   3.9618040e-04  -1.0582157e-03   1.1282653e-03   2.9358831e-03   2.8777238e-05   6.1376633e-07   1.5695891e-07   1.1198205e-06
   1.0000000e+00  -6.8882362e-02  -4.8173593e-01   5.8561191e-02   1.1157016e-03   2.1600029e-03  -1.2932100e-03   4.7447798e-03   2.3206951e-01   3.4294131e-03   1.2447901e-06   4.6656125e-06   1.6723921e-06   8.6444840e-03   4.9316020e-02  -1.4084070e-02  -1.2363256e-03   6.8680000e-07   3.4495850e-04   7.4727104e-05   2.4320698e-03   1.9836103e-04   1.5285010e-06   4.7169424e-13   1.1899637e-07
   1.0000000e+00  -6.6375240e-02  -4.9853496e-01  -4.6296449e-03   2.6878988e-03   2.2909148e-03  -1.2605659e-03   4.4056725e-03   2.4853711e-01   2.1433612e-05   7.2248000e-06   5.2482906e-06   1.5890264e-06   2.5071220e-03  -1.6799030e-02  -6.3190836e-02   1.5721972e-03   1.3091190e-04   3.2644100e-05   6.2856607e-06   2.8220741e-04   3.9930817e-03   2.4718040e-06   1.7137926e-08   1.0656373e-09
   1.0000000e+00  -5.1297004e-02  -4.8594588e-01  -1.9177438e-02   2.0946256e-03   2.1268940e-03  -8.9687125e-04   2.6313826e-03   2.3614340e-01   3.6777413e-04   4.3874564e-06   4.5236781e-06   8.0437804e-07   1.5078236e-02   1.2589080e-02  -1.4547793e-02  -5.9327320e-04  -1.6402080e-04   3.6369465e-04   2.2735320e-04   1.5848494e-04   2.1163828e-04   3.5197309e-07   2.6902823e-08   1.3227380e-07
   1.0000000e+00  -5.4709606e-02  -4.1933474e-01   1.5940752e-02   1.1007124e-03   2.0579830e-03  -8.6226442e-04   2.9931410e-03   1.7584162e-01   2.5410757e-04   1.2115678e-06   4.2352940e-06   7.4349993e-07  -3.4126020e-03   6.6611140e-02   3.5118190e-02  -9.9391320e-04  -6.8911000e-05   3.4606830e-05   1.1645852e-05   4.4370440e-03   1.2332873e-03   9.8786345e-07   4.7487259e-09   1.1976327e-09
   1.0000000e+00  -5.0042542e-02  -4.4811243e-01  -4.1281917e-02   3.1940252e-03   1.8735911e-03  -7.9793353e-04   2.5042560e-03   2.0080475e-01   1.7041967e-03   1.0201797e-05   3.5103436e-06   6.3669792e-07   4.6670640e-03  -2.8777690e-02  -5.7222669e-02   2.0933128e-03  -1.8439190e-04   6.4330890e-05   2.1781486e-05   8.2815544e-04   3.2744338e-03   4.3819585e-06   3.4000373e-08   4.1384634e-09
   1.0000000e+00  -4.9255677e-02  -4.4824267e-01  -3.5150980e-02   1.3096990e-03   2.0521123e-03  -5.7367009e-04   2.4261217e-03   2.0092149e-01   1.2355914e-03   1.7153115e-06   4.2111649e-06   3.2909737e-07   7.8686500e-04  -1.3024000e-04   6.1309370e-03  -1.8843262e-03   1.7852120e-04   2.2426344e-04   6.1915653e-07   1.6962458e-08   3.7588388e-05   3.5506852e-06   3.1869819e-08   5.0294091e-08
   1.0000000e+00  -4.2715753e-02  -4.5076094e-01  -1.7357036e-03   2.7136538e-03   1.6462893e-03  -6.1081290e-04   1.8246356e-03   2.0318543e-01   3.0126670e-06   7.3639169e-06   2.7102685e-06   3.7309240e-07   6.5399240e-03  -2.5182700e-03   3.3415276e-02   1.4039548e-03  -4.0582300e-04  -3.7142810e-05   4.2770606e-05   6.3416838e-06   1.1165807e-03   1.9710891e-06   1.6469231e-07   1.3795883e-09
   1.0000000e+00  -3.4893676e-02  -4.8545840e-01  -3.5384623e-02   2.5834322e-03   2.0518396e-03  -3.0336991e-04   1.2175686e-03   2.3566986e-01   1.2520715e-03   6.6741219e-06   4.2100457e-06   9.2033302e-08   7.8220770e-03  -3.4697460e-02  -3.3648919e-02  -1.3022160e-04   4.0555030e-04   3.0744299e-04   6.1184889e-05   1.2039137e-03   1.1322498e-03   1.6957665e-08   1.6447105e-07   9.4521192e-08
   1.0000000e+00  -3.4296677e-02  -4.6426051e-01   3.3874699e-02   1.0822652e-03   1.8538700e-03  -5.5067850e-04   1.1762621e-03   2.1553782e-01   1.1474952e-03   1.1712980e-06   3.4368340e-06   3.0324681e-07   5.9699900e-04   2.1197890e-02   6.9259322e-02  -1.5011670e-03  -1.9796960e-04  -2.4730859e-04   3.5640781e-07   4.4935054e-04   4.7968537e-03   2.2535024e-06   3.9191963e-08   6.1161539e-08
   1.0000000e+00  -3.8997280e-02  -4.9052997e-01  -2.3233075e-02   2.4946235e-03   2.0997979e-03  -6.2146038e-04   1.5207878e-03   2.4061965e-01   5.3977577e-04   6.2231464e-06   4.4091512e-06   3.8621300e-07  -4.7006030e-03  -2.6269460e-02  -5.7107774e-02   1.4123583e-03   2.4592790e-04  -7.0781880e-05   2.2095669e-05   6.9008453e-04   3.2612979e-03   1.9947560e-06   6.0480532e-08   5.0100745e-09
   1.0000000e+00  -5.0213293e-02  -5.1669155e-01  -3.3480613e-03   1.2680805e-03   2.0828714e-03  -7.8759688e-04   2.5213748e-03   2.6697016e-01   1.1209514e-05   1.6080282e-06   4.3383533e-06   6.2030885e-07  -1.1216013e-02  -2.6161580e-02   1.9885014e-02  -1.2265430e-03  -1.6926500e-05  -1.6613650e-04   1.2579895e-04   6.8442827e-04   3.9541377e-04   1.5044077e-06   2.8650640e-10   2.7601337e-08
   1.0000000e+00  -3.5781795e-02  -4.8284251e-01  -2.4290616e-02   2.8838263e-03   1.9173364e-03  -1.6671072e-04   1.2803369e-03   2.3313689e-01   5.9003403e-04   8.3164541e-06   3.6761789e-06   2.7792464e-08   1.4431498e-02   3.3849040e-02  -2.0942555e-02   1.6157458e-03  -1.6553500e-04   6.2088616e-04   2.0826813e-04   1.1457575e-03   4.3859060e-04   2.6106345e-06   2.7401836e-08   3.8549962e-07
   1.0000000e+00  -3.8399891e-02  -5.1485035e-01  -9.8209271e-03   2.5125271e-03   2.0202427e-03  -1.6105135e-04   1.4745516e-03   2.6507088e-01   9.6450609e-05   6.3127924e-06   4.0813806e-06   2.5937537e-08  -2.6180960e-03  -3.2007840e-02   1.4469689e-02  -3.7129920e-04   1.0290630e-04   5.6593700e-06   6.8544267e-06   1.0245018e-03   2.0937190e-04   1.3786310e-07   1.0589707e-08   3.2028469e-11
   1.0000000e+00  -3.1823069e-02  -4.9777195e-01   1.5897339e-02   2.4132739e-03   1.9298039e-03   2.0354427e-04   1.0127077e-03   2.4777691e-01   2.5272539e-04   5.8238909e-06   3.7241431e-06   4.1430270e-08   6.5768220e-03   1.7078400e-02   2.5718266e-02  -9.9253200e-05  -9.0438800e-05   3.6459562e-04   4.3254588e-05   2.9167175e-04   6.6142921e-04   9.8511977e-09   8.1791765e-09   1.3292997e-07
   1.0000000e+00  -5.0177332e-02  -5.2235597e-01  -1.8055386e-02   4.2977351e-03   2.2262581e-03  -3.3492222e-04   2.5177646e-03   2.7285576e-01   3.2599696e-04   1.8470527e-05   4.9562251e-06   1.1217289e-07  -1.8354263e-02  -2.4584020e-02  -3.3952725e-02   1.8844612e-03   2.9645420e-04  -5.3846649e-04   3.3687897e-04   6.0437404e-04   1.1527875e-03   3.5511940e-06   8.7885093e-08   2.8994616e-07
   1.0000000e+00  -6.0198791e-02  -5.3737856e-01   6.2192513e-02   2.3167394e-03   2.3452920e-03  -5.2879318e-04   3.6238944e-03   2.8877572e-01   3.8679087e-03   5.3672814e-06   5.5003946e-06   2.7962223e-07  -1.0021459e-02  -1.5022590e-02   8.0247899e-02  -1.9809957e-03   1.1903390e-04  -1.9387096e-04   1.0042964e-04   2.2567821e-04   6.4397253e-03   3.9243440e-06   1.4169069e-08   3.7585949e-08
   1.0000000e+00  -4.7481668e-02  -5.2717525e-01  -6.8780339e-03   4.4512958e-03   2.4756050e-03  -1.3448854e-04   2.2545088e-03   2.7791374e-01   4.7307350e-05   1.9814034e-05   6.1286201e-06   1.8087167e-08   1.2717123e-02   1.0203310e-02  -6.9070547e-02   2.1345564e-03   1.3031300e-04   3.9430464e-04   1.6172522e-04   1.0410753e-04   4.7707404e-03   4.5563310e-06   1.6981478e-08   1.5547615e-07
   1.0000000e+00  -7.1848302e-02  -5.4331362e-01   2.1611001e-02   2.7083648e-03   2.5730968e-03  -8.8867792e-04   5.1621785e-03   2.9518969e-01   4.6703536e-04   7.3352399e-06   6.6208271e-06   7.8974845e-07  -2.4366634e-02  -1.6138370e-02   2.8489035e-02  -1.7429310e-03   9.7491800e-05  -7.5418938e-04   5.9373285e-04   2.6044699e-04   8.1162511e-04   3.0378085e-06   9.5046511e-09   5.6880162e-07
   1.0000000e+00  -4.3642295e-02  -5.2370864e-01   1.1333091e-02   4.5296448e-03   2.7268494e-03  -3.1653970e-05   1.9046499e-03   2.7427074e-01   1.2843895e-04   2.0517682e-05   7.4357077e-06   1.0019738e-09   2.8206007e-02   1.9604980e-02  -1.0277910e-02   1.8212800e-03   1.5375260e-04   8.5702395e-04   7.9557883e-04   3.8435524e-04   1.0563543e-04   3.3170608e-06   2.3639862e-08   7.3449005e-07
   1.0000000e+00  -4.0125901e-02  -5.4363622e-01   5.3032315e-03   3.9440042e-03   2.9015814e-03  -1.9730513e-04   1.6100879e-03   2.9554034e-01   2.8124264e-05   1.5555169e-05   8.4191746e-06   3.8929314e-08   3.5163940e-03  -1.9927580e-02  -6.0298595e-03  -5.8564060e-04   1.7473200e-04  -1.6565116e-04   1.2365027e-05   3.9710844e-04   3.6359206e-05   3.4297491e-07   3.0531272e-08   2.7440307e-08
   1.0000000e+00  -5.2905413e-02  -5.5324152e-01   2.2057669e-02   3.9434189e-03   2.6778499e-03  -6.9274342e-04   2.7989827e-03   3.0607618e-01   4.8654076e-04   1.5550553e-05   7.1708801e-06   4.7989345e-07  -1.2779512e-02  -9.6053000e-03   1.6754437e-02  -5.8530000e-07  -2.2373150e-04  -4.9543829e-04   1.6331593e-04   9.2261788e-05   2.8071118e-04   3.4257609e-13   5.0055784e-08   2.4545910e-07
   1.0000000e+00  -4.2102291e-02  -5.3428683e-01  -1.3764966e-02   4.6941852e-03   3.4108220e-03  -3.1557063e-04   1.7726029e-03   2.8546242e-01   1.8947429e-04   2.2035375e-05   1.1633707e-05   9.9584823e-08   1.0803122e-02   1.8954690e-02  -3.5822635e-02   7.5076630e-04   7.3297210e-04   3.7717279e-04   1.1670744e-04   3.5928027e-04   1.2832612e-03   5.6365004e-07   5.3724810e-07   1.4225931e-07
   1.0000000e+00  -3.2157320e-02  -5.5465725e-01   1.3105584e-02   3.9431777e-03   3.4079992e-03  -2.5302722e-04   1.0340932e-03   3.0764466e-01   1.7175633e-04   1.5548650e-05   1.1614459e-05   6.4022774e-08   9.9449710e-03  -2.0370420e-02   2.6870550e-02  -7.5100750e-04  -2.8228000e-06   6.2543410e-05   9.8902448e-05   4.1495401e-04   7.2202646e-04   5.6401227e-07   7.9681998e-12   3.9116781e-09
   1.0000000e+00  -2.3339609e-02  -5.3567008e-01  -4.0099135e-02   5.8676620e-03   3.3021762e-03  -6.0485871e-04   5.4473735e-04   2.8694243e-01   1.6079406e-03   3.4429457e-05   1.0904368e-05   3.6585406e-07   8.8177110e-03   1.8987170e-02  -5.3204719e-02   1.9244843e-03  -1.0582300e-04  -3.5183149e-04   7.7752027e-05   3.6051262e-04   2.8307421e-03   3.7036398e-06   1.1198507e-08   1.2378540e-07
   1.0000000e+00  -2.1070031e-02  -5.7617888e-01   5.6146494e-02   4.1703889e-03   3.8336708e-03  -9.4607190e-04   4.4394621e-04   3.3198210e-01   3.1524288e-03   1.7392144e-05   1.4697032e-05   8.9505204e-07   2.2695780e-03  -4.0508800e-02   9.6245629e-02  -1.6972731e-03   5.3149460e-04  -3.4121319e-04   5.1509843e-06   1.6409629e-03   9.2632211e-03   2.8807360e-06   2.8248651e-07   1.1642644e-07
   1.0000000e+00  -5.0831504e-02  -6.2411298e-01   7.6100841e-02   2.8372091e-03   4.2079859e-03  -1.3498986e-03   2.5838418e-03   3.8951701e-01   5.7913380e-03   8.0497555e-06   1.7707145e-05   1.8222262e-06  -2.9761473e-02  -4.7934100e-02   1.9954347e-02  -1.3331798e-03   3.7431510e-04  -4.0382670e-04   8.8574528e-04   2.2976779e-03   3.9817596e-04   1.7773684e-06   1.4011179e-07   1.6307600e-07
   1.0000000e+00  -2.3422589e-02  -5.9705005e-01   3.3883162e-02   3.7465600e-03   3.3597174e-03  -4.2563966e-04   5.4861768e-04   3.5646876e-01   1.1480687e-03   1.4036712e-05   1.1287701e-05   1.8116912e-07   2.7408915e-02   2.7062930e-02  -4.2217679e-02   9.0935090e-04  -8.4826850e-04   9.2425894e-04   7.5124862e-04   7.3240218e-04   1.7823324e-03   8.2691906e-07   7.1955945e-07   8.5425459e-07
   1.0000000e+00  -5.5651918e-02  -6.2593595e-01   4.2807219e-02   2.9766239e-03   4.2002891e-03  -1.3525922e-03   3.0971360e-03   3.9179581e-01   1.8324580e-03   8.8602898e-06   1.7642429e-05   1.8295057e-06  -3.2229329e-02  -2.8885900e-02   8.9240570e-03  -7.6993610e-04   8.4057170e-04  -9.2695254e-04   1.0387296e-03   8.3439522e-04   7.9638793e-05   5.9280160e-07   7.0656078e-07   8.5924101e-07
   1.0000000e+00  -3.6553101e-02  -6.2247814e-01   2.1434239e-02   3.8083562e-03   3.4324471e-03  -8.1805901e-04   1.3361292e-03   3.8747903e-01   4.5942660e-04   1.4503577e-05   1.1781693e-05   6.6922054e-07   1.9098817e-02   3.4578100e-03  -2.1372980e-02   8.3173230e-04  -7.6784200e-04   5.3453319e-04   3.6476481e-04   1.1956450e-05   4.5680427e-04   6.9177862e-07   5.8958134e-07   2.8572573e-07
   1.0000000e+00  -4.7469743e-02  -6.5346864e-01   5.8589433e-02   4.0315137e-03   3.5993603e-03  -9.0128214e-04   2.2533765e-03   4.2702126e-01   3.4327217e-03   1.6253103e-05   1.2955395e-05   8.1230950e-07  -1.0916642e-02  -3.0990500e-02   3.7155194e-02   2.2315750e-04   1.6691320e-04  -8.3223130e-05   1.1917307e-04   9.6041109e-04   1.3805084e-03   4.9799270e-08   2.7860016e-08   6.9260894e-09
   1.0000000e+00  -3.9093217e-02  -6.7072245e-01   5.1952134e-02   3.4928547e-03   3.5565137e-03  -7.1854274e-04   1.5282796e-03   4.4986860e-01   2.6990242e-03   1.2200034e-05   1.2648790e-05   5.1630367e-07   8.3765260e-03  -1.7253810e-02  -6.6372990e-03  -5.3865900e-04  -4.2846600e-05   1.8273940e-04   7.0166188e-05   2.9769396e-04   4.4053738e-05   2.9015352e-07   1.8358311e-09   3.3393688e-08
   1.0000000e+00  -3.2889511e-02  -6.5636080e-01   3.0808857e-02   5.3911832e-03   3.5145790e-03  -7.7025352e-04   1.0817199e-03   4.3080950e-01   9.4918567e-04   2.9064856e-05   1.2352266e-05   5.9329049e-07   6.2037060e-03   1.4361650e-02  -2.1143277e-02   1.8983285e-03  -4.1934700e-05  -5.1710780e-05   3.8485968e-05   2.0625699e-04   4.4703816e-04   3.6036511e-06   1.7585191e-09   2.6740048e-09
   1.0000000e+00  -5.6111527e-02  -6.9678445e-01   8.2964021e-02   4.0118977e-03   3.7604330e-03  -1.2849705e-03   3.1485035e-03   4.8550857e-01   6.8830288e-03   1.6095323e-05   1.4140856e-05   1.6511492e-06  -2.3222016e-02  -4.0423650e-02   5.2155164e-02  -1.3792855e-03   2.4585400e-04  -5.1471698e-04   5.3926203e-04   1.6340715e-03   2.7201611e-03   1.9024285e-06   6.0444189e-08   2.6493357e-07
   1.0000000e+00  -4.2305234e-02  -6.8295715e-01   8.3517546e-02   4.8063766e-03   3.5374317e-03  -1.1451998e-03   1.7897328e-03   4.6643047e-01   6.9751805e-03   2.3101256e-05   1.2513423e-05   1.3114826e-06   1.3806293e-02   1.3827300e-02   5.5352500e-04   7.9447890e-04  -2.2300130e-04   1.3977070e-04   1.9061373e-04   1.9119423e-04   3.0638993e-07   6.3119672e-07   4.9729580e-08   1.9535849e-08
   1.0000000e+00  -3.0156796e-02  -6.8503595e-01   3.3060828e-02   5.3797588e-03   3.7485746e-03  -1.1360078e-03   9.0943234e-04   4.6927425e-01   1.0930183e-03   2.8941805e-05   1.4051812e-05   1.2905137e-06   1.2148438e-02  -2.0788000e-03  -5.0456718e-02   5.7338220e-04   2.1114290e-04   9.1920000e-06   1.4758455e-04   4.3214094e-06   2.5458804e-03   3.2876715e-07   4.4581324e-08   8.4492864e-11
   1.0000000e+00  -1.9579150e-02  -6.6462504e-01   6.3705198e-02   3.7719761e-03   4.0545786e-03  -1.3856008e-03   3.8334311e-04   4.4172644e-01   4.0583523e-03   1.4227804e-05   1.6439608e-05   1.9198896e-06   1.0577646e-02   2.0410910e-02   3.0644370e-02  -1.6077827e-03   3.0600400e-04  -2.4959300e-04   1.1188659e-04   4.1660525e-04   9.3907741e-04   2.5849652e-06   9.3638448e-08   6.2296666e-08
   1.0000000e+00  -7.0951208e-02  -6.6928415e-01   1.3174983e-02   5.4974169e-03   5.2622288e-03  -1.7139102e-03   5.0340739e-03   4.4794127e-01   1.7358018e-04   3.0221593e-05   2.7691052e-05   2.9374882e-06  -5.1372058e-02  -4.6591100e-03  -5.0530215e-02   1.7254408e-03   1.2076502e-03  -3.2830940e-04   2.6390883e-03   2.1707306e-05   2.5533026e-03   2.9771460e-06   1.4584190e-06   1.0778706e-07
   1.0000000e+00  -8.5713674e-02  -7.0275438e-01   7.4454568e-02   2.2740371e-03   5.0125073e-03  -2.2905725e-03   7.3468339e-03   4.9386372e-01   5.5434827e-03   5.1712447e-06   2.5125229e-05   5.2467224e-06  -1.4762466e-02  -3.3470230e-02   6.1279585e-02  -3.2233798e-03  -2.4972150e-04  -5.7666230e-04   2.1793040e-04   1.1202563e-03   3.7551875e-03   1.0390177e-05   6.2360828e-08   3.3253941e-07
   1.0000000e+00  -5.8343932e-02  -6.4796786e-01   1.8182251e-02   4.6896858e-03   4.7442824e-03  -1.4410929e-03   3.4040144e-03   4.1986235e-01   3.3059425e-04   2.1993153e-05   2.2508215e-05   2.0767487e-06   2.7369742e-02   5.4786520e-02  -5.6272317e-02   2.4156487e-03  -2.6822490e-04   8.4947960e-04   7.4910278e-04   3.0015628e-03   3.1665737e-03   5.8353586e-06   7.1944597e-08   7.2161559e-07
   1.0000000e+00  -4.7614967e-02  -6.5068248e-01  -3.6306905e-03   4.1139086e-03   4.7928941e-03  -1.8832585e-03   2.2671851e-03   4.2338769e-01   1.3181914e-05   1.6924244e-05   2.2971834e-05   3.5466626e-06   1.0728965e-02  -2.7146200e-03  -2.1812941e-02  -5.7577720e-04   4.8611700e-05  -4.4216560e-04   1.1511069e-04   7.3691617e-06   4.7580442e-04   3.3151938e-07   2.3630974e-09   1.9551042e-07
   1.0000000e+00  -2.8557226e-02  -6.7991049e-01   7.4522469e-02   3.4058035e-03   4.7679713e-03  -2.4142282e-03   8.1551516e-04   4.6227827e-01   5.5535984e-03   1.1599497e-05   2.2733550e-05   5.8284978e-06   1.9057741e-02  -2.9228010e-02   7.8153159e-02  -7.0810510e-04  -2.4922800e-05  -5.3096970e-04   3.6319749e-04   8.5427657e-04   6.1079163e-03   5.0141283e-07   6.2114596e-10   2.8192882e-07
   1.0000000e+00  -3.5482273e-02  -6.8761338e-01   6.1397550e-02   5.2808824e-03   5.0432300e-03  -1.9115577e-03   1.2589917e-03   4.7281216e-01   3.7696591e-03   2.7887719e-05   2.5434169e-05   3.6540528e-06  -6.9250470e-03  -7.7028900e-03  -1.3124919e-02   1.8750789e-03   2.7525870e-04   5.0267050e-04   4.7956276e-05   5.9334514e-05   1.7226350e-04   3.5159209e-06   7.5767352e-08   2.5267763e-07
   1.0000000e+00  -2.6222715e-02  -6.8351591e-01   5.2803507e-02   3.0458931e-03   4.9021965e-03  -2.2988766e-03   6.8763078e-04   4.6719400e-01   2.7882104e-03   9.2774648e-06   2.4031531e-05   5.2848336e-06   9.2595580e-03   4.0974700e-03  -8.5940430e-03  -2.2349893e-03  -1.4103350e-04  -3.8731890e-04   8.5739414e-05   1.6789260e-05   7.3857575e-05   4.9951772e-06   1.9890448e-08   1.5001593e-07
   1.0000000e+00   2.4058756e-02  -6.8198166e-01   7.0726608e-03   4.4714638e-03   4.4570220e-03  -2.2472771e-03   5.7882374e-04   4.6509898e-01   5.0022531e-05   1.9993989e-05   1.9865045e-05   5.0502544e-06   5.0281471e-02   1.5342500e-03  -4.5730846e-02   1.4255707e-03  -4.4517450e-04   5.1599500e-05   2.5282263e-03   2.3539231e-06   2.0913103e-03   2.0322518e-06   1.9818034e-07   2.6625084e-09
   1.0000000e+00  -1.0348979e-02  -7.4768664e-01   1.5173950e-01   2.0762902e-03   5.0314359e-03  -2.7670141e-03   1.0710137e-04   5.5903531e-01   2.3024876e-02   4.3109810e-06   2.5315347e-05   7.6563670e-06  -3.4407735e-02  -6.5704980e-02   1.4466684e-01  -2.3951736e-03   5.7441390e-04  -5.1973700e-04   1.1838922e-03   4.3171444e-03   2.0928494e-02   5.7368566e-06   3.2995133e-07   2.7012655e-07
   1.0000000e+00  -2.9146785e-02  -7.2303293e-01   8.6807618e-02   3.2844743e-03   5.1730138e-03  -2.9231627e-03   8.4953508e-04   5.2277662e-01   7.5355625e-03   1.0787771e-05   2.6760072e-05   8.5448802e-06  -1.8797806e-02   2.4653710e-02  -6.4931882e-02   1.2081841e-03   1.4157790e-04  -1.5614860e-04   3.5335751e-04   6.0780542e-04   4.2161493e-03   1.4597088e-06   2.0044302e-08   2.4382385e-08
   1.0000000e+00   4.0393853e-03  -7.4499544e-01   4.2795086e-02   4.6284329e-03   5.2484182e-03  -2.5125594e-03   1.6316634e-05   5.5501821e-01   1.8314194e-03   2.1422391e-05   2.7545894e-05   6.3129547e-06   3.3186170e-02  -2.1962510e-02  -4.4012532e-02   1.3439586e-03   7.5404400e-05   4.1060330e-04   1.1013219e-03   4.8235185e-04   1.9371030e-03   1.8062247e-06   5.6858235e-09   1.6859507e-07
   1.0000000e+00   2.8299111e-03  -7.3910515e-01   5.5267049e-02   2.5723714e-03   4.8021161e-03  -2.6465079e-03   8.0083968e-06   5.4627642e-01   3.0544467e-03   6.6170946e-06   2.3060319e-05   7.0040041e-06  -1.2094742e-03   5.8902900e-03   1.2471963e-02  -2.0560615e-03  -4.4630210e-04  -1.3394850e-04   1.4628278e-06   3.4695516e-05   1.5554986e-04   4.2273889e-06   1.9918556e-07   1.7942201e-08
   1.0000000e+00   3.1272669e-02  -7.1981076e-01   1.1648814e-01   3.7768463e-03   5.0377194e-03  -2.6133835e-03   9.7797983e-04   5.1812753e-01   1.3569487e-02   1.4264568e-05   2.5378617e-05   6.8297733e-06   2.8442758e-02   1.9294390e-02   6.1221091e-02   1.2044749e-03   2.3560330e-04   3.3124400e-05   8.0899048e-04   3.7227349e-04   3.7480220e-03   1.4507598e-06   5.5508915e-08   1.0972259e-09
   1.0000000e+00   2.9380161e-02  -7.6571926e-01   1.1709024e-01   2.2391070e-03   5.2270117e-03  -2.7383028e-03   8.6319386e-04   5.8632599e-01   1.3710124e-02   5.0136002e-06   2.7321651e-05   7.4983022e-06  -1.8925080e-03  -4.5908500e-02   6.0210000e-04  -1.5377393e-03   1.8929230e-04  -1.2491930e-04   3.5815865e-06   2.1075904e-03   3.6252441e-07   2.3646422e-06   3.5831575e-08   1.5604832e-08
   1.0000000e+00   4.4221722e-02  -7.6881026e-01   1.5818802e-01   2.8803707e-03   5.1574412e-03  -2.3647819e-03   1.9555607e-03   5.9106922e-01   2.5023450e-02   8.2965354e-06   2.6599200e-05   5.5921934e-06   1.4841561e-02  -3.0910000e-03   4.1097780e-02   6.4126370e-04  -6.9570500e-05   3.7352090e-04   2.2027193e-04   9.5542810e-06   1.6890275e-03   4.1121913e-07   4.8400545e-09   1.3951786e-07
   1.0000000e+00   3.6204542e-02  -7.3726433e-01   5.4120331e-02   4.0338711e-03   5.8202209e-03  -2.4983455e-03   1.3107689e-03   5.4355869e-01   2.9290102e-03   1.6272116e-05   3.3874971e-05   6.2417302e-06  -8.0171800e-03   3.1545930e-02  -1.0406769e-01   1.1535004e-03   6.6277970e-04  -1.3356360e-04   6.4275175e-05   9.9514570e-04   1.0830084e-02   1.3305632e-06   4.3927693e-07   1.7839235e-08
   1.0000000e+00   3.9730899e-02  -7.4780712e-01   8.2218434e-02   3.5312956e-03   5.3586799e-03  -2.0633185e-03   1.5785443e-03   5.5921549e-01   6.7598709e-03   1.2470049e-05   2.8715450e-05   4.2572832e-06   3.5263570e-03  -1.0542790e-02   2.8098103e-02  -5.0257550e-04  -4.6154100e-04   4.3502700e-04   1.2435194e-05   1.1115042e-04   7.8950339e-04   2.5258213e-07   2.1302009e-07   1.8924849e-07
   1.0000000e+00   5.1558640e-02  -7.4501834e-01   5.7894502e-02   5.0316712e-03   5.2267539e-03  -1.8846841e-03   2.6582934e-03   5.5505233e-01   3.3517734e-03   2.5317715e-05   2.7318956e-05   3.5520342e-06   1.1827741e-02   2.7887800e-03  -2.4323932e-02   1.5003756e-03  -1.3192600e-04   1.7863440e-04   1.3989546e-04   7.7772939e-06   5.9165367e-04   2.2511269e-06   1.7404469e-08   3.1910249e-08
   1.0000000e+00   4.9631054e-02  -7.8387253e-01   1.2065640e-01   3.4147226e-03   5.0506443e-03  -2.2873053e-03   2.4632415e-03   6.1445614e-01   1.4557967e-02   1.1660330e-05   2.5509008e-05   5.2317655e-06  -1.9275860e-03  -3.8854190e-02   6.2761898e-02  -1.6169486e-03  -1.7610960e-04  -4.0262120e-04   3.7155878e-06   1.5096481e-03   3.9390558e-03   2.6145228e-06   3.1014591e-08   1.6210383e-07
   1.0000000e+00   4.6430348e-02  -7.8045408e-01   1.3227283e-01   2.7760884e-03   4.8912066e-03  -2.5094678e-03   2.1557772e-03   6.0910857e-01   1.7496102e-02   7.7066668e-06   2.3923902e-05   6.2974286e-06  -3.2007060e-03   3.4184500e-03   1.1616430e-02  -6.3863420e-04  -1.5943770e-04  -2.2216250e-04   1.0244519e-05   1.1685800e-05   1.3494145e-04   4.0785364e-07   2.5420380e-08   4.9356176e-08
   1.0000000e+00   3.6761087e-02  -7.6242545e-01   1.0863159e-01   3.3716167e-03   5.3559708e-03  -2.3731888e-03   1.3513775e-03   5.8129257e-01   1.1800822e-02   1.1367799e-05   2.8686423e-05   5.6320251e-06  -9.6692610e-03   1.8028630e-02  -2.3641240e-02   5.9552830e-04   4.6476420e-04   1.3627900e-04   9.3494608e-05   3.2503150e-04   5.5890823e-04   3.5465396e-07   2.1600576e-07   1.8571966e-08
   1.0000000e+00   3.3774220e-02  -8.0091704e-01   1.0677454e-01   2.1084656e-03   5.2358385e-03  -2.5972065e-03   1.1406979e-03   6.4146810e-01   1.1400802e-02   4.4456272e-06   2.7414005e-05   6.7454816e-06  -2.9868670e-03  -3.8491590e-02  -1.8570500e-03  -1.2631511e-03  -1.2013230e-04  -2.2401770e-04   8.9213745e-06   1.4816025e-03   3.4486347e-06   1.5955507e-06   1.4431770e-08   5.0183930e-08
   1.0000000e+00   3.6120093e-02  -7.9007099e-01   5.2406022e-02   4.0098702e-03   5.2228674e-03  -2.3706999e-03   1.3046611e-03   6.2421217e-01   2.7463911e-03   1.6079059e-05   2.7278344e-05   5.6202180e-06   2.3458730e-03   1.0846050e-02  -5.4368518e-02   1.9014046e-03  -1.2971100e-05   2.2650660e-04   5.5031201e-06   1.1763680e-04   2.9559357e-03   3.6153395e-06   1.6824944e-10   5.1305240e-08
   1.0000000e+00   3.9635549e-02  -8.3727811e-01   5.3292475e-02   3.4492355e-03   5.3470093e-03  -2.1684417e-03   1.5709767e-03   7.0103463e-01   2.8400879e-03   1.1897226e-05   2.8590508e-05   4.7021394e-06   3.5154560e-03  -4.7207120e-02   8.8645300e-04  -5.6063470e-04   1.2414190e-04   2.0225820e-04   1.2358431e-05   2.2285122e-03   7.8579892e-07   3.1431127e-07   1.5411211e-08   4.0908379e-08
   1.0000000e+00   4.4571721e-02  -8.1498813e-01   6.4195194e-02   4.2935844e-03   5.4616048e-03  -2.2292300e-03   1.9866383e-03   6.6420565e-01   4.1210229e-03   1.8434867e-05   2.9829127e-05   4.9694664e-06   4.9361720e-03   2.2289980e-02   1.0902719e-02   8.4434890e-04   1.1459550e-04  -6.0788300e-05   2.4365794e-05   4.9684321e-04   1.1886928e-04   7.1292506e-07   1.3132129e-08   3.6952174e-09
   1.0000000e+00   3.4530777e-02  -8.1171266e-01   5.5385882e-02   3.7241996e-03   5.3663591e-03  -2.4600327e-03   1.1923746e-03   6.5887744e-01   3.0675959e-03   1.3869663e-05   2.8797810e-05   6.0517609e-06  -1.0040944e-02   3.2754700e-03  -8.8093120e-03  -5.6938480e-04  -9.5245700e-05  -2.3080270e-04   1.0082056e-04   1.0728704e-05   7.7603978e-05   3.2419905e-07   9.0717434e-09   5.3269886e-08
   1.0000000e+00   3.3456969e-02  -8.1499556e-01   9.1472863e-02   3.8341853e-03   5.2347331e-03  -2.3940508e-03   1.1193688e-03   6.6421776e-01   8.3672847e-03   1.4700977e-05   2.7402431e-05   5.7314792e-06  -1.0738080e-03  -3.2829000e-03   3.6086981e-02   1.0998570e-04  -1.3162600e-04   6.5981900e-05   1.1530636e-06   1.0777432e-05   1.3022702e-03   1.2096854e-08   1.7325404e-08   4.3536111e-09
   1.0000000e+00   3.5870647e-02  -8.1643028e-01   3.4139495e-02   5.1972482e-03   5.1786753e-03  -2.5310179e-03   1.2867033e-03   6.6655840e-01   1.1655051e-03   2.7011389e-05   2.6818678e-05   6.4060516e-06   2.4136780e-03  -1.4347200e-03  -5.7333368e-02   1.3630629e-03  -5.6057800e-05  -1.3696710e-04   5.8258415e-06   2.0584215e-06   3.2871151e-03   1.8579405e-06   3.1424769e-09   1.8759986e-08
   1.0000000e+00   4.5008930e-02  -8.4452322e-01   1.0803975e-01   3.3951139e-03   5.1471300e-03  -2.2542015e-03   2.0258038e-03   7.1321947e-01   1.1672588e-02   1.1526798e-05   2.6492947e-05   5.0814244e-06   9.1382830e-03  -2.8092940e-02   7.3900255e-02  -1.8021343e-03  -3.1545300e-05   2.7681640e-04   8.3508216e-05   7.8921328e-04   5.4612477e-03   3.2476880e-06   9.9510595e-10   7.6627319e-08
   1.0000000e+00   5.7299106e-02  -8.1145871e-01   3.3727998e-02   4.7083072e-03   5.2751344e-03  -2.1761545e-03   3.2831875e-03   6.5846524e-01   1.1375778e-03   2.2168157e-05   2.7827043e-05   4.7356484e-06   1.2290176e-02   3.3064510e-02  -7.4311752e-02   1.3131933e-03   1.2800440e-04   7.8047000e-05   1.5104843e-04   1.0932618e-03   5.5222365e-03   1.7244766e-06   1.6385126e-08   6.0913342e-09
   1.0000000e+00   3.7728752e-02  -8.2765006e-01   7.9582741e-02   3.8189961e-03   5.7047113e-03  -2.3353014e-03   1.4234587e-03   6.8500462e-01   6.3334127e-03   1.4584731e-05   3.2543731e-05   5.4536326e-06  -1.9570354e-02  -1.6191350e-02   4.5854743e-02  -8.8931110e-04   4.2957690e-04  -1.5914690e-04   3.8299876e-04   2.6215981e-04   2.1026575e-03   7.9087423e-07   1.8453631e-07   2.5327736e-08
   1.0000000e+00   8.1314713e-02  -8.0810833e-01   5.6539272e-02   3.2597552e-03   5.4786749e-03  -2.0999342e-03   6.6120826e-03   6.5303907e-01   3.1966893e-03   1.0626004e-05   3.0015879e-05   4.4097236e-06   4.3585961e-02   1.9541730e-02  -2.3043469e-02  -5.5924090e-04  -2.2603640e-04   2.3536720e-04   1.8997360e-03   3.8187921e-04   5.3100146e-04   3.1275038e-07   5.1092454e-08   5.5397719e-08
   1.0000000e+00   5.2330729e-02  -9.5906471e-01   1.2837322e-01   4.0914352e-03   5.6664812e-03  -2.3152135e-03   2.7385052e-03   9.1980512e-01   1.6479684e-02   1.6739842e-05   3.2109009e-05   5.3602136e-06  -2.8983984e-02  -1.5095638e-01   7.1833948e-02   8.3168000e-04   1.8780630e-04  -2.1527930e-04   8.4007133e-04   2.2787829e-02   5.1601161e-03   6.9169162e-07   3.5271206e-08   4.6345177e-08
   1.0000000e+00   9.2793705e-02  -8.6014954e-01  -8.1046705e-01   7.2697437e-03   5.8000788e-03  -2.3101043e-03   8.6106717e-03   7.3985723e-01   6.5685684e-01   5.2849173e-05   3.3640914e-05   5.3365819e-06   4.0462976e-02   9.8915170e-02  -9.3884027e-01   3.1783085e-03   1.3359760e-04   5.1092000e-06   1.6372524e-03   9.7842109e-03   8.8142105e-01   1.0101645e-05   1.7848319e-08   2.6103925e-11
   1.0000000e+00   6.6125547e-02  -6.7659250e-01  -7.6966356e-01   6.2635249e-03   5.9892673e-03  -2.0124752e-03   4.3725880e-03   4.5777741e-01   5.9238200e-01   3.9231744e-05   3.5871323e-05   4.0500564e-06  -2.6668158e-02   1.8355704e-01   4.0803490e-02  -1.0062188e-03   1.8918850e-04   2.9762910e-04   7.1119065e-04   3.3693187e-02   1.6649248e-03   1.0124763e-06   3.5792289e-08   8.8583081e-08
   1.0000000e+00   4.4738705e-02  -6.4737094e-01  -6.5684106e-01   5.9017950e-03   5.9348418e-03  -1.7904450e-03   2.0015517e-03   4.1908913e-01   4.3144018e-01   3.4831184e-05   3.5222347e-05   3.2056933e-06  -2.1386842e-02   2.9221560e-02   1.1282250e-01  -3.6172990e-04  -5.4425500e-05   2.2203020e-04   4.5739701e-04   8.5389957e-04   1.2728917e-02   1.3084852e-07   2.9621351e-09   4.9297410e-08
   1.0000000e+00   4.0320018e-02  -6.3865830e-01  -5.7559647e-01   2.9438099e-03   5.5734974e-03  -2.0920212e-03   1.6257039e-03   4.0788442e-01   3.3131130e-01   8.6660167e-06   3.1063873e-05   4.3765527e-06  -4.4186870e-03   8.7126400e-03   8.1244590e-02  -2.9579851e-03  -3.6134440e-04  -3.0157620e-04   1.9524795e-05   7.5910096e-05   6.6006834e-03   8.7496759e-06   1.3056978e-07   9.0948204e-08
   1.0000000e+00   4.5891296e-02  -6.6159239e-01  -5.4694666e-01   5.2695177e-03   5.5677914e-03  -1.5724404e-03   2.1060110e-03   4.3770449e-01   2.9915065e-01   2.7767817e-05   3.1000301e-05   2.4725688e-06   5.5712780e-03  -2.2934090e-02   2.8649810e-02   2.3257078e-03  -5.7060000e-06   5.1958080e-04   3.1039139e-05   5.2597248e-04   8.2081161e-04   5.4089168e-06   3.2558436e-11   2.6996421e-07
   1.0000000e+00   5.3050776e-02  -6.9330774e-01  -5.3563172e-01   3.2324229e-03   5.6197564e-03  -1.4140031e-03   2.8143848e-03   4.8067562e-01   2.8690134e-01   1.0448558e-05   3.1581662e-05   1.9994048e-06   7.1594800e-03  -3.1715350e-02   1.1314940e-02  -2.0370948e-03   5.1965000e-05   1.5843730e-04   5.1258154e-05   1.0058634e-03   1.2802787e-04   4.1497552e-06   2.7003612e-09   2.5102378e-08
   1.0000000e+00   3.8025224e-02  -6.6191272e-01  -5.5569031e-01   4.9241646e-03   5.7182603e-03  -1.6508258e-03   1.4459177e-03   4.3812845e-01   3.0879172e-01   2.4247397e-05   3.2698501e-05   2.7252258e-06  -1.5025552e-02   3.1395020e-02  -2.0058590e-02   1.6917417e-03   9.8503900e-05  -2.3682270e-04   2.2576721e-04   9.8564728e-04   4.0234703e-04   2.8619900e-06   9.7030183e-09   5.6084991e-08
   1.0000000e+00   3.7558497e-02  -7.1179295e-01  -5.5216344e-01   3.6699982e-03   5.8260171e-03  -1.6930597e-03   1.4106407e-03   5.0664920e-01   3.0488446e-01   1.3468887e-05   3.3942475e-05   2.8664511e-06  -4.6672700e-04  -4.9880230e-02   3.5268700e-03  -1.2541664e-03   1.0775680e-04  -4.2233900e-05   2.1783409e-07   2.4880373e-03   1.2438812e-05   1.5729334e-06   1.1611528e-08   1.7837023e-09
   1.0000000e+00   5.1073807e-02  -7.2228873e-01  -5.2948306e-01   3.4280592e-03   5.6137443e-03  -1.2730429e-03   2.6085338e-03   5.2170101e-01   2.8035231e-01   1.1751590e-05   3.1514125e-05   1.6206382e-06   1.3515310e-02  -1.0495780e-02   2.2680380e-02  -2.4193900e-04  -2.1227280e-04   4.2001680e-04   1.8266360e-04   1.1016140e-04   5.1439964e-04   5.8534480e-08   4.5059742e-08   1.7641411e-07
   1.0000000e+00   3.5543488e-02  -7.2710202e-01  -5.5620377e-01   4.3547534e-03   5.8040591e-03  -1.4090932e-03   1.2633395e-03   5.2867735e-01   3.0936263e-01   1.8963877e-05   3.3687102e-05   1.9855436e-06  -1.5530319e-02  -4.8132900e-03  -2.6720710e-02   9.2669420e-04   1.9031480e-04  -1.3605030e-04   2.4119081e-04   2.3167761e-05   7.1399634e-04   8.5876214e-07   3.6219723e-08   1.8509684e-08
   1.0000000e+00   3.6834853e-02  -7.4194405e-01  -5.2268700e-01   2.8996948e-03   5.6518274e-03  -1.5849501e-03   1.3568064e-03   5.5048097e-01   2.7320170e-01   8.4082299e-06   3.1943153e-05   2.5120668e-06   1.2913650e-03  -1.4842030e-02   3.3516770e-02  -1.4550586e-03  -1.5223170e-04  -1.7585690e-04   1.6676236e-06   2.2028585e-04   1.1233739e-03   2.1171955e-06   2.3174490e-08   3.0925649e-08
   1.0000000e+00   3.9628163e-02  -7.2111441e-01  -5.5544374e-01   4.5420124e-03   5.8820525e-03  -1.4331726e-03   1.5703913e-03   5.2000599e-01   3.0851775e-01   2.0629877e-05   3.4598542e-05   2.0539837e-06   2.7933100e-03   2.0829640e-02  -3.2756740e-02   1.6423176e-03   2.3022510e-04   1.5177750e-04   7.8025808e-06   4.3387390e-04   1.0730040e-03   2.6972071e-06   5.3003597e-08   2.3036410e-08
   1.0000000e+00   5.1542274e-02  -7.5015850e-01  -5.5175761e-01   3.4540608e-03   5.8761456e-03  -1.1794810e-03   2.6566060e-03   5.6273778e-01   3.0443646e-01   1.1930536e-05   3.4529087e-05   1.3911754e-06   1.1914111e-02  -2.9044090e-02   3.6861300e-03  -1.0879516e-03  -5.9069000e-06   2.5369160e-04   1.4194604e-04   8.4355916e-04   1.3587554e-05   1.1836387e-06   3.4891468e-11   6.4359428e-08
   1.0000000e+00   5.1597752e-02  -7.5559003e-01  -5.2461181e-01   3.6003612e-03   5.8109736e-03  -1.2129940e-03   2.6623280e-03   5.7091629e-01   2.7521755e-01   1.2962601e-05   3.3767414e-05   1.4713544e-06   5.5478000e-05  -5.4315300e-03   2.7145800e-02   1.4630040e-04  -6.5172000e-05  -3.3513000e-05   3.0778085e-09   2.9501518e-05   7.3689446e-04   2.1403807e-08   4.2473896e-09   1.1231212e-09
   1.0000000e+00   4.5917650e-02  -7.6248417e-01  -5.5747648e-01   4.7294559e-03   6.1628299e-03  -1.2380874e-03   2.1084306e-03   5.8138211e-01   3.1078003e-01   2.2367753e-05   3.7980472e-05   1.5328604e-06  -5.6801020e-03  -6.8941400e-03  -3.2864670e-02   1.1290947e-03   3.5185630e-04  -2.5093400e-05   3.2263559e-05   4.7529166e-05   1.0800865e-03   1.2748548e-06   1.2380286e-07   6.2967872e-10
   1.0000000e+00   5.3761502e-02  -7.8678680e-01  -4.5406017e-01   2.9642014e-03   5.8847127e-03  -1.2750348e-03   2.8902991e-03   6.1903347e-01   2.0617064e-01   8.7864899e-06   3.4629844e-05   1.6257137e-06   7.8438520e-03  -2.4302630e-02   1.0341631e-01  -1.7652545e-03  -2.7811720e-04  -3.6947400e-05   6.1526014e-05   5.9061782e-04   1.0694933e-02   3.1161234e-06   7.7349177e-08   1.3651104e-09
   1.0000000e+00   4.9088800e-02  -7.5097010e-01  -5.2066552e-01   5.5102392e-03   6.2468056e-03  -1.2438909e-03   2.4097103e-03   5.6395609e-01   2.7109258e-01   3.0362736e-05   3.9022580e-05   1.5472646e-06  -4.6727020e-03   3.5816700e-02  -6.6605350e-02   2.5460378e-03   3.6209290e-04   3.1143900e-05   2.1834144e-05   1.2828360e-03   4.4362726e-03   6.4823085e-06   1.3111127e-07   9.6994251e-10
   1.0000000e+00   4.8407703e-02  -7.8024933e-01  -4.1832047e-01   4.5270323e-03   5.8695749e-03  -1.8041076e-03   2.3433057e-03   6.0878902e-01   1.7499202e-01   2.0494021e-05   3.4451910e-05   3.2548042e-06  -6.8109700e-04  -2.9279230e-02   1.0234505e-01  -9.8320690e-04  -3.7723070e-04  -5.6021670e-04   4.6389312e-07   8.5727331e-04   1.0474509e-02   9.6669581e-07   1.4230300e-07   3.1384275e-07
   1.0000000e+00   5.8035120e-02  -8.3390262e-01  -2.5740525e-01   4.8806143e-03   5.8165078e-03  -2.6727769e-03   3.3680752e-03   6.9539358e-01   6.6257463e-02   2.3820396e-05   3.3831763e-05   7.1437364e-06   9.6274170e-03  -5.3653290e-02   1.6091522e-01   3.5358200e-04  -5.3067100e-05  -8.6866930e-04   9.2687158e-05   2.8786755e-03   2.5893708e-02   1.2502023e-07   2.8161171e-09   7.5458635e-07
   1.0000000e+00   6.4416422e-02  -8.2650219e-01  -2.7765526e-01   4.6362720e-03   6.3008836e-03  -1.9477344e-03   4.1494754e-03   6.8310587e-01   7.7092443e-02   2.1495018e-05   3.9701134e-05   3.7936693e-06   6.3813020e-03   7.4004300e-03  -2.0250010e-02  -2.4434230e-04   4.8437580e-04   7.2504250e-04   4.0721015e-05   5.4766364e-05   4.1006291e-04   5.9703160e-08   2.3461992e-07   5.2568663e-07
   1.0000000e+00   5.3799346e-02  -8.4735101e-01  -3.0070487e-01   3.7201358e-03   6.3712095e-03  -2.1404338e-03   2.8943696e-03   7.1800373e-01   9.0423419e-02   1.3839410e-05   4.0592310e-05   4.5814569e-06  -1.0617076e-02  -2.0848820e-02  -2.3049610e-02  -9.1613620e-04   7.0325900e-05  -1.9269940e-04   1.1272230e-04   4.3467330e-04   5.3128452e-04   8.3930554e-07   4.9457322e-09   3.7133059e-08
   1.0000000e+00   5.4486563e-02  -8.1706516e-01  -3.1064708e-01   4.8844683e-03   6.3355111e-03  -1.9926513e-03   2.9687855e-03   6.6759548e-01   9.6501608e-02   2.3858031e-05   4.0138701e-05   3.9706592e-06   6.8721700e-04   3.0285850e-02  -9.9422100e-03   1.1643325e-03  -3.5698400e-05   1.4778250e-04   4.7226721e-07   9.1723271e-04   9.8847540e-05   1.3556702e-06   1.2743758e-09   2.1839667e-08
   1.0000000e+00   4.4483069e-02  -8.7579747e-01  -4.7066421e-01   4.6435508e-03   6.5789197e-03  -2.5563762e-03   1.9787434e-03   7.6702121e-01   2.2152480e-01   2.1562564e-05   4.3282184e-05   6.5350593e-06  -1.0003494e-02  -5.8732310e-02  -1.6001713e-01  -2.4091750e-04   2.4340860e-04  -5.6372490e-04   1.0006989e-04   3.4494842e-03   2.5605482e-02   5.8041242e-08   5.9247747e-08   3.1778576e-07
   1.0000000e+00   7.3919170e-02  -8.3009910e-01  -6.7839423e-01   7.6818917e-03   6.6752099e-03  -1.9941480e-03   5.4640437e-03   6.8906452e-01   4.6021873e-01   5.9011460e-05   4.4558427e-05   3.9766262e-06   2.9436101e-02   4.5698370e-02  -2.0773002e-01   3.0383409e-03   9.6290200e-05   5.6222820e-04   8.6648404e-04   2.0883410e-03   4.3151761e-02   9.2315154e-06   9.2718026e-09   3.1610055e-07
   1.0000000e+00   8.3850588e-02  -8.5488675e-01  -4.9876897e-01   5.2866917e-03   6.4595271e-03  -1.7880872e-03   7.0309211e-03   7.3083136e-01   2.4877049e-01   2.7949109e-05   4.1725490e-05   3.1972558e-06   9.9314180e-03  -2.4787650e-02   1.7962526e-01  -2.3952000e-03  -2.1568280e-04   2.0606080e-04   9.8633063e-05   6.1442759e-04   3.2265234e-02   5.7369830e-06   4.6519070e-08   4.2461053e-08
   1.0000000e+00   7.6687167e-02  -8.1097922e-01  -5.5383354e-01   5.6496161e-03   6.6181652e-03  -1.8878163e-03   5.8809216e-03   6.5768730e-01   3.0673159e-01   3.1918162e-05   4.3800111e-05   3.5638504e-06  -7.1634210e-03   4.3907530e-02  -5.5064570e-02   3.6292440e-04   1.5863810e-04  -9.9729100e-05   5.1314600e-05   1.9278712e-03   3.0321069e-03   1.3171412e-07   2.5166047e-08   9.9458934e-09
   1.0000000e+00   7.9714112e-02  -8.7013706e-01  -5.1988440e-01   6.4549062e-03   6.5563303e-03  -1.3738278e-03   6.3543397e-03   7.5713850e-01   2.7027979e-01   4.1665814e-05   4.2985467e-05   1.8874028e-06   3.0269450e-03  -5.9157840e-02   3.3949140e-02   8.0529010e-04  -6.1834900e-05   5.1398850e-04   9.1623960e-06   3.4996500e-03   1.1525441e-03   6.4849215e-07   3.8235549e-09   2.6418418e-07
   1.0000000e+00   5.8437469e-02  -8.5730304e-01  -4.7085388e-01   4.5081593e-03   6.7451508e-03  -1.8605061e-03   3.4149378e-03   7.3496850e-01   2.2170338e-01   2.0323500e-05   4.5497059e-05   3.4614829e-06  -2.1276643e-02   1.2834020e-02   4.9030520e-02  -1.9467469e-03   1.8882050e-04  -4.8667830e-04   4.5269554e-04   1.6471207e-04   2.4039919e-03   3.7898235e-06   3.5653181e-08   2.3685577e-07
   1.0000000e+00   5.7983422e-02  -8.6325194e-01  -4.1412532e-01   7.2299127e-03   6.8999628e-03  -1.8119588e-03   3.3620772e-03   7.4520391e-01   1.7149978e-01   5.2271638e-05   4.7609487e-05   3.2831947e-06  -4.5404700e-04  -5.9489000e-03   5.6728560e-02   2.7217534e-03   1.5481200e-04   4.8547300e-05   2.0615868e-07   3.5389411e-05   3.2181295e-03   7.4079416e-06   2.3966755e-08   2.3568403e-09
   1.0000000e+00   6.9244074e-02  -9.0390089e-01  -2.9372729e-01   4.3920047e-03   6.5864217e-03  -1.7567056e-03   4.7947418e-03   8.1703682e-01   8.6275721e-02   1.9289705e-05   4.3380951e-05   3.0860146e-06   1.1260652e-02  -4.0648950e-02   1.2039803e-01  -2.8379080e-03  -3.1354110e-04   5.5253200e-05   1.2680228e-04   1.6523371e-03   1.4495686e-02   8.0537218e-06   9.8308021e-08   3.0529161e-09
   1.0000000e+00   4.5664820e-02  -9.1880957e-01  -2.6467574e-01   5.2823169e-03   7.0824155e-03  -2.0656048e-03   2.0852758e-03   8.4421103e-01   7.0053247e-02   2.7902872e-05   5.0160609e-05   4.2667232e-06  -2.3579254e-02  -1.4908680e-02   2.9051550e-02   8.9031220e-04   4.9599380e-04  -3.0889920e-04   5.5598122e-04   2.2226874e-04   8.4399256e-04   7.9265581e-07   2.4600985e-07   9.5418716e-08
   1.0000000e+00   4.8979213e-02  -8.8035506e-01  -2.6673160e-01   5.7307935e-03   7.6576833e-03  -2.0126781e-03   2.3989633e-03   7.7502503e-01   7.1145746e-02   3.2841994e-05   5.8640114e-05   4.0508731e-06   3.3143930e-03   3.8454510e-02  -2.0558600e-03   4.4847660e-04   5.7526780e-04   5.2926700e-05   1.0985201e-05   1.4787493e-03   4.2265603e-06   2.0113126e-07   3.3093304e-07   2.8012356e-09
   1.0000000e+00   6.1881561e-02  -9.5282872e-01  -2.3175778e-01   4.8847806e-03   6.7828075e-03  -1.8972636e-03   3.8293276e-03   9.0788257e-01   5.3711669e-02   2.3861082e-05   4.6006478e-05   3.5996092e-06   1.2902348e-02  -7.2473660e-02   3.4973820e-02  -8.4601290e-04  -8.7487580e-04   1.1541450e-04   1.6647058e-04   5.2524314e-03   1.2231681e-03   7.1573783e-07   7.6540767e-07   1.3320507e-08
   1.0000000e+00   7.1007580e-02  -9.1049127e-01  -2.1140486e-01   6.9168881e-03   7.6033499e-03  -1.9454075e-03   5.0420764e-03   8.2899435e-01   4.4692015e-02   4.7843341e-05   5.7810930e-05   3.7846103e-06   9.1260190e-03   4.2337450e-02   2.0352920e-02   2.0321075e-03   8.2054240e-04  -4.8143900e-05   8.3284223e-05   1.7924597e-03   4.1424135e-04   4.1294609e-06   6.7328983e-07   2.3178351e-09
   1.0000000e+00   6.3420184e-02  -9.0912954e-01  -1.7110827e-01   4.6504691e-03   7.4394322e-03  -3.1572542e-03   4.0221197e-03   8.2651652e-01   2.9278040e-02   2.1626863e-05   5.5345151e-05   9.9682541e-06  -7.5873960e-03   1.3617300e-03   4.0296590e-02  -2.2664190e-03  -1.6391770e-04  -1.2118467e-03   5.7568578e-05   1.8543086e-06   1.6238152e-03   5.1366551e-06   2.6869012e-08   1.4685724e-06
   1.0000000e+00   6.5787494e-02  -9.0158816e-01  -3.3812808e-01   7.4922427e-03   7.0543788e-03  -3.1957204e-03   4.3279944e-03   8.1286121e-01   1.1433060e-01   5.6133701e-05   4.9764260e-05   1.0212629e-05   2.3673100e-03   7.5413800e-03  -1.6701981e-01   2.8417736e-03  -3.8505340e-04  -3.8466200e-05   5.6041566e-06   5.6872412e-05   2.7895617e-02   8.0756772e-06   1.4826612e-07   1.4796485e-09
   1.0000000e+00   6.3719363e-02  -9.4022792e-01  -2.0580000e-01   3.9844975e-03   7.5020241e-03  -2.9312701e-03   4.0601572e-03   8.8402854e-01   4.2353640e-02   1.5876220e-05   5.6280366e-05   8.5923444e-06  -2.0681310e-03  -3.8639760e-02   1.3232808e-01  -3.5077452e-03   4.4764530e-04   2.6445030e-04   4.2771658e-06   1.4930311e-03   1.7510721e-02   1.2304276e-05   2.0038631e-07   6.9933961e-08
   1.0000000e+00   5.7948380e-02  -9.0874406e-01  -2.4985314e-01   6.4899463e-03   7.9178058e-03  -2.8513106e-03   3.3580147e-03   8.2581577e-01   6.2426592e-02   4.2119403e-05   6.2691649e-05   8.1299721e-06  -5.7709830e-03   3.1483860e-02  -4.4053140e-02   2.5054488e-03   4.1578170e-04   7.9959500e-05   3.3304245e-05   9.9123344e-04   1.9406791e-03   6.2772737e-06   1.7287442e-07   6.3935216e-09
   1.0000000e+00   6.4132479e-02  -9.2818072e-01  -2.0764712e-01   5.6962361e-03   8.0012989e-03  -3.0879208e-03   4.1129749e-03   8.6151945e-01   4.3117326e-02   3.2447106e-05   6.4020784e-05   9.5352549e-06   6.1840990e-03  -1.9436660e-02   4.2206020e-02  -7.9371020e-04   8.3493100e-05  -2.3661020e-04   3.8243080e-05   3.7778375e-04   1.7813481e-03   6.2997588e-07   6.9710977e-09   5.5984387e-08
   1.0000000e+00   8.8159099e-02  -9.4930844e-01  -1.2380242e-01   5.4307185e-03   6.8484219e-03  -3.3958289e-03   7.7720267e-03   9.0118651e-01   1.5327039e-02   2.9492703e-05   4.6900883e-05   1.1531654e-05   2.4026620e-02  -2.1127720e-02   8.3844700e-02  -2.6551760e-04  -1.1528770e-03  -3.0790810e-04   5.7727847e-04   4.4638055e-04   7.0299337e-03   7.0499596e-08   1.3291254e-06   9.4807398e-08
   1.0000000e+00   7.9512024e-02  -9.5782536e-01  -1.2744346e-01   7.5638892e-03   7.3803380e-03  -3.3591489e-03   6.3221620e-03   9.1742942e-01   1.6241835e-02   5.7212420e-05   5.4469389e-05   1.1283881e-05  -8.6470750e-03  -8.5169200e-03  -3.6410400e-03   2.1331707e-03   5.3191610e-04   3.6680000e-05   7.4771906e-05   7.2537926e-05   1.3257172e-05   4.5504172e-06   2.8293474e-07   1.3454224e-09
   1.0000000e+00   7.4149951e-02  -1.0088064e+00  -5.0871309e-02   3.8579616e-03   7.1044900e-03  -3.3890985e-03   5.4982152e-03   1.0176904e+00   2.5878901e-03   1.4883868e-05   5.0473778e-05   1.1485989e-05  -5.3620730e-03  -5.0981040e-02   7.6572151e-02  -3.7059276e-03  -2.7584800e-04  -2.9949600e-05   2.8751827e-05   2.5990664e-03   5.8632943e-03   1.3733899e-05   7.6092119e-08   8.9697854e-10
   1.0000000e+00   6.0612372e-02  -9.9978622e-01  -5.8651265e-02   5.8569217e-03   7.1600614e-03  -3.4843100e-03   3.6738596e-03   9.9957249e-01   3.4399709e-03   3.4303532e-05   5.1266479e-05   1.2140416e-05  -1.3537579e-02   9.0201800e-03  -7.7799560e-03   1.9989601e-03   5.5571400e-05  -9.5211500e-05   1.8326605e-04   8.1363647e-05   6.0527715e-05   3.9958415e-06   3.0881805e-09   9.0652297e-09
   1.0000000e+00   1.2396433e-01  -9.9249873e-01  -1.2217859e-01   5.8851135e-03   6.4845453e-03  -2.8644191e-03   1.5367155e-02   9.8505373e-01   1.4927608e-02   3.4634561e-05   4.2049328e-05   8.2048968e-06   6.3351958e-02   7.2874900e-03  -6.3527325e-02   2.8191800e-05  -6.7551610e-04   6.1989090e-04   4.0134706e-03   5.3107511e-05   4.0357210e-03   7.9477759e-10   4.5632200e-07   3.8426473e-07
   1.0000000e+00   9.3498470e-02  -1.0512563e+00  -5.1599175e-02   4.3053196e-03   7.2445748e-03  -3.0704035e-03   8.7419639e-03   1.1051398e+00   2.6624749e-03   1.8535777e-05   5.2483864e-05   9.4273777e-06  -3.0465860e-02  -5.8757570e-02   7.0579415e-02  -1.5797939e-03   7.6002950e-04  -2.0598440e-04   9.2816863e-04   3.4524520e-03   4.9814538e-03   2.4957488e-06   5.7764484e-07   4.2429573e-08
   1.0000000e+00   8.5312458e-02  -1.0123739e+00  -8.3349754e-02   6.7013392e-03   7.1792335e-03  -3.0651682e-03   7.2782155e-03   1.0249009e+00   6.9471815e-03   4.4907947e-05   5.1541394e-05   9.3952561e-06  -8.1860120e-03   3.8882400e-02  -3.1750579e-02   2.3960196e-03  -6.5341300e-05   5.2353000e-06   6.7010792e-05   1.5118410e-03   1.0080993e-03   5.7409099e-06   4.2694855e-09   2.7408366e-11
   1.0000000e+00   6.1847846e-02  -1.0608940e+00  -1.4253152e-03   3.7957272e-03   7.7644807e-03  -3.7055909e-03   3.8251561e-03   1.1254961e+00   2.0315234e-06   1.4407545e-05   6.0287161e-05   1.3731404e-05  -2.3464612e-02  -4.8520100e-02   8.1924439e-02  -2.9056120e-03   5.8524720e-04  -6.4042270e-04   5.5058802e-04   2.3542001e-03   6.7116137e-03   8.4425811e-06   3.4251429e-07   4.1014123e-07
   1.0000000e+00   8.1480838e-02  -1.0196254e+00  -1.6666531e-01   7.0302955e-03   6.7742510e-03  -3.7844023e-03   6.6391270e-03   1.0396360e+00   2.7777326e-02   4.9425055e-05   4.5890477e-05   1.4321701e-05   1.9632992e-02   4.1268600e-02  -1.6523999e-01   3.2345683e-03  -9.9022970e-04  -7.8811400e-05   3.8545437e-04   1.7030973e-03   2.7304256e-02   1.0462432e-05   9.8055486e-07   6.2112368e-09
   1.0000000e+00   1.1572083e-01  -1.0468996e+00  -3.9764478e-02   3.4121883e-03   6.8800424e-03  -3.3283944e-03   1.3391310e-02   1.0959988e+00   1.5812137e-03   1.1643029e-05   4.7334983e-05   1.1078209e-05   3.4239992e-02  -2.7274200e-02   1.2690083e-01  -3.6181072e-03   1.0579140e-04   4.5600790e-04   1.1723771e-03   7.4388199e-04   1.6103821e-02   1.3090700e-05   1.1191820e-08   2.0794320e-07
   1.0000000e+00   1.0868937e-01  -1.0660874e+00  -9.7193179e-02   5.8353907e-03   7.0569389e-03  -2.9847579e-03   1.1813379e-02   1.1365423e+00   9.4465140e-03   3.4051785e-05   4.9800387e-05   8.9087797e-06  -7.0314600e-03  -1.9187800e-02  -5.7428701e-02   2.4232024e-03   1.7689650e-04   3.4363650e-04   4.9441430e-05   3.6817167e-04   3.2980557e-03   5.8719099e-06   3.1292372e-08   1.1808604e-07
   1.0000000e+00   1.0446924e-01  -1.0844873e+00  -6.8510691e-02   4.6410210e-03   7.3546596e-03  -3.3991271e-03   1.0913822e-02   1.1761127e+00   4.6937148e-03   2.1539076e-05   5.4091018e-05   1.1554065e-05  -4.2201300e-03  -1.8399900e-02   2.8682488e-02  -1.1943697e-03   2.9772070e-04  -4.1436920e-04   1.7809497e-05   3.3855632e-04   8.2268512e-04   1.4265190e-06   8.8637615e-08   1.7170183e-07
   1.0000000e+00   1.0241976e-01  -1.0894607e+00  -1.2354698e-01   5.0309701e-03   7.3593688e-03  -3.2569009e-03   1.0489807e-02   1.1869246e+00   1.5263856e-02   2.5310660e-05   5.4160309e-05   1.0607403e-05  -2.0494800e-03  -4.9734000e-03  -5.5036289e-02   3.8994910e-04   4.7092000e-06   1.4222620e-04   4.2003683e-06   2.4734708e-05   3.0289931e-03   1.5206030e-07   2.2176565e-11   2.0228292e-08
   1.0000000e+00   9.3455824e-02  -1.0847482e+00  -1.3646900e-01   5.9195081e-03   7.3171646e-03  -3.2847356e-03   8.7339910e-03   1.1766787e+00   1.8623788e-02   3.5040576e-05   5.3540898e-05   1.0789488e-05  -8.9639360e-03   4.7125000e-03  -1.2922020e-02   8.8853800e-04  -4.2204200e-05  -2.7834700e-05   8.0352149e-05   2.2207656e-05   1.6697860e-04   7.8949978e-07   1.7811945e-09   7.7477052e-10
   1.0000000e+00   9.8639760e-02  -1.0869499e+00  -1.4586872e-01   4.5306123e-03   7.2902013e-03  -3.0158315e-03   9.7298023e-03   1.1814601e+00   2.1277683e-02   2.0526448e-05   5.3147035e-05   9.0952396e-06   5.1839360e-03  -2.2017000e-03  -9.3997200e-03  -1.3888958e-03  -2.6963300e-05   2.6890410e-04   2.6873192e-05   4.8474829e-06   8.8354736e-05   1.9290315e-06   7.2701955e-10   7.2309415e-08
   1.0000000e+00   1.0758546e-01  -1.0711216e+00  -9.8993262e-02   5.9395755e-03   7.5035931e-03  -2.9552237e-03   1.1574631e-02   1.1473015e+00   9.7996659e-03   3.5278557e-05   5.6303909e-05   8.7333471e-06   8.9457000e-03   1.5828300e-02   4.6875458e-02   1.4089632e-03   2.1339180e-04   6.0607800e-05   8.0025548e-05   2.5053508e-04   2.1973086e-03   1.9851773e-06   4.5536060e-08   3.6733054e-09
   1.0000000e+00   1.1565874e-01  -1.1058113e+00  -2.6598550e-02   3.5262517e-03   6.9515968e-03  -3.0333598e-03   1.3376944e-02   1.2228186e+00   7.0748286e-04   1.2434451e-05   4.8324698e-05   9.2012717e-06   8.0732800e-03  -3.4689700e-02   7.2394712e-02  -2.4133238e-03  -5.5199630e-04  -7.8136100e-05   6.5177850e-05   1.2033753e-03   5.2409943e-03   5.8241318e-06   3.0469992e-07   6.1052501e-09
   1.0000000e+00   1.0396435e-01  -1.0915579e+00  -7.8081313e-02   6.2766483e-03   7.2398047e-03  -3.5722805e-03   1.0808586e-02   1.1914986e+00   6.0966914e-03   3.9396314e-05   5.2414772e-05   1.2761188e-05  -1.1694390e-02   1.4253400e-02  -5.1482763e-02   2.7503966e-03   2.8820790e-04  -5.3892070e-04   1.3675876e-04   2.0315941e-04   2.6504749e-03   7.5646815e-06   8.3063794e-08   2.9043552e-07
   1.0000000e+00   1.0679851e-01  -1.1271814e+00  -8.3297455e-02   4.9241090e-03   7.3408172e-03  -3.5981587e-03   1.1405922e-02   1.2705379e+00   6.9384660e-03   2.4246849e-05   5.3887597e-05   1.2946746e-05   2.8341600e-03  -3.5623500e-02  -5.2161420e-03  -1.3525393e-03   1.0101250e-04  -2.5878200e-05   8.0324629e-06   1.2690338e-03   2.7208137e-05   1.8293626e-06   1.0203525e-08   6.6968124e-10
   1.0000000e+00   1.3422371e-01  -1.0926621e+00  -8.4417880e-02   5.5760601e-03   7.2408778e-03  -3.1594362e-03   1.8016004e-02   1.1939105e+00   7.1263785e-03   3.1092446e-05   5.2430311e-05   9.9820371e-06   2.7425200e-02   3.4519300e-02  -1.1204250e-03   6.5195110e-04  -9.9939400e-05   4.3872250e-04   7.5214160e-04   1.1915821e-03   1.2553522e-06   4.2504024e-07   9.9878837e-09   1.9247743e-07
   1.0000000e+00   1.1132610e-01  -1.0580225e+00  -1.0304751e-01   5.2565718e-03   7.3031982e-03  -3.6485384e-03   1.2393501e-02   1.1194116e+00   1.0618789e-02   2.7631547e-05   5.3336704e-05   1.3311832e-05  -2.2897610e-02   3.4639600e-02  -1.8629630e-02  -3.1948830e-04   6.2320400e-05  -4.8910220e-04   5.2430054e-04   1.1999019e-03   3.4706311e-04   1.0207277e-07   3.8838323e-09   2.3922096e-07
   1.0000000e+00   1.4163570e-01  -1.1008566e+00   6.3997620e-02   1.8068120e-03   6.4543076e-03  -3.6961108e-03   2.0060672e-02   1.2118853e+00   4.0956954e-03   3.2645696e-06   4.1658087e-05   1.3661235e-05   3.0309600e-02  -4.2834100e-02   1.6704513e-01  -3.4497598e-03  -8.4889060e-04  -4.7572400e-05   9.1867185e-04   1.8347601e-03   2.7904075e-02   1.1900843e-05   7.2061525e-07   2.2631332e-09
   1.0000000e+00   1.3196204e-01  -1.1940057e+00   9.2373061e-02   6.5456584e-04   7.0152046e-03  -4.0349047e-03   1.7413980e-02   1.4256496e+00   8.5327824e-03   4.2845644e-07   4.9213096e-05   1.6280456e-05  -9.6736600e-03  -9.3149100e-02   2.8375441e-02  -1.1522462e-03   5.6089700e-04  -3.3879390e-04   9.3579698e-05   8.6767548e-03   8.0516565e-04   1.3276712e-06   3.1460544e-07   1.1478131e-07
   1.0000000e+00   1.5845797e-01  -1.1049687e+00  -1.1643282e-01   1.1423574e-03   6.5687916e-03  -3.3352023e-03   2.5108928e-02   1.2209558e+00   1.3556602e-02   1.3049804e-06   4.3149023e-05   1.1123574e-05   2.6495930e-02   8.9037000e-02  -2.0880588e-01   4.8779156e-04  -4.4641300e-04   6.9970240e-04   7.0203431e-04   7.9275874e-03   4.3599896e-02   2.3794061e-07   1.9928457e-07   4.8958345e-07
   1.0000000e+00   1.3251201e-01  -1.1009468e+00  -1.4012439e-01   2.7914836e-03   6.6384262e-03  -3.8163936e-03   1.7559433e-02   1.2120839e+00   1.9634845e-02   7.7923807e-06   4.4068702e-05   1.4564860e-05  -2.5945960e-02   4.0219000e-03  -2.3691570e-02   1.6491262e-03   6.9634600e-05  -4.8119130e-04   6.7319284e-04   1.6175680e-05   5.6129049e-04   2.7196172e-06   4.8489775e-09   2.3154507e-07
   1.0000000e+00   1.4238572e-01  -1.0993365e+00  -1.8909197e-01   3.3916990e-03   6.4913395e-03  -3.4113053e-03   2.0273693e-02   1.2085407e+00   3.5755773e-02   1.1503622e-05   4.2137489e-05   1.1637004e-05   9.8737100e-03   1.6103000e-03  -4.8967580e-02   6.0021540e-04  -1.4708670e-04   4.0508830e-04   9.7490149e-05   2.5930661e-06   2.3978239e-03   3.6025853e-07   2.1634497e-08   1.6409653e-07
   1.0000000e+00   1.3781771e-01  -1.1057182e+00  -1.3176726e-01   2.2784940e-03   6.6048591e-03  -3.3158487e-03   1.8993721e-02   1.2226127e+00   1.7362611e-02   5.1915349e-06   4.3624164e-05   1.0994853e-05  -4.5680100e-03  -6.3817000e-03   5.7324710e-02  -1.1132050e-03   1.1351960e-04   9.5456600e-05   2.0866715e-05   4.0726095e-05   3.2861224e-03   1.2392254e-06   1.2886700e-08   9.1119625e-09
   1.0000000e+00   1.5929528e-01  -1.1251637e+00  -1.9989780e-01   4.9941531e-03   6.8331499e-03  -2.6673007e-03   2.5374986e-02   1.2659934e+00   3.9959130e-02   2.4941565e-05   4.6691938e-05   7.1144930e-06   2.1477570e-02  -1.9445500e-02  -6.8130540e-02   2.7156591e-03   2.2829080e-04   6.4854800e-04   4.6128601e-04   3.7812747e-04   4.6417705e-03   7.3748043e-06   5.2116689e-08   4.2061451e-07
