   1.0000000e+00   0.0000000e+00   0.0000000e+00   0.0000000e+00   0.0000000e+00   0.0000000e+00  -0.0000000e+00   0.0000000e+00   0.0000000e+00   0.0000000e+00   0.0000000e+00   0.0000000e+00   0.0000000e+00   0.0000000e+00   0.0000000e+00   0.0000000e+00   0.0000000e+00   0.0000000e+00   0.0000000e+00   0.0000000e+00   0.0000000e+00   0.0000000e+00   0.0000000e+00   0.0000000e+00   0.0000000e+00
   1.0000000e+00   1.6218146e-02   2.8039900e-03  -1.2985953e-01   2.3265754e-03   1.2998138e-04   5.0849567e-04   2.6302826e-04   7.8623599e-06   1.6863498e-02   5.4129531e-06   1.6895159e-08   2.5856785e-07   1.6218146e-02   2.8039900e-03  -1.2985953e-01   2.3265754e-03   1.2998138e-04   5.0849567e-04   2.6302826e-04   7.8623599e-06   1.6863498e-02   5.4129531e-06   1.6895159e-08   2.5856785e-07
   1.0000000e+00  -4.7275442e-03   6.4649261e-02  -3.0352804e-02   2.6102245e-03   3.7542798e-04   4.0884641e-04   2.2349674e-05   4.1795269e-03   9.2129271e-04   6.8132719e-06   1.4094617e-07   1.6715539e-07  -2.0945690e-02   6.1845271e-02   9.9506726e-02   2.8364910e-04   2.4544660e-04  -9.9649260e-05   4.3872194e-04   3.8248375e-03   9.9015885e-03   8.0456812e-08   6.0244033e-08   9.9299750e-09
   1.0000000e+00   1.7303999e-02   3.6527797e-02  -4.9254362e-02   2.2580979e-03   2.1370289e-04   7.4912332e-04   2.9942838e-04   1.3342800e-03   2.4259922e-03   5.0990061e-06   4.5668925e-08   5.6118575e-07   2.2031543e-02  -2.8121464e-02  -1.8901558e-02  -3.5212660e-04  -1.6172509e-04   3.4027691e-04   4.8538890e-04   7.9081674e-04   3.5726889e-04   1.2399314e-07   2.6155005e-08   1.1578838e-07
   1.0000000e+00   1.8202896e-02   4.8690061e-02  -1.4252321e-01   3.8915359e-03   8.9782947e-05   7.7689712e-04   3.3134542e-04   2.3707220e-03   2.0312865e-02   1.5144052e-05   8.0609776e-09   6.0356914e-07   8.9889700e-04   1.2162264e-02  -9.3268848e-02   1.6334380e-03  -1.2391994e-04   2.7773800e-05   8.0801582e-07   1.4792067e-04   8.6990780e-03   2.6681197e-06   1.5356152e-08   7.7138397e-10
   1.0000000e+00   5.8785990e-03   9.8517388e-02  -1.6976722e-02   3.4685983e-03   2.9307233e-04   8.2012401e-04   3.4557926e-05   9.7056757e-03   2.8820909e-04   1.2031174e-05   8.5891391e-08   6.7260339e-07  -1.2324297e-02   4.9827327e-02   1.2554649e-01  -4.2293760e-04   2.0328938e-04   4.3226890e-05   1.5188830e-04   2.4827625e-03   1.5761921e-02   1.7887621e-07   4.1326573e-08   1.8685640e-09
   1.0000000e+00   2.3399501e-02   5.4785858e-02   3.2017479e-03   2.4382060e-03  -1.5362281e-04   7.6338295e-04   5.4753665e-04   3.0014902e-03   1.0251190e-05   5.9448485e-06   2.3599968e-08   5.8275353e-07   1.7520902e-02  -4.3731530e-02   2.0178470e-02  -1.0303923e-03  -4.4669514e-04  -5.6741060e-05   3.0698201e-04   1.9124467e-03   4.0717065e-04   1.0617083e-06   1.9953655e-07   3.2195479e-09
   1.0000000e+00   4.7870299e-02   5.8729416e-02  -1.7092431e-01   3.7707885e-03  -3.5664890e-04   1.1669489e-03   2.2915655e-03   3.4491443e-03   2.9215120e-02   1.4218846e-05   1.2719844e-07   1.3617697e-06   2.4470798e-02   3.9435580e-03  -1.7412606e-01   1.3325825e-03  -2.0302609e-04   4.0356595e-04   5.9881995e-04   1.5551650e-05   3.0319884e-02   1.7757761e-06   4.1219593e-08   1.6286548e-07
   1.0000000e+00   2.4233489e-02   8.4595977e-02  -4.2583881e-02   3.1876190e-03  -4.3954735e-05   1.0449399e-03   5.8726199e-04   7.1564793e-03   1.8133869e-03   1.0160915e-05   1.9320187e-09   1.0918994e-06  -2.3636810e-02   2.5866561e-02   1.2834043e-01  -5.8316950e-04   3.1269417e-04  -1.2200900e-04   5.5869879e-04   6.6907898e-04   1.6471266e-02   3.4008667e-07   9.7777641e-08   1.4886196e-08
   1.0000000e+00   4.4094974e-02   5.7389599e-02  -9.2912215e-02   2.5558783e-03  -2.5909130e-04   1.3196046e-03   1.9443667e-03   3.2935661e-03   8.6326797e-03   6.5325139e-06   6.7128302e-08   1.7413563e-06   1.9861485e-02  -2.7206378e-02  -5.0328334e-02  -6.3174070e-04  -2.1513657e-04   2.7466470e-04   3.9447859e-04   7.4018700e-04   2.5329412e-03   3.9909631e-07   4.6283742e-08   7.5440697e-08
   1.0000000e+00   1.8717192e-02   6.1632744e-02  -1.7840697e-01   4.2048585e-03   4.4545405e-04   1.4492107e-03   3.5033328e-04   3.7985951e-03   3.1829047e-02   1.7680835e-05   1.9842931e-07   2.1002117e-06  -2.5377782e-02   4.2431450e-03  -8.5494755e-02   1.6489802e-03   7.0454535e-04   1.2960610e-04   6.4403182e-04   1.8004279e-05   7.3093531e-03   2.7191357e-06   4.9638415e-07   1.6797741e-08
   1.0000000e+00  -1.4068003e-03   1.0366444e-01  -1.7717367e-02   2.5490345e-03   3.1929508e-04   9.8477980e-04   1.9790871e-06   1.0746316e-02   3.1390509e-04   6.4975769e-06   1.0194935e-07   9.6979125e-07  -2.0123992e-02   4.2031696e-02   1.6068960e-01  -1.6558240e-03  -1.2615897e-04  -4.6443090e-04   4.0497507e-04   1.7666635e-03   2.5821149e-02   2.7417531e-06   1.5916086e-08   2.1569606e-07
   1.0000000e+00   1.4915312e-02   6.7892235e-02  -1.1000534e-01   3.4988447e-03   2.6334810e-04   9.8932942e-04   2.2246653e-04   4.6093556e-03   1.2101175e-02   1.2241914e-05   6.9352222e-08   9.7877270e-07   1.6322112e-02  -3.5772205e-02  -9.2287973e-02   9.4981020e-04  -5.5946980e-05   4.5496200e-06   2.6641135e-04   1.2796507e-03   8.5170700e-03   9.0213942e-07   3.1300646e-09   2.0699042e-11
   1.0000000e+00  -1.2262061e-02   6.4883589e-02  -1.0923988e-01   3.2673472e-03   4.9836210e-04   5.0026215e-04   1.5035814e-04   4.2098801e-03   1.1933351e-02   1.0675558e-05   2.4836478e-07   2.5026222e-07  -2.7177373e-02  -3.0086460e-03   7.6546000e-04  -2.3149750e-04   2.3501400e-04  -4.8906727e-04   7.3860960e-04   9.0519508e-06   5.8592901e-07   5.3591093e-08   5.5231580e-08   2.3918679e-07
   1.0000000e+00  -3.0511304e-02   5.8339383e-02   4.0815085e-02   2.7482082e-03   6.7090736e-04   4.1721972e-04   9.3093967e-04   3.4034836e-03   1.6658712e-03   7.5526483e-06   4.5011669e-07   1.7407229e-07  -1.8249243e-02  -6.5442060e-03   1.5005496e-01  -5.1913900e-04   1.7254526e-04  -8.3042430e-05   3.3303487e-04   4.2826632e-05   2.2516493e-02   2.6950530e-07   2.9771867e-08   6.8960452e-09
   1.0000000e+00  -1.8495602e-02   5.0979440e-02  -1.7560862e-02   2.2685274e-03   4.2043620e-04   3.9436842e-04   3.4208729e-04   2.5989033e-03   3.0838387e-04   5.1462166e-06   1.7676660e-07   1.5552645e-07   1.2015702e-02  -7.3599430e-03  -5.8375947e-02  -4.7968080e-04  -2.5047116e-04  -2.2851300e-05   1.4437709e-04   5.4168761e-05   3.4077512e-03   2.3009367e-07   6.2735802e-08   5.2218191e-10
   1.0000000e+00  -4.5795536e-02   5.1713848e-02   3.1925390e-02   2.7794012e-03   7.0220167e-04  -4.1020365e-05   2.0972311e-03   2.6743221e-03   1.0192305e-03   7.7250710e-06   4.9308719e-07   1.6826703e-09  -2.7299934e-02   7.3440800e-04   4.9486252e-02   5.1087380e-04   2.8176547e-04  -4.3538878e-04   7.4528640e-04   5.3935511e-07   2.4488891e-03   2.6099204e-07   7.9391780e-08   1.8956339e-07
   1.0000000e+00  -3.3188716e-02  -8.4171438e-02   4.8786926e-03   1.3402295e-03   7.7301555e-04  -3.8139125e-04   1.1014909e-03   7.0848310e-03   2.3801641e-05   1.7962151e-06   5.9755304e-07   1.4545929e-07   1.2606820e-02  -1.3588529e-01  -2.7046697e-02  -1.4391717e-03   7.0813880e-05  -3.4037088e-04   1.5893191e-04   1.8464811e-02   7.3152384e-04   2.0712152e-06   5.0146056e-09   1.1585234e-07
   1.0000000e+00  -2.0822260e-02  -1.8496468e-01  -2.1643936e-01   2.3324005e-03   3.9487870e-04  -1.9730469e-04   4.3356651e-04   3.4211933e-02   4.6845997e-02   5.4400921e-06   1.5592919e-07   3.8929141e-08   1.2366456e-02  -1.0079324e-01  -2.2131805e-01   9.9217100e-04  -3.7813685e-04   1.8408656e-04   1.5292923e-04   1.0159278e-02   4.8981680e-02   9.8440329e-07   1.4298748e-07   3.3887862e-08
   1.0000000e+00  -4.6324366e-02  -1.2213770e-01  -7.5050802e-02   2.8193575e-03   2.1074698e-04  -4.5404696e-04   2.1459469e-03   1.4917618e-02   5.6326229e-03   7.9487767e-06   4.4414290e-08   2.0615864e-07  -2.5502106e-02   6.2826980e-02   1.4138856e-01   4.8695700e-04  -1.8413172e-04  -2.5674227e-04   6.5035741e-04   3.9472294e-03   1.9990724e-02   2.3712712e-07   3.3904490e-08   6.5916593e-08
   1.0000000e+00  -1.1133820e-02  -5.5279381e-02  -1.7852203e-01   1.7659957e-03   4.7423983e-04   1.2439832e-05   1.2396195e-04   3.0558100e-03   3.1870115e-02   3.1187408e-06   2.2490342e-07   1.5474942e-10   3.5190546e-02   6.6858319e-02  -1.0347123e-01  -1.0533618e-03   2.6349285e-04   4.6648679e-04   1.2383745e-03   4.4700348e-03   1.0706295e-02   1.1095711e-06   6.9428482e-08   2.1760993e-07
   1.0000000e+00  -2.4144177e-02  -8.1080428e-02  -3.7878019e-01   5.7065819e-03   7.9547731e-04  -1.0215466e-04   5.8294128e-04   6.5740358e-03   1.4347443e-01   3.2565077e-05   6.3278415e-07   1.0435575e-08  -1.3010357e-02  -2.5801047e-02  -2.0025816e-01   3.9405862e-03   3.2123748e-04  -1.1459449e-04   1.6926939e-04   6.6569403e-04   4.0103331e-02   1.5528220e-05   1.0319352e-07   1.3131898e-08
   1.0000000e+00  -2.1645695e-02  -4.1598991e-02  -2.0373699e-01   3.9960386e-03   3.8089613e-04   6.8258872e-05   4.6853611e-04   1.7304761e-03   4.1508761e-02   1.5968324e-05   1.4508186e-07   4.6592736e-09   2.4984820e-03   3.9481437e-02   1.7504320e-01  -1.7105433e-03  -4.1458118e-04   1.7041353e-04   6.2424123e-06   1.5587839e-03   3.0640122e-02   2.9259584e-06   1.7187755e-07   2.9040772e-08
   1.0000000e+00  -1.2463867e-02  -1.1065714e-01  -9.5084093e-02   2.3661527e-03   7.3088997e-05   2.0916678e-04   1.5534798e-04   1.2245003e-02   9.0409847e-03   5.5986786e-06   5.3420015e-09   4.3750742e-08   9.1818280e-03  -6.9058149e-02   1.0865290e-01  -1.6298859e-03  -3.0780713e-04   1.4090791e-04   8.4305965e-05   4.7690279e-03   1.1805452e-02   2.6565280e-06   9.4745231e-08   1.9855039e-08
   1.0000000e+00  -9.0288013e-04  -7.8985547e-02  -1.8835131e-01   4.0236507e-03   4.2712565e-04   6.7220222e-04   8.1519253e-07   6.2387166e-03   3.5476216e-02   1.6189765e-05   1.8243632e-07   4.5185582e-07   1.1560987e-02   3.1671593e-02  -9.3267217e-02   1.6574980e-03   3.5403665e-04   4.6303544e-04   1.3365642e-04   1.0030898e-03   8.6987738e-03   2.7472996e-06   1.2534195e-07   2.1440182e-07
   1.0000000e+00  -3.9691199e-02  -3.4825089e-02   1.0112524e-01   1.3732973e-03  -9.7367055e-04   8.6344367e-05   1.5753913e-03   1.2127868e-03   1.0226314e-02   1.8859455e-06   9.4803434e-07   7.4553497e-09  -3.8788319e-02   4.4160458e-02   2.8947655e-01  -2.6503534e-03  -1.4007962e-03  -5.8585785e-04   1.5045337e-03   1.9501461e-03   8.3796673e-02   7.0243731e-06   1.9622300e-06   3.4322942e-07
   1.0000000e+00  -8.2074716e-03  -9.4251473e-02   4.4876388e-02   6.1164021e-04  -2.2081641e-03   4.2471379e-04   6.7362590e-05   8.8833402e-03   2.0138902e-03   3.7410375e-07   4.8759887e-06   1.8038180e-07   3.1483727e-02  -5.9426384e-02  -5.6248852e-02  -7.6165709e-04  -1.2344935e-03   3.3836942e-04   9.9122509e-04   3.5314951e-03   3.1639334e-03   5.8012152e-07   1.5239743e-06   1.1449387e-07
   1.0000000e+00   2.5022745e-02  -1.5501150e-02  -7.7838469e-02   3.6013439e-03  -1.2841090e-03   1.2579638e-03   6.2613777e-04   2.4028565e-04   6.0588273e-03   1.2969678e-05   1.6489359e-06   1.5824729e-06   3.3230217e-02   7.8750323e-02  -1.2271486e-01   2.9897037e-03   9.2405510e-04   8.3325001e-04   1.1042473e-03   6.2016134e-03   1.5058936e-02   8.9383282e-06   8.5387783e-07   6.9430558e-07
   1.0000000e+00  -8.7645562e-03  -2.3923920e-02   2.5089011e-02   2.7460828e-03  -1.0039834e-03   7.3862913e-04   7.6817445e-05   5.7235395e-04   6.2945847e-04   7.5409707e-06   1.0079827e-06   5.4557299e-07  -3.3787301e-02  -8.4227700e-03   1.0292748e-01  -8.5526110e-04   2.8012560e-04  -5.1933467e-04   1.1415817e-03   7.0943054e-05   1.0594066e-02   7.3147155e-07   7.8470352e-08   2.6970850e-07
   1.0000000e+00   2.2498171e-02  -9.3293423e-02  -5.0566267e-02   2.5661987e-03  -1.1174622e-03   9.0272729e-04   5.0616770e-04   8.7036628e-03   2.5569474e-03   6.5853758e-06   1.2487218e-06   8.1491656e-07   3.1262727e-02  -6.9369503e-02  -7.5655278e-02  -1.7988410e-04  -1.1347880e-04   1.6409816e-04   9.7735811e-04   4.8121279e-03   5.7237211e-03   3.2358289e-08   1.2877438e-08   2.6928206e-08
   1.0000000e+00   5.1577986e-03  -7.7810820e-02  -7.5436099e-02   3.2768413e-03  -1.1613025e-03   4.7348222e-04   2.6602886e-05   6.0545237e-03   5.6906050e-03   1.0737689e-05   1.3486235e-06   2.2418541e-07  -1.7340372e-02   1.5482603e-02  -2.4869832e-02   7.1064260e-04  -4.3840300e-05  -4.2924507e-04   3.0068851e-04   2.3971100e-04   6.1850854e-04   5.0501290e-07   1.9219719e-09   1.8425133e-07
   1.0000000e+00  -1.1437203e-02  -7.7598176e-02   9.4277513e-02   2.3792633e-03  -8.5778115e-04   3.5342995e-04   1.3080961e-04   6.0214769e-03   8.8882495e-03   5.6608939e-06   7.3578850e-07   1.2491273e-07  -1.6595002e-02   2.1264400e-04   1.6971361e-01  -8.9757800e-04   3.0352135e-04  -1.2005227e-04   2.7539408e-04   4.5217471e-08   2.8802710e-02   8.0564627e-07   9.2125210e-08   1.4412548e-08
   1.0000000e+00  -6.2465374e-03  -1.2572509e-01   3.4979545e-02   9.8543945e-04  -9.9124757e-04   4.3444510e-06   3.9019229e-05   1.5806798e-02   1.2235686e-03   9.7109091e-07   9.8257175e-07   1.8874254e-11   5.1906656e-03  -4.8126914e-02  -5.9297968e-02  -1.3938239e-03  -1.3346642e-04  -3.4908550e-04   2.6943009e-05   2.3161999e-03   3.5162490e-03   1.9427449e-06   1.7813285e-08   1.2186069e-07
   1.0000000e+00  -2.7943202e-02  -7.5417077e-02  -7.0482958e-02   3.3653904e-03  -4.2790029e-04  -4.9251513e-05   7.8082254e-04   5.6877355e-03   4.9678474e-03   1.1325853e-05   1.8309866e-07   2.4257115e-09  -2.1696665e-02   5.0308013e-02  -1.0546250e-01   2.3799510e-03   5.6334728e-04  -5.3595964e-05   4.7074525e-04   2.5308962e-03   1.1122340e-02   5.6641665e-06   3.1736016e-07   2.8725274e-09
   1.0000000e+00  -1.6642731e-02  -8.6731453e-02   6.9642302e-02   1.6433672e-03  -6.8383524e-04   1.2432826e-04   2.7698050e-04   7.5223449e-03   4.8500502e-03   2.7006558e-06   4.6763064e-07   1.5457516e-08   1.1300471e-02  -1.1314376e-02   1.4012526e-01  -1.7220232e-03  -2.5593495e-04   1.7357977e-04   1.2770064e-04   1.2801510e-04   1.9635088e-02   2.9653639e-06   6.5502699e-08   3.0129938e-08
   1.0000000e+00   3.9845877e-03  -8.0112821e-02  -1.3104795e-01   3.2344488e-03  -5.4265288e-04   3.9936777e-04   1.5876939e-05   6.4180641e-03   1.7173565e-02   1.0461659e-05   2.9447215e-07   1.5949462e-07   2.0627319e-02   6.6186320e-03  -2.0069025e-01   1.5910816e-03   1.4118236e-04   2.7503951e-04   4.2548628e-04   4.3806290e-05   4.0276577e-02   2.5315407e-06   1.9932459e-08   7.5646732e-08
   1.0000000e+00  -1.6590065e-02  -5.8352651e-02  -1.1166006e-02   2.4236176e-03  -5.0111793e-04   3.0207246e-04   2.7523026e-04   3.4050319e-03   1.2467969e-04   5.8739223e-06   2.5111918e-07   9.1247771e-08  -2.0574653e-02   2.1760170e-02   1.1988194e-01  -8.1083120e-04   4.1534950e-05  -9.7295310e-05   4.2331633e-04   4.7350500e-04   1.4371680e-02   6.5744723e-07   1.7251521e-09   9.4663773e-09
   1.0000000e+00  -4.1210659e-03  -9.8030331e-02   5.9513002e-02   2.3491922e-03  -9.2509800e-04   3.5313531e-04   1.6983184e-05   9.6099458e-03   3.5417974e-03   5.5187040e-06   8.5580631e-07   1.2470455e-07   1.2468999e-02  -3.9677680e-02   7.0679008e-02  -7.4425400e-05  -4.2398007e-04   5.1062850e-05   1.5547594e-04   1.5743183e-03   4.9955222e-03   5.5391402e-09   1.7975910e-07   2.6074147e-09
   1.0000000e+00   4.1816079e-03  -7.2585224e-02  -1.0742916e-01   3.0761808e-03  -9.0096822e-04   3.0897268e-04   1.7485845e-05   5.2686147e-03   1.1541024e-02   9.4628883e-06   8.1174373e-07   9.5464117e-08   8.3026738e-03   2.5445107e-02  -1.6694216e-01   7.2698860e-04   2.4129780e-05  -4.4162630e-05   6.8934392e-05   6.4745347e-04   2.7869685e-02   5.2851242e-07   5.8224628e-10   1.9503379e-09
   1.0000000e+00  -1.6304214e-02  -8.3561931e-02  -1.9014976e-03   3.6210070e-03  -5.6003162e-04   2.5870175e-04   2.6582739e-04   6.9825963e-03   3.6156931e-06   1.3111692e-05   3.1363542e-07   6.6926595e-08  -2.0485822e-02  -1.0976707e-02   1.0552766e-01   5.4482620e-04   3.4093660e-04  -5.0270930e-05   4.1966890e-04   1.2048810e-04   1.1136088e-02   2.9683559e-07   1.1623777e-07   2.5271664e-09
   1.0000000e+00  -6.9365890e-03  -1.2254921e-01   5.6323981e-02   1.7101269e-03  -8.5410671e-04   3.4053628e-04   4.8116267e-05   1.5018309e-02   3.1723908e-03   2.9245340e-06   7.2949827e-07   1.1596496e-07   9.3676250e-03  -3.8987279e-02   5.8225479e-02  -1.9108801e-03  -2.9407509e-04   8.1834530e-05   8.7752398e-05   1.5200079e-03   3.3902064e-03   3.6514628e-06   8.6480159e-08   6.6968903e-09
   1.0000000e+00   7.7573965e-04  -9.0570529e-02  -1.5744686e-01   3.6035544e-03  -5.0820597e-04   5.1226521e-04   6.0177200e-07   8.2030207e-03   2.4789514e-02   1.2985604e-05   2.5827331e-07   2.6241565e-07   7.7123287e-03   3.1978681e-02  -2.1377084e-01   1.8934275e-03   3.4590074e-04   1.7172893e-04   5.9480013e-05   1.0226360e-03   4.5697972e-02   3.5850677e-06   1.1964732e-07   2.9490825e-08
   1.0000000e+00  -5.8591234e-03  -7.6868891e-02  -2.9012920e-02   3.1940687e-03  -9.5019733e-04   3.7989640e-04   3.4329327e-05   5.9088264e-03   8.4174953e-04   1.0202075e-05   9.0287497e-07   1.4432127e-07  -6.6348631e-03   1.3701638e-02   1.2843394e-01  -4.0948570e-04  -4.4199136e-04  -1.3236881e-04   4.4021408e-05   1.8773488e-04   1.6495277e-02   1.6767854e-07   1.9535636e-07   1.7521502e-08
   1.0000000e+00   7.7093635e-03  -1.4497779e-01  -9.9317682e-03   3.2199659e-03  -8.6017855e-04   3.5158383e-04   5.9434286e-05   2.1018560e-02   9.8640020e-05   1.0368180e-05   7.3990714e-07   1.2361119e-07   1.3568487e-02  -6.8108899e-02   1.9081152e-02   2.5897200e-05   9.0018780e-05  -2.8312570e-05   1.8410384e-04   4.6388221e-03   3.6409035e-04   6.7066497e-10   8.1033808e-09   8.0160162e-10
   1.0000000e+00   5.4177945e-03  -1.1826065e-01  -1.3304671e-01   3.6165243e-03  -8.0079015e-04   2.9067702e-04   2.9352497e-05   1.3985581e-02   1.7701427e-02   1.3079248e-05   6.4126486e-07   8.4493130e-08  -2.2915690e-03   2.6717140e-02  -1.2311494e-01   3.9655840e-04   5.9388400e-05  -6.0906810e-05   5.2512885e-06   7.1380557e-04   1.5157289e-02   1.5725856e-07   3.5269821e-09   3.7096395e-09
   1.0000000e+00  -1.2747445e-02  -7.0920931e-02   4.7558944e-02   3.4326016e-03  -6.5905604e-04   2.5646575e-04   1.6249735e-04   5.0297785e-03   2.2618532e-03   1.1782754e-05   4.3435486e-07   6.5774681e-08  -1.8165239e-02   4.7339719e-02   1.8060565e-01  -1.8392270e-04   1.4173411e-04  -3.4211270e-05   3.2997593e-04   2.2410490e-03   3.2618402e-02   3.3827560e-08   2.0088558e-08   1.1704110e-09
   1.0000000e+00   1.5778663e-02  -2.1643610e-01  -2.7602696e-02   3.0553198e-03  -9.5049283e-04   2.9593608e-04   2.4896621e-04   4.6844585e-02   7.6190883e-04   9.3349791e-06   9.0343662e-07   8.7578163e-08   2.8526108e-02  -1.4551517e-01  -7.5161640e-02  -3.7728180e-04  -2.9143679e-04   3.9470330e-05   8.1373884e-04   2.1174664e-02   5.6492721e-03   1.4234156e-07   8.4935403e-08   1.5579070e-09
   1.0000000e+00   1.6242038e-02  -2.4430595e-01  -2.5876650e-01   3.7379375e-03  -9.6217030e-04   2.0127849e-04   2.6380380e-04   5.9685397e-02   6.6960102e-02   1.3972177e-05   9.2577169e-07   4.0513031e-08   4.6337500e-04  -2.7869850e-02  -2.3116380e-01   6.8261770e-04  -1.1677470e-05  -9.4657590e-05   2.1471639e-07   7.7672854e-04   5.3436704e-02   4.6596692e-07   1.3636331e-10   8.9600593e-09
   1.0000000e+00  -3.3459193e-02  -1.8307939e-01  -5.3607469e-02   2.4591343e-03  -3.5213970e-04  -2.2786413e-04   1.1195176e-03   3.3518063e-02   2.8737607e-03   6.0473415e-06   1.2400237e-07   5.1922062e-08  -4.9701231e-02   6.1226560e-02   2.0515903e-01  -1.2788032e-03   6.1003060e-04  -4.2914262e-04   2.4702124e-03   3.7486916e-03   4.2090228e-02   1.6353376e-06   3.7213733e-07   1.8416339e-07
   1.0000000e+00   1.8425629e-02  -1.7133295e-01  -2.2697769e-01   3.7422216e-03  -6.0108142e-04   5.0342377e-04   3.3950380e-04   2.9354980e-02   5.1518872e-02   1.4004223e-05   3.6129887e-07   2.5343549e-07   5.1884822e-02   1.1746440e-02  -1.7337022e-01   1.2830873e-03  -2.4894172e-04   7.3128790e-04   2.6920348e-03   1.3797885e-04   3.0057234e-02   1.6463130e-06   6.1971980e-08   5.3478199e-07
   1.0000000e+00   2.0433835e-05  -9.0451118e-02  -1.3083827e-01   4.7441538e-03  -7.0888583e-04   6.6158333e-04   4.1754161e-10   8.1814047e-03   1.7118653e-02   2.2506995e-05   5.0251912e-07   4.3769250e-07  -1.8405195e-02   8.0881832e-02   9.6139420e-02   1.0019322e-03  -1.0780441e-04   1.5815956e-04   3.3875121e-04   6.5418707e-03   9.2427881e-03   1.0038681e-06   1.1621791e-08   2.5014446e-08
   1.0000000e+00   2.3913982e-03  -1.7274182e-01  -3.5003785e-02   2.4663889e-03  -1.0149473e-03   5.8976648e-04   5.7187854e-06   2.9839736e-02   1.2252650e-03   6.0830742e-06   1.0301180e-06   3.4782450e-07   2.3709644e-03  -8.2290702e-02   9.5834485e-02  -2.2777649e-03  -3.0606147e-04  -7.1816850e-05   5.6214720e-06   6.7717596e-03   9.1842485e-03   5.1882129e-06   9.3673623e-08   5.1576599e-09
   1.0000000e+00   3.7919360e-02  -1.8296989e-01  -1.9431032e-01   4.9597429e-03  -1.2144800e-03   1.1552009e-03   1.4378779e-03   3.3477981e-02   3.7756500e-02   2.4599050e-05   1.4749617e-06   1.3344891e-06   3.5527962e-02  -1.0228070e-02  -1.5930653e-01   2.4933540e-03  -1.9953270e-04   5.6543442e-04   1.2622361e-03   1.0461342e-04   2.5378572e-02   6.2168142e-06   3.9813298e-08   3.1971608e-07
   1.0000000e+00   7.0483979e-03  -1.5152139e-01  -4.2109898e-02   4.5997928e-03  -8.3273112e-04   8.8595724e-04   4.9679913e-05   2.2958732e-02   1.7732435e-03   2.1158094e-05   6.9344112e-07   7.8492023e-07  -3.0870962e-02   3.1448500e-02   1.5220042e-01  -3.5995010e-04   3.8174888e-04  -2.6924366e-04   9.5301630e-04   9.8900815e-04   2.3164968e-02   1.2956407e-07   1.4573221e-07   7.2492148e-08
   1.0000000e+00   1.6631867e-02  -1.7917212e-01  -1.5218585e-02   3.2701961e-03  -1.0160138e-03   9.3747096e-04   2.7661900e-04   3.2102649e-02   2.3160533e-04   1.0694183e-05   1.0322840e-06   8.7885180e-07   9.5834691e-03  -2.7650730e-02   2.6891313e-02  -1.3295967e-03  -1.8328268e-04   5.1513720e-05   9.1842880e-05   7.6456287e-04   7.2314271e-04   1.7678274e-06   3.3592541e-08   2.6536633e-09
   1.0000000e+00   2.9198317e-02  -1.9170623e-01  -1.3738638e-01   3.9581874e-03  -9.1834615e-04   1.1325883e-03   8.5254172e-04   3.6751279e-02   1.8875017e-02   1.5667247e-05   8.4335965e-07   1.2827563e-06   1.2566450e-02  -1.2534110e-02  -1.2216779e-01   6.8799130e-04   9.7667650e-05   1.9511734e-04   1.5791567e-04   1.5710391e-04   1.4924970e-02   4.7333203e-07   9.5389699e-09   3.8070776e-08
   1.0000000e+00   1.5015872e-02  -1.9597516e-01  -3.4236086e-02   3.4547909e-03  -1.1327518e-03   7.4888135e-04   2.2547641e-04   3.8406263e-02   1.1721096e-03   1.1935580e-05   1.2831266e-06   5.6082328e-07  -1.4182445e-02  -4.2689300e-03   1.0315029e-01  -5.0339650e-04  -2.1440565e-04  -3.8370695e-04   2.0114175e-04   1.8223763e-05   1.0639983e-02   2.5340804e-07   4.5969783e-08   1.4723102e-07
   1.0000000e+00   3.4753106e-02  -2.1344470e-01  -1.2013544e-01   3.3537531e-03  -1.0227539e-03   8.4748938e-04   1.2077784e-03   4.5558640e-02   1.4432524e-02   1.1247660e-05   1.0460255e-06   7.1823825e-07   1.9737234e-02  -1.7469540e-02  -8.5899354e-02  -1.0103780e-04   1.0999790e-04   9.8608030e-05   3.8955841e-04   3.0518483e-04   7.3786990e-03   1.0208637e-08   1.2099538e-08   9.7235436e-09
   1.0000000e+00   6.8241265e-03  -1.7913733e-01  -4.9788306e-02   3.9968643e-03  -6.5906252e-04   6.1821906e-04   4.6568702e-05   3.2090183e-02   2.4788754e-03   1.5974924e-05   4.3436341e-07   3.8219481e-07  -2.7928979e-02   3.4307370e-02   7.0347134e-02   6.4311120e-04   3.6369138e-04  -2.2927032e-04   7.8002790e-04   1.1769956e-03   4.9487193e-03   4.1359202e-07   1.3227142e-07   5.2564880e-08
   1.0000000e+00   2.5373433e-03  -2.0936717e-01   7.2426162e-02   2.4368432e-03  -7.1820668e-04   6.5534496e-04   6.4381110e-06   4.3834612e-02   5.2455489e-03   5.9382048e-06   5.1582084e-07   4.2947702e-07  -4.2867832e-03  -3.0229840e-02   1.2221447e-01  -1.5600211e-03  -5.9144160e-05   3.7125900e-05   1.8376510e-05   9.1384323e-04   1.4936376e-02   2.4336658e-06   3.4980317e-09   1.3783325e-09
   1.0000000e+00   3.0832905e-02  -2.1572881e-01  -7.9378176e-02   3.0989164e-03  -7.7668696e-04   9.2779888e-04   9.5066803e-04   4.6538919e-02   6.3008948e-03   9.6032829e-06   6.0324263e-07   8.6081076e-07   2.8295562e-02  -6.3616400e-03  -1.5180434e-01   6.6207320e-04  -5.8480280e-05   2.7245392e-04   8.0063881e-04   4.0470463e-05   2.3044557e-02   4.3834092e-07   3.4199431e-09   7.4231139e-08
   1.0000000e+00   1.4945722e-02  -2.0883482e-01   7.8472244e-02   2.0501236e-03  -1.1553089e-03   5.8698833e-04   2.2337461e-04   4.3611982e-02   6.1578931e-03   4.2030068e-06   1.3347387e-06   3.4455530e-07  -1.5887183e-02   6.8939900e-03   1.5785042e-01  -1.0487928e-03  -3.7862194e-04  -3.4081055e-04   2.5240258e-04   4.7527098e-05   2.4916755e-02   1.0999663e-06   1.4335457e-07   1.1615183e-07
   1.0000000e+00   3.2362066e-02  -2.8542842e-01   4.7664461e-02   7.3395677e-04  -1.2514272e-03   6.0491712e-04   1.0473033e-03   8.1469383e-02   2.2719008e-03   5.3869254e-07   1.5660700e-06   3.6592472e-07   1.7416344e-02  -7.6593600e-02  -3.0807783e-02  -1.3161668e-03  -9.6118300e-05   1.7928790e-05   3.0332904e-04   5.8665796e-03   9.4911949e-04   1.7322951e-06   9.2387276e-09   3.2144151e-10
   1.0000000e+00   1.7851352e-02  -2.3275151e-01  -1.1073074e-02   1.7305773e-03  -5.8567756e-04   7.1516305e-04   3.1867077e-04   5.4173265e-02   1.2261297e-04   2.9948978e-06   3.4301820e-07   5.1145819e-07  -1.4510714e-02   5.2676910e-02  -5.8737535e-02   9.9662053e-04   6.6574964e-04   1.1024593e-04   2.1056082e-04   2.7748568e-03   3.4500980e-03   9.9325248e-07   4.4322258e-07   1.2154165e-08
   1.0000000e+00  -2.2274553e-03  -2.3745802e-01   1.3411700e-01   9.7427834e-04  -6.2277934e-04   5.4553989e-04   4.9615571e-06   5.6386311e-02   1.7987370e-02   9.4921828e-07   3.8785411e-07   2.9761377e-07  -2.0078807e-02  -4.7065100e-03   1.4519007e-01  -7.5629896e-04  -3.7101780e-05  -1.6962316e-04   4.0315850e-04   2.2151236e-05   2.1080158e-02   5.7198812e-07   1.3765421e-09   2.8772016e-08
   1.0000000e+00   3.3997706e-02  -3.0337869e-01   1.2792907e-02   8.9850919e-04  -1.0624338e-03   7.6982452e-04   1.1558440e-03   9.2038630e-02   1.6365847e-04   8.0731876e-07   1.1287656e-06   5.9262979e-07   3.6225161e-02  -6.5920670e-02  -1.2132409e-01  -7.5769150e-05  -4.3965446e-04   2.2428463e-04   1.3122623e-03   4.3455347e-03   1.4719536e-02   5.7409641e-09   1.9329604e-07   5.0303595e-08
   1.0000000e+00   1.3267819e-02  -2.6483869e-01   1.2199795e-02   2.7038854e-03  -6.4696811e-04   8.2057817e-04   1.7603502e-04   7.0139532e-02   1.4883500e-04   7.3109963e-06   4.1856774e-07   6.7334853e-07  -2.0729887e-02   3.8540000e-02  -5.9311200e-04   1.8053762e-03   4.1546569e-04   5.0753650e-05   4.2972822e-04   1.4853316e-03   3.5178184e-07   3.2593833e-06   1.7261174e-07   2.5759330e-09
   1.0000000e+00   1.3052486e-02  -2.5363863e-01   8.6309027e-02   2.3112502e-03  -9.1206517e-04   7.9752345e-04   1.7036739e-04   6.4332555e-02   7.4492481e-03   5.3418775e-06   8.3186287e-07   6.3604365e-07  -2.1533300e-04   1.1200060e-02   7.4109232e-02  -3.9263520e-04  -2.6509706e-04  -2.3054720e-05   4.6368301e-08   1.2544134e-04   5.4921783e-03   1.5416240e-07   7.0276451e-08   5.3152011e-10
   1.0000000e+00   3.1329367e-02  -2.9607287e-01  -3.0574547e-02   2.7851181e-03  -1.0636230e-03   8.7258012e-04   9.8152924e-04   8.7659144e-02   9.3480292e-04   7.7568828e-06   1.1312939e-06   7.6139607e-07   1.8276881e-02  -4.2434240e-02  -1.1688357e-01   4.7386790e-04  -1.5155783e-04   7.5056670e-05   3.3404438e-04   1.8006647e-03   1.3661770e-02   2.2455079e-07   2.2969776e-08   5.6335037e-09
   1.0000000e+00   2.8732805e-03  -2.9589322e-01  -3.3143725e-02   3.6531093e-03  -6.3122699e-04   6.9191568e-04   8.2557408e-06   8.7552798e-02   1.0985065e-03   1.3345208e-05   3.9844751e-07   4.7874731e-07  -2.8456086e-02   1.7965000e-04  -2.5691780e-03   8.6799120e-04   4.3239601e-04  -1.8066444e-04   8.0974886e-04   3.2274122e-08   6.6006756e-06   7.5340872e-07   1.8696631e-07   3.2639640e-08
   1.0000000e+00   8.5941340e-03  -2.7599594e-01   7.0110059e-02   2.9585569e-03  -7.7786027e-04   9.3232715e-04   7.3859139e-05   7.6173759e-02   4.9154204e-03   8.7530589e-06   6.0506660e-07   8.6923391e-07   5.7208535e-03   1.9897280e-02   1.0325378e-01  -6.9455240e-04  -1.4663328e-04   2.4041147e-04   3.2728165e-05   3.9590175e-04   1.0661344e-02   4.8240304e-07   2.1501319e-08   5.7797675e-08
   1.0000000e+00   2.9599108e-02  -3.1222935e-01  -8.6302009e-02   3.2239960e-03  -9.8046281e-04   1.0618112e-03   8.7610719e-04   9.7487167e-02   7.4480368e-03   1.0394150e-05   9.6130732e-07   1.1274430e-06   2.1004974e-02  -3.6233410e-02  -1.5641207e-01   2.6543910e-04  -2.0260254e-04   1.2948405e-04   4.4120893e-04   1.3128600e-03   2.4464735e-02   7.0457916e-08   4.1047789e-08   1.6766119e-08
   1.0000000e+00   1.0758609e-04  -2.5277007e-01  -4.5641708e-02   3.4866628e-03  -8.5505592e-04   6.6552258e-04   1.1574767e-08   6.3892708e-02   2.0831655e-03   1.2156817e-05   7.3112063e-07   4.4292030e-07  -2.9491522e-02   5.9459280e-02   4.0660301e-02   2.6266680e-04   1.2540689e-04  -3.9628862e-04   8.6974986e-04   3.5354060e-03   1.6532601e-03   6.8993848e-08   1.5726888e-08   1.5704467e-07
   1.0000000e+00  -1.7669617e-03  -3.0687934e-01   1.6030084e-02   3.8069937e-03  -7.9693351e-04   5.0001533e-04   3.1221536e-06   9.4174929e-02   2.5696359e-04   1.4493201e-05   6.3510302e-07   2.5001533e-07  -1.8745478e-03  -5.4109270e-02   6.1671792e-02   3.2033090e-04   5.8122410e-05  -1.6550725e-04   3.5139294e-06   2.9278131e-03   3.8034099e-03   1.0261189e-07   3.3782145e-09   2.7392650e-08
   1.0000000e+00   1.9706401e-02  -2.8358017e-01  -1.1913761e-01   4.5211425e-03  -8.0465273e-04   7.4442948e-04   3.8834224e-04   8.0417713e-02   1.4193770e-02   2.0440730e-05   6.4746602e-07   5.5417525e-07   2.1473363e-02   2.3299170e-02  -1.3516769e-01   7.1414880e-04  -7.7192200e-06   2.4441415e-04   4.6110531e-04   5.4285132e-04   1.8270306e-02   5.1000851e-07   5.9586357e-11   5.9738277e-08
   1.0000000e+00  -4.1312303e-03  -2.9611217e-01  -5.0557884e-02   4.9263481e-03  -3.7692065e-04   6.9724355e-04   1.7067064e-05   8.7682417e-02   2.5560996e-03   2.4268906e-05   1.4206918e-07   4.8614857e-07  -2.3837631e-02  -1.2532000e-02   6.8579726e-02   4.0520560e-04   4.2773208e-04  -4.7185930e-05   5.6823267e-04   1.5705102e-04   4.7031788e-03   1.6419158e-07   1.8295473e-07   2.2265120e-09
   1.0000000e+00  -3.5969923e-03  -3.1609144e-01   4.6180410e-02   2.9944894e-03  -4.0629490e-04   5.8005820e-04   1.2938354e-05   9.9913798e-02   2.1326303e-03   8.9669668e-06   1.6507555e-07   3.3646752e-07   5.3423800e-04  -1.9979270e-02   9.6738294e-02  -1.9318587e-03  -2.9374250e-05  -1.1718535e-04   2.8541024e-07   3.9917123e-04   9.3582975e-03   3.7320780e-06   8.6284656e-10   1.3732406e-08
   1.0000000e+00   1.3463123e-02  -2.9422316e-01  -8.8123646e-02   3.8217569e-03  -6.2953905e-04   6.4701168e-04   1.8125568e-04   8.6567268e-02   7.7657770e-03   1.4605826e-05   3.9631942e-07   4.1862411e-07   1.7060115e-02   2.1868280e-02  -1.3430406e-01   8.2726750e-04  -2.2324415e-04   6.6953480e-05   2.9104753e-04   4.7822167e-04   1.8037579e-02   6.8437152e-07   4.9837951e-08   4.4827685e-09
   1.0000000e+00  -1.0647395e-02  -3.1590590e-01   9.1238802e-03   4.0630979e-03  -5.0331169e-04   3.2522258e-04   1.1336702e-04   9.9796538e-02   8.3245190e-05   1.6508765e-05   2.5332266e-07   1.0576973e-07  -2.4110518e-02  -2.1682740e-02   9.7247526e-02   2.4134100e-04   1.2622736e-04  -3.2178910e-04   5.8131708e-04   4.7014121e-04   9.4570814e-03   5.8245478e-08   1.5933346e-08   1.0354822e-07
   1.0000000e+00   1.7448106e-02  -3.5349417e-01  -6.5754376e-02   3.6690987e-03  -6.1360685e-04   6.7990257e-04   3.0443640e-04   1.2495813e-01   4.3236380e-03   1.3462285e-05   3.7651337e-07   4.6226750e-07   2.8095501e-02  -3.7588270e-02  -7.4878256e-02  -3.9399920e-04  -1.1029516e-04   3.5467999e-04   7.8935718e-04   1.4128780e-03   5.6067533e-03   1.5523537e-07   1.2165022e-08   1.2579790e-07
   1.0000000e+00  -9.0430333e-03  -2.9536121e-01  -7.1216418e-02   3.7301119e-03  -2.5103120e-04   5.7800874e-04   8.1776451e-05   8.7238244e-02   5.0717782e-03   1.3913735e-05   6.3016663e-08   3.3409410e-07  -2.6491139e-02   5.8132960e-02  -5.4620420e-03   6.1013200e-05   3.6257565e-04  -1.0189383e-04   7.0178046e-04   3.3794410e-03   2.9833903e-05   3.7226106e-09   1.3146110e-07   1.0382353e-08
   1.0000000e+00  -6.6008189e-03  -3.3543247e-01   6.1689060e-02   2.6110374e-03  -6.4221974e-04   4.4234847e-04   4.3570810e-05   1.1251494e-01   3.8055401e-03   6.8175163e-06   4.1244619e-07   1.9567217e-07   2.4422144e-03  -4.0071260e-02   1.3290548e-01  -1.1190745e-03  -3.9118854e-04  -1.3566027e-04   5.9644112e-06   1.6057059e-03   1.7663866e-02   1.2523277e-06   1.5302847e-07   1.8403709e-08
   1.0000000e+00   3.0951015e-02  -3.4225026e-01  -1.0568363e-01   4.3608061e-03  -8.9537202e-04   7.9121582e-04   9.5796533e-04   1.1713524e-01   1.1169030e-02   1.9016630e-05   8.0169105e-07   6.2602247e-07   3.7551834e-02  -6.8177900e-03  -1.6737269e-01   1.7497687e-03  -2.5315228e-04   3.4886735e-04   1.4101402e-03   4.6482260e-05   2.8013617e-02   3.0616905e-06   6.4086077e-08   1.2170843e-07
   1.0000000e+00  -8.0317472e-03  -3.2196545e-01   6.6462388e-03   3.5737035e-03  -4.5399181e-04   5.7517930e-04   6.4508963e-05   1.0366175e-01   4.4172490e-05   1.2771357e-05   2.0610856e-07   3.3083123e-07  -3.8982762e-02   2.0284810e-02   1.1232987e-01  -7.8710260e-04   4.4138021e-04  -2.1603652e-04   1.5196557e-03   4.1147352e-04   1.2617999e-02   6.1953050e-07   1.9481649e-07   4.6671778e-08
   1.0000000e+00   1.7465887e-03  -3.6388530e-01   3.9753330e-02   2.6929729e-03  -7.9462552e-04   3.6414786e-04   3.0505721e-06   1.3241251e-01   1.5803272e-03   7.2521030e-06   6.3142972e-07   1.3260366e-07   9.7783359e-03  -4.1919850e-02   3.3107091e-02  -8.8073060e-04  -3.4063371e-04  -2.1103144e-04   9.5615853e-05   1.7572738e-03   1.0960795e-03   7.7568639e-07   1.1603132e-07   4.4534269e-08
   1.0000000e+00   4.9707922e-03  -3.2181603e-01  -1.0119847e-01   3.8838744e-03  -6.2249096e-04   5.2245411e-04   2.4708775e-05   1.0356556e-01   1.0241130e-02   1.5084480e-05   3.8749500e-07   2.7295830e-07   3.2242035e-03   4.2069270e-02  -1.4095180e-01   1.1909015e-03   1.7213456e-04   1.5830625e-04   1.0395488e-05   1.7698235e-03   1.9867410e-02   1.4182464e-06   2.9630307e-08   2.5060869e-08
   1.0000000e+00  -1.7713633e-02  -3.2793720e-01   2.3910786e-02   3.5604088e-03  -4.1683640e-04   4.1172342e-04   3.1377279e-04   1.0754281e-01   5.7172569e-04   1.2676511e-05   1.7375258e-07   1.6951617e-07  -2.2684425e-02  -6.1211700e-03   1.2510926e-01  -3.2346560e-04   2.0565456e-04  -1.1073069e-04   5.1458315e-04   3.7468722e-05   1.5652326e-02   1.0462999e-07   4.2293798e-08   1.2261286e-08
   1.0000000e+00   4.4949820e-04  -3.9788252e-01   1.3690396e-02   3.4476249e-03  -4.4178332e-04   4.5984445e-04   2.0204863e-07   1.5831050e-01   1.8742694e-04   1.1886117e-05   1.9517250e-07   2.1145692e-07   1.8163131e-02  -6.9945320e-02  -1.0220390e-02  -1.1278390e-04  -2.4946920e-05   4.8121030e-05   3.2989933e-04   4.8923478e-03   1.0445637e-04   1.2720208e-08   6.2234882e-10   2.3156335e-09
   1.0000000e+00  -1.6970204e-04  -3.9679832e-01  -1.1505308e-01   4.1347262e-03  -6.2465112e-04   3.8823308e-04   2.8798782e-08   1.5744891e-01   1.3237211e-02   1.7095961e-05   3.9018902e-07   1.5072492e-07  -6.1920024e-04   1.0842000e-03  -1.2874348e-01   6.8710130e-04  -1.8286780e-04  -7.1611370e-05   3.8340894e-07   1.1754896e-06   1.6574883e-02   4.7210820e-07   3.3440632e-08   5.1281883e-09
   1.0000000e+00  -2.4374867e-02  -4.1121353e-01   9.4139062e-02   2.8223864e-03  -3.6582130e-04   3.9153859e-04   5.9413414e-04   1.6909657e-01   8.8621630e-03   7.9658650e-06   1.3382522e-07   1.5330247e-07  -2.4205165e-02  -1.4415210e-02   2.0919214e-01  -1.3123398e-03   2.5882982e-04   3.3055100e-06   5.8589001e-04   2.0779828e-04   4.3761352e-02   1.7222358e-06   6.6992876e-08   1.0926396e-11
   1.0000000e+00   3.8225790e-03  -3.9311471e-01  -1.9561513e-02   3.3748919e-03  -3.5428782e-04   8.1183137e-04   1.4612110e-05   1.5453918e-01   3.8265279e-04   1.1389895e-05   1.2551986e-07   6.5907017e-07   2.8197446e-02   1.8098820e-02  -1.1370057e-01   5.5250550e-04   1.1533480e-05   4.2029278e-04   7.9509596e-04   3.2756729e-04   1.2927821e-02   3.0526233e-07   1.3302116e-10   1.7664602e-07
   1.0000000e+00  -8.6124943e-03  -4.0849671e-01   3.8689399e-02   2.2238047e-03  -7.2107627e-04   5.9641238e-04   7.4175058e-05   1.6686956e-01   1.4968696e-03   4.9453073e-06   5.1995099e-07   3.5570773e-07  -1.2435073e-02  -1.5382000e-02   5.8250912e-02  -1.1510872e-03  -3.6678845e-04  -2.1541899e-04   1.5463105e-04   2.3660592e-04   3.3931687e-03   1.3250017e-06   1.3453377e-07   4.6405341e-08
   1.0000000e+00   3.0616908e-02  -4.7060601e-01  -9.2307145e-02   2.4295085e-03  -8.3498448e-04   1.0204393e-03   9.3739506e-04   2.2147002e-01   8.5206090e-03   5.9025116e-06   6.9719908e-07   1.0412964e-06   3.9229402e-02  -6.2109300e-02  -1.3099654e-01   2.0570380e-04  -1.1390821e-04   4.2402692e-04   1.5389460e-03   3.8575651e-03   1.7160095e-02   4.2314053e-08   1.2975080e-08   1.7979883e-07
   1.0000000e+00   1.1880584e-02  -4.0263207e-01  -1.0214265e-01   4.0142173e-03  -8.4764760e-04   7.4234723e-04   1.4114828e-04   1.6211258e-01   1.0433121e-02   1.6113941e-05   7.1850645e-07   5.5107941e-07  -1.8736324e-02   6.7973940e-02  -9.8355050e-03   1.5847088e-03  -1.2663120e-05  -2.7809207e-04   3.5104984e-04   4.6204565e-03   9.6737159e-05   2.5113020e-06   1.6035461e-10   7.7335199e-08
   1.0000000e+00  -4.5791653e-03  -4.2519359e-01   1.9245570e-03   3.1234603e-03  -6.0479725e-04   6.4484545e-04   2.0968755e-05   1.8078959e-01   3.7039196e-06   9.7560042e-06   3.6577971e-07   4.1582565e-07  -1.6459749e-02  -2.2561520e-02   1.0406721e-01  -8.9075700e-04   2.4285035e-04  -9.7501780e-05   2.7092335e-04   5.0902218e-04   1.0829984e-02   7.9344803e-07   5.8976292e-08   9.5065971e-09
   1.0000000e+00   1.9409336e-02  -4.2229852e-01  -1.6585241e-01   3.8349308e-03  -6.7004638e-04   7.5439612e-04   3.7672232e-04   1.7833604e-01   2.7507022e-02   1.4706694e-05   4.4896215e-07   5.6911351e-07   2.3988501e-02   2.8950700e-03  -1.6777697e-01   7.1147050e-04  -6.5249130e-05   1.0955067e-04   5.7544819e-04   8.3814303e-06   2.8149111e-02   5.0619027e-07   4.2574490e-09   1.2001349e-08
   1.0000000e+00  -9.3615117e-03  -4.2563644e-01  -1.7765581e-02   4.3628954e-03  -6.3766597e-04   5.7549028e-04   8.7637901e-05   1.8116638e-01   3.1561587e-04   1.9034856e-05   4.0661789e-07   3.3118906e-07  -2.8770848e-02  -3.3379200e-03   1.4808683e-01   5.2796460e-04   3.2380410e-05  -1.7890584e-04   8.2776168e-04   1.1141710e-05   2.1929709e-02   2.7874662e-07   1.0484910e-09   3.2007300e-08
   1.0000000e+00   2.0028009e-02  -4.8050046e-01  -5.3209197e-02   3.1996353e-03  -6.0555601e-04   7.3656906e-04   4.0112114e-04   2.3088069e-01   2.8312186e-03   1.0237666e-05   3.6669808e-07   5.4253398e-07   2.9389521e-02  -5.4864020e-02  -3.5443616e-02  -1.1632601e-03   3.2109960e-05   1.6107878e-04   8.6374393e-04   3.0100607e-03   1.2562499e-03   1.3531741e-06   1.0310495e-09   2.5946373e-08
   1.0000000e+00   1.6473071e-02  -4.5714081e-01  -1.3489550e-01   4.5666112e-03  -5.2391864e-04   9.2023218e-04   2.7136207e-04   2.0897772e-01   1.8196796e-02   2.0853938e-05   2.7449074e-07   8.4682727e-07  -3.5549380e-03   2.3359650e-02  -8.1686303e-02   1.3669759e-03   8.1637370e-05   1.8366312e-04   1.2637584e-05   5.4567325e-04   6.6726521e-03   1.8686231e-06   6.6646602e-09   3.3732142e-08
   1.0000000e+00   1.6245115e-03  -4.3795086e-01   1.4852395e-02   3.3898938e-03  -6.7899013e-04   7.5742598e-04   2.6390376e-06   1.9180096e-01   2.2059364e-04   1.1491380e-05   4.6102760e-07   5.7369412e-07  -1.4848559e-02   1.9189950e-02   1.4974789e-01  -1.1767174e-03  -1.5507149e-04  -1.6280620e-04   2.2047972e-04   3.6825418e-04   2.2424432e-02   1.3846638e-06   2.4047167e-08   2.6505859e-08
   1.0000000e+00   3.4767105e-02  -4.7137328e-01  -1.0831344e-01   3.3617792e-03  -7.3978750e-04   8.7728396e-04   1.2087516e-03   2.2219277e-01   1.1731801e-02   1.1301559e-05   5.4728555e-07   7.6962715e-07   3.3142593e-02  -3.3422420e-02  -1.2316584e-01  -2.8114600e-05  -6.0797370e-05   1.1985798e-04   1.0984315e-03   1.1170582e-03   1.5169823e-02   7.9043073e-10   3.6963202e-09   1.4365935e-08
   1.0000000e+00   1.7421003e-02  -4.4119175e-01  -9.2441674e-02   4.8362899e-03  -5.7101176e-04   7.8441926e-04   3.0349135e-04   1.9465016e-01   8.5454631e-03   2.3389700e-05   3.2605443e-07   6.1531358e-07  -1.7346102e-02   3.0181530e-02   1.5871766e-02   1.4745107e-03   1.6877574e-04  -9.2864700e-05   3.0088725e-04   9.1092475e-04   2.5191296e-04   2.1741818e-06   2.8485250e-08   8.6238525e-09
   1.0000000e+00   1.7321145e-02  -4.8133317e-01   7.9323692e-03   3.1730111e-03  -4.1995802e-04   8.4791866e-04   3.0002206e-04   2.3168162e-01   6.2922481e-05   1.0067999e-05   1.7636474e-07   7.1896605e-07  -9.9858000e-05  -4.0141420e-02   1.0037404e-01  -1.6632788e-03   1.5105374e-04   6.3499400e-05   9.9716202e-09   1.6113336e-03   1.0074949e-02   2.7664964e-06   2.2817232e-08   4.0321738e-09
   1.0000000e+00   3.6703207e-02  -4.7641131e-01  -1.2944320e-01   3.6623676e-03  -7.4634560e-04   9.8945824e-04   1.3471254e-03   2.2696774e-01   1.6755542e-02   1.3412936e-05   5.5703175e-07   9.7902761e-07   1.9382062e-02   4.9218600e-03  -1.3737557e-01   4.8935650e-04  -3.2638758e-04   1.4153958e-04   3.7566433e-04   2.4224706e-05   1.8872047e-02   2.3946978e-07   1.0652885e-07   2.0033453e-08
   1.0000000e+00   3.4054972e-04  -4.5444267e-01   1.3662884e-02   3.6617829e-03  -5.9566942e-04   7.1743045e-04   1.1597411e-07   2.0651814e-01   1.8667440e-04   1.3408654e-05   3.5482206e-07   5.1470645e-07  -3.6362657e-02   2.1968640e-02   1.4310608e-01  -5.8470000e-07   1.5067618e-04  -2.7202779e-04   1.3222428e-03   4.8262114e-04   2.0479351e-02   3.4187409e-13   2.2703311e-08   7.3999119e-08
   1.0000000e+00   4.0646463e-02  -5.1471774e-01  -9.7412568e-02   3.0770869e-03  -8.6515597e-04   8.5449576e-04   1.6521350e-03   2.6493435e-01   9.4892084e-03   9.4684638e-06   7.4849485e-07   7.3016300e-07   4.0305913e-02  -6.0275070e-02  -1.1107545e-01  -5.8469600e-04  -2.6948655e-04   1.3706531e-04   1.6245666e-03   3.6330841e-03   1.2337756e-02   3.4186941e-07   7.2623001e-08   1.8786899e-08
   1.0000000e+00   2.8301537e-02  -4.9969000e-01  -5.8634908e-02   4.4359135e-03  -7.2883848e-04   8.2815957e-04   8.0097700e-04   2.4969010e-01   3.4380524e-03   1.9677329e-05   5.3120553e-07   6.8584827e-07  -1.2344926e-02   1.5027740e-02   3.8777660e-02   1.3588266e-03   1.3631749e-04  -2.6336190e-05   1.5239720e-04   2.2583297e-04   1.5037069e-03   1.8464097e-06   1.8582458e-08   6.9359490e-10
   1.0000000e+00   3.5036559e-02  -5.2709294e-01   1.1401752e-02   2.6467828e-03  -8.9694379e-04   7.8618851e-04   1.2275605e-03   2.7782697e-01   1.2999995e-04   7.0054592e-06   8.0450816e-07   6.1809237e-07   6.7350220e-03  -2.7402940e-02   7.0036660e-02  -1.7891307e-03  -1.6810531e-04  -4.1971060e-05   4.5360521e-05   7.5092112e-04   4.9051337e-03   3.2009887e-06   2.8259395e-08   1.7615699e-09
   1.0000000e+00   3.6269728e-02  -4.8759567e-01  -8.4036845e-02   3.6974076e-03  -9.9139604e-04   7.0419800e-04   1.3154932e-03   2.3774954e-01   7.0621913e-03   1.3670823e-05   9.8286611e-07   4.9589482e-07   1.2331690e-03   3.9497270e-02  -9.5438597e-02   1.0506248e-03  -9.4452250e-05  -8.1990510e-05   1.5207058e-06   1.5600343e-03   9.1085258e-03   1.1038125e-06   8.9212275e-09   6.7224437e-09
   1.0000000e+00  -1.2049609e-02  -5.6246984e-01   1.0451553e-01   2.5641398e-03  -4.3188002e-04   4.3017352e-04   1.4519308e-04   3.1637232e-01   1.0923496e-02   6.5748129e-06   1.8652035e-07   1.8504926e-07  -4.8319337e-02  -7.4874170e-02   1.8855237e-01  -1.1332678e-03   5.5951602e-04  -2.7402448e-04   2.3347583e-03   5.6061413e-03   3.5551998e-02   1.2842959e-06   3.1305818e-07   7.5089416e-08
   1.0000000e+00  -3.8853508e-03  -5.1409546e-01  -7.3162339e-02   2.5675110e-03  -4.5028325e-04   5.3104180e-04   1.5095951e-05   2.6429414e-01   5.3527278e-03   6.5921127e-06   2.0275501e-07   2.8200539e-07   8.1642582e-03   4.8374380e-02  -1.7767787e-01   3.3712000e-06  -1.8403230e-05   1.0086828e-04   6.6655112e-05   2.3400806e-03   3.1569425e-02   1.1364989e-11   3.3867887e-10   1.0174410e-08
   1.0000000e+00  -3.3235941e-03  -5.5442483e-01   2.4388306e-03   3.7905198e-03  -5.2857418e-04   5.5106815e-04   1.1046278e-05   3.0738689e-01   5.9478947e-06   1.4368040e-05   2.7939066e-07   3.0367611e-07   5.6175670e-04  -4.0329370e-02   7.5601170e-02   1.2230088e-03  -7.8290930e-05   2.0026350e-05   3.1557059e-07   1.6264581e-03   5.7155368e-03   1.4957505e-06   6.1294697e-09   4.0105469e-10
   1.0000000e+00  -9.8500462e-04  -5.7950250e-01   2.1578097e-02   1.6686530e-03  -4.4583427e-04   5.3310822e-04   9.7023410e-07   3.3582315e-01   4.6561427e-04   2.7844028e-06   1.9876820e-07   2.8420437e-07   2.3385895e-03  -2.5077670e-02   1.9139266e-02  -2.1218668e-03   8.2739910e-05  -1.7959930e-05   5.4690008e-06   6.2888953e-04   3.6631152e-04   4.5023187e-06   6.8458927e-09   3.2255909e-10
   1.0000000e+00   1.0584000e-02  -5.7187051e-01  -9.6035329e-02   3.0868258e-03  -4.9013878e-04   5.7704011e-04   1.1202106e-04   3.2703588e-01   9.2227844e-03   9.5284935e-06   2.4023602e-07   3.3297529e-07   1.1569005e-02   7.6319900e-03  -1.1761343e-01   1.4181728e-03  -4.4304510e-05   4.3931890e-05   1.3384187e-04   5.8247271e-05   1.3832918e-02   2.0112141e-06   1.9628896e-09   1.9300110e-09
   1.0000000e+00  -9.5553720e-03  -5.6249375e-01   3.2885430e-02   4.1533799e-03  -4.1889025e-04   3.3033998e-04   9.1305134e-05   3.1639922e-01   1.0814515e-03   1.7250565e-05   1.7546904e-07   1.0912450e-07  -2.0139372e-02   9.3767600e-03   1.2892076e-01   1.0665541e-03   7.1248530e-05  -2.4670013e-04   4.0559430e-04   8.7923628e-05   1.6620562e-02   1.1375376e-06   5.0763530e-09   6.0860954e-08
   1.0000000e+00   1.0307465e-02  -6.0787975e-01  -3.6307636e-02   3.0971294e-03  -1.7483368e-04   5.7875576e-04   1.0624383e-04   3.6951779e-01   1.3182444e-03   9.5922105e-06   3.0566816e-08   3.3495823e-07   1.9862837e-02  -4.5386000e-02  -6.9193066e-02  -1.0562505e-03   2.4405657e-04   2.4841578e-04   3.9453229e-04   2.0598890e-03   4.7876804e-03   1.1156651e-06   5.9563609e-08   6.1710400e-08
   1.0000000e+00   1.6742839e-02  -5.7364353e-01  -1.3693395e-01   4.0932207e-03  -4.4000763e-04   6.1926569e-04   2.8032266e-04   3.2906690e-01   1.8750907e-02   1.6754456e-05   1.9360671e-07   3.8348999e-07   6.4353740e-03   3.4236220e-02  -1.0062631e-01   9.9609130e-04  -2.6517395e-04   4.0509930e-05   4.1414039e-05   1.1721188e-03   1.0125655e-02   9.9219788e-07   7.0317224e-08   1.6410544e-09
   1.0000000e+00  -2.5038043e-03  -5.4915276e-01   2.4625442e-02   3.7306964e-03  -6.0539396e-04   3.9518457e-04   6.2690360e-06   3.0156875e-01   6.0641239e-04   1.3918096e-05   3.6650185e-07   1.5617084e-07  -1.9246643e-02   2.4490770e-02   1.6155939e-01  -3.6252430e-04  -1.6538633e-04  -2.2408112e-04   3.7043328e-04   5.9979782e-04   2.6101437e-02   1.3142387e-07   2.7352638e-08   5.0212348e-08
   1.0000000e+00   2.4864334e-02  -6.1414439e-01  -6.2284683e-02   3.4418953e-03  -6.7636200e-04   6.2759547e-04   6.1823511e-04   3.7717333e-01   3.8793817e-03   1.1846643e-05   4.5746556e-07   3.9387607e-07   2.7368138e-02  -6.4991630e-02  -8.6910125e-02  -2.8880110e-04  -7.0968040e-05   2.3241090e-04   7.4901499e-04   4.2239120e-03   7.5533698e-03   8.3406075e-08   5.0364627e-09   5.4014826e-08
   1.0000000e+00   1.1913483e-02  -5.7686657e-01  -1.1891505e-01   5.0196796e-03  -4.6496436e-04   7.1604759e-04   1.4193108e-04   3.3277504e-01   1.4140789e-02   2.5197183e-05   2.1619186e-07   5.1272415e-07  -1.2950851e-02   3.7277820e-02  -5.6630367e-02   1.5777843e-03   2.1139764e-04   8.8452120e-05   1.6772454e-04   1.3896359e-03   3.2069985e-03   2.4894033e-06   4.4688962e-08   7.8237775e-09
   1.0000000e+00   1.2863134e-03  -5.8804260e-01   1.9991278e-02   3.9713472e-03  -3.6944218e-04   7.4934886e-04   1.6546022e-06   3.4579410e-01   3.9965120e-04   1.5771599e-05   1.3648752e-07   5.6152371e-07  -1.0627170e-02  -1.1176030e-02   1.3890633e-01  -1.0483324e-03   9.5522180e-05   3.3301270e-05   1.1293673e-04   1.2490365e-04   1.9294968e-02   1.0990008e-06   9.1244869e-09   1.1089746e-09
   1.0000000e+00   2.5096427e-02  -6.1694470e-01  -1.6691657e-01   4.7720750e-03  -5.4333718e-04   9.4318288e-04   6.2983065e-04   3.8062076e-01   2.7861141e-02   2.2772700e-05   2.9521529e-07   8.8959395e-07   2.3810114e-02  -2.8902100e-02  -1.8690785e-01   8.0072780e-04  -1.7389500e-04   1.9383402e-04   5.6692151e-04   8.3533138e-04   3.4934544e-02   6.4116501e-07   3.0239471e-08   3.7571627e-08
   1.0000000e+00   1.2073949e-03  -5.8564644e-01  -2.5077749e-02   4.8484425e-03  -4.8597381e-04   6.2381050e-04   1.4578024e-06   3.4298175e-01   6.2889349e-04   2.3507395e-05   2.3617054e-07   3.8913954e-07  -2.3889032e-02   3.1298260e-02   1.4183882e-01   7.6367500e-05   5.7363370e-05  -3.1937238e-04   5.7068585e-04   9.7958108e-04   2.0118251e-02   5.8319951e-09   3.2905562e-09   1.0199872e-07
   1.0000000e+00   1.3389346e-02  -6.3841539e-01  -9.3382569e-03   3.2399960e-03  -5.5202707e-04   6.9583506e-04   1.7927459e-04   4.0757421e-01   8.7203042e-05   1.0497574e-05   3.0473389e-07   4.8418643e-07   1.2181951e-02  -5.2768950e-02   1.5739492e-02  -1.6084465e-03  -6.6053260e-05   7.2024560e-05   1.4839993e-04   2.7845621e-03   2.4773161e-04   2.5871001e-06   4.3630332e-09   5.1875372e-09
   1.0000000e+00   1.5877614e-02  -6.1002474e-01  -1.4554069e-01   5.2022459e-03  -6.3014412e-04   9.1981654e-04   2.5209863e-04   3.7213018e-01   2.1182092e-02   2.7063362e-05   3.9708161e-07   8.4606247e-07   2.4882680e-03   2.8390650e-02  -1.3620243e-01   1.9622499e-03  -7.8117050e-05   2.2398148e-04   6.1914776e-06   8.0602901e-04   1.8551103e-02   3.8504247e-06   6.1022735e-09   5.0167703e-08
   1.0000000e+00  -2.9745156e-03  -5.9188547e-01  -6.9824922e-03   4.1217406e-03  -4.2785511e-04   8.1447906e-04   8.8477431e-06   3.5032841e-01   4.8755197e-05   1.6988746e-05   1.8306000e-07   6.6337614e-07  -1.8852130e-02   1.8139270e-02   1.3855820e-01  -1.0805053e-03   2.0228901e-04  -1.0533748e-04   3.5540279e-04   3.2903312e-04   1.9198374e-02   1.1674917e-06   4.0920844e-08   1.1095985e-08
   1.0000000e+00   2.9326969e-02  -6.3638091e-01  -1.3446166e-01   4.0664254e-03  -5.9766145e-04   9.5960592e-04   8.6007111e-04   4.0498066e-01   1.8079938e-02   1.6535816e-05   3.5719921e-07   9.2084352e-07   3.2301485e-02  -4.4495440e-02  -1.2747917e-01  -5.5315200e-05  -1.6980634e-04   1.4512686e-04   1.0433859e-03   1.9798442e-03   1.6250938e-02   3.0597714e-09   2.8834193e-08   2.1061805e-08
   1.0000000e+00   1.5704020e-02  -6.1572996e-01  -8.6482983e-02   5.6344386e-03  -6.2349507e-04   7.7955940e-04   2.4661624e-04   3.7912338e-01   7.4793063e-03   3.1746898e-05   3.8874610e-07   6.0771286e-07  -1.3622949e-02   2.0650950e-02   4.7978677e-02   1.5680132e-03  -2.5833620e-05  -1.8004652e-04   1.8558474e-04   4.2646174e-04   2.3019534e-03   2.4586654e-06   6.6737592e-10   3.2416749e-08
   1.0000000e+00   1.6615733e-02  -6.6695429e-01  -2.8515885e-02   3.7384496e-03  -4.9478730e-04   8.0437344e-04   2.7608258e-04   4.4482802e-01   8.1315570e-04   1.3976005e-05   2.4481447e-07   6.4701663e-07   9.1171300e-04  -5.1224330e-02   5.7967098e-02  -1.8959890e-03   1.2870777e-04   2.4814040e-05   8.3122059e-07   2.6239320e-03   3.3601845e-03   3.5947743e-06   1.6565690e-08   6.1573658e-10
   1.0000000e+00   3.7484650e-02  -6.0917784e-01  -1.8870799e-01   5.0334473e-03  -3.8736704e-04   1.0935956e-03   1.4050990e-03   3.7109764e-01   3.5610705e-02   2.5335592e-05   1.5005322e-07   1.1959513e-06   2.0868917e-02   5.7776450e-02  -1.6019211e-01   1.2949977e-03   1.0742026e-04   2.8922216e-04   4.3551170e-04   3.3381182e-03   2.5661511e-02   1.6770190e-06   1.1539112e-08   8.3649458e-08
   1.0000000e+00   1.7035555e-02  -6.2408945e-01   7.0582000e-03   4.6684223e-03  -5.1987570e-04   7.5035980e-04   2.9021013e-04   3.8948764e-01   4.9818187e-05   2.1794167e-05   2.7027074e-07   5.6303983e-07  -2.0449095e-02  -1.4911610e-02   1.9576619e-01  -3.6502500e-04  -1.3250866e-04  -3.4323580e-04   4.1816549e-04   2.2235611e-04   3.8324401e-02   1.3324325e-07   1.7558545e-08   1.1781081e-07
   1.0000000e+00   4.1865251e-02  -6.6728096e-01  -1.1002761e-01   4.6057143e-03  -5.0468279e-04   8.2968247e-04   1.7526992e-03   4.4526388e-01   1.2106075e-02   2.1212604e-05   2.5470472e-07   6.8837300e-07   2.4829696e-02  -4.3191510e-02  -1.1708581e-01  -6.2708000e-05   1.5192910e-05   7.9322670e-05   6.1651380e-04   1.8655065e-03   1.3709087e-02   3.9322933e-09   2.3082451e-10   6.2920860e-09
   1.0000000e+00   2.1292352e-02  -6.6143752e-01  -6.9518573e-02   5.4747599e-03  -3.1864314e-04   8.0676263e-04   4.5336425e-04   4.3749959e-01   4.8328320e-03   2.9972996e-05   1.0153345e-07   6.5086594e-07  -2.0572899e-02   5.8434400e-03   4.0509037e-02   8.6904560e-04   1.8603965e-04  -2.2919840e-05   4.2324417e-04   3.4145791e-05   1.6409821e-03   7.5524025e-07   3.4610751e-08   5.2531907e-10
   1.0000000e+00   1.3253456e-02  -6.5710574e-01  -1.0406360e-02   3.5683578e-03  -3.6664732e-04   8.1200545e-04   1.7565410e-04   4.3178795e-01   1.0829233e-04   1.2733177e-05   1.3443026e-07   6.5935285e-07  -8.0388960e-03   4.3317800e-03   5.9112213e-02  -1.9064021e-03  -4.8004180e-05   5.2428200e-06   6.4623849e-05   1.8764318e-05   3.4942537e-03   3.6343690e-06   2.3044013e-09   2.7487162e-11
   1.0000000e+00   3.7101968e-02  -6.8037248e-01  -1.8858256e-01   4.9604533e-03  -4.8660880e-04   9.7308595e-04   1.3765560e-03   4.6290671e-01   3.5563382e-02   2.4606097e-05   2.3678812e-07   9.4689627e-07   2.3848512e-02  -2.3266740e-02  -1.7817620e-01   1.3920955e-03  -1.1996148e-04   1.6108050e-04   5.6875152e-04   5.4134119e-04   3.1746758e-02   1.9379299e-06   1.4390757e-08   2.5946927e-08
   1.0000000e+00  -1.1214220e-03  -6.4205119e-01  -1.0443111e-01   5.4349937e-03  -2.3609266e-04   7.3527623e-04   1.2575873e-06   4.1222973e-01   1.0905857e-02   2.9539157e-05   5.5739744e-08   5.4063113e-07  -3.8223390e-02   3.8321290e-02   8.4151450e-02   4.7454040e-04   2.5051614e-04  -2.3780972e-04   1.4610275e-03   1.4685213e-03   7.0814665e-03   2.2518859e-07   6.2758336e-08   5.6553463e-08
   1.0000000e+00  -8.1595313e-04  -6.8431978e-01   3.0101426e-02   4.3537163e-03  -2.1035751e-04   8.5552881e-04   6.6577951e-07   4.6829356e-01   9.0609585e-04   1.8954846e-05   4.4250282e-08   7.3192954e-07   3.0546887e-04  -4.2268590e-02   1.3453254e-01  -1.0812774e-03   2.5735150e-05   1.2025258e-04   9.3311231e-08   1.7866337e-03   1.8099003e-02   1.1691608e-06   6.6229795e-10   1.4460683e-08
   1.0000000e+00   3.6643940e-02  -7.0238323e-01  -1.2941216e-01   4.6504899e-03  -4.2017453e-04   1.0896093e-03   1.3427783e-03   4.9334220e-01   1.6747507e-02   2.1627056e-05   1.7654664e-07   1.1872484e-06   3.7459893e-02  -1.8063450e-02  -1.5951359e-01   2.9677360e-04  -2.0981702e-04   2.3408049e-04   1.4032436e-03   3.2628823e-04   2.5444584e-02   8.8074570e-08   4.4023182e-08   5.4793676e-08
   1.0000000e+00   5.5437408e-03  -6.5296990e-01  -1.4017828e-02   3.8153140e-03  -4.6293021e-04   6.5112341e-04   3.0733062e-05   4.2636969e-01   1.9649950e-04   1.4556621e-05   2.1430438e-07   4.2396170e-07  -3.1100199e-02   4.9413330e-02   1.1539433e-01  -8.3517590e-04  -4.2755680e-05  -4.3848589e-04   9.6722239e-04   2.4416772e-03   1.3315852e-02   6.9751878e-07   1.8280482e-09   1.9226988e-07
   1.0000000e+00   2.0369340e-02  -7.4260627e-01   8.3246914e-03   4.2052730e-03  -5.7521511e-04   7.5958217e-04   4.1491001e-04   5.5146407e-01   6.9300487e-05   1.7684321e-05   3.3087242e-07   5.7696507e-07   1.4825599e-02  -8.9636370e-02   2.2342519e-02   3.8995900e-04  -1.1228490e-04   1.0845876e-04   2.1979839e-04   8.0346788e-03   4.9918817e-04   1.5206802e-07   1.2607899e-08   1.1763303e-08
   1.0000000e+00   2.5881244e-02  -7.1170835e-01  -1.6803753e-01   5.4196434e-03  -4.2227873e-04   1.0100363e-03   6.6983879e-04   5.0652878e-01   2.8236611e-02   2.9372535e-05   1.7831933e-07   1.0201733e-06   5.5119040e-03   3.0897920e-02  -1.7636222e-01   1.2143704e-03   1.5293638e-04   2.5045413e-04   3.0381086e-05   9.5468146e-04   3.1103633e-02   1.4746955e-06   2.3389536e-08   6.2727271e-08
   1.0000000e+00   7.7537651e-03  -7.4665736e-01   3.2694720e-02   3.7889967e-03  -3.6980768e-04   8.8011467e-04   6.0120873e-05   5.5749721e-01   1.0689447e-03   1.4356496e-05   1.3675772e-07   7.7460183e-07  -1.8127479e-02  -3.4949010e-02   2.0073225e-01  -1.6306467e-03   5.2471050e-05  -1.2992163e-04   3.2860549e-04   1.2214333e-03   4.0293436e-02   2.6590087e-06   2.7532111e-09   1.6879630e-08
   1.0000000e+00   3.7503278e-02  -7.2721242e-01  -2.0036168e-01   5.0318736e-03  -2.2859131e-04   1.2711563e-03   1.4064959e-03   5.2883790e-01   4.0144803e-02   2.5319752e-05   5.2253987e-08   1.6158383e-06   2.9749513e-02   1.9444940e-02  -2.3305640e-01   1.2428769e-03   1.4121637e-04   3.9104163e-04   8.8503352e-04   3.7810569e-04   5.4315286e-02   1.5447430e-06   1.9942063e-08   1.5291356e-07
   1.0000000e+00   1.3088445e-02  -7.2384255e-01  -7.7797660e-02   5.6929797e-03  -4.0951013e-04   7.6265614e-04   1.7130739e-04   5.2394804e-01   6.0524759e-03   3.2410018e-05   1.6769855e-07   5.8164439e-07  -2.4414833e-02   3.3698700e-03   1.2256402e-01   6.6110610e-04  -1.8091882e-04  -5.0850016e-04   5.9608407e-04   1.1356024e-05   1.5021939e-02   4.3706128e-07   3.2731619e-08   2.5857241e-07
   1.0000000e+00   1.7260144e-02  -7.5455541e-01   3.7340834e-02   3.5375520e-03  -3.3171050e-04   9.3178285e-04   2.9791257e-04   5.6935387e-01   1.3943379e-03   1.2514274e-05   1.1003186e-07   8.6821928e-07   4.1716990e-03  -3.0712860e-02   1.1513849e-01  -2.1554277e-03   7.7799630e-05   1.6912671e-04   1.7403073e-05   9.4327977e-04   1.3256873e-02   4.6458686e-06   6.0527824e-09   2.8603844e-08
   1.0000000e+00   3.8987576e-02  -7.2925230e-01  -1.7765014e-01   4.7851412e-03  -4.2888316e-04   1.1658316e-03   1.5200311e-03   5.3180892e-01   3.1559572e-02   2.2897576e-05   1.8394076e-07   1.3591633e-06   2.1727432e-02   2.5303110e-02  -2.1499097e-01   1.2475892e-03  -9.7172660e-05   2.3404875e-04   4.7208130e-04   6.4024738e-04   4.6221119e-02   1.5564788e-06   9.4425259e-09   5.4778817e-08
   1.0000000e+00   8.9562762e-03  -7.5097108e-01  -2.2447058e-02   5.3687083e-03  -4.0075204e-04   6.9363374e-04   8.0214883e-05   5.6395756e-01   5.0387041e-04   2.8823029e-05   1.6060220e-07   4.8112777e-07  -3.0031300e-02  -2.1718780e-02   1.5520308e-01   5.8356710e-04   2.8131120e-05  -4.7219786e-04   9.0187897e-04   4.7170540e-04   2.4087997e-02   3.4055056e-07   7.9135991e-10   2.2297082e-07
   1.0000000e+00   3.7669921e-02  -7.8400732e-01  -5.4865805e-02   3.9125614e-03  -4.8258225e-04   1.0122310e-03   1.4190229e-03   6.1466748e-01   3.0102566e-03   1.5308137e-05   2.3288563e-07   1.0246116e-06   2.8713645e-02  -3.3036240e-02  -3.2418747e-02  -1.4561469e-03  -8.1830210e-05   3.1859726e-04   8.2447340e-04   1.0913932e-03   1.0509752e-03   2.1203638e-06   6.6961833e-09   1.0150421e-07
   1.0000000e+00   2.3854421e-02  -7.1897023e-01  -1.3328428e-01   4.7082529e-03  -4.6742764e-04   8.3993628e-04   5.6903340e-04   5.1691819e-01   1.7764699e-02   2.2167645e-05   2.1848860e-07   7.0549295e-07  -1.3815500e-02   6.5037090e-02  -7.8418475e-02   7.9569150e-04   1.5154610e-05  -1.7229472e-04   1.9086804e-04   4.2298231e-03   6.1494572e-03   6.3312496e-07   2.2966220e-10   2.9685471e-08
   1.0000000e+00   1.5329771e-02  -7.8475311e-01   3.4476278e-03   3.9943467e-03  -3.4935507e-04   7.2477205e-04   2.3500188e-04   6.1583744e-01   1.1886137e-05   1.5954806e-05   1.2204896e-07   5.2529452e-07  -8.5246500e-03  -6.5782880e-02   1.3673191e-01  -7.1390620e-04   1.1807257e-04  -1.1516423e-04   7.2669658e-05   4.3273873e-03   1.8695615e-02   5.0966206e-07   1.3941132e-08   1.3262800e-08
   1.0000000e+00   4.6782313e-02  -7.9815037e-01  -2.0567581e-01   5.2770175e-03  -3.4442152e-04   1.1993645e-03   2.1885848e-03   6.3704401e-01   4.2302539e-02   2.7846914e-05   1.1862618e-07   1.4384752e-06   3.1452542e-02  -1.3397260e-02  -2.0912344e-01   1.2826708e-03   4.9335500e-06   4.7459245e-04   9.8926240e-04   1.7948658e-04   4.3732612e-02   1.6452444e-06   2.4339916e-11   2.2523799e-07
   1.0000000e+00   1.2698589e-02  -7.7753242e-01  -5.1444769e-02   4.7058700e-03  -3.9490125e-04   8.5273299e-04   1.6125416e-04   6.0455666e-01   2.6465643e-03   2.2145212e-05   1.5594700e-07   7.2715355e-07  -3.4083724e-02   2.0617950e-02   1.5423104e-01  -5.7114750e-04  -5.0479730e-05  -3.4663151e-04   1.1617002e-03   4.2509986e-04   2.3787214e-02   3.2620947e-07   2.5482031e-09   1.2015340e-07
   1.0000000e+00   2.5923051e-02  -8.3159030e-01  -6.0256467e-02   4.1036333e-03  -3.6102196e-04   9.6801213e-04   6.7200457e-04   6.9154243e-01   3.6308418e-03   1.6839806e-05   1.3033686e-07   9.3704748e-07   1.3224462e-02  -5.4057880e-02  -8.8116980e-03  -6.0223670e-04   3.3879290e-05   1.1527914e-04   1.7488640e-04   2.9222544e-03   7.7646022e-05   3.6268904e-07   1.1478063e-09   1.3289280e-08
   1.0000000e+00   2.1557809e-02  -8.1674674e-01  -1.8323135e-01   5.6925865e-03  -7.0486149e-04   9.5278482e-04   4.6473913e-04   6.6707524e-01   3.3573728e-02   3.2405541e-05   4.9682972e-07   9.0779891e-07  -4.3652420e-03   1.4843560e-02  -1.2297488e-01   1.5889532e-03  -3.4383953e-04  -1.5227310e-05   1.9055338e-05   2.2033127e-04   1.5122822e-02   2.5247723e-06   1.1822562e-07   2.3187097e-10
   1.0000000e+00   1.9911202e-03  -8.1789910e-01  -2.1477980e-03   4.8491321e-03  -4.1955129e-04   9.3814539e-04   3.9645597e-06   6.6895894e-01   4.6130362e-06   2.3514082e-05   1.7602328e-07   8.8011677e-07  -1.9566689e-02  -1.1523600e-03   1.8108355e-01  -8.4345440e-04   2.8531020e-04  -1.4639430e-05   3.8285531e-04   1.3279336e-06   3.2791253e-02   7.1141532e-07   8.1401910e-08   2.1431291e-10
   1.0000000e+00   2.8649637e-02  -8.1365311e-01  -6.9507411e-02   4.4572004e-03  -5.8405354e-04   1.2012505e-03   8.2080170e-04   6.6203138e-01   4.8312802e-03   1.9866635e-05   3.4111854e-07   1.4430028e-06   2.6658517e-02   4.2459900e-03  -6.7359613e-02  -3.9193170e-04  -1.6450225e-04   2.6310511e-04   7.1067652e-04   1.8028431e-05   4.5373175e-03   1.5361046e-07   2.7060990e-08   6.9224299e-08
   1.0000000e+00   1.3457804e-02  -8.0858284e-01  -8.3033365e-02   4.7464983e-03  -6.8939452e-04   9.1086503e-04   1.8111249e-04   6.5380621e-01   6.8945397e-03   2.2529246e-05   4.7526480e-07   8.2967510e-07  -1.5191833e-02   5.0702700e-03  -1.3525954e-02   2.8929790e-04  -1.0534098e-04  -2.9038547e-04   2.3079179e-04   2.5707638e-05   1.8295143e-04   8.3693275e-08   1.1096722e-08   8.4323721e-08
   1.0000000e+00   6.0533879e-02  -8.8452616e-01  -2.0994443e-01   5.4345090e-03  -6.0222408e-04   1.6175740e-03   3.6643505e-03   7.8238653e-01   4.4076664e-02   2.9533888e-05   3.6267384e-07   2.6165456e-06   4.7076075e-02  -7.5943320e-02  -1.2691106e-01   6.8801070e-04   8.7170440e-05   7.0670897e-04   2.2161568e-03   5.7673879e-03   1.6106418e-02   4.7335872e-07   7.5986856e-09   4.9943757e-07
   1.0000000e+00   4.9560886e-02  -7.9769985e-01  -1.7623946e-01   5.7215431e-03  -6.5244791e-04   1.6027188e-03   2.4562814e-03   6.3632505e-01   3.1060347e-02   3.2736055e-05   4.2568828e-07   2.5687076e-06  -1.0972993e-02   8.6826310e-02   3.3704970e-02   2.8703410e-04  -5.0223830e-05  -1.4855200e-05   1.2040658e-04   7.5388081e-03   1.1360250e-03   8.2388575e-08   2.5224331e-09   2.2067697e-10
   1.0000000e+00   4.6028158e-02  -8.6840334e-01  -3.4270446e-02   5.0626264e-03  -5.4166434e-04   1.6375753e-03   2.1185913e-03   7.5412436e-01   1.1744635e-03   2.5630186e-05   2.9340026e-07   2.6816529e-06  -3.5327280e-03  -7.0703490e-02   1.4196901e-01  -6.5891670e-04   1.1078357e-04   3.4856500e-05   1.2480167e-05   4.9989835e-03   2.0155201e-02   4.3417122e-07   1.2272999e-08   1.2149756e-09
   1.0000000e+00   7.3807906e-02  -8.2172674e-01  -2.1813555e-01   5.6542689e-03  -6.4536614e-04   2.0059598e-03   5.4476070e-03   6.7523484e-01   4.7583118e-02   3.1970757e-05   4.1649745e-07   4.0238747e-06   2.7779748e-02   4.6676600e-02  -1.8386510e-01   5.9164250e-04  -1.0370180e-04   3.6838450e-04   7.7171440e-04   2.1787050e-03   3.3806376e-02   3.5004085e-07   1.0754063e-08   1.3570714e-07
   1.0000000e+00   4.4795191e-02  -8.2352689e-01  -2.4349082e-02   5.2191107e-03  -9.1590485e-04   1.4002647e-03   2.0066091e-03   6.7819654e-01   5.9287779e-04   2.7239116e-05   8.3888169e-07   1.9607412e-06  -2.9012715e-02  -1.8001500e-03   1.9378647e-01  -4.3515820e-04  -2.7053871e-04  -6.0569510e-04   8.4173763e-04   3.2405400e-06   3.7553195e-02   1.8936266e-07   7.3191194e-08   3.6686655e-07
   1.0000000e+00   7.4530628e-02  -8.8414445e-01  -1.0039633e-01   5.0212504e-03  -1.0883198e-03   1.6876435e-03   5.5548145e-03   7.8171141e-01   1.0079423e-02   2.5212956e-05   1.1844400e-06   2.8481406e-06   2.9735437e-02  -6.0617560e-02  -7.6047248e-02  -1.9786030e-04  -1.7241495e-04   2.8737880e-04   8.8419621e-04   3.6744886e-03   5.7831839e-03   3.9148698e-08   2.9726915e-08   8.2586575e-08
   1.0000000e+00   6.6338056e-02  -8.2939681e-01  -1.5238138e-01   5.6332713e-03  -6.7849424e-04   1.8508300e-03   4.4007377e-03   6.8789907e-01   2.3220085e-02   3.1733746e-05   4.6035443e-07   3.4255717e-06  -8.1925720e-03   5.4747640e-02  -5.1985050e-02   6.1202090e-04   4.0982556e-04   1.6318650e-04   6.7118236e-05   2.9973041e-03   2.7024454e-03   3.7456958e-07   1.6795699e-07   2.6629834e-08
   1.0000000e+00   4.4501605e-02  -8.3761263e-01  -1.0676206e-02   4.8490650e-03  -7.9950316e-04   1.3304998e-03   1.9803928e-03   7.0159492e-01   1.1398137e-04   2.3513431e-05   6.3920530e-07   1.7702297e-06  -2.1836451e-02  -8.2158200e-03   1.4170517e-01  -7.8420630e-04  -1.2100892e-04  -5.2033020e-04   4.7683059e-04   6.7499698e-05   2.0080356e-02   6.1497952e-07   1.4643159e-08   2.7074352e-07
   1.0000000e+00   6.4292382e-02  -8.5281595e-01  -2.2645034e-01   6.9282952e-03  -5.7950589e-04   1.6319754e-03   4.1335104e-03   7.2729504e-01   5.1279756e-02   4.8001274e-05   3.3582708e-07   2.6633437e-06   1.9790777e-02  -1.5203320e-02  -2.1577413e-01   2.0792302e-03   2.1999727e-04   3.0147560e-04   3.9167485e-04   2.3114094e-04   4.6558477e-02   4.3231982e-06   4.8398799e-08   9.0887537e-08
   1.0000000e+00   3.0289609e-02  -8.5125299e-01  -9.6447588e-02   5.9264780e-03  -3.1646991e-04   1.3405406e-03   9.1746041e-04   7.2463165e-01   9.3021372e-03   3.5123141e-05   1.0015320e-07   1.7970491e-06  -3.4002773e-02   1.5629600e-03   1.3000275e-01  -1.0018172e-03   2.6303598e-04  -2.9143480e-04   1.1561886e-03   2.4428440e-06   1.6900716e-02   1.0036377e-06   6.9187927e-08   8.4934243e-08
   1.0000000e+00   3.9587594e-02  -9.1271566e-01  -4.6699094e-02   4.4418721e-03  -4.6740652e-04   1.3905248e-03   1.5671776e-03   8.3304988e-01   2.1808054e-03   1.9730228e-05   2.1846885e-07   1.9335592e-06   9.2979850e-03  -6.1462670e-02   4.9748494e-02  -1.4846059e-03  -1.5093661e-04   4.9984200e-05   8.6452525e-05   3.7776598e-03   2.4749127e-03   2.2040547e-06   2.2781860e-08   2.4984202e-09
   1.0000000e+00   4.5843699e-02  -8.4935488e-01  -1.9809057e-01   5.7798492e-03  -5.9608070e-04   1.3396452e-03   2.1016447e-03   7.2140371e-01   3.9239874e-02   3.3406657e-05   3.5531220e-07   1.7946493e-06   6.2561050e-03   6.3360780e-02  -1.5139148e-01   1.3379771e-03  -1.2867418e-04  -5.0879600e-05   3.9138850e-05   4.0145884e-03   2.2919379e-02   1.7901827e-06   1.6557045e-08   2.5887337e-09
   1.0000000e+00   1.6073902e-02  -9.0363527e-01  -5.5584055e-03   4.8942084e-03  -2.9970306e-04   1.1760851e-03   2.5837033e-04   8.1655670e-01   3.0895872e-05   2.3953276e-05   8.9821924e-08   1.3831762e-06  -2.9769797e-02  -5.4280390e-02   1.9253216e-01  -8.8564080e-04   2.9637764e-04  -1.6356010e-04   8.8624081e-04   2.9463607e-03   3.7068634e-02   7.8435963e-07   8.7839705e-08   2.6751906e-08
   1.0000000e+00   4.6844435e-02  -9.6903079e-01  -8.4949562e-02   4.1103466e-03  -7.7938705e-04   1.3468967e-03   2.1944011e-03   9.3902067e-01   7.2164281e-03   1.6894949e-05   6.0744417e-07   1.8141307e-06   3.0770533e-02  -6.5395520e-02  -7.9391157e-02  -7.8386180e-04  -4.7968399e-04   1.7081160e-04   9.4682570e-04   4.2765740e-03   6.3029557e-03   6.1443932e-07   2.3009673e-07   2.9176603e-08
   1.0000000e+00   3.8681123e-02  -9.0818072e-01  -1.2137642e-01   4.7063666e-03  -6.7807792e-04   1.1472727e-03   1.4962293e-03   8.2479222e-01   1.4732235e-02   2.2149887e-05   4.5978967e-07   1.3162346e-06  -8.1633120e-03   6.0850070e-02  -3.6426858e-02   5.9602000e-04   1.0130913e-04  -1.9962400e-04   6.6639663e-05   3.7027310e-03   1.3269160e-03   3.5523984e-07   1.0263540e-08   3.9849741e-08
   1.0000000e+00   2.8610418e-02  -9.3737685e-01   2.2237995e-03   4.5694932e-03  -5.9375422e-04   1.0662918e-03   8.1855602e-04   8.7867536e-01   4.9452842e-06   2.0880268e-05   3.5254407e-07   1.1369782e-06  -1.0070705e-02  -2.9196130e-02   1.2360022e-01  -1.3687340e-04   8.4323700e-05  -8.0980900e-05   1.0141910e-04   8.5241401e-04   1.5277014e-02   1.8734328e-08   7.1104864e-09   6.5579062e-09
   1.0000000e+00   5.3798211e-02  -9.4158411e-01  -1.7939000e-01   5.4732957e-03  -5.3380250e-04   1.4127183e-03   2.8942475e-03   8.8658064e-01   3.2180772e-02   2.9956966e-05   2.8494511e-07   1.9957730e-06   2.5187793e-02  -4.2072600e-03  -1.8161380e-01   9.0380250e-04   5.9951720e-05   3.4642650e-04   6.3442492e-04   1.7701037e-05   3.2983572e-02   8.1685896e-07   3.5942087e-09   1.2001132e-07
   1.0000000e+00   2.1414760e-02  -9.0384109e-01  -6.5530753e-02   4.6438030e-03  -4.8394431e-04   1.0088784e-03   4.5859195e-04   8.1692872e-01   4.2942796e-03   2.1564906e-05   2.3420210e-07   1.0178356e-06  -3.2383451e-02   3.7743020e-02   1.1385925e-01  -8.2949270e-04   4.9858190e-05  -4.0383990e-04   1.0486879e-03   1.4245356e-03   1.2963928e-02   6.8805814e-07   2.4858391e-09   1.6308666e-07
   1.0000000e+00   2.8921667e-02  -9.4551284e-01   2.0201948e-02   4.4895852e-03  -7.1187421e-04   1.0636638e-03   8.3646282e-04   8.9399453e-01   4.0811870e-04   2.0156375e-05   5.0676489e-07   1.1313807e-06   7.5069070e-03  -4.1671750e-02   8.5732701e-02  -1.5421780e-04  -2.2792990e-04   5.4785400e-05   5.6353653e-05   1.7365347e-03   7.3500960e-03   2.3783130e-08   5.1952039e-08   3.0014401e-09
   1.0000000e+00   4.7075971e-02  -9.4459717e-01  -2.0963318e-01   6.0401819e-03  -5.1000913e-04   1.3789242e-03   2.2161470e-03   8.9226381e-01   4.3946070e-02   3.6483797e-05   2.6010931e-07   1.9014319e-06   1.8154304e-02   9.1567000e-04  -2.2983513e-01   1.5505967e-03   2.0186508e-04   3.1526040e-04   3.2957875e-04   8.3845155e-07   5.2824186e-02   2.4043501e-06   4.0749511e-08   9.9389120e-08
   1.0000000e+00   1.8155411e-02  -9.4170540e-01  -5.3568439e-02   5.7045263e-03  -2.9913206e-04   1.0223916e-03   3.2961895e-04   8.8680906e-01   2.8695777e-03   3.2541620e-05   8.9479989e-08   1.0452846e-06  -2.8920560e-02   2.8917700e-03   1.5606474e-01  -3.3565560e-04   2.1087707e-04  -3.5653260e-04   8.3639879e-04   8.3623337e-06   2.4356203e-02   1.1266468e-07   4.4469139e-08   1.2711549e-07
   1.0000000e+00   5.3938463e-02  -9.7738053e-01  -1.8406685e-01   5.1957293e-03  -3.0004312e-04   1.6099902e-03   2.9093578e-03   9.5527270e-01   3.3880605e-02   2.6995603e-05   9.0025874e-08   2.5920684e-06   3.5783052e-02  -3.5675130e-02  -1.3049841e-01  -5.0879700e-04  -9.1106000e-07   5.8759860e-04   1.2804268e-03   1.2727149e-03   1.7029835e-02   2.5887439e-07   8.3003032e-13   3.4527211e-07
   1.0000000e+00   3.5406497e-02  -9.4237482e-01  -1.6599414e-01   6.6587176e-03  -1.2530919e-04   1.5129094e-03   1.2536200e-03   8.8807030e-01   2.7554055e-02   4.4338520e-05   1.5702393e-08   2.2888949e-06  -1.8531966e-02   3.5005710e-02   1.8072710e-02   1.4629883e-03   1.7473393e-04  -9.7080800e-05   3.4343376e-04   1.2253997e-03   3.2662285e-04   2.1403348e-06   3.0531946e-08   9.4246817e-09
   1.0000000e+00   3.6810542e-02  -9.8356138e-01  -6.3793735e-02   4.7123137e-03  -1.4828404e-04   1.5108219e-03   1.3550160e-03   9.6739299e-01   4.0696406e-03   2.2205900e-05   2.1988157e-08   2.2825828e-06   1.4040450e-03  -4.1186560e-02   1.0220041e-01  -1.9464039e-03  -2.2974850e-05  -2.0875000e-06   1.9713424e-06   1.6963327e-03   1.0444923e-02   3.7884881e-06   5.2784373e-10   4.3576562e-12
   1.0000000e+00   7.4922666e-02  -9.8715755e-01  -2.5273706e-01   6.4601508e-03  -4.6868513e-04   2.0173759e-03   5.6134059e-03   9.7448003e-01   6.3876021e-02   4.1733548e-05   2.1966575e-07   4.0698055e-06   3.8112124e-02  -3.5961700e-03  -1.8894332e-01   1.7478371e-03  -3.2040109e-04   5.0655400e-04   1.4525340e-03   1.2932439e-05   3.5699580e-02   3.0549345e-06   1.0265686e-07   2.5659695e-07
   1.0000000e+00   4.7005396e-02  -9.8799230e-01  -9.3523947e-02   6.2566853e-03  -3.6298974e-04   1.6675644e-03   2.2095073e-03   9.7612878e-01   8.7467287e-03   3.9146111e-05   1.3176155e-07   2.7807710e-06  -2.7917270e-02  -8.3475000e-04   1.5921311e-01  -2.0346550e-04   1.0569539e-04  -3.4981150e-04   7.7937396e-04   6.9680756e-07   2.5348815e-02   4.1398210e-08   1.1171515e-08   1.2236809e-07
   1.0000000e+00   5.9901222e-02  -1.0333617e+00  -9.2821844e-02   4.6718800e-03  -5.8722031e-04   1.6255594e-03   3.5881564e-03   1.0678364e+00   8.6158947e-03   2.1826463e-05   3.4482769e-07   2.6424434e-06   1.2895826e-02  -4.5369400e-02   7.0210300e-04  -1.5848053e-03  -2.2423057e-04  -4.2005000e-05   1.6630233e-04   2.0583825e-03   4.9294862e-07   2.5116078e-06   5.0279349e-08   1.7644200e-09
   1.0000000e+00   7.2227215e-02  -1.0074710e+00  -2.4648419e-01   6.8202312e-03  -8.1098710e-04   1.7260755e-03   5.2167706e-03   1.0149978e+00   6.0754456e-02   4.6515554e-05   6.5770008e-07   2.9793366e-06   1.2325993e-02   2.5890700e-02  -1.5366235e-01   2.1483512e-03  -2.2376679e-04   1.0051610e-04   1.5193010e-04   6.7032835e-04   2.3612117e-02   4.6154129e-06   5.0071576e-08   1.0103486e-08
   1.0000000e+00   4.3009015e-02  -9.9811708e-01  -8.2524169e-02   6.0181063e-03  -4.8127073e-04   1.6889477e-03   1.8497754e-03   9.9623771e-01   6.8102385e-03   3.6217603e-05   2.3162152e-07   2.8525443e-06  -2.9218200e-02   9.3539200e-03   1.6396002e-01  -8.0212490e-04   3.2971637e-04  -3.7127800e-05   8.5370321e-04   8.7495819e-05   2.6882888e-02   6.4340436e-07   1.0871288e-07   1.3784735e-09
   1.0000000e+00   6.4382030e-02  -1.0290766e+00  -1.1016118e-01   5.3252233e-03  -7.9015315e-04   1.7366309e-03   4.1450458e-03   1.0589986e+00   1.2135486e-02   2.8358003e-05   6.2434200e-07   3.0158869e-06   2.1373015e-02  -3.0959520e-02  -2.7637011e-02  -6.9288300e-04  -3.0888242e-04   4.7683200e-05   4.5680577e-04   9.5849188e-04   7.6380438e-04   4.8008685e-07   9.5408349e-08   2.2736876e-09
   1.0000000e+00   5.1939062e-02  -9.6493252e-01  -1.6236832e-01   6.2274298e-03  -7.9167956e-04   1.4866064e-03   2.6976662e-03   9.3109477e-01   2.6363471e-02   3.8780882e-05   6.2675653e-07   2.2099986e-06  -1.2442968e-02   6.4144080e-02  -5.2207140e-02   9.0220650e-04  -1.5264100e-06  -2.5002450e-04   1.5482745e-04   4.1144630e-03   2.7255855e-03   8.1397657e-07   2.3299275e-12   6.2512251e-08
   1.0000000e+00   2.6139435e-02  -1.0188759e+00   5.7500461e-03   4.6149623e-03  -6.6191651e-04   1.3759551e-03   6.8327006e-04   1.0381081e+00   3.3063030e-05   2.1297877e-05   4.3813347e-07   1.8932524e-06  -2.5799627e-02  -5.3943380e-02   1.6811837e-01  -1.6124675e-03   1.2976305e-04  -1.1065130e-04   6.6562075e-04   2.9098882e-03   2.8263785e-02   2.6000514e-06   1.6838449e-08   1.2243710e-08
   1.0000000e+00   5.8141681e-02  -1.0628672e+00  -1.2761282e-01   4.3734816e-03  -8.8707226e-04   1.4975770e-03   3.3804551e-03   1.1296867e+00   1.6285032e-02   1.9127341e-05   7.8689719e-07   2.2427369e-06   3.2002246e-02  -4.3991300e-02  -1.3336287e-01  -2.4148070e-04  -2.2515575e-04   1.2162190e-04   1.0241437e-03   1.9352345e-03   1.7785654e-02   5.8312928e-08   5.0695112e-08   1.4791887e-08
   1.0000000e+00   3.8821463e-02  -1.0148289e+00  -1.4479658e-01   6.0714548e-03  -6.5743035e-04   1.3533098e-03   1.5071060e-03   1.0298777e+00   2.0966050e-02   3.6862563e-05   4.3221467e-07   1.8314474e-06  -1.9320218e-02   4.8038300e-02  -1.7183760e-02   1.6979732e-03   2.2964191e-04  -1.4426720e-04   3.7327082e-04   2.3076783e-03   2.9528161e-04   2.8831130e-06   5.2735407e-08   2.0813025e-08
   1.0000000e+00   3.0640912e-02  -1.0641844e+00  -6.2483024e-02   4.3641677e-03  -3.7361678e-04   1.4078655e-03   9.3886549e-04   1.1324884e+00   3.9041283e-03   1.9045960e-05   1.3958950e-07   1.9820853e-06  -8.1805510e-03  -4.9355500e-02   8.2313556e-02  -1.7072871e-03   2.8381357e-04   5.4555700e-05   6.6921415e-05   2.4359654e-03   6.7755215e-03   2.9148292e-06   8.0550143e-08   2.9763244e-09
   1.0000000e+00   4.9577307e-02  -1.0633082e+00  -2.3138635e-01   6.2622245e-03  -2.3479500e-04   1.6062812e-03   2.4579094e-03   1.1306243e+00   5.3539643e-02   3.9215456e-05   5.5128692e-08   2.5801393e-06   1.8936395e-02   8.7620000e-04  -1.6890333e-01   1.8980568e-03   1.3882178e-04   1.9841570e-04   3.5858706e-04   7.6772644e-07   2.8528334e-02   3.6026196e-06   1.9271487e-08   3.9368790e-08
   1.0000000e+00   3.2051185e-02  -1.0387214e+00  -4.8543847e-02   5.6432147e-03  -3.8932070e-04   1.3356217e-03   1.0272785e-03   1.0789421e+00   2.3565051e-03   3.1845872e-05   1.5157061e-07   1.7838853e-06  -1.7526122e-02   2.4586800e-02   1.8284250e-01  -6.1900980e-04  -1.5452570e-04  -2.7065950e-04   3.0716495e-04   6.0451073e-04   3.3431381e-02   3.8317313e-07   2.3878192e-08   7.3256565e-08
   1.0000000e+00   4.2082594e-02  -1.0930512e+00  -7.3202020e-02   4.7642109e-03  -2.9656378e-04   1.3467084e-03   1.7709447e-03   1.1947609e+00   5.3585357e-03   2.2697705e-05   8.7950076e-08   1.8136235e-06   1.0031409e-02  -5.4329800e-02  -2.4658173e-02  -8.7900380e-04   9.2756920e-05   1.1086700e-05   1.0062917e-04   2.9517272e-03   6.0802550e-04   7.7264768e-07   8.6038462e-09   1.2291492e-10
   1.0000000e+00   4.5504424e-02  -1.0358835e+00  -1.8554656e-01   5.9764203e-03  -5.4441772e-04   1.3139060e-03   2.0706526e-03   1.0730546e+00   3.4427526e-02   3.5717600e-05   2.9639065e-07   1.7263490e-06   3.4218300e-03   5.7167700e-02  -1.1234454e-01   1.2122094e-03  -2.4785394e-04  -3.2802400e-05   1.1708921e-05   3.2681459e-03   1.2621296e-02   1.4694516e-06   6.1431576e-08   1.0759974e-09
   1.0000000e+00   2.9224001e-02  -1.0775768e+00  -2.1042196e-02   5.2502774e-03  -2.5574424e-04   1.3134208e-03   8.5404223e-04   1.1611718e+00   4.4277401e-04   2.7565413e-05   6.5405116e-08   1.7250742e-06  -1.6280423e-02  -4.1693300e-02   1.6450436e-01  -7.2614290e-04   2.8867348e-04  -4.8520000e-07   2.6505217e-04   1.7383313e-03   2.7061686e-02   5.2728351e-07   8.3332378e-08   2.3541904e-13
   1.0000000e+00   6.0464831e-02  -1.0936320e+00  -1.2214197e-01   5.4206902e-03  -5.4987264e-04   1.6069238e-03   3.6559958e-03   1.1960310e+00   1.4918661e-02   2.9383882e-05   3.0235992e-07   2.5822041e-06   3.1240830e-02  -1.6055200e-02  -1.0109977e-01   1.7041280e-04  -2.9412840e-04   2.9350300e-04   9.7598946e-04   2.5776945e-04   1.0221164e-02   2.9040522e-08   8.6511516e-08   8.6144011e-08
   1.0000000e+00   3.3339962e-02  -1.0523225e+00  -1.0520691e-01   4.7224116e-03  -5.5242248e-04   1.3454506e-03   1.1115531e-03   1.1073826e+00   1.1068494e-02   2.2301171e-05   3.0517060e-07   1.8102373e-06  -2.7124869e-02   4.1309500e-02   1.6935060e-02  -6.9827860e-04  -2.5498400e-06  -2.6147320e-04   7.3575852e-04   1.7064748e-03   2.8679626e-04   4.8759300e-07   6.5016840e-12   6.8368234e-08
   1.0000000e+00   3.4452893e-02  -1.1053994e+00   3.0818003e-02   3.8336202e-03  -6.1967859e-04   1.2347107e-03   1.1870018e-03   1.2219078e+00   9.4974931e-04   1.4696644e-05   3.8400155e-07   1.5245105e-06   1.1129310e-03  -5.3076900e-02   1.3602491e-01  -8.8879140e-04  -6.7256110e-05  -1.1073990e-04   1.2386154e-06   2.8171573e-03   1.8502777e-02   7.8995015e-07   4.5233843e-09   1.2263325e-08
   1.0000000e+00   7.5388688e-02  -1.1060638e+00  -1.7549720e-01   5.4770320e-03  -6.9683290e-04   1.6877814e-03   5.6834543e-03   1.2233771e+00   3.0799267e-02   2.9997880e-05   4.8557609e-07   2.8486061e-06   4.0935795e-02  -6.6440000e-04  -2.0631520e-01   1.6434118e-03  -7.7154310e-05   4.5307070e-04   1.6757393e-03   4.4142736e-07   4.2565963e-02   2.7008023e-06   5.9527876e-09   2.0527306e-07
   1.0000000e+00   3.9651017e-02  -1.0868911e+00  -4.1051362e-02   4.7321061e-03  -4.4920919e-04   1.3629668e-03   1.5722031e-03   1.1813323e+00   1.6852143e-03   2.2392828e-05   2.0178890e-07   1.8576785e-06  -3.5737671e-02   1.9172700e-02   1.3444584e-01  -7.4492590e-04   2.4762371e-04  -3.2481460e-04   1.2771811e-03   3.6759243e-04   1.8075683e-02   5.5491460e-07   6.1317502e-08   1.0550452e-07
   1.0000000e+00   5.6968738e-02  -1.1522106e+00  -6.7145026e-02   4.5146811e-03  -5.6080508e-04   1.3711622e-03   3.2454371e-03   1.3275893e+00   4.5084545e-03   2.0382345e-05   3.1450234e-07   1.8800858e-06   1.7317721e-02  -6.5319500e-02  -2.6093664e-02  -2.1742500e-04  -1.1159589e-04   8.1954000e-06   2.9990346e-04   4.2666371e-03   6.8087930e-04   4.7273631e-08   1.2453643e-08   6.7164581e-11
   1.0000000e+00   6.2321440e-02  -1.0987137e+00  -1.8024593e-01   5.7922037e-03  -5.5275813e-04   1.3844477e-03   3.8839619e-03   1.2071718e+00   3.2488595e-02   3.3549624e-05   3.0554155e-07   1.9166954e-06   5.3527020e-03   5.3496900e-02  -1.1310090e-01   1.2775226e-03   8.0469500e-06   1.3285500e-05   2.8651419e-05   2.8619183e-03   1.2791814e-02   1.6320640e-06   6.4753404e-11   1.7650451e-10
   1.0000000e+00   4.0212043e-02  -1.1147815e+00  -1.2510936e-02   4.9401933e-03  -4.3085505e-04   1.4229296e-03   1.6170084e-03   1.2427378e+00   1.5652352e-04   2.4405510e-05   1.8563607e-07   2.0247286e-06  -2.2109397e-02  -1.6067800e-02   1.6773499e-01  -8.5201040e-04   1.2190308e-04   3.8481900e-05   4.8882544e-04   2.5817420e-04   2.8135028e-02   7.2592172e-07   1.4860361e-08   1.4808566e-09
   1.0000000e+00   5.9087057e-02  -1.1266530e+00  -1.2526866e-01   4.6960657e-03  -5.1647418e-04   1.5683371e-03   3.4912803e-03   1.2693470e+00   1.5692237e-02   2.2053033e-05   2.6674558e-07   2.4596813e-06   1.8875014e-02  -1.1871500e-02  -1.1275772e-01  -2.4412760e-04  -8.5619130e-05   1.4540750e-04   3.5626615e-04   1.4093251e-04   1.2714304e-02   5.9598285e-08   7.3306354e-09   2.1143341e-08
   1.0000000e+00   3.2925131e-02  -1.1369726e+00  -8.1902518e-02   5.0065238e-03  -7.1383382e-04   1.1468787e-03   1.0840643e-03   1.2927067e+00   6.7080225e-03   2.5065281e-05   5.0955872e-07   1.3153308e-06  -2.6161926e-02  -1.0319600e-02   4.3366142e-02   3.1045810e-04  -1.9735964e-04  -4.2145840e-04   6.8444637e-04   1.0649414e-04   1.8806223e-03   9.6384232e-08   3.8950828e-08   1.7762718e-07
   1.0000000e+00   2.4602673e-02  -1.1655283e+00  -5.7344766e-03   4.7874958e-03  -3.2234134e-04   1.3300052e-03   6.0529152e-04   1.3584562e+00   3.2884222e-05   2.2920116e-05   1.0390394e-07   1.7689138e-06  -8.3224580e-03  -2.8555700e-02   7.6168041e-02  -2.1902800e-04   3.9149248e-04   1.8312650e-04   6.9263307e-05   8.1542800e-04   5.8015705e-03   4.7973265e-08   1.5326636e-07   3.3535315e-08
   1.0000000e+00   3.4748139e-02  -1.1513696e+00  -1.3790996e-01   5.4393736e-03  -3.5419811e-04   1.4914562e-03   1.2074332e-03   1.3256520e+00   1.9019157e-02   2.9586785e-05   1.2545630e-07   2.2244416e-06   1.0145466e-02   1.4158700e-02  -1.3217548e-01   6.5187780e-04  -3.1856770e-05   1.6145100e-04   1.0293048e-04   2.0046879e-04   1.7470358e-02   4.2494467e-07   1.0148538e-09   2.6066425e-08
   1.0000000e+00   2.9442416e-02  -1.1472651e+00  -5.3212624e-02   5.3030417e-03  -9.2037406e-04   1.0971338e-03   8.6685586e-04   1.3162172e+00   2.8315834e-03   2.8122251e-05   8.4708841e-07   1.2037026e-06  -5.3057230e-03   4.1045000e-03   8.4697336e-02  -1.3633190e-04  -5.6617595e-04  -3.9432240e-04   2.8150697e-05   1.6846920e-05   7.1736387e-03   1.8586387e-08   3.2055521e-07   1.5549016e-07
