   1.0000000e+00   0.0000000e+00   0.0000000e+00   0.0000000e+00   0.0000000e+00   0.0000000e+00  -0.0000000e+00   0.0000000e+00   0.0000000e+00   0.0000000e+00   0.0000000e+00   0.0000000e+00   0.0000000e+00   0.0000000e+00   0.0000000e+00   0.0000000e+00   0.0000000e+00   0.0000000e+00   0.0000000e+00   0.0000000e+00   0.0000000e+00   0.0000000e+00   0.0000000e+00   0.0000000e+00   0.0000000e+00
   1.0000000e+00  -2.8779579e-03   4.0694130e-02   3.2516073e-02  -3.0614999e-04  -2.2418257e-05  -1.7574087e-04   8.2826417e-06   1.6560122e-03   1.0572950e-03   9.3727816e-08   5.0257825e-10   3.0884853e-08  -2.8779579e-03   4.0694130e-02   3.2516073e-02  -3.0614999e-04  -2.2418257e-05  -1.7574087e-04   8.2826417e-06   1.6560122e-03   1.0572950e-03   9.3727816e-08   5.0257825e-10   3.0884853e-08
   1.0000000e+00  -9.1002878e-03   7.9835233e-03   4.9471780e-02  -7.2971265e-04   3.4714152e-05  -2.1403436e-04   8.2815238e-05   6.3736644e-05   2.4474570e-03   5.3248055e-07   1.2050723e-09   4.5810707e-08  -6.2223299e-03  -3.2710607e-02   1.6955707e-02  -4.2356266e-04   5.7132409e-05  -3.8293490e-05   3.8717389e-05   1.0699838e-03   2.8749600e-04   1.7940533e-07   3.2641122e-09   1.4663914e-09
   1.0000000e+00  -1.0946240e-02   1.1943180e-02   4.3983096e-02  -1.1396342e-03   4.7999777e-05  -1.5101119e-04   1.1982017e-04   1.4263955e-04   1.9345127e-03   1.2987661e-06   2.3039786e-09   2.2804380e-08  -1.8459522e-03   3.9596567e-03  -5.4886840e-03  -4.0992155e-04   1.3285625e-05   6.3023170e-05   3.4075395e-06   1.5678881e-05   3.0125652e-05   1.6803568e-07   1.7650783e-10   3.9719200e-09
   1.0000000e+00  -1.8207662e-02   3.2417881e-03   9.8453602e-03  -3.6451224e-04   3.3033607e-04  -4.3334648e-04   3.3151896e-04   1.0509190e-05   9.6931117e-05   1.3286917e-07   1.0912192e-07   1.8778917e-07  -7.2614220e-03  -8.7013919e-03  -3.4137736e-02   7.7512196e-04   2.8233629e-04  -2.8233529e-04   5.2728249e-05   7.5714221e-05   1.1653850e-03   6.0081405e-07   7.9713782e-08   7.9713216e-08
   1.0000000e+00  -5.3438775e-02   1.6004245e-02   3.5685053e-02  -2.1185675e-03   8.9867257e-04  -5.7600063e-04   2.8557027e-03   2.5613586e-04   1.2734230e-03   4.4883283e-06   8.0761239e-07   3.3177673e-07  -3.5231113e-02   1.2762457e-02   2.5839693e-02  -1.7540553e-03   5.6833650e-04  -1.4265415e-04   1.2412313e-03   1.6288031e-04   6.6768972e-04   3.0767099e-06   3.2300638e-07   2.0350207e-08
   1.0000000e+00  -5.5635640e-02   4.4796083e-02   2.0683850e-02  -9.4904784e-04   1.1438797e-03  -1.8780760e-04   3.0953244e-03   2.0066891e-03   4.2782165e-04   9.0069180e-07   1.3084608e-06   3.5271695e-08  -2.1968650e-03   2.8791838e-02  -1.5001203e-02   1.1695197e-03   2.4520713e-04   3.8819303e-04   4.8262158e-06   8.2896994e-04   2.2503609e-04   1.3677762e-06   6.0126537e-08   1.5069383e-07
   1.0000000e+00  -2.9672085e-02   6.9241682e-03  -8.0809958e-02  -4.1677634e-04   5.8441494e-04  -3.1909767e-04   8.8043263e-04   4.7944105e-05   6.5302493e-03   1.7370252e-07   3.4154082e-07   1.0182332e-07   2.5963555e-02  -3.7871915e-02  -1.0149381e-01   5.3227150e-04  -5.5946476e-04  -1.3129007e-04   6.7410619e-04   1.4342819e-03   1.0300993e-02   2.8331295e-07   3.1300082e-07   1.7237082e-08
   1.0000000e+00  -5.1739828e-03  -5.1425447e-03  -1.0794825e-02  -3.9974863e-04   9.2767434e-05  -4.2381646e-04   2.6770098e-05   2.6445766e-05   1.1652825e-04   1.5979897e-07   8.6057968e-09   1.7962039e-07   2.4498102e-02  -1.2066713e-02   7.0015133e-02   1.7027710e-05  -4.9164751e-04  -1.0471879e-04   6.0015701e-04   1.4560556e-04   4.9021188e-03   2.8994291e-10   2.4171727e-07   1.0966025e-08
   1.0000000e+00  -7.2534250e-03   1.0528167e-02  -8.9927904e-02  -5.0183273e-05   2.9992698e-04  -4.2774205e-04   5.2612174e-05   1.1084230e-04   8.0870279e-03   2.5183609e-09   8.9956193e-08   1.8296326e-07  -2.0794422e-03   1.5670712e-02  -7.9133079e-02   3.4956536e-04   2.0715955e-04  -3.9255900e-06   4.3240799e-06   2.4557121e-04   6.2620442e-03   1.2219594e-07   4.2915077e-08   1.5410257e-11
   1.0000000e+00  -2.5578261e-03  -4.5111053e-03  -3.0922837e-02  -7.3148367e-04   1.9478356e-04  -3.4812217e-04   6.5424744e-06   2.0350071e-05   9.5622185e-04   5.3506836e-07   3.7940635e-08   1.2118905e-07   4.6955989e-03  -1.5039272e-02   5.9005067e-02  -6.8130040e-04  -1.0514342e-04   7.9619880e-05   2.2048649e-05   2.2617971e-04   3.4815979e-03   4.6417023e-07   1.1055139e-08   6.3393253e-09
   1.0000000e+00  -2.4474953e-02  -1.8322402e-02  -1.2156049e-01  -4.0361970e-04   4.5521338e-04  -6.8679568e-04   5.9902332e-04   3.3571042e-04   1.4776953e-02   1.6290886e-07   2.0721922e-07   4.7168831e-07  -2.1917127e-02  -1.3811297e-02  -9.0637653e-02   3.2786397e-04   2.6042982e-04  -3.3867351e-04   4.8036045e-04   1.9075192e-04   8.2151841e-03   1.0749478e-07   6.7823691e-08   1.1469975e-07
   1.0000000e+00  -4.2123733e-02  -1.5062164e-02  -8.3868175e-02  -1.0119887e-03   8.9271910e-04  -7.0607402e-04   1.7744089e-03   2.2686878e-04   7.0338708e-03   1.0241211e-06   7.9694739e-07   4.9854052e-07  -1.7648780e-02   3.2602380e-03   3.7692315e-02  -6.0836900e-04   4.3750572e-04  -1.9278340e-05   3.1147944e-04   1.0629152e-05   1.4207106e-03   3.7011284e-07   1.9141126e-07   3.7165439e-10
   1.0000000e+00  -2.4727773e-02   2.0950638e-02  -8.7397588e-02  -3.5286272e-04   5.2762677e-04  -4.6325589e-04   6.1146276e-04   4.3892923e-04   7.6383384e-03   1.2451210e-07   2.7839001e-07   2.1460602e-07   1.7395960e-02   3.6012802e-02  -3.5294130e-03   6.5912598e-04  -3.6509233e-04   2.4281813e-04   3.0261942e-04   1.2969219e-03   1.2456756e-05   4.3444706e-07   1.3329241e-07   5.8960644e-08
   1.0000000e+00  -1.2910501e-02  -3.4465358e-02  -1.0856769e-02  -1.1608802e-03   3.4091313e-04  -5.3745231e-04   1.6668104e-04   1.1878609e-03   1.1786943e-04   1.3476428e-06   1.1622176e-07   2.8885499e-07   1.1817272e-02  -5.5415996e-02   7.6540819e-02  -8.0801748e-04  -1.8671364e-04  -7.4196420e-05   1.3964792e-04   3.0709326e-03   5.8584970e-03   6.5289225e-07   3.4861983e-08   5.5051087e-09
   1.0000000e+00  -2.0037191e-02  -2.6827362e-03  -4.6327741e-02  -1.3594297e-03   3.0913024e-04  -5.5878743e-04   4.0148902e-04   7.1970735e-06   2.1462596e-03   1.8480491e-06   9.5561505e-08   3.1224339e-07  -7.1266900e-03   3.1782622e-02  -3.5470972e-02  -1.9854950e-04  -3.1782890e-05  -2.1335120e-05   5.0789710e-05   1.0101350e-03   1.2581899e-03   3.9421904e-08   1.0101521e-09   4.5518735e-10
   1.0000000e+00  -2.5628860e-02  -2.0557393e-02  -1.1445362e-01  -1.2867883e-03   4.0630215e-04  -6.0993159e-04   6.5683846e-04   4.2260641e-04   1.3099631e-02   1.6558241e-06   1.6508144e-07   3.7201654e-07  -5.5916690e-03  -1.7874657e-02  -6.8125879e-02   7.2641400e-05   9.7171910e-05  -5.1144160e-05   3.1266762e-05   3.1950336e-04   4.6411354e-03   5.2767730e-09   9.4423801e-09   2.6157251e-09
   1.0000000e+00  -2.6074956e-02   8.1508760e-03  -4.9633432e-02  -7.7078110e-04   2.4712658e-04  -6.0159543e-04   6.7990333e-04   6.6436780e-05   2.4634776e-03   5.9410350e-07   6.1071547e-08   3.6191706e-07  -4.4609600e-04   2.8708269e-02   6.4820188e-02   5.1600720e-04  -1.5917557e-04   8.3361600e-06   1.9900164e-07   8.2416471e-04   4.2016568e-03   2.6626343e-07   2.5336862e-08   6.9491564e-11
   1.0000000e+00  -3.7363872e-02  -2.3787883e-02  -8.8140899e-02  -1.3677489e-03   4.4184657e-04  -6.8387834e-04   1.3960589e-03   5.6586338e-04   7.7688181e-03   1.8707371e-06   1.9522839e-07   4.6768958e-07  -1.1288916e-02  -3.1938759e-02  -3.8507467e-02  -5.9696780e-04   1.9471999e-04  -8.2282910e-05   1.2743962e-04   1.0200843e-03   1.4828250e-03   3.5637055e-07   3.7915875e-08   6.7704773e-09
   1.0000000e+00  -4.4068873e-02   2.1447722e-02  -8.9211060e-02  -2.2614718e-03   7.0888777e-04  -6.6196749e-04   1.9420656e-03   4.6000478e-04   7.9586132e-03   5.1142547e-06   5.0252187e-07   4.3820096e-07  -6.7050010e-03   4.5235605e-02  -1.0701610e-03  -8.9372290e-04   2.6704120e-04   2.1910850e-05   4.4957038e-05   2.0462600e-03   1.1452446e-06   7.9874062e-07   7.1311002e-08   4.8008535e-10
   1.0000000e+00  -4.1201346e-02   4.4979668e-02  -1.2835293e-01  -5.8200497e-04   6.2483190e-04  -6.2712268e-04   1.6975509e-03   2.0231705e-03   1.6474475e-02   3.3872979e-07   3.9041490e-07   3.9328286e-07   2.8675270e-03   2.3531946e-02  -3.9141870e-02   1.6794668e-03  -8.4055870e-05   3.4844810e-05   8.2227111e-06   5.5375248e-04   1.5320860e-03   2.8206088e-06   7.0653893e-09   1.2141608e-09
   1.0000000e+00  -5.0801002e-02  -1.3587527e-02  -7.8057377e-02  -2.0407144e-03   6.7245619e-04  -7.4444002e-04   2.5807418e-03   1.8462089e-04   6.0929541e-03   4.1645153e-06   4.5219733e-07   5.5419094e-07  -9.5996560e-03  -5.8567195e-02   5.0295553e-02  -1.4587094e-03   4.7624290e-05  -1.1731734e-04   9.2153395e-05   3.4301163e-03   2.5296427e-03   2.1278332e-06   2.2680730e-09   1.3763358e-08
   1.0000000e+00  -3.5507438e-02  -3.7351845e-02  -8.5372490e-02  -1.0187603e-03   7.7377284e-04  -7.2068355e-04   1.2607782e-03   1.3951603e-03   7.2884620e-03   1.0378725e-06   5.9872441e-07   5.1938478e-07   1.5293564e-02  -2.3764318e-02  -7.3151130e-03   1.0219541e-03   1.0131665e-04   2.3756470e-05   2.3389310e-04   5.6474281e-04   5.3510878e-05   1.0443902e-06   1.0265064e-08   5.6436987e-10
   1.0000000e+00  -3.6424804e-02  -3.7419580e-02  -8.7432748e-02  -1.9141483e-03   7.0253796e-04  -6.5728502e-04   1.3267663e-03   1.4002250e-03   7.6444854e-03   3.6639637e-06   4.9355959e-07   4.3202360e-07  -9.1736600e-04  -6.7735000e-05  -2.0602580e-03  -8.9538800e-04  -7.1234880e-05   6.3398530e-05   8.4156038e-07   4.5880302e-09   4.2446630e-06   8.0171967e-07   5.0744081e-09   4.0193736e-09
   1.0000000e+00  -3.0762063e-02  -1.6673618e-02  -5.3158786e-02  -1.7379125e-03   8.8132957e-04  -8.3665142e-04   9.4630452e-04   2.7800954e-04   2.8258565e-03   3.0203399e-06   7.7674181e-07   6.9998560e-07   5.6627410e-03   2.0745962e-02   3.4273962e-02   1.7623580e-04   1.7879161e-04  -1.7936640e-04   3.2066636e-05   4.3039494e-04   1.1747045e-03   3.1059057e-08   3.1966440e-08   3.2172305e-08
   1.0000000e+00  -1.1389667e-02  -3.4119656e-02  -7.7151855e-02  -1.6338848e-03   9.0149087e-04  -8.7100626e-04   1.2972451e-04   1.1641509e-03   5.9524087e-03   2.6695795e-06   8.1268579e-07   7.5865190e-07   1.9372396e-02  -1.7446038e-02  -2.3993069e-02   1.0402770e-04   2.0161300e-05  -3.4354840e-05   3.7528973e-04   3.0436424e-04   5.7566736e-04   1.0821762e-08   4.0647802e-10   1.1802550e-09
   1.0000000e+00  -8.0618112e-03  -2.7538752e-02  -5.0005387e-02  -1.3461968e-03   9.3176697e-04  -6.4188578e-04   6.4992800e-05   7.5838286e-04   2.5005387e-03   1.8122458e-06   8.6818969e-07   4.1201735e-07   3.3278558e-03   6.5809040e-03   2.7146468e-02   2.8768800e-04   3.0276100e-05   2.2912048e-04   1.1074624e-05   4.3308297e-05   7.3693072e-04   8.2764385e-08   9.1664223e-10   5.2496194e-08
   1.0000000e+00  -1.4995459e-02  -3.4765525e-02  -9.1932085e-02  -1.2396926e-03   8.8776133e-04  -8.1172341e-04   2.2486379e-04   1.2086417e-03   8.4515083e-03   1.5368377e-06   7.8812018e-07   6.5889489e-07  -6.9336478e-03  -7.2267730e-03  -4.1926698e-02   1.0650420e-04  -4.4005640e-05  -1.6983763e-04   4.8075472e-05   5.2226248e-05   1.7578480e-03   1.1343145e-08   1.9364964e-09   2.8844821e-08
   1.0000000e+00  -2.0512801e-02  -5.1223212e-02  -5.5277971e-02  -1.5117989e-03   8.2409635e-04  -7.1861156e-04   4.2077500e-04   2.6238174e-03   3.0556541e-03   2.2855359e-06   6.7913479e-07   5.1640257e-07  -5.5173420e-03  -1.6457687e-02   3.6654114e-02  -2.7210630e-04  -6.3664980e-05   9.3111850e-05   3.0441063e-05   2.7085546e-04   1.3435241e-03   7.4041838e-08   4.0532297e-09   8.6698166e-09
   1.0000000e+00  -3.9523444e-02  -6.7695441e-02  -1.1721742e-01  -1.0741381e-03   1.0671148e-03  -9.8988274e-04   1.5621026e-03   4.5826727e-03   1.3739924e-02   1.1537727e-06   1.1387340e-06   9.7986784e-07  -1.9010643e-02  -1.6472229e-02  -6.1939449e-02   4.3766080e-04   2.4301845e-04  -2.7127118e-04   3.6140455e-04   2.7133433e-04   3.8364953e-03   1.9154698e-07   5.9057967e-08   7.3588053e-08
   1.0000000e+00  -4.8867582e-02  -4.6846162e-02  -8.6226729e-02  -2.9687571e-03   1.0726899e-03  -1.2005716e-03   2.3880406e-03   2.1945629e-03   7.4350488e-03   8.8135187e-06   1.1506636e-06   1.4413722e-06  -9.3441380e-03   2.0849279e-02   3.0990691e-02  -1.8946190e-03   5.5751000e-06  -2.1068886e-04   8.7312915e-05   4.3469243e-04   9.6042293e-04   3.5895812e-06   3.1081740e-11   4.4389796e-08
   1.0000000e+00  -3.9079283e-02  -7.0024127e-02  -1.2012206e-01  -1.2103789e-03   1.1055833e-03  -1.0364983e-03   1.5271904e-03   4.9033784e-03   1.4429309e-02   1.4650171e-06   1.2223144e-06   1.0743287e-06   9.7882990e-03  -2.3177965e-02  -3.3895331e-02   1.7583782e-03   3.2893400e-05   1.6407330e-04   9.5810797e-05   5.3721806e-04   1.1488935e-03   3.0918939e-06   1.0819758e-09   2.6920048e-08
   1.0000000e+00  -4.4107911e-02  -9.1047067e-02  -7.4688241e-02  -2.6439652e-03   1.0513529e-03  -1.1487288e-03   1.9455078e-03   8.2895684e-03   5.5783333e-03   6.9905520e-06   1.1053429e-06   1.3195779e-06  -5.0286280e-03  -2.1022940e-02   4.5433819e-02  -1.4335863e-03  -5.4230400e-05  -1.1223050e-04   2.5287100e-05   4.4196401e-04   2.0642319e-03   2.0551697e-06   2.9409363e-09   1.2595685e-08
   1.0000000e+00  -5.3066292e-02  -7.2615258e-02  -9.0323229e-02  -1.9249551e-03   9.2022115e-04  -1.0010562e-03   2.8160313e-03   5.2729757e-03   8.1582857e-03   3.7054521e-06   8.4680696e-07   1.0021135e-06  -8.9583810e-03   1.8431809e-02  -1.5634988e-02   7.1901010e-04  -1.3113175e-04   1.4767260e-04   8.0252590e-05   3.3973158e-04   2.4445285e-04   5.1697552e-07   1.7195536e-08   2.1807197e-08
   1.0000000e+00  -5.4007010e-02  -1.0230806e-01  -1.2540406e-01  -2.4346183e-03   1.1141332e-03  -1.3965341e-03   2.9167571e-03   1.0466939e-02   1.5726178e-02   5.9273663e-06   1.2412928e-06   1.9503075e-06  -9.4071800e-04  -2.9692802e-02  -3.5080831e-02  -5.0966320e-04   1.9391205e-04  -3.9547790e-04   8.8495036e-07   8.8166249e-04   1.2306647e-03   2.5975658e-07   3.7601883e-08   1.5640277e-07
   1.0000000e+00  -6.1636272e-02  -6.9933993e-02  -9.5677437e-02  -2.0026787e-03   7.9483845e-04  -1.1578946e-03   3.7990300e-03   4.8907634e-03   9.1541720e-03   4.0107220e-06   6.3176816e-07   1.3407199e-06  -7.6292620e-03   3.2374067e-02   2.9726623e-02   4.3193960e-04  -3.1929475e-04   2.3863950e-04   5.8205639e-05   1.0480802e-03   8.8367211e-04   1.8657182e-07   1.0194914e-07   5.6948811e-08
   1.0000000e+00  -4.8581068e-02  -9.2546840e-02  -4.9092550e-02  -2.1233139e-03   8.2989333e-04  -1.7143732e-04   2.3601202e-03   8.5649176e-03   2.4100785e-03   4.5084619e-06   6.8872294e-07   2.9390755e-08   1.3055204e-02  -2.2612847e-02   4.6584887e-02  -1.2063520e-04   3.5054880e-05   9.8645728e-04   1.7043835e-04   5.1134085e-04   2.1701517e-03   1.4552851e-08   1.2288446e-09   9.7309797e-07
   1.0000000e+00  -4.8438786e-02  -5.6218159e-02  -8.8518976e-02  -2.0093491e-03   8.9366568e-04  -7.7858663e-04   2.3463160e-03   3.1604814e-03   7.8356091e-03   4.0374838e-06   7.9863835e-07   6.0619714e-07   1.4228200e-04   3.6328681e-02  -3.9426426e-02   1.1396480e-04   6.3772350e-05  -6.0714931e-04   2.0244168e-08   1.3197731e-03   1.5544431e-03   1.2987976e-08   4.0669126e-09   3.6863028e-07
   1.0000000e+00  -4.9129881e-02  -1.0798291e-01  -1.2023041e-01  -4.7883849e-04   1.0635659e-03  -7.3269693e-04   2.4137452e-03   1.1660309e-02   1.4455351e-02   2.2928630e-07   1.1311724e-06   5.3684479e-07  -6.9109500e-04  -5.1764751e-02  -3.1711434e-02   1.5305106e-03   1.6990022e-04   4.5889700e-05   4.7761230e-07   2.6795894e-03   1.0056150e-03   2.3424627e-06   2.8866085e-08   2.1058646e-09
   1.0000000e+00  -4.5198501e-02  -6.1705286e-02  -1.5240445e-01  -7.9676450e-04   7.6599945e-04  -7.6830804e-04   2.0429045e-03   3.8075423e-03   2.3227116e-02   6.3483367e-07   5.8675516e-07   5.9029724e-07   3.9313800e-03   4.6277624e-02  -3.2174040e-02  -3.1792601e-04  -2.9756645e-04  -3.5611110e-05   1.5455749e-05   2.1416185e-03   1.0351688e-03   1.0107695e-07   8.8545792e-08   1.2681512e-09
   1.0000000e+00  -5.4870522e-02  -1.2759101e-01  -1.2764205e-01   2.9090183e-04   1.0560550e-03  -7.1097740e-04   3.0107742e-03   1.6279466e-02   1.6292493e-02   8.4623875e-08   1.1152522e-06   5.0548886e-07  -9.6720210e-03  -6.5885724e-02   2.4762400e-02   1.0876663e-03   2.9005555e-04   5.7330640e-05   9.3547990e-05   4.3409286e-03   6.1317645e-04   1.1830180e-06   8.4132222e-08   3.2868023e-09
   1.0000000e+00  -4.7060054e-02  -9.3797744e-02  -8.3718952e-02  -1.5810647e-03   7.4923610e-04  -8.4301714e-04   2.2146487e-03   8.7980168e-03   7.0088629e-03   2.4997656e-06   5.6135473e-07   7.1067790e-07   7.8104680e-03   3.3793266e-02   4.3923098e-02  -1.8719665e-03  -3.0681890e-04  -1.3203974e-04   6.1003410e-05   1.1419848e-03   1.9292385e-03   3.5042587e-06   9.4137837e-08   1.7434493e-08
   1.0000000e+00  -5.2779819e-02  -1.0399257e-01  -1.0094549e-01  -1.0349271e-03   1.0985936e-03  -9.3885051e-04   2.7857093e-03   1.0814455e-02   1.0189992e-02   1.0710741e-06   1.2069079e-06   8.8144028e-07  -5.7197650e-03  -1.0194826e-02  -1.7226538e-02   5.4613760e-04   3.4935750e-04  -9.5833370e-05   3.2715712e-05   1.0393448e-04   2.9675361e-04   2.9826628e-07   1.2205066e-07   9.1840348e-09
   1.0000000e+00  -5.1659003e-02  -1.0907595e-01  -3.7178053e-02  -2.6243464e-03   9.6232869e-04  -1.2479466e-03   2.6686526e-03   1.1897563e-02   1.3822076e-03   6.8871940e-06   9.2607651e-07   1.5573707e-06   1.1208160e-03  -5.0833800e-03   6.3767437e-02  -1.5894193e-03  -1.3626491e-04  -3.0909609e-04   1.2562285e-06   2.5840752e-05   4.0662860e-03   2.5262537e-06   1.8568126e-08   9.5540393e-08
   1.0000000e+00  -5.7620350e-02  -1.2052586e-01  -9.4916258e-02  -1.9934713e-03   1.0981576e-03  -1.3599324e-03   3.3201047e-03   1.4526483e-02   9.0090960e-03   3.9739278e-06   1.2059501e-06   1.8494161e-06  -5.9613470e-03  -1.1449910e-02  -5.7738205e-02   6.3087510e-04   1.3582891e-04  -1.1198580e-04   3.5537658e-05   1.3110044e-04   3.3337003e-03   3.9800339e-07   1.8449493e-08   1.2540819e-08
   1.0000000e+00  -6.1784367e-02  -1.3309649e-01  -7.0075481e-02  -2.7770959e-03   1.2673903e-03  -1.6695493e-03   3.8173080e-03   1.7714676e-02   4.9105730e-03   7.7122616e-06   1.6062782e-06   2.7873949e-06  -4.1640170e-03  -1.2570630e-02   2.4840777e-02  -7.8362460e-04   1.6923270e-04  -3.0961690e-04   1.7339038e-05   1.5802074e-04   6.1706420e-04   6.1406751e-07   2.8639707e-08   9.5862625e-08
   1.0000000e+00  -4.6492441e-02  -1.2125012e-01  -6.2823463e-02  -2.3734961e-03   8.3308395e-04  -1.1967052e-03   2.1615471e-03   1.4701592e-02   3.9467875e-03   5.6334837e-06   6.9402887e-07   1.4321033e-06   1.5291926e-02   1.1846370e-02   7.2520180e-03   4.0359980e-04  -4.3430635e-04   4.7284410e-04   2.3384300e-04   1.4033648e-04   5.2591765e-05   1.6289280e-07   1.8862201e-07   2.2358154e-07
   1.0000000e+00  -4.5963040e-02  -1.4472035e-01  -1.0049017e-01  -2.0311273e-03   9.3301689e-04  -1.1609562e-03   2.1126010e-03   2.0943980e-02   1.0098274e-02   4.1254781e-06   8.7052052e-07   1.3478193e-06   5.2940100e-04  -2.3470230e-02  -3.7666707e-02   3.4236880e-04   9.9932940e-05   3.5749000e-05   2.8026542e-07   5.5085170e-04   1.4187808e-03   1.1721640e-07   9.9865925e-09   1.2779910e-09
   1.0000000e+00  -5.4177736e-02  -9.0819648e-02  -1.2853403e-01  -1.9338291e-03   1.1263815e-03  -1.2216207e-03   2.9352271e-03   8.2482085e-03   1.6520997e-02   3.7396950e-06   1.2687353e-06   1.4923571e-06  -8.2146960e-03   5.3900702e-02  -2.8043860e-02   9.7298200e-05   1.9336461e-04  -6.0664500e-05   6.7481230e-05   2.9052857e-03   7.8645808e-04   9.4669397e-09   3.7389872e-08   3.6801816e-09
   1.0000000e+00  -5.7146762e-02  -1.4035168e-01  -1.2691802e-01  -1.2622867e-03   1.2332769e-03  -1.0153771e-03   3.2657524e-03   1.9698594e-02   1.6108184e-02   1.5933677e-06   1.5209719e-06   1.0309907e-06  -2.9690260e-03  -4.9532032e-02   1.6160100e-03   6.7154240e-04   1.0689540e-04   2.0624360e-04   8.8151154e-06   2.4534222e-03   2.6114883e-06   4.5096919e-07   1.1426627e-08   4.2536423e-08
   1.0000000e+00  -5.4945402e-02  -1.2870001e-01  -1.6933632e-01  -1.4916650e-03   1.4968694e-03  -9.6614887e-04   3.0189972e-03   1.6563693e-02   2.8674789e-02   2.2250645e-06   2.2406180e-06   9.3344364e-07   2.2013600e-03   1.1651670e-02  -4.2418300e-02  -2.2937830e-04   2.6359250e-04   4.9228230e-05   4.8459858e-06   1.3576141e-04   1.7993122e-03   5.2614405e-08   6.9481006e-08   2.4234186e-09
   1.0000000e+00  -5.7787942e-02  -1.1927213e-01  -1.2139157e-01  -1.9542704e-03   1.1939966e-03  -1.1784572e-03   3.3394462e-03   1.4225841e-02   1.4735913e-02   3.8191728e-06   1.4256279e-06   1.3887614e-06  -2.8425400e-03   9.4278800e-03   4.7944750e-02  -4.6260540e-04  -3.0287280e-04  -2.1230833e-04   8.0800337e-06   8.8884921e-05   2.2986991e-03   2.1400376e-07   9.1731933e-08   4.5074827e-08
   1.0000000e+00  -5.4574331e-02  -1.4961991e-01  -1.2504898e-01  -9.8600498e-04   1.3056346e-03  -1.0100851e-03   2.9783576e-03   2.2386117e-02   1.5637247e-02   9.7220582e-07   1.7046817e-06   1.0202719e-06   3.2136110e-03  -3.0347780e-02  -3.6574100e-03   9.6826542e-04   1.1163800e-04   1.6837210e-04   1.0327296e-05   9.2098775e-04   1.3376648e-05   9.3753792e-07   1.2463043e-08   2.8349164e-08
   1.0000000e+00  -5.0873545e-02  -1.6000421e-01  -6.6394362e-02  -2.5987598e-03   9.3619301e-04  -1.1335797e-03   2.5881176e-03   2.5601347e-02   4.4082113e-03   6.7535525e-06   8.7645735e-07   1.2850029e-06   3.7007860e-03  -1.0384300e-02   5.8654618e-02  -1.6127548e-03  -3.6944159e-04  -1.2349460e-04   1.3695817e-05   1.0783369e-04   3.4403642e-03   2.6009781e-06   1.3648709e-07   1.5250916e-08
   1.0000000e+00  -5.1513914e-02  -1.7603052e-01  -1.0444416e-01  -1.2443444e-03   1.0945147e-03  -1.0792939e-03   2.6536833e-03   3.0986744e-02   1.0908583e-02   1.5483930e-06   1.1979624e-06   1.1648753e-06  -6.4036900e-04  -1.6026310e-02  -3.8049798e-02   1.3544154e-03   1.5832169e-04   5.4285800e-05   4.1007246e-07   2.5684261e-04   1.4477871e-03   1.8344411e-06   2.5065758e-08   2.9469481e-09
   1.0000000e+00  -5.0870062e-02  -1.5993855e-01  -4.6247559e-02  -3.2610985e-03   9.5172269e-04  -1.2586410e-03   2.5877632e-03   2.5580340e-02   2.1388367e-03   1.0634763e-05   9.0577608e-07   1.5841772e-06   6.4385200e-04   1.6091970e-02   5.8196601e-02  -2.0167541e-03  -1.4279201e-04  -1.7934710e-04   4.1454540e-07   2.5895150e-04   3.3868444e-03   4.0672971e-06   2.0389558e-08   3.2165382e-08
   1.0000000e+00  -4.7946289e-02  -1.9526685e-01  -1.0547169e-01  -1.3421380e-03   9.1921225e-04  -1.1659772e-03   2.2988466e-03   3.8129143e-02   1.1124277e-02   1.8013344e-06   8.4495116e-07   1.3595028e-06   2.9237730e-03  -3.5328300e-02  -5.9224131e-02   1.9189605e-03  -3.2510440e-05   9.2663800e-05   8.5484486e-06   1.2480888e-03   3.5074977e-03   3.6824094e-06   1.0569287e-09   8.5865798e-09
   1.0000000e+00  -5.3374011e-02  -1.8279627e-01  -1.0356438e-01  -2.2815394e-03   7.9106558e-04  -1.1930076e-03   2.8487851e-03   3.3414476e-02   1.0725581e-02   5.2054220e-06   6.2578475e-07   1.4232671e-06  -5.4277220e-03   1.2470580e-02   1.9073100e-03  -9.3940140e-04  -1.2814667e-04  -2.7030400e-05   2.9460166e-05   1.5551537e-04   3.6378314e-06   8.8247499e-07   1.6421569e-08   7.3064252e-10
   1.0000000e+00  -5.7221741e-02  -1.7330389e-01  -1.3522263e-01  -1.6117366e-03   8.9068497e-04  -1.0972571e-03   3.2743276e-03   3.0034238e-02   1.8285160e-02   2.5976949e-06   7.9331972e-07   1.2039731e-06  -3.8477300e-03   9.4923800e-03  -3.1658250e-02   6.6980280e-04   9.9619390e-05   9.5750500e-05   1.4805026e-05   9.0105278e-05   1.0022448e-03   4.4863579e-07   9.9240229e-09   9.1681583e-09
   1.0000000e+00  -4.9248192e-02  -1.9344579e-01  -1.1728146e-01  -2.0679963e-03   8.0845938e-04  -1.2060971e-03   2.4253844e-03   3.7421274e-02   1.3754941e-02   4.2766087e-06   6.5360657e-07   1.4546702e-06   7.9735490e-03  -2.0141900e-02   1.7941170e-02  -4.5625970e-04  -8.2225590e-05  -1.0884000e-04   6.3577484e-05   4.0569614e-04   3.2188558e-04   2.0817291e-07   6.7610477e-09   1.1846146e-08
   1.0000000e+00  -5.2854189e-02  -1.8962101e-01  -1.2214104e-01  -1.8640190e-03   9.1908385e-04  -1.1186651e-03   2.7935653e-03   3.5956127e-02   1.4918434e-02   3.4745668e-06   8.4471512e-07   1.2514116e-06  -3.6059970e-03   3.8247800e-03  -4.8595800e-03   2.0397730e-04   1.1062447e-04   8.7432000e-05   1.3003214e-05   1.4628942e-05   2.3615518e-05   4.1606739e-08   1.2237773e-08   7.6443546e-09
   1.0000000e+00  -5.1098720e-02  -2.1724171e-01  -1.0801252e-01  -2.4549194e-03   9.5949723e-04  -1.2198426e-03   2.6110792e-03   4.7193961e-02   1.1666704e-02   6.0266293e-06   9.2063493e-07   1.4880160e-06   1.7554690e-03  -2.7620700e-02   1.4128520e-02  -5.9090040e-04   4.0413380e-05  -1.0117750e-04   3.0816714e-06   7.6290307e-04   1.9961508e-04   3.4916328e-07   1.6332413e-09   1.0236887e-08
   1.0000000e+00  -5.3035925e-02  -1.9570120e-01  -8.2221548e-02  -2.4736841e-03   8.6023710e-04  -1.1029165e-03   2.8128093e-03   3.8298960e-02   6.7603830e-03   6.1191130e-06   7.4000787e-07   1.2164248e-06  -1.9372050e-03   2.1540510e-02   2.5790972e-02  -1.8764700e-05  -9.9260130e-05   1.1692610e-04   3.7527632e-06   4.6399357e-04   6.6517424e-04   3.5211397e-10   9.8525734e-09   1.3671713e-08
   1.0000000e+00  -5.8488395e-02  -2.2436592e-01  -1.1529226e-01  -2.4850237e-03   9.8335051e-04  -1.1167244e-03   3.4208923e-03   5.0340066e-02   1.3292305e-02   6.1753428e-06   9.6697823e-07   1.2470734e-06  -5.4524700e-03  -2.8664720e-02  -3.3070712e-02  -1.1339600e-05   1.2311341e-04  -1.3807900e-05   2.9729429e-05   8.2166617e-04   1.0936720e-03   1.2858653e-10   1.5156912e-08   1.9065810e-10
   1.0000000e+00  -5.8246943e-02  -1.9027611e-01  -6.7553370e-02  -2.8048151e-03   9.2065037e-04  -1.2410437e-03   3.3927064e-03   3.6204998e-02   4.5634578e-03   7.8669877e-06   8.4759710e-07   1.5401895e-06   2.4145200e-04   3.4089810e-02   4.7738890e-02  -3.1979140e-04  -6.2700140e-05  -1.2431930e-04   5.8299068e-08   1.1621151e-03   2.2790016e-03   1.0226654e-07   3.9313076e-09   1.5455288e-08
   1.0000000e+00  -7.6289970e-02  -2.1133138e-01  -1.3293503e-01  -2.9768673e-03   1.5174916e-03  -1.4219428e-03   5.8201595e-03   4.4660952e-02   1.7671722e-02   8.8617389e-06   2.3027808e-06   2.0219213e-06  -1.8043027e-02  -2.1055270e-02  -6.5381660e-02  -1.7205220e-04   5.9684123e-04  -1.8089910e-04   3.2555082e-04   4.4332439e-04   4.2747615e-03   2.9601960e-08   3.5621945e-07   3.2724484e-08
   1.0000000e+00  -7.7648080e-02  -2.1809767e-01  -1.0132152e-01  -2.7018634e-03   1.4530087e-03  -1.3010085e-03   6.0292243e-03   4.7566594e-02   1.0266050e-02   7.3000658e-06   2.1112343e-06   1.6926231e-06  -1.3581100e-03  -6.7662900e-03   3.1613510e-02   2.7500390e-04  -6.4482900e-05   1.2093430e-04   1.8444628e-06   4.5782680e-05   9.9941401e-04   7.5627145e-08   4.1580444e-09   1.4625105e-08
   1.0000000e+00  -7.0177925e-02  -2.0705837e-01  -1.3568916e-01  -2.5668736e-03   1.3790043e-03  -1.4078234e-03   4.9249412e-03   4.2873169e-02   1.8411548e-02   6.5888401e-06   1.9016529e-06   1.9819667e-06   7.4701550e-03   1.1039300e-02  -3.4367640e-02   1.3498980e-04  -7.4004400e-05  -1.0681490e-04   5.5803216e-05   1.2186614e-04   1.1811347e-03   1.8222246e-08   5.4766512e-09   1.1409423e-08
   1.0000000e+00  -7.2591583e-02  -2.2669247e-01  -1.1805319e-01  -2.8900798e-03   1.2661039e-03  -1.3304149e-03   5.2695379e-03   5.1389476e-02   1.3936556e-02   8.3525613e-06   1.6030191e-06   1.7700038e-06  -2.4136580e-03  -1.9634100e-02   1.7635970e-02  -3.2320620e-04  -1.1290040e-04   7.7408500e-05   5.8257449e-06   3.8549788e-04   3.1102744e-04   1.0446225e-07   1.2746500e-08   5.9920759e-09
   1.0000000e+00  -6.8710341e-02  -2.0555161e-01  -2.0540426e-01  -2.1581511e-03   1.4465764e-03  -1.4708291e-03   4.7211110e-03   4.2251464e-02   4.2190910e-02   4.6576162e-06   2.0925833e-06   2.1633382e-06   3.8812420e-03   2.1140860e-02  -8.7351070e-02   7.3192870e-04   1.8047250e-04  -1.4041420e-04   1.5064039e-05   4.4693596e-04   7.6302094e-03   5.3571962e-07   3.2570323e-08   1.9716148e-08
   1.0000000e+00  -6.0307033e-02  -1.9712448e-01  -1.9938168e-01  -2.5973659e-03   1.1734999e-03  -1.5572333e-03   3.6369382e-03   3.8858061e-02   3.9753054e-02   6.7463096e-06   1.3771020e-06   2.4249756e-06   8.4033080e-03   8.4271300e-03   6.0225800e-03  -4.3921480e-04  -2.7307650e-04  -8.6404200e-05   7.0615585e-05   7.1016520e-05   3.6271470e-05   1.9290964e-07   7.4570775e-08   7.4656858e-09
   1.0000000e+00  -7.7763343e-02  -2.6027868e-01  -1.8178005e-01  -2.5304297e-03   1.3986075e-03  -1.4651011e-03   6.0471375e-03   6.7744991e-02   3.3043987e-02   6.4030745e-06   1.9561029e-06   2.1465212e-06  -1.7456310e-02  -6.3154200e-02   1.7601630e-02   6.6936200e-05   2.2510760e-04   9.2132200e-05   3.0472276e-04   3.9884530e-03   3.0981738e-04   4.4804549e-09   5.0673432e-08   8.4883423e-09
   1.0000000e+00  -7.2924375e-02  -2.2410530e-01  -1.5360492e-01  -2.4458687e-03   1.2472205e-03  -1.5039494e-03   5.3179645e-03   5.0223185e-02   2.3594471e-02   5.9822737e-06   1.5555590e-06   2.2618638e-06   4.8389680e-03   3.6173380e-02   2.8175130e-02   8.4561000e-05  -1.5138700e-04  -3.8848300e-05   2.3415611e-05   1.3085134e-03   7.9383795e-04   7.1505627e-09   2.2918024e-08   1.5091904e-09
   1.0000000e+00  -8.0822030e-02  -2.4700190e-01  -2.0522955e-01  -2.6135200e-03   1.4582019e-03  -1.7499612e-03   6.5322005e-03   6.1009939e-02   4.2119168e-02   6.8304868e-06   2.1263528e-06   3.0623642e-06  -7.8976550e-03  -2.2896600e-02  -5.1624630e-02  -1.6765130e-04   2.1098140e-04  -2.4601180e-04   6.2372954e-05   5.2425429e-04   2.6651024e-03   2.8106958e-08   4.4513151e-08   6.0521806e-08
   1.0000000e+00  -8.4444800e-02  -2.4246526e-01  -1.6482665e-01  -2.5963500e-03   1.5444930e-03  -1.5539812e-03   7.1309242e-03   5.8789402e-02   2.7167825e-02   6.7410333e-06   2.3854586e-06   2.4148576e-06  -3.6227700e-03   4.5366400e-03   4.0402900e-02   1.7170000e-05   8.6291100e-05   1.9598000e-04   1.3124462e-05   2.0581102e-05   1.6323943e-03   2.9480890e-10   7.4461539e-09   3.8408160e-08
   1.0000000e+00  -8.3724312e-02  -2.7584194e-01  -1.5789155e-01  -2.4779322e-03   1.4544605e-03  -1.7199310e-03   7.0097604e-03   7.6088776e-02   2.4929742e-02   6.1401480e-06   2.1154553e-06   2.9581626e-06   7.2048800e-04  -3.3376680e-02   6.9351000e-03   1.1841780e-04  -9.0032500e-05  -1.6594980e-04   5.1910296e-07   1.1140028e-03   4.8095612e-05   1.4022775e-08   8.1058511e-09   2.7539336e-08
   1.0000000e+00  -8.3526087e-02  -2.5706486e-01  -1.2876074e-01  -3.5181599e-03   1.5499362e-03  -1.5578783e-03   6.9766072e-03   6.6082342e-02   1.6579328e-02   1.2377449e-05   2.4023022e-06   2.4269848e-06   1.9822500e-04   1.8777080e-02   2.9130810e-02  -1.0402277e-03   9.5475700e-05   1.6205270e-04   3.9293151e-08   3.5257873e-04   8.4860409e-04   1.0820737e-06   9.1156093e-09   2.6261078e-08
   1.0000000e+00  -7.8189027e-02  -2.6090686e-01  -1.7024552e-01  -2.3386418e-03   1.4861928e-03  -1.5565438e-03   6.1135239e-03   6.8072390e-02   2.8983537e-02   5.4692455e-06   2.2087690e-06   2.4228286e-06   5.3370600e-03  -3.8420000e-03  -4.1484780e-02   1.1795181e-03  -6.3743400e-05   1.3345000e-06   2.8484209e-05   1.4760964e-05   1.7209870e-03   1.3912629e-06   4.0632210e-09   1.7808903e-12
   1.0000000e+00  -7.5291353e-02  -2.6443093e-01  -1.1024997e-01  -3.9027112e-03   1.4538197e-03  -1.5058132e-03   5.6687878e-03   6.9923717e-02   1.2155056e-02   1.5231155e-05   2.1135917e-06   2.2674734e-06   2.8976740e-03  -3.5240700e-03   5.9995550e-02  -1.5640694e-03  -3.2373100e-05   5.0730600e-05   8.3965146e-06   1.2419069e-05   3.5994660e-03   2.4463131e-06   1.0480176e-09   2.5735938e-09
   1.0000000e+00  -7.9876830e-02  -2.6478737e-01  -1.8865466e-01  -2.7887347e-03   1.5408855e-03  -1.6227631e-03   6.3803080e-03   7.0112351e-02   3.5590581e-02   7.7770412e-06   2.3743281e-06   2.6333601e-06  -4.5854770e-03  -3.5644000e-04  -7.8404690e-02   1.1139765e-03   8.7065800e-05  -1.1694990e-04   2.1026599e-05   1.2704947e-07   6.1472954e-03   1.2409436e-06   7.5804535e-09   1.3677279e-08
   1.0000000e+00  -7.6559028e-02  -2.9808780e-01  -1.2302472e-01  -3.5513596e-03   1.6670338e-03  -1.5346756e-03   5.8612848e-03   8.8856337e-02   1.5135082e-02   1.2612155e-05   2.7790017e-06   2.3552292e-06   3.3178020e-03  -3.3300430e-02   6.5629940e-02  -7.6262490e-04   1.2614830e-04   8.8087500e-05   1.1007810e-05   1.1089186e-03   4.3072890e-03   5.8159674e-07   1.5913394e-08   7.7594077e-09
   1.0000000e+00  -8.4626198e-02  -2.5560733e-01  -2.0724140e-01  -3.3746027e-03   1.7289230e-03  -1.7169080e-03   7.1615934e-03   6.5335107e-02   4.2948998e-02   1.1387943e-05   2.9891747e-06   2.9477731e-06  -8.0671700e-03   4.2480470e-02  -8.4216680e-02   1.7675690e-04   6.1889200e-05  -1.8223240e-04   6.5079232e-05   1.8045903e-03   7.0924492e-03   3.1243002e-08   3.8302731e-09   3.3208648e-08
   1.0000000e+00  -7.2492777e-02  -2.7359741e-01  -1.6346227e-01  -3.1543834e-03   1.6456227e-03  -1.4481197e-03   5.2552027e-03   7.4855543e-02   2.6719914e-02   9.9501346e-06   2.7080741e-06   2.0970507e-06   1.2133421e-02  -1.7990080e-02   4.3779130e-02   2.2021930e-04  -8.3300300e-05   2.6878830e-04   1.4721991e-04   3.2364298e-04   1.9166122e-03   4.8496540e-08   6.9389400e-09   7.2247150e-08
   1.0000000e+00  -7.9029567e-02  -2.6472863e-01  -1.8558010e-01  -3.0716747e-03   1.5060091e-03  -1.6388281e-03   6.2456725e-03   7.0081248e-02   3.4439974e-02   9.4351855e-06   2.2680634e-06   2.6857575e-06  -6.5367900e-03   8.8687800e-03  -2.2117830e-02   8.2708700e-05  -1.3961360e-04  -1.9070840e-04   4.2729624e-05   7.8655259e-05   4.8919840e-04   6.8407291e-09   1.9491957e-08   3.6369694e-08
   1.0000000e+00  -7.9299729e-02  -2.7534758e-01  -1.8085176e-01  -2.9764772e-03   1.6578935e-03  -1.5907466e-03   6.2884470e-03   7.5816290e-02   3.2707359e-02   8.8594165e-06   2.7486109e-06   2.5304747e-06  -2.7016200e-04  -1.0618950e-02   4.7283400e-03   9.5197500e-05   1.5188440e-04   4.8081500e-05   7.2987506e-08   1.1276210e-04   2.2357199e-05   9.0625640e-09   2.3068871e-08   2.3118306e-09
   1.0000000e+00  -8.4296914e-02  -2.7249097e-01  -1.8096355e-01  -2.8996614e-03   1.3895677e-03  -1.7572527e-03   7.1059697e-03   7.4251329e-02   3.2747806e-02   8.4080362e-06   1.9308984e-06   3.0879371e-06  -4.9971850e-03   2.8566100e-03  -1.1179000e-04   7.6815800e-05  -2.6832580e-04  -1.6650610e-04   2.4971858e-05   8.1602207e-06   1.2497004e-08   5.9006671e-09   7.1998735e-08   2.7724281e-08
   1.0000000e+00  -8.7526356e-02  -2.5894011e-01  -2.0781506e-01  -3.0524106e-03   1.5724588e-03  -1.7358414e-03   7.6608630e-03   6.7049981e-02   4.3187099e-02   9.3172105e-06   2.4726267e-06   3.0131454e-06  -3.2294420e-03   1.3550860e-02  -2.6851510e-02  -1.5274920e-04   1.8289110e-04   2.1411300e-05   1.0429296e-05   1.8362581e-04   7.2100359e-04   2.3332318e-08   3.3449154e-08   4.5844377e-10
   1.0000000e+00  -9.0307631e-02  -2.9819618e-01  -2.0125797e-01  -2.3213555e-03   1.4494685e-03  -1.7607833e-03   8.1554682e-03   8.8920962e-02   4.0504770e-02   5.3886914e-06   2.1009589e-06   3.1003578e-06  -2.7812750e-03  -3.9256070e-02   6.5570900e-03   7.3105510e-04  -1.2299030e-04  -2.4941900e-05   7.7354906e-06   1.5410390e-03   4.2995429e-05   5.3444156e-07   1.5126614e-08   6.2209838e-10
   1.0000000e+00  -8.9921437e-02  -2.9212800e-01  -2.0452597e-01  -2.8045470e-03   2.0089651e-03  -1.7327941e-03   8.0858648e-03   8.5338768e-02   4.1830872e-02   7.8654839e-06   4.0359408e-06   3.0025754e-06   3.8619400e-04   6.0681800e-03  -3.2680000e-03  -4.8319150e-04   5.5949660e-04   2.7989200e-05   1.4914581e-07   3.6822809e-05   1.0679824e-05   2.3347403e-07   3.1303645e-07   7.8339532e-10
   1.0000000e+00  -9.8688215e-02  -3.5000624e-01  -1.7932336e-01  -2.2395001e-03   1.7274431e-03  -1.8622678e-03   9.7393638e-03   1.2250437e-01   3.2156867e-02   5.0153607e-06   2.9840597e-06   3.4680414e-06  -8.7667780e-03  -5.7878240e-02   2.5202610e-02   5.6504690e-04  -2.8152200e-04  -1.2947370e-04   7.6856397e-05   3.3498907e-03   6.3517155e-04   3.1927800e-07   7.9254636e-08   1.6763439e-08
   1.0000000e+00  -8.2390064e-02  -2.9305806e-01  -1.8357900e-01  -3.1284750e-03   1.8663408e-03  -1.6083140e-03   6.7881226e-03   8.5883027e-02   3.3701249e-02   9.7873558e-06   3.4832280e-06   2.5866739e-06   1.6298151e-02   5.6948180e-02  -4.2556400e-03  -8.8897490e-04   1.3889770e-04   2.5395380e-04   2.6562973e-04   3.2430952e-03   1.8110472e-05   7.9027637e-07   1.9292571e-08   6.4492533e-08
   1.0000000e+00  -1.0657952e-01  -3.6343772e-01  -1.3158854e-01  -3.0955097e-03   1.6582164e-03  -2.0262492e-03   1.1359194e-02   1.3208698e-01   1.7315544e-02   9.5821803e-06   2.7496816e-06   4.1056858e-06  -2.4189456e-02  -7.0379660e-02   5.1990460e-02   3.2965300e-05  -2.0812440e-04  -4.1793520e-04   5.8512978e-04   4.9532965e-03   2.7030079e-03   1.0867110e-09   4.3315766e-08   1.7466983e-07
   1.0000000e+00  -9.7791373e-02  -2.9687695e-01  -1.5555991e-01  -3.9469770e-03   2.8722224e-03  -1.6606231e-03   9.5631526e-03   8.8135923e-02   2.4198886e-02   1.5578627e-05   8.2496615e-06   2.7576691e-06   8.7881470e-03   6.6560770e-02  -2.3971370e-02  -8.5146730e-04   1.2140060e-03   3.6562610e-04   7.7231528e-05   4.4303361e-03   5.7462658e-04   7.2499656e-07   1.4738106e-06   1.3368245e-07
   1.0000000e+00  -1.5769580e-01  -3.4678498e-01  -8.9788124e-02  -3.0832188e-03  -5.4963563e-04  -4.1889353e-03   2.4867965e-02   1.2025982e-01   8.0619072e-03   9.5062382e-06   3.0209933e-07   1.7547179e-05  -5.9904427e-02  -4.9908030e-02   6.5771786e-02   8.6375820e-04  -3.4218580e-03  -2.5283122e-03   3.5885404e-03   2.4908115e-03   4.3259278e-03   7.4607823e-07   1.1709112e-05   6.3923626e-06
   1.0000000e+00  -1.0261188e-01  -3.0876825e-01  -1.3584000e-01  -4.2361572e-03   1.5884968e-03  -2.6429090e-03   1.0529198e-02   9.5337832e-02   1.8452506e-02   1.7945028e-05   2.5233221e-06   6.9849680e-06   5.5083920e-02   3.8016730e-02  -4.6051876e-02  -1.1529384e-03   2.1381324e-03   1.5460263e-03   3.0342382e-03   1.4452718e-03   2.1207753e-03   1.3292670e-06   4.5716103e-06   2.3901973e-06
   1.0000000e+00  -1.0364614e-01  -3.4646675e-01  -1.6243138e-01  -3.5071962e-03   3.0358004e-03  -2.2280199e-03   1.0742522e-02   1.2003921e-01   2.6383953e-02   1.2300425e-05   9.2160841e-06   4.9640727e-06  -1.0342600e-03  -3.7698500e-02  -2.6591380e-02   7.2896100e-04   1.4473036e-03   4.1488910e-04   1.0696937e-06   1.4211769e-03   7.0710149e-04   5.3138414e-07   2.0946877e-06   1.7213297e-07
   1.0000000e+00  -1.2781705e-01  -3.1084468e-01  -1.6973766e-01  -4.9109386e-03   2.2130910e-03  -3.1351843e-03   1.6337198e-02   9.6624415e-02   2.8810873e-02   2.4117318e-05   4.8977718e-06   9.8293806e-06  -2.4170910e-02   3.5622070e-02  -7.3062800e-03  -1.4037424e-03  -8.2270940e-04  -9.0716440e-04   5.8423289e-04   1.2689319e-03   5.3381727e-05   1.9704927e-06   6.7685076e-07   8.2294725e-07
   1.0000000e+00  -1.1900485e-01  -3.4311214e-01  -2.0273809e-01  -3.3813009e-03   2.6286217e-03  -2.6011781e-03   1.4162154e-02   1.1772594e-01   4.1102733e-02   1.1433196e-05   6.9096520e-06   6.7661275e-06   8.8122000e-03  -3.2267460e-02  -3.3000430e-02   1.5296377e-03   4.1553070e-04   5.3400620e-04   7.7654869e-05   1.0411890e-03   1.0890284e-03   2.3397915e-06   1.7266576e-07   2.8516262e-07
   1.0000000e+00  -1.1851864e-01  -3.3446245e-01  -1.9729963e-01  -3.7494421e-03   2.0957414e-03  -2.7227574e-03   1.4046668e-02   1.1186513e-01   3.8927144e-02   1.4058316e-05   4.3921320e-06   7.4134079e-06   4.8621000e-04   8.6496900e-03   5.4384600e-03  -3.6814120e-04  -5.3288030e-04  -1.2157930e-04   2.3640016e-07   7.4817137e-05   2.9576847e-05   1.3552794e-07   2.8396141e-07   1.4781526e-08
   1.0000000e+00  -1.1917615e-01  -3.1743170e-01  -1.8320797e-01  -3.3678651e-03   2.5051103e-03  -2.4101506e-03   1.4202955e-02   1.0076288e-01   3.3565160e-02   1.1342515e-05   6.2755776e-06   5.8088259e-06  -6.5751000e-04   1.7030750e-02   1.4091660e-02   3.8157700e-04   4.0936890e-04   3.1260680e-04   4.3231940e-07   2.9004645e-04   1.9857488e-04   1.4560101e-07   1.6758290e-07   9.7723011e-08
   1.0000000e+00  -1.2267677e-01  -3.3791260e-01  -1.7992434e-01  -4.0782966e-03   2.2235333e-03  -2.6456861e-03   1.5049590e-02   1.1418493e-01   3.2372768e-02   1.6632503e-05   4.9441003e-06   6.9996549e-06  -3.5006200e-03  -2.0480900e-02   3.2836300e-03  -7.1043150e-04  -2.8157700e-04  -2.3553550e-04   1.2254340e-05   4.1946726e-04   1.0782226e-05   5.0471292e-07   7.9285607e-08   5.5476972e-08
   1.0000000e+00  -1.0788249e-01  -3.3644816e-01  -1.5522785e-01  -3.7629921e-03   2.1137240e-03  -2.4643997e-03   1.1638632e-02   1.1319736e-01   2.4095685e-02   1.4160110e-05   4.4678291e-06   6.0732659e-06   1.4794280e-02   1.4644400e-03   2.4696490e-02   3.1530450e-04  -1.0980930e-04   1.8128640e-04   2.1887072e-04   2.1445845e-06   6.0991662e-04   9.9416928e-08   1.2058082e-08   3.2864759e-08
   1.0000000e+00  -1.1606109e-01  -3.5876536e-01  -1.5105716e-01  -4.1422947e-03   2.1452876e-03  -2.6074733e-03   1.3470177e-02   1.2871258e-01   2.2818266e-02   1.7158605e-05   4.6022589e-06   6.7989170e-06  -8.1786000e-03  -2.2317200e-02   4.1706900e-03  -3.7930260e-04   3.1563600e-05  -1.4307360e-04   6.6889498e-05   4.9805742e-04   1.7394655e-05   1.4387046e-07   9.9626084e-10   2.0470055e-08
   1.0000000e+00  -1.1113367e-01  -3.4180476e-01  -1.2197838e-01  -4.2044025e-03   2.2424053e-03  -2.6548231e-03   1.2350693e-02   1.1683049e-01   1.4878725e-02   1.7677000e-05   5.0283815e-06   7.0480857e-06   4.9274200e-03   1.6960600e-02   2.9078780e-02  -6.2107800e-05   9.7117700e-05  -4.7349800e-05   2.4279468e-05   2.8766195e-04   8.4557545e-04   3.8573788e-09   9.4318477e-09   2.2420036e-09
   1.0000000e+00  -1.2250489e-01  -3.7471057e-01  -1.2684315e-01  -4.6620058e-03   2.4175284e-03  -2.7563838e-03   1.5007448e-02   1.4040801e-01   1.6089185e-02   2.1734298e-05   5.8444436e-06   7.5976517e-06  -1.1371220e-02  -3.2905810e-02  -4.8647700e-03  -4.5760330e-04   1.7512310e-04  -1.0156070e-04   1.2930464e-04   1.0827923e-03   2.3665987e-05   2.0940078e-07   3.0668100e-08   1.0314576e-08
   1.0000000e+00  -1.1653248e-01  -3.5136556e-01  -1.2094512e-01  -4.3850264e-03   2.5087146e-03  -2.8349653e-03   1.3579819e-02   1.2345776e-01   1.4627722e-02   1.9228457e-05   6.2936489e-06   8.0370283e-06   5.9724100e-03   2.3345010e-02   5.8980300e-03   2.7697940e-04   9.1186200e-05  -7.8581500e-05   3.5669681e-05   5.4498949e-04   3.4786758e-05   7.6717588e-08   8.3149231e-09   6.1750521e-09
   1.0000000e+00  -1.2829347e-01  -3.5606756e-01  -1.3884907e-01  -4.6572818e-03   2.6480391e-03  -2.7717419e-03   1.6459214e-02   1.2678411e-01   1.9279064e-02   2.1690274e-05   7.0121111e-06   7.6825532e-06  -1.1760990e-02  -4.7020000e-03  -1.7903950e-02  -2.7225540e-04   1.3932450e-04   6.3223400e-05   1.3832089e-04   2.2108804e-05   3.2055143e-04   7.4123003e-08   1.9411316e-08   3.9971983e-09
   1.0000000e+00  -1.2493942e-01  -3.3607817e-01  -1.7472073e-01  -4.0906299e-03   2.5589319e-03  -2.7366121e-03   1.5609859e-02   1.1294854e-01   3.0527333e-02   1.6733253e-05   6.5481325e-06   7.4890458e-06   3.3540500e-03   1.9989390e-02  -3.5871660e-02   5.6665190e-04  -8.9107200e-05   3.5129800e-05   1.1249651e-05   3.9957571e-04   1.2867760e-03   3.2109438e-07   7.9400931e-09   1.2341028e-09
   1.0000000e+00  -1.2481501e-01  -3.6656053e-01  -1.3391791e-01  -4.0375732e-03   2.1328285e-03  -2.8589629e-03   1.5578787e-02   1.3436662e-01   1.7934007e-02   1.6301997e-05   4.5489574e-06   8.1736689e-06   1.2441000e-04  -3.0482360e-02   4.0802820e-02   5.3056700e-05  -4.2610340e-04  -1.2235080e-04   1.5477848e-08   9.2917427e-04   1.6648701e-03   2.8150134e-09   1.8156411e-07   1.4969718e-08
   1.0000000e+00  -1.2542003e-01  -3.2618475e-01  -2.4790864e-01  -3.5866798e-03   2.4565012e-03  -2.5965919e-03   1.5730184e-02   1.0639649e-01   6.1458694e-02   1.2864272e-05   6.0343981e-06   6.7422895e-06  -6.0502000e-04   4.0375780e-02  -1.1399073e-01   4.5089340e-04   3.2367270e-04   2.6237100e-04   3.6604920e-07   1.6302036e-03   1.2993887e-02   2.0330486e-07   1.0476402e-07   6.8838542e-08
   1.0000000e+00  -1.2468252e-01  -3.7602924e-01  -1.5352552e-01  -3.6948473e-03   2.1798113e-03  -2.7416458e-03   1.5545731e-02   1.4139799e-01   2.3570085e-02   1.3651897e-05   4.7515773e-06   7.5166217e-06   7.3751000e-04  -4.9844490e-02   9.4383120e-02  -1.0816750e-04  -2.7668990e-04  -1.4505390e-04   5.4392100e-07   2.4844732e-03   8.9081733e-03   1.1700208e-08   7.6557301e-08   2.1040634e-08
   1.0000000e+00  -1.2381022e-01  -3.4875648e-01  -2.2030617e-01  -3.4475509e-03   2.5010081e-03  -2.4991239e-03   1.5328971e-02   1.2163108e-01   4.8534809e-02   1.1885607e-05   6.2550415e-06   6.2456203e-06   8.7230000e-04   2.7272760e-02  -6.6780650e-02   2.4729640e-04   3.2119680e-04   2.4252190e-04   7.6090729e-07   7.4380344e-04   4.4596552e-03   6.1155509e-08   1.0316738e-07   5.8816872e-08
   1.0000000e+00  -1.1438749e-01  -4.0442505e-01  -1.5184638e-01  -3.4602929e-03   2.2071697e-03  -2.5048631e-03   1.3084498e-02   1.6355962e-01   2.3057323e-02   1.1973627e-05   4.8715981e-06   6.2743391e-06   9.4227300e-03  -5.5668570e-02   6.8459790e-02  -1.2742000e-05  -2.9383840e-04  -5.7392000e-06   8.8787841e-05   3.0989897e-03   4.6867428e-03   1.6235856e-10   8.6341005e-08   3.2938417e-11
   1.0000000e+00  -1.1409604e-01  -3.5973643e-01  -1.9317296e-01  -3.8132766e-03   2.3380943e-03  -2.5023267e-03   1.3017906e-02   1.2941030e-01   3.7315792e-02   1.4541078e-05   5.4666850e-06   6.2616389e-06   2.9145000e-04   4.4688620e-02  -4.1326580e-02  -3.5298370e-04   1.3092460e-04   2.5364000e-06   8.4943102e-08   1.9970728e-03   1.7078862e-03   1.2459749e-07   1.7141251e-08   6.4333250e-12
   1.0000000e+00  -1.1227767e-01  -4.4061232e-01  -1.3785952e-01  -3.4432604e-03   2.0713844e-03  -2.5368894e-03   1.2606275e-02   1.9413922e-01   1.9005247e-02   1.1856042e-05   4.2906333e-06   6.4358078e-06   1.8183700e-03  -8.0875890e-02   5.5313440e-02   3.7001620e-04  -2.6670990e-04  -3.4562700e-05   3.3064695e-06   6.5409096e-03   3.0595766e-03   1.3691199e-07   7.1134171e-08   1.1945802e-09
   1.0000000e+00  -1.1128538e-01  -3.5907561e-01  -2.1081261e-01  -3.9597697e-03   2.2750165e-03  -2.6204391e-03   1.2384436e-02   1.2893529e-01   4.4441957e-02   1.5679776e-05   5.1757001e-06   6.8667011e-06   9.9229000e-04   8.1536710e-02  -7.2953090e-02  -5.1650930e-04   2.0363210e-04  -8.3549700e-05   9.8463944e-07   6.6482351e-03   5.3221533e-03   2.6678186e-07   4.1466032e-08   6.9805524e-09
   1.0000000e+00  -1.2539484e-01  -4.3039091e-01  -1.2580051e-01  -4.6250325e-03   2.1766549e-03  -2.7244496e-03   1.5723866e-02   1.8523634e-01   1.5825768e-02   2.1390926e-05   4.7378266e-06   7.4226256e-06  -1.4109460e-02  -7.1315300e-02   8.5012100e-02  -6.6526280e-04  -9.8361600e-05  -1.0401050e-04   1.9907686e-04   5.0858720e-03   7.2270571e-03   4.4257459e-07   9.6750044e-09   1.0818184e-08
   1.0000000e+00  -1.1827961e-01  -4.1328599e-01  -2.1575931e-01  -3.0645289e-03   2.3179917e-03  -2.7343258e-03   1.3990066e-02   1.7080531e-01   4.6552080e-02   9.3913374e-06   5.3730855e-06   7.4765376e-06   7.1152300e-03   1.7104920e-02  -8.9958800e-02   1.5605036e-03   1.4133680e-04  -9.8762000e-06   5.0626498e-05   2.9257829e-04   8.0925857e-03   2.4351715e-06   1.9976091e-08   9.7539326e-11
   1.0000000e+00  -1.1274276e-01  -4.0730831e-01  -1.6487708e-01  -4.0417827e-03   2.1897363e-03  -2.7303702e-03   1.2710930e-02   1.6590006e-01   2.7184452e-02   1.6336007e-05   4.7949451e-06   7.4549214e-06   5.5368500e-03   5.9776800e-03   5.0882230e-02  -9.7725380e-04  -1.2825540e-04   3.9556000e-06   3.0656708e-05   3.5732658e-05   2.5890013e-03   9.5502499e-07   1.6449448e-08   1.5646771e-11
   1.0000000e+00  -1.1497649e-01  -3.7481473e-01  -2.2166585e-01  -3.6977623e-03   2.3110945e-03  -2.7056937e-03   1.3219593e-02   1.4048608e-01   4.9135749e-02   1.3673446e-05   5.3411578e-06   7.3207784e-06  -2.2337300e-03   3.2493580e-02  -5.6788770e-02   3.4402040e-04   1.2135820e-04   2.4676500e-05   4.9895497e-06   1.0558327e-03   3.2249644e-03   1.1835004e-07   1.4727813e-08   6.0892965e-10
   1.0000000e+00  -1.1455895e-01  -4.2528729e-01  -1.7699921e-01  -3.8350178e-03   2.1264308e-03  -2.6785623e-03   1.3123753e-02   1.8086928e-01   3.1328720e-02   1.4707362e-05   4.5217079e-06   7.1746960e-06   4.1754000e-04  -5.0472560e-02   4.4666640e-02  -1.3725550e-04  -1.8466370e-04   2.7131400e-05   1.7433965e-07   2.5474793e-03   1.9951087e-03   1.8839072e-08   3.4100682e-08   7.3611287e-10
   1.0000000e+00  -1.1057276e-01  -3.7963036e-01  -2.2713652e-01  -3.8561451e-03   2.0843091e-03  -2.6521216e-03   1.2226335e-02   1.4411921e-01   5.1590999e-02   1.4869855e-05   4.3443444e-06   7.0337490e-06   3.9861900e-03   4.5656930e-02  -5.0137310e-02  -2.1127300e-05  -4.2121700e-05   2.6440700e-05   1.5889711e-05   2.0845553e-03   2.5137499e-03   4.4636281e-10   1.7742376e-09   6.9911062e-10
   1.0000000e+00  -1.0738735e-01  -4.5551491e-01  -1.6843085e-01  -3.9371403e-03   1.8925212e-03  -2.5009024e-03   1.1532043e-02   2.0749383e-01   2.8368951e-02   1.5501074e-05   3.5816365e-06   6.2545128e-06   3.1854100e-03  -7.5884550e-02   5.8705670e-02  -8.0995200e-05  -1.9178790e-04   1.5121920e-04   1.0146837e-05   5.7584649e-03   3.4463557e-03   6.5602224e-09   3.6782599e-08   2.2867246e-08
   1.0000000e+00  -1.1128492e-01  -3.8870087e-01  -2.5138863e-01  -3.9622816e-03   2.2281759e-03  -2.6675084e-03   1.2384333e-02   1.5108837e-01   6.3196243e-02   1.5699675e-05   4.9647678e-06   7.1156011e-06  -3.8975700e-03   6.6814040e-02  -8.2957780e-02  -2.5141300e-05   3.3565470e-04  -1.6660600e-04   1.5191052e-05   4.4641159e-03   6.8819933e-03   6.3208497e-10   1.1266408e-07   2.7757559e-08
   1.0000000e+00  -1.1223569e-01  -4.4783901e-01  -1.5891934e-01  -4.7087341e-03   2.0040431e-03  -2.5395203e-03   1.2596850e-02   2.0055978e-01   2.5255357e-02   2.2172177e-05   4.0161887e-06   6.4491634e-06  -9.5077000e-04  -5.9138140e-02   9.2469290e-02  -7.4645250e-04  -2.2413280e-04   1.2798810e-04   9.0396359e-07   3.4973196e-03   8.5505696e-03   5.5719133e-07   5.0235512e-08   1.6380954e-08
   1.0000000e+00  -1.1497429e-01  -4.1978848e-01  -2.6269034e-01  -3.9270948e-03   2.3328146e-03  -2.5479341e-03   1.3219087e-02   1.7622237e-01   6.9006215e-02   1.5422074e-05   5.4420240e-06   6.4919682e-06  -2.7386000e-03   2.8050530e-02  -1.0377100e-01   7.8163930e-04   3.2877150e-04  -8.4138000e-06   7.4999300e-06   7.8683223e-04   1.0768420e-02   6.1096000e-07   1.0809070e-07   7.0792030e-11
   1.0000000e+00  -1.1230230e-01  -4.6454640e-01  -1.6593733e-01  -4.2385825e-03   2.0909105e-03  -2.5766409e-03   1.2611807e-02   2.1580336e-01   2.7535197e-02   1.7965582e-05   4.3719067e-06   6.6390783e-06   2.6719900e-03  -4.4757920e-02   9.6753010e-02  -3.1148770e-04  -2.4190410e-04  -2.8706800e-05   7.1395306e-06   2.0032714e-03   9.3611449e-03   9.7024587e-08   5.8517594e-08   8.2408037e-10
   1.0000000e+00  -1.2096463e-01  -4.1242892e-01  -2.4672711e-01  -4.5151324e-03   2.5090624e-03  -2.4767615e-03   1.4632442e-02   1.7009761e-01   6.0874267e-02   2.0386421e-05   6.2953941e-06   6.1343475e-06  -8.6623300e-03   5.2117480e-02  -8.0789780e-02  -2.7654990e-04   4.1815190e-04   9.9879400e-05   7.5035961e-05   2.7162317e-03   6.5269886e-03   7.6479847e-08   1.7485101e-07   9.9758945e-09
   1.0000000e+00  -1.2228481e-01  -4.4500486e-01  -2.0008284e-01  -4.1872388e-03   2.3280858e-03  -2.5433408e-03   1.4953575e-02   1.9802933e-01   4.0033143e-02   1.7532969e-05   5.4199835e-06   6.4685824e-06  -1.3201800e-03  -3.2575940e-02   4.6644270e-02   3.2789360e-04  -1.8097660e-04  -6.6579300e-05   1.7428752e-06   1.0611919e-03   2.1756879e-03   1.0751421e-07   3.2752530e-08   4.4328032e-09
   1.0000000e+00  -1.1451826e-01  -4.4035682e-01  -2.1470538e-01  -4.2682601e-03   2.3642770e-03  -2.5753155e-03   1.3114432e-02   1.9391413e-01   4.6098400e-02   1.8218044e-05   5.5898057e-06   6.6322499e-06   7.7665500e-03   4.6480400e-03  -1.4622540e-02  -8.1021300e-05   3.6191200e-05  -3.1974700e-05   6.0319299e-05   2.1604276e-05   2.1381868e-04   6.5644511e-09   1.3098030e-09   1.0223814e-09
   1.0000000e+00  -1.2366312e-01  -4.6417472e-01  -1.9311438e-01  -4.9493907e-03   2.4075243e-03  -2.6183617e-03   1.5292567e-02   2.1545817e-01   3.7293164e-02   2.4496468e-05   5.7961733e-06   6.8558180e-06  -9.1448600e-03  -2.3817900e-02   2.1591000e-02  -6.8113060e-04   4.3247300e-05  -4.3046200e-05   8.3628464e-05   5.6729236e-04   4.6617128e-04   4.6393889e-07   1.8703290e-09   1.8529753e-09
   1.0000000e+00  -1.2059465e-01  -4.7112708e-01  -2.4614324e-01  -3.7522705e-03   2.4389093e-03  -2.6262888e-03   1.4543070e-02   2.2196073e-01   6.0586495e-02   1.4079534e-05   5.9482786e-06   6.8973929e-06   3.0684700e-03  -6.9523600e-03  -5.3028860e-02   1.1971202e-03   3.1385000e-05  -7.9271000e-06   9.4155081e-06   4.8335310e-05   2.8120600e-03   1.4330968e-06   9.8501823e-10   6.2838914e-11
   1.0000000e+00  -1.1516048e-01  -4.7493201e-01  -1.8764105e-01  -4.8328357e-03   2.1080780e-03  -2.6705053e-03   1.3261936e-02   2.2556041e-01   3.5209164e-02   2.3356301e-05   4.4439929e-06   7.1315986e-06   5.4341700e-03  -3.8049300e-03   5.8502190e-02  -1.0805652e-03  -3.3083130e-04  -4.4216500e-05   2.9530204e-05   1.4477492e-05   3.4225062e-03   1.1676212e-06   1.0944935e-07   1.9550989e-09
   1.0000000e+00  -1.2407914e-01  -4.7234054e-01  -2.4917760e-01  -4.2569039e-03   2.4654826e-03  -2.6979278e-03   1.5395633e-02   2.2310559e-01   6.2089476e-02   1.8121231e-05   6.0786045e-06   7.2788144e-06  -8.9186600e-03   2.5914700e-03  -6.1536550e-02   5.7593180e-04   3.5740460e-04  -2.7422500e-05   7.9542496e-05   6.7157168e-06   3.7867470e-03   3.3169744e-07   1.2773805e-07   7.5199351e-10
   1.0000000e+00  -1.2731836e-01  -4.6012361e-01  -2.5279542e-01  -4.1591877e-03   2.4205068e-03  -2.7601800e-03   1.6209965e-02   2.1171374e-01   6.3905524e-02   1.7298842e-05   5.8588532e-06   7.6185936e-06  -3.2392200e-03   1.2216930e-02  -3.6178200e-03   9.7716200e-05  -4.4975800e-05  -6.2252200e-05   1.0492546e-05   1.4925338e-04   1.3088622e-05   9.5484557e-09   2.0228226e-09   3.8753364e-09
   1.0000000e+00  -1.1162858e-01  -4.8839030e-01  -2.3736633e-01  -4.2167893e-03   2.3320642e-03  -2.6772190e-03   1.2460940e-02   2.3852509e-01   5.6342775e-02   1.7781312e-05   5.4385234e-06   7.1675016e-06   1.5689780e-02  -2.8266690e-02   1.5429090e-02  -5.7601600e-05  -8.8442600e-05   8.2961000e-05   2.4616920e-04   7.9900576e-04   2.3805682e-04   3.3179443e-09   7.8220935e-09   6.8825275e-09
   1.0000000e+00  -1.2137015e-01  -4.7408450e-01  -2.4585096e-01  -4.6558196e-03   2.5063849e-03  -2.6742227e-03   1.4730713e-02   2.2475611e-01   6.0442695e-02   2.1676656e-05   6.2819653e-06   7.1514670e-06  -9.7415700e-03   1.4305800e-02  -8.4846300e-03  -4.3903030e-04   1.7432070e-04   2.9963000e-06   9.4898186e-05   2.0465591e-04   7.1988946e-05   1.9274760e-07   3.0387706e-08   8.9778137e-12
   1.0000000e+00  -1.2294651e-01  -4.5962324e-01  -2.9856212e-01  -3.7237421e-03   2.7592803e-03  -2.7773794e-03   1.5115844e-02   2.1125352e-01   8.9139339e-02   1.3866255e-05   7.6136278e-06   7.7138363e-06  -1.5763600e-03   1.4461260e-02  -5.2711160e-02   9.3207750e-04   2.5289540e-04  -1.0315670e-04   2.4849108e-06   2.0912804e-04   2.7784664e-03   8.6876847e-07   6.3956083e-08   1.0641305e-08
   1.0000000e+00  -1.0484180e-01  -4.7167502e-01  -2.8082602e-01  -4.0307765e-03   2.4625876e-03  -2.4498244e-03   1.0991803e-02   2.2247732e-01   7.8863254e-02   1.6247159e-05   6.0643377e-06   6.0016396e-06   1.8104710e-02  -1.2051780e-02   1.7736100e-02  -3.0703440e-04  -2.9669270e-04   3.2755500e-04   3.2778052e-04   1.4524540e-04   3.1456924e-04   9.4270123e-08   8.8026558e-08   1.0729228e-07
   1.0000000e+00  -8.1678241e-02  -5.4457376e-01  -2.6739323e-01  -2.5277277e-03   2.4839466e-03  -1.4742389e-03   6.6713351e-03   2.9656058e-01   7.1499139e-02   6.3894073e-06   6.1699907e-06   2.1733803e-06   2.3163559e-02  -7.2898740e-02   1.3432790e-02   1.5030488e-03   2.1359000e-05   9.7558550e-04   5.3655047e-04   5.3142263e-03   1.8043985e-04   2.2591557e-06   4.5620688e-10   9.5176707e-07
   1.0000000e+00  -8.0791670e-02  -4.8476365e-01  -3.1063907e-01  -2.1232681e-03   2.3009628e-03  -1.6601645e-03   6.5272939e-03   2.3499580e-01   9.6496632e-02   4.5082674e-06   5.2944298e-06   2.7561462e-06   8.8657100e-04   5.9810110e-02  -4.3245840e-02   4.0445960e-04  -1.8298380e-04  -1.8592560e-04   7.8600814e-07   3.5772493e-03   1.8702027e-03   1.6358757e-07   3.3483071e-08   3.4568329e-08
   1.0000000e+00  -7.7540052e-02  -5.3500031e-01  -2.7975513e-01  -1.1459338e-03   2.3026210e-03  -1.4677561e-03   6.0124597e-03   2.8622533e-01   7.8262933e-02   1.3131643e-06   5.3020635e-06   2.1543080e-06   3.2516180e-03  -5.0236660e-02   3.0883940e-02   9.7733430e-04   1.6582000e-06   1.9240840e-04   1.0573020e-05   2.5237220e-03   9.5381775e-04   9.5518233e-07   2.7496272e-12   3.7020992e-08
   1.0000000e+00  -8.1551269e-02  -4.8183843e-01  -2.8777681e-01  -2.5338312e-03   2.2888960e-03  -1.6425684e-03   6.6506095e-03   2.3216827e-01   8.2815492e-02   6.4203006e-06   5.2390449e-06   2.6980309e-06  -4.0112170e-03   5.3161880e-02  -8.0216800e-03  -1.3878974e-03  -1.3725000e-05  -1.7481230e-04   1.6089862e-05   2.8261855e-03   6.4347350e-05   1.9262592e-06   1.8837563e-10   3.0559340e-08
   1.0000000e+00  -7.2290846e-02  -5.4426706e-01  -2.4573609e-01  -1.2492632e-03   2.0857175e-03  -1.7467296e-03   5.2259664e-03   2.9622663e-01   6.0386226e-02   1.5606585e-06   4.3502175e-06   3.0510643e-06   9.2604230e-03  -6.2428630e-02   4.2040720e-02   1.2845680e-03  -2.0317850e-04  -1.0416120e-04   8.5755434e-05   3.8973338e-03   1.7674221e-03   1.6501149e-06   4.1281503e-08   1.0849556e-08
   1.0000000e+00  -7.7274667e-02  -4.8933188e-01  -2.2126625e-01  -3.4388405e-03   2.1945386e-03  -1.5551477e-03   5.9713742e-03   2.3944569e-01   4.8958753e-02   1.1825624e-05   4.8159997e-06   2.4184844e-06  -4.9838210e-03   5.4935180e-02   2.4469840e-02  -2.1895773e-03   1.0882110e-04   1.9158190e-04   2.4838472e-05   3.0178740e-03   5.9877307e-04   4.7942488e-06   1.1842032e-08   3.6703624e-08
   1.0000000e+00  -6.8846155e-02  -5.7381238e-01  -2.1122689e-01  -1.7270807e-03   1.9515084e-03  -1.4522410e-03   4.7397931e-03   3.2926065e-01   4.4616799e-02   2.9828077e-06   3.8083850e-06   2.1090039e-06   8.4285120e-03  -8.4480500e-02   1.0039360e-02   1.7117598e-03  -2.4303020e-04   1.0290670e-04   7.1039815e-05   7.1369549e-03   1.0078875e-04   2.9301216e-06   5.9063678e-08   1.0589789e-08
   1.0000000e+00  -7.6264646e-02  -5.1812992e-01  -2.0847588e-01  -4.0522180e-03   2.3179852e-03  -1.6263539e-03   5.8162962e-03   2.6845861e-01   4.3462193e-02   1.6420471e-05   5.3730554e-06   2.6450270e-06  -7.4184910e-03   5.5682460e-02   2.7510100e-03  -2.3251373e-03   3.6647680e-04  -1.7411290e-04   5.5034009e-05   3.1005364e-03   7.5680560e-06   5.4062635e-06   1.3430524e-07   3.0315302e-08
   1.0000000e+00  -7.1737812e-02  -5.4896454e-01  -1.8349769e-01  -2.5489880e-03   2.1056207e-03  -1.4131339e-03   5.1463137e-03   3.0136207e-01   3.3671402e-02   6.4973398e-06   4.4336385e-06   1.9969474e-06   4.5268340e-03  -3.0834620e-02   2.4978190e-02   1.5032300e-03  -2.1236450e-04   2.1322000e-04   2.0492226e-05   9.5077379e-04   6.2390998e-04   2.2597004e-06   4.5098681e-08   4.5462768e-08
   1.0000000e+00  -7.7343579e-02  -4.9777161e-01  -2.5970849e-01  -3.1772073e-03   2.3780146e-03  -1.5204523e-03   5.9820292e-03   2.4777658e-01   6.7448500e-02   1.0094646e-05   5.6549534e-06   2.3117752e-06  -5.6057670e-03   5.1192930e-02  -7.6210800e-02  -6.2821930e-04   2.7239390e-04  -1.0731840e-04   3.1424624e-05   2.6207161e-03   5.8080860e-03   3.9465949e-07   7.4198437e-08   1.1517239e-08
   1.0000000e+00  -7.4031186e-02  -5.1792522e-01  -2.0483262e-01  -2.2215604e-03   2.0401142e-03  -1.5242597e-03   5.4806165e-03   2.6824653e-01   4.1956402e-02   4.9353306e-06   4.1620659e-06   2.3233676e-06   3.3123930e-03  -2.0153610e-02   5.4875870e-02   9.5564690e-04  -3.3790040e-04  -3.8074000e-06   1.0971947e-05   4.0616800e-04   3.0113611e-03   9.1326100e-07   1.1417668e-07   1.4496295e-11
   1.0000000e+00  -7.8929345e-02  -4.9492114e-01  -2.5881426e-01  -2.9486790e-03   2.3862352e-03  -1.6190195e-03   6.2298415e-03   2.4494693e-01   6.6984821e-02   8.6947078e-06   5.6941184e-06   2.6212241e-06  -4.8981590e-03   2.3004080e-02  -5.3981640e-02  -7.2711860e-04   3.4612100e-04  -9.4759800e-05   2.3991962e-05   5.2918770e-04   2.9140175e-03   5.2870146e-07   1.1979975e-07   8.9794197e-09
   1.0000000e+00  -8.0402938e-02  -5.0085295e-01  -1.9007399e-01  -2.6703024e-03   2.1039672e-03  -1.7857852e-03   6.4646324e-03   2.5085368e-01   3.6128122e-02   7.1305149e-06   4.4266780e-06   3.1890288e-06  -1.4735930e-03  -5.9318100e-03   6.8740270e-02   2.7837660e-04  -2.8226800e-04  -1.6676570e-04   2.1714763e-06   3.5186370e-05   4.7252247e-03   7.7493531e-08   7.9675224e-08   2.7810799e-08
   1.0000000e+00  -7.9878301e-02  -5.0647805e-01  -2.4969638e-01  -3.4131114e-03   2.3121213e-03  -1.8341819e-03   6.3805430e-03   2.5652002e-01   6.2348282e-02   1.1649329e-05   5.3459049e-06   3.3642232e-06   5.2463700e-04  -5.6251000e-03  -5.9622390e-02  -7.4280900e-04   2.0815410e-04  -4.8396700e-05   2.7524398e-07   3.1641750e-05   3.5548294e-03   5.5176521e-07   4.3328129e-08   2.3422406e-09
   1.0000000e+00  -7.1187380e-02  -5.4956349e-01  -1.8579581e-01  -2.8812697e-03   2.0397094e-03  -1.7844095e-03   5.0676431e-03   3.0202003e-01   3.4520083e-02   8.3017151e-06   4.1604144e-06   3.1841173e-06   8.6909210e-03  -4.3085440e-02   6.3900570e-02   5.3184170e-04  -2.7241190e-04   4.9772400e-05   7.5532108e-05   1.8563551e-03   4.0832828e-03   2.8285559e-07   7.4208243e-08   2.4772918e-09
   1.0000000e+00  -7.4676811e-02  -5.3258608e-01  -2.1753851e-01  -4.0566074e-03   2.5586434e-03  -1.9146752e-03   5.5766261e-03   2.8364793e-01   4.7323003e-02   1.6456064e-05   6.5466560e-06   3.6659811e-06  -3.4894310e-03   1.6977410e-02  -3.1742700e-02  -1.1753377e-03   5.1893400e-04  -1.3026570e-04   1.2176129e-05   2.8823245e-04   1.0075990e-03   1.3814187e-06   2.6929250e-07   1.6969153e-08
   1.0000000e+00  -8.0648286e-02  -5.4432787e-01  -2.0586641e-01  -3.5963297e-03   2.2590303e-03  -2.0574483e-03   6.5041460e-03   2.9629283e-01   4.2380979e-02   1.2933587e-05   5.1032179e-06   4.2330935e-06  -5.9714750e-03  -1.1741790e-02   1.1672100e-02   4.6027770e-04  -2.9961310e-04  -1.4277310e-04   3.5658514e-05   1.3786963e-04   1.3623792e-04   2.1185556e-07   8.9768010e-08   2.0384158e-08
   1.0000000e+00  -8.5549870e-02  -5.3328160e-01  -2.7666530e-01  -3.5593983e-03   2.6130545e-03  -2.3073195e-03   7.3187803e-03   2.8438926e-01   7.6543688e-02   1.2669316e-05   6.8280538e-06   5.3237233e-06  -4.9015840e-03   1.1046270e-02  -7.0798890e-02   3.6931400e-05   3.5402420e-04  -2.4987120e-04   2.4025526e-05   1.2202008e-04   5.0124828e-03   1.3639283e-09   1.2533313e-07   6.2435617e-08
   1.0000000e+00  -8.3840509e-02  -5.5309988e-01  -2.0601027e-01  -4.3187299e-03   2.4963400e-03  -2.0058879e-03   7.0292309e-03   3.0591948e-01   4.2440231e-02   1.8651428e-05   6.2317134e-06   4.0235863e-06   1.7093610e-03  -1.9818280e-02   7.0655030e-02  -7.5933160e-04  -1.1671450e-04   3.0143160e-04   2.9219150e-06   3.9276422e-04   4.9921333e-03   5.7658448e-07   1.3622275e-08   9.0861009e-08
   1.0000000e+00  -8.7865234e-02  -5.4861477e-01  -3.1018809e-01  -2.9653934e-03   2.6003023e-03  -2.0875543e-03   7.7202993e-03   3.0097817e-01   9.6216651e-02   8.7935580e-06   6.7615721e-06   4.3578830e-06  -4.0247250e-03   4.4851100e-03  -1.0417782e-01   1.3533365e-03   1.0396230e-04  -8.1666400e-05   1.6198411e-05   2.0116212e-05   1.0853018e-02   1.8315197e-06   1.0808160e-08   6.6694009e-09
   1.0000000e+00  -7.7878854e-02  -5.4514756e-01  -2.5501373e-01  -3.2126226e-03   2.2384186e-03  -2.0591649e-03   6.0651159e-03   2.9718586e-01   6.5032002e-02   1.0320944e-05   5.0105178e-06   4.2401601e-06   9.9863800e-03   3.4672100e-03   5.5174360e-02  -2.4722920e-04  -3.6188370e-04   2.8389400e-05   9.9727786e-05   1.2021545e-05   3.0442100e-03   6.1122277e-08   1.3095981e-07   8.0595803e-10
   1.0000000e+00  -8.2029324e-02  -5.6580691e-01  -2.4421255e-01  -4.2419631e-03   2.5080020e-03  -1.8948979e-03   6.7288100e-03   3.2013746e-01   5.9639770e-02   1.7994251e-05   6.2900740e-06   3.5906381e-06  -4.1504700e-03  -2.0659350e-02   1.0801180e-02  -1.0293405e-03   2.6958340e-04   1.6426700e-04   1.7226401e-05   4.2680874e-04   1.1666549e-04   1.0595419e-06   7.2675210e-08   2.6983647e-08
   1.0000000e+00  -8.5213436e-02  -5.3984059e-01  -2.8363852e-01  -3.7482254e-03   2.5133278e-03  -1.9773497e-03   7.2613297e-03   2.9142786e-01   8.0450810e-02   1.4049194e-05   6.3168166e-06   3.9099118e-06  -3.1841120e-03   2.5966320e-02  -3.9425970e-02   4.9373770e-04   5.3258000e-06  -8.2451800e-05   1.0138569e-05   6.7424977e-04   1.5544071e-03   2.4377692e-07   2.8364146e-11   6.7982993e-09
   1.0000000e+00  -8.9884469e-02  -5.8385029e-01  -2.5484307e-01  -3.9878550e-03   2.4554672e-03  -2.0550084e-03   8.0792178e-03   3.4088116e-01   6.4944990e-02   1.5902988e-05   6.0293192e-06   4.2230595e-06  -4.6710330e-03  -4.4009700e-02   2.8795450e-02  -2.3962960e-04  -5.7860600e-05  -7.7658700e-05   2.1818549e-05   1.9368537e-03   8.2917794e-04   5.7422345e-08   3.3478490e-09   6.0308737e-09
   1.0000000e+00  -9.2660218e-02  -5.6962426e-01  -2.5024148e-01  -3.7083869e-03   2.2466174e-03  -1.9738620e-03   8.5859160e-03   3.2447180e-01   6.2620798e-02   1.3752133e-05   5.0472897e-06   3.8961312e-06  -2.7757490e-03   1.4226030e-02   4.6015900e-03   2.7946810e-04  -2.0884980e-04   8.1146400e-05   7.7047825e-06   2.0237993e-04   2.1174631e-05   7.8102419e-08   4.3618239e-08   6.5847382e-09
   1.0000000e+00  -8.8230133e-02  -6.0982071e-01  -3.0816754e-01  -3.1166257e-03   2.4390560e-03  -1.9524646e-03   7.7845564e-03   3.7188130e-01   9.4967233e-02   9.7133558e-06   5.9489942e-06   3.8121180e-06   4.4300850e-03  -4.0196450e-02  -5.7926060e-02   5.9176120e-04   1.9243860e-04   2.1397400e-05   1.9625653e-05   1.6157546e-03   3.3554284e-03   3.5018132e-07   3.7032615e-08   4.5784873e-10
   1.0000000e+00  -9.3799222e-02  -5.7501019e-01  -2.8015014e-01  -3.5939226e-03   2.6018755e-03  -2.3784496e-03   8.7982940e-03   3.3063672e-01   7.8484101e-02   1.2916280e-05   6.7697561e-06   5.6570225e-06  -5.5690890e-03   3.4810520e-02   2.8017400e-02  -4.7729690e-04   1.6281950e-04  -4.2598500e-04   3.1014752e-05   1.2117723e-03   7.8497470e-04   2.2781233e-07   2.6510190e-08   1.8146322e-07
   1.0000000e+00  -9.4825914e-02  -6.4361913e-01  -2.6394618e-01  -3.7108314e-03   2.8853457e-03  -2.2719367e-03   8.9919540e-03   4.1424558e-01   6.9667586e-02   1.3770270e-05   8.3252198e-06   5.1616964e-06  -1.0266920e-03  -6.8608940e-02   1.6203960e-02  -1.1690880e-04   2.8347020e-04   1.0651290e-04   1.0540965e-06   4.7071866e-03   2.6256832e-04   1.3667668e-08   8.0355354e-08   1.1344998e-08
   1.0000000e+00  -9.6559631e-02  -6.3577336e-01  -2.5425522e-01  -3.7910113e-03   2.8919350e-03  -2.3694108e-03   9.3237623e-03   4.0420777e-01   6.4645717e-02   1.4371767e-05   8.3632880e-06   5.6141075e-06  -1.7337170e-03   7.8457700e-03   9.6909600e-03  -8.0179900e-05   6.5893000e-06  -9.7474100e-05   3.0057746e-06   6.1556107e-05   9.3914706e-05   6.4288164e-09   4.3418874e-11   9.5012002e-09
   1.0000000e+00  -8.8497570e-02  -6.4609028e-01  -2.6170798e-01  -3.3890378e-03   2.6960201e-03  -2.3243673e-03   7.8318199e-03   4.1743265e-01   6.8491067e-02   1.1485577e-05   7.2685244e-06   5.4026833e-06   8.0620610e-03  -1.0316920e-02  -7.4527600e-03   4.0197350e-04  -1.9591490e-04   4.5043500e-05   6.4996828e-05   1.0643884e-04   5.5543632e-05   1.6158269e-07   3.8382648e-08   2.0289169e-09
   1.0000000e+00  -8.3048594e-02  -6.0084512e-01  -3.1890460e-01  -1.9315845e-03   2.5571550e-03  -1.9296227e-03   6.8970690e-03   3.6101486e-01   1.0170014e-01   3.7310187e-06   6.5390417e-06   3.7234438e-06   5.4489760e-03   4.5245160e-02  -5.7196620e-02   1.4574533e-03  -1.3886510e-04   3.9474460e-04   2.9691339e-05   2.0471245e-03   3.2714533e-03   2.1241701e-06   1.9283516e-08   1.5582330e-07
   1.0000000e+00  -8.2282753e-02  -6.3888232e-01  -2.8420150e-01  -2.3826956e-03   2.3146353e-03  -2.2042482e-03   6.7704514e-03   4.0817062e-01   8.0770493e-02   5.6772383e-06   5.3575366e-06   4.8587101e-06   7.6584100e-04  -3.8037200e-02   3.4703100e-02  -4.5111110e-04  -2.4251970e-04  -2.7462550e-04   5.8651244e-07   1.4468286e-03   1.2043051e-03   2.0350122e-07   5.8815805e-08   7.5419165e-08
   1.0000000e+00  -9.4120671e-02  -6.0026429e-01  -2.6283483e-01  -3.5441253e-03   2.5248979e-03  -2.2079745e-03   8.8587007e-03   3.6031722e-01   6.9082148e-02   1.2560824e-05   6.3751094e-06   4.8751514e-06  -1.1837918e-02   3.8618030e-02   2.1366670e-02  -1.1614297e-03   2.1026260e-04  -3.7263000e-06   1.4013630e-04   1.4913522e-03   4.5653459e-04   1.3489189e-06   4.4210361e-08   1.3885312e-11
   1.0000000e+00  -8.7564062e-02  -6.5859981e-01  -2.3159653e-01  -3.2446569e-03   2.3242672e-03  -2.1624029e-03   7.6674650e-03   4.3375371e-01   5.3636953e-02   1.0527798e-05   5.4022180e-06   4.6759863e-06   6.5566090e-03  -5.8335520e-02   3.1238300e-02   2.9946840e-04  -2.0063070e-04   4.5571600e-05   4.2989122e-05   3.4030329e-03   9.7583139e-04   8.9681323e-08   4.0252678e-08   2.0767707e-09
   1.0000000e+00  -9.7636351e-02  -6.1102281e-01  -2.5807056e-01  -4.3836374e-03   2.7118178e-03  -2.3198623e-03   9.5328570e-03   3.7334887e-01   6.6600414e-02   1.9216277e-05   7.3539558e-06   5.3817611e-06  -1.0072289e-02   4.7577000e-02  -2.6474030e-02  -1.1389805e-03   3.8755060e-04  -1.5745940e-04   1.0145101e-04   2.2635709e-03   7.0087426e-04   1.2972766e-06   1.5019547e-07   2.4793463e-08
   1.0000000e+00  -9.3103348e-02  -6.5307347e-01  -2.6565048e-01  -3.3995649e-03   2.5591156e-03  -2.3159755e-03   8.6682334e-03   4.2650496e-01   7.0570178e-02   1.1557042e-05   6.5490727e-06   5.3637425e-06   4.5330030e-03  -4.2050660e-02  -7.5799200e-03   9.8407250e-04  -1.5270220e-04   3.8868000e-06   2.0548116e-05   1.7682580e-03   5.7455187e-05   9.6839869e-07   2.3317962e-08   1.5107214e-11
   1.0000000e+00  -9.3743809e-02  -5.8600654e-01  -2.7958394e-01  -4.0162572e-03   2.6531458e-03  -2.4031750e-03   8.7879017e-03   3.4340366e-01   7.8167180e-02   1.6130322e-05   7.0391826e-06   5.7752501e-06  -6.4046100e-04   6.7066930e-02  -1.3933460e-02  -6.1669230e-04   9.4030200e-05  -8.7199500e-05   4.1019029e-07   4.4979731e-03   1.9414131e-04   3.8030939e-07   8.8416785e-09   7.6037528e-09
   1.0000000e+00  -9.9199309e-02  -6.6950565e-01  -2.2450249e-01  -4.2578568e-03   2.8175270e-03  -2.1878351e-03   9.8405029e-03   4.4823782e-01   5.0401368e-02   1.8129345e-05   7.9384584e-06   4.7866224e-06  -5.4555000e-03  -8.3499110e-02   5.5081450e-02  -2.4159960e-04   1.6438120e-04   2.1533990e-04   2.9762480e-05   6.9721014e-03   3.0339661e-03   5.8370367e-08   2.7021179e-08   4.6371273e-08
   1.0000000e+00  -9.5854507e-02  -6.1486284e-01  -2.9623401e-01  -3.7662640e-03   2.8535171e-03  -2.3510936e-03   9.1880865e-03   3.7805631e-01   8.7754589e-02   1.4184745e-05   8.1425598e-06   5.5276411e-06   3.3448020e-03   5.4642810e-02  -7.1731520e-02   4.9159280e-04   3.5990100e-05  -1.6325850e-04   1.1187700e-05   2.9858367e-03   5.1454110e-03   2.4166348e-07   1.2952873e-09   2.6653338e-08
   1.0000000e+00  -9.4344996e-02  -6.6888454e-01  -2.6130274e-01  -3.8184852e-03   2.7118805e-03  -2.3786362e-03   8.9009783e-03   4.4740653e-01   6.8279122e-02   1.4580829e-05   7.3542958e-06   5.6579102e-06   1.5095110e-03  -5.4021700e-02   3.4931270e-02  -5.2221200e-05  -1.4163660e-04  -2.7542600e-05   2.2786235e-06   2.9183441e-03   1.2201936e-03   2.7270537e-09   2.0060926e-08   7.5859481e-10
   1.0000000e+00  -1.0269200e-01  -6.3074974e-01  -3.5458291e-01  -4.0489573e-03   3.0294760e-03  -2.4948901e-03   1.0545647e-02   3.9784523e-01   1.2572904e-01   1.6394055e-05   9.1777248e-06   6.2244766e-06  -8.3470040e-03   3.8134800e-02  -9.3280170e-02  -2.3047210e-04   3.1759550e-04  -1.1625390e-04   6.9672476e-05   1.4542630e-03   8.7011901e-03   5.3117389e-08   1.0086690e-07   1.3514969e-08
   1.0000000e+00  -9.2138082e-02  -7.0191775e-01  -2.3157513e-01  -3.6501902e-03   2.6078830e-03  -2.4302008e-03   8.4894262e-03   4.9268853e-01   5.3627041e-02   1.3323888e-05   6.8010537e-06   5.9058759e-06   1.0553918e-02  -7.1168010e-02   1.2300778e-01   3.9876710e-04  -4.2159300e-04   6.4689300e-05   1.1138519e-04   5.0648856e-03   1.5130914e-02   1.5901520e-07   1.7774066e-07   4.1847055e-09
   1.0000000e+00  -1.0068240e-01  -6.2536294e-01  -3.2925037e-01  -4.1575643e-03   2.8748053e-03  -2.5343785e-03   1.0136946e-02   3.9107881e-01   1.0840581e-01   1.7285341e-05   8.2645055e-06   6.4230744e-06  -8.5443180e-03   7.6554810e-02  -9.7675240e-02  -5.0737410e-04   2.6692230e-04  -1.0417770e-04   7.3005370e-05   5.8606389e-03   9.5404525e-03   2.5742848e-07   7.1247514e-08   1.0852993e-08
   1.0000000e+00  -9.9214782e-02  -7.0467059e-01  -2.4723056e-01  -4.0182001e-03   2.6252547e-03  -2.5534164e-03   9.8435730e-03   4.9656064e-01   6.1122950e-02   1.6145932e-05   6.8919622e-06   6.5199353e-06   1.4676180e-03  -7.9307650e-02   8.2019810e-02   1.3936420e-04  -2.4955060e-04  -1.9037900e-05   2.1539026e-06   6.2897033e-03   6.7272492e-03   1.9422380e-08   6.2275502e-08   3.6244164e-10
   1.0000000e+00  -1.0268860e-01  -6.3961736e-01  -3.6990379e-01  -3.5773490e-03   2.7663426e-03  -2.7347921e-03   1.0544949e-02   4.0911037e-01   1.3682881e-01   1.2797426e-05   7.6526514e-06   7.4790878e-06  -3.4738180e-03   6.5053230e-02  -1.2267323e-01   4.4085110e-04   1.4108790e-04  -1.8137570e-04   1.2067411e-05   4.2319227e-03   1.5048721e-02   1.9434969e-07   1.9905796e-08   3.2897145e-08
   1.0000000e+00  -9.5192087e-02  -6.9448471e-01  -2.5904331e-01  -4.2984521e-03   2.4827468e-03  -2.5962325e-03   9.0615334e-03   4.8230901e-01   6.7103436e-02   1.8476690e-05   6.1640317e-06   6.7404232e-06   7.4965130e-03  -5.4867350e-02   1.1086048e-01  -7.2110310e-04  -2.8359580e-04   1.3855960e-04   5.6197707e-05   3.0104261e-03   1.2290046e-02   5.1998968e-07   8.0426578e-08   1.9198763e-08
   1.0000000e+00  -1.0086240e-01  -6.4951824e-01  -3.5875964e-01  -3.7853936e-03   2.6664729e-03  -2.6375625e-03   1.0173224e-02   4.2187394e-01   1.2870848e-01   1.4329205e-05   7.1100777e-06   6.9567359e-06  -5.6703130e-03   4.4966470e-02  -9.9716330e-02   5.1305850e-04   1.8372610e-04  -4.1330000e-05   3.2152450e-05   2.0219834e-03   9.9433465e-03   2.6322902e-07   3.3755280e-08   1.7081689e-09
   1.0000000e+00  -9.3197285e-02  -7.1487150e-01  -2.4932343e-01  -3.8896450e-03   2.4965038e-03  -2.5601021e-03   8.6857339e-03   5.1104126e-01   6.2162173e-02   1.5129338e-05   6.2325312e-06   6.5541228e-06   7.6651150e-03  -6.5353260e-02   1.0943621e-01  -1.0425140e-04  -1.6996910e-04   7.7460400e-05   5.8753988e-05   4.2710486e-03   1.1976284e-02   1.0868354e-08   2.8889495e-08   6.0001136e-09
   1.0000000e+00  -1.0549138e-01  -6.5970075e-01  -3.4028674e-01  -4.4518514e-03   2.8113903e-03  -2.5496550e-03   1.1128431e-02   4.3520508e-01   1.1579507e-01   1.9818981e-05   7.9039154e-06   6.5007406e-06  -1.2294095e-02   5.5170750e-02  -9.0963310e-02  -5.6220640e-04   3.1488650e-04   1.0447100e-05   1.5114477e-04   3.0438117e-03   8.2743238e-03   3.1607604e-07   9.9153508e-08   1.0914190e-10
   1.0000000e+00  -1.1031452e-01  -7.3044824e-01  -2.7793657e-01  -4.0587056e-03   2.7954991e-03  -2.4789974e-03   1.2169293e-02   5.3355463e-01   7.7248737e-02   1.6473091e-05   7.8148152e-06   6.1454281e-06  -4.8231400e-03  -7.0747490e-02   6.2350170e-02   3.9314580e-04  -1.5891200e-05   7.0657600e-05   2.3262679e-05   5.0052073e-03   3.8875437e-03   1.5456362e-07   2.5253024e-10   4.9924964e-09
   1.0000000e+00  -1.1049278e-01  -6.5391418e-01  -3.5124570e-01  -3.9488668e-03   2.8438517e-03  -2.6879637e-03   1.2208654e-02   4.2760375e-01   1.2337354e-01   1.5593549e-05   8.0874925e-06   7.2251489e-06  -1.7826000e-04   7.6534060e-02  -7.3309130e-02   1.0983880e-04   4.8352600e-05  -2.0896630e-04   3.1776628e-08   5.8574623e-03   5.3742285e-03   1.2064562e-08   2.3379739e-09   4.3666915e-08
   1.0000000e+00  -1.1425945e-01  -7.0465156e-01  -2.9769492e-01  -4.4163076e-03   2.8325637e-03  -2.6306934e-03   1.3055222e-02   4.9653382e-01   8.8622265e-02   1.9503773e-05   8.0234171e-06   6.9205478e-06  -3.7666700e-03  -5.0737380e-02   5.3550780e-02  -4.6744080e-04  -1.1288000e-05   5.7270300e-05   1.4187803e-05   2.5742817e-03   2.8676860e-03   2.1850090e-07   1.2741894e-10   3.2798873e-09
   1.0000000e+00  -1.1589446e-01  -6.8668527e-01  -3.6897461e-01  -3.2605428e-03   2.9851454e-03  -2.6748150e-03   1.3431526e-02   4.7153666e-01   1.3614226e-01   1.0631139e-05   8.9110931e-06   7.1546353e-06  -1.6350100e-03   1.7966290e-02  -7.1279690e-02   1.1557648e-03   1.5258170e-04  -4.4121600e-05   2.6732577e-06   3.2278758e-04   5.0807942e-03   1.3357923e-06   2.3281175e-08   1.9467156e-09
   1.0000000e+00  -1.0346649e-01  -7.0546078e-01  -3.1896807e-01  -3.8179591e-03   2.8503315e-03  -2.6089058e-03   1.0705315e-02   4.9767491e-01   1.0174063e-01   1.4576812e-05   8.1243897e-06   6.8063895e-06   1.2427970e-02  -1.8775510e-02   5.0006540e-02  -5.5741630e-04  -1.3481390e-04   6.5909200e-05   1.5445444e-04   3.5251978e-04   2.5006540e-03   3.1071293e-07   1.8174788e-08   4.3440226e-09
   1.0000000e+00  -1.0222625e-01  -7.3431021e-01  -3.1184449e-01  -3.5799088e-03   2.9052289e-03  -2.5228606e-03   1.0450206e-02   5.3921148e-01   9.7246986e-02   1.2815747e-05   8.4403550e-06   6.3648256e-06   1.2402400e-03  -2.8849430e-02   7.1235800e-03   2.3805030e-04   5.4897400e-05   8.6045200e-05   1.5381953e-06   8.3228961e-04   5.0745392e-05   5.6667945e-08   3.0137245e-09   7.4037764e-09
   1.0000000e+00  -1.0089316e-01  -6.8407372e-01  -3.7234168e-01  -3.7389084e-03   2.9389684e-03  -2.7715740e-03   1.0179430e-02   4.6795685e-01   1.3863833e-01   1.3979436e-05   8.6375353e-06   7.6816224e-06   1.3330900e-03   5.0236490e-02  -6.0497190e-02  -1.5899960e-04   3.3739500e-05  -2.4871340e-04   1.7771289e-06   2.5237049e-03   3.6599100e-03   2.5280873e-08   1.1383539e-09   6.1858355e-08
   1.0000000e+00  -9.9164489e-02  -7.5977391e-01  -2.4806895e-01  -4.3363023e-03   2.7295035e-03  -2.5389709e-03   9.8335959e-03   5.7725639e-01   6.1538204e-02   1.8803518e-05   7.4501894e-06   6.4463732e-06   1.7286710e-03  -7.5700190e-02   1.2427273e-01  -5.9739390e-04  -2.0946490e-04   2.3260310e-04   2.9883034e-06   5.7305188e-03   1.5443711e-02   3.5687947e-07   4.3875544e-08   5.4104202e-08
   1.0000000e+00  -1.0120837e-01  -7.0336942e-01  -3.6226185e-01  -3.5217495e-03   2.8273981e-03  -2.7246881e-03   1.0243134e-02   4.9472854e-01   1.3123365e-01   1.2402720e-05   7.9941800e-06   7.4239252e-06  -2.0438810e-03   5.6404490e-02  -1.1419290e-01   8.1455280e-04   9.7894600e-05  -1.8571720e-04   4.1774495e-06   3.1814665e-03   1.3040018e-02   6.6349626e-07   9.5833527e-09   3.4490878e-08
   1.0000000e+00  -9.2590633e-02  -7.3417657e-01  -2.5216992e-01  -4.5748782e-03   2.6460478e-03  -2.5398572e-03   8.5730253e-03   5.3901524e-01   6.3589669e-02   2.0929511e-05   7.0015690e-06   6.4508746e-06   8.6177370e-03  -3.0807150e-02   1.1009193e-01  -1.0531287e-03  -1.8135030e-04   1.8483090e-04   7.4265391e-05   9.4908049e-04   1.2120233e-02   1.1090801e-06   3.2887931e-08   3.4162462e-08
   1.0000000e+00  -9.6857114e-02  -7.1153881e-01  -3.3866768e-01  -3.3529075e-03   2.7372123e-03  -2.5666761e-03   9.3813005e-03   5.0628748e-01   1.1469580e-01   1.1241989e-05   7.4923312e-06   6.5878262e-06  -4.2664810e-03   2.2637760e-02  -8.6497760e-02   1.2219707e-03   9.1164500e-05  -2.6818900e-05   1.8202860e-05   5.1246818e-04   7.4818625e-03   1.4932124e-06   8.3109661e-09   7.1925340e-10
   1.0000000e+00  -8.9618519e-02  -7.4591413e-01  -2.5868902e-01  -3.9225885e-03   2.5413415e-03  -2.4742508e-03   8.0314789e-03   5.5638789e-01   6.6920009e-02   1.5386701e-05   6.4584166e-06   6.1219170e-06   7.2385950e-03  -3.4375320e-02   7.9978660e-02  -5.6968100e-04  -1.9587080e-04   9.2425300e-05   5.2397258e-05   1.1816626e-03   6.3965861e-03   3.2453644e-07   3.8365370e-08   8.5424361e-09
   1.0000000e+00  -1.0650356e-01  -6.9768249e-01  -3.3730887e-01  -4.1741880e-03   2.9755066e-03  -2.5940274e-03   1.1343008e-02   4.8676086e-01   1.1377727e-01   1.7423845e-05   8.8536395e-06   6.7289782e-06  -1.6885041e-02   4.8231640e-02  -7.8619850e-02  -2.5159950e-04   4.3416510e-04  -1.1977660e-04   2.8510461e-04   2.3262911e-03   6.1810808e-03   6.3302308e-08   1.8849933e-07   1.4346434e-08
   1.0000000e+00  -9.3912932e-02  -7.7683701e-01  -2.5128911e-01  -3.8328967e-03   2.6506861e-03  -2.5063490e-03   8.8196388e-03   6.0347574e-01   6.3146217e-02   1.4691097e-05   7.0261368e-06   6.2817853e-06   1.2590628e-02  -7.9154520e-02   8.6019760e-02   3.4129130e-04  -3.2482050e-04   8.7678400e-05   1.5852391e-04   6.2654380e-03   7.3993991e-03   1.1647975e-07   1.0550836e-07   7.6875018e-09
   1.0000000e+00  -1.0959592e-01  -7.0856008e-01  -3.2904321e-01  -4.5351643e-03   3.0378918e-03  -2.7876199e-03   1.2011266e-02   5.0205739e-01   1.0826943e-01   2.0567715e-05   9.2287866e-06   7.7708247e-06  -1.5682988e-02   6.8276930e-02  -7.7754100e-02  -7.0226760e-04   3.8720570e-04  -2.8127090e-04   2.4595611e-04   4.6617392e-03   6.0457001e-03   4.9317978e-07   1.4992825e-07   7.9113319e-08
   1.0000000e+00  -1.2232993e-01  -7.6946225e-01  -2.5320212e-01  -4.4755239e-03   3.1760932e-03  -2.9525787e-03   1.4964612e-02   5.9207215e-01   6.4111314e-02   2.0030314e-05   1.0087568e-05   8.7177210e-06  -1.2734010e-02  -6.0902170e-02   7.5841090e-02   5.9640400e-05   1.3820140e-04  -1.6495880e-04   1.6215501e-04   3.7090743e-03   5.7518709e-03   3.5569773e-09   1.9099627e-08   2.7211406e-08
   1.0000000e+00  -1.0706538e-01  -7.2971975e-01  -3.0998858e-01  -3.8077817e-03   2.9809156e-03  -2.7730688e-03   1.1462996e-02   5.3249091e-01   9.6092920e-02   1.4499201e-05   8.8858578e-06   7.6899106e-06   1.5264550e-02   3.9742500e-02  -5.6786460e-02   6.6774220e-04  -1.9517760e-04   1.7950990e-04   2.3300649e-04   1.5794663e-03   3.2247020e-03   4.4587965e-07   3.8094296e-08   3.2223804e-08
   1.0000000e+00  -1.1161111e-01  -7.4406481e-01  -3.0011502e-01  -4.2209829e-03   3.0699981e-03  -2.7520364e-03   1.2457040e-02   5.5363244e-01   9.0069025e-02   1.7816697e-05   9.4248883e-06   7.5737043e-06  -4.5457300e-03  -1.4345060e-02   9.8735600e-03  -4.1320120e-04   8.9082500e-05   2.1032400e-05   2.0663661e-05   2.0578075e-04   9.7487187e-05   1.7073523e-07   7.9356918e-09   4.4236185e-10
   1.0000000e+00  -1.1494174e-01  -7.5699140e-01  -3.4173285e-01  -3.0618747e-03   3.1031159e-03  -2.8390967e-03   1.3211604e-02   5.7303598e-01   1.1678134e-01   9.3750767e-06   9.6293283e-06   8.0604701e-06  -3.3306300e-03  -1.2926590e-02  -4.1617830e-02   1.1591082e-03   3.3117800e-05  -8.7060300e-05   1.1093096e-05   1.6709673e-04   1.7320438e-03   1.3435318e-06   1.0967887e-09   7.5794958e-09
   1.0000000e+00  -1.1536550e-01  -7.8942804e-01  -2.9573766e-01  -4.0769071e-03   3.0737095e-03  -2.8781480e-03   1.3309199e-02   6.2319663e-01   8.7460764e-02   1.6621172e-05   9.4476901e-06   8.2837359e-06  -4.2376000e-04  -3.2436640e-02   4.5995190e-02  -1.0150324e-03  -2.9406400e-05  -3.9051300e-05   1.7957254e-07   1.0521356e-03   2.1155575e-03   1.0302908e-06   8.6473636e-10   1.5250040e-09
   1.0000000e+00  -1.1645207e-01  -7.8464964e-01  -3.3628883e-01  -2.9169739e-03   3.1359063e-03  -2.7557876e-03   1.3561085e-02   6.1567506e-01   1.1309018e-01   8.5087367e-06   9.8339083e-06   7.5943653e-06  -1.0865700e-03   4.7784000e-03  -4.0551170e-02   1.1599332e-03   6.2196800e-05   1.2236040e-04   1.1806344e-06   2.2833107e-05   1.6443974e-03   1.3454450e-06   3.8684419e-09   1.4972067e-08
   1.0000000e+00  -1.0918355e-01  -7.8779118e-01  -2.6882046e-01  -4.3065292e-03   2.9683935e-03  -2.9842625e-03   1.1921048e-02   6.2061494e-01   7.2264440e-02   1.8546194e-05   8.8113600e-06   8.9058227e-06   7.2685200e-03  -3.1415400e-03   6.7468370e-02  -1.3895553e-03  -1.6751280e-04  -2.2847490e-04   5.2831383e-05   9.8692736e-06   4.5519810e-03   1.9308639e-06   2.8060538e-08   5.2200780e-08
