   1.0000000e+00   0.0000000e+00   0.0000000e+00  -7.1054274e-15   0.0000000e+00   0.0000000e+00   0.0000000e+00   0.0000000e+00   0.0000000e+00   5.0487099e-29   0.0000000e+00   0.0000000e+00   0.0000000e+00   0.0000000e+00   0.0000000e+00   0.0000000e+00   0.0000000e+00   0.0000000e+00   0.0000000e+00   0.0000000e+00   0.0000000e+00   0.0000000e+00   0.0000000e+00   0.0000000e+00   0.0000000e+00
   1.0000000e+00   2.8046228e-02  -3.1098432e-02   1.3495963e-01   9.5640091e-05  -1.9445763e-04   5.5571880e-04   7.8659091e-04   9.6711247e-04   1.8214102e-02   9.1470270e-09   3.7813770e-08   3.0882338e-07   2.8046228e-02  -3.1098432e-02   1.3495963e-01   9.5640091e-05  -1.9445763e-04   5.5571880e-04   7.8659091e-04   9.6711247e-04   1.8214102e-02   9.1470270e-09   3.7813770e-08   3.0882338e-07
   1.0000000e+00   4.2765507e-02  -5.2932901e-02   6.1328045e-02   5.6333107e-04  -1.1020448e-04   5.3857712e-04   1.8288886e-03   2.8018920e-03   3.7611291e-03   3.1734189e-07   1.2145027e-08   2.9006531e-07   1.4719279e-02  -2.1834469e-02  -7.3631585e-02   4.6769098e-04   8.4253150e-05  -1.7141680e-05   2.1665717e-04   4.7674404e-04   5.4216103e-03   2.1873485e-07   7.0985933e-09   2.9383719e-10
   1.0000000e+00   5.2290916e-02  -1.0508211e-02   1.0620911e-01  -9.0955591e-04   1.0990406e-04   4.4626384e-04   2.7343399e-03   1.1042250e-04   1.1280375e-02   8.2729195e-07   1.2078902e-08   1.9915141e-07   9.5254090e-03   4.2424690e-02   4.4881065e-02  -1.4728870e-03   2.2010854e-04  -9.2313280e-05   9.0733417e-05   1.7998543e-03   2.0143100e-03   2.1693961e-06   4.8447769e-08   8.5217417e-09
   1.0000000e+00   3.1895815e-02  -9.7429396e-02   1.3968068e-01  -9.7780847e-04  -9.3513282e-05  -2.4083920e-04   1.0173430e-03   9.4924872e-03   1.9510692e-02   9.5610940e-07   8.7447339e-09   5.8003520e-08  -2.0395101e-02  -8.6921185e-02   3.3471570e-02  -6.8252560e-05  -2.0341734e-04  -6.8710304e-04   4.1596014e-04   7.5552924e-03   1.1203460e-03   4.6584119e-09   4.1378615e-08   4.7211059e-07
   1.0000000e+00   6.6796878e-04  -1.9915191e-02   3.8103238e-02  -1.2152804e-03   4.7978654e-05  -7.7298670e-04   4.4618229e-07   3.9661483e-04   1.4518567e-03   1.4769065e-06   2.3019512e-09   5.9750844e-07  -3.1227846e-02   7.7514205e-02  -1.0157744e-01  -2.3747193e-04   1.4149194e-04  -5.3214750e-04   9.7517838e-04   6.0084520e-03   1.0317977e-02   5.6392918e-08   2.0019968e-08   2.8318096e-07
   1.0000000e+00   3.8706021e-02  -5.3658269e-02   2.2783724e-01  -1.4544047e-03  -2.8475175e-04  -4.6147446e-04   1.4981561e-03   2.8792098e-03   5.1909808e-02   2.1152930e-06   8.1083559e-08   2.1295868e-07   3.8038052e-02  -3.3743078e-02   1.8973400e-01  -2.3912430e-04  -3.3273040e-04   3.1151224e-04   1.4468934e-03   1.1385953e-03   3.5998992e-02   5.7180431e-08   1.1070952e-07   9.7039876e-08
   1.0000000e+00   4.9528619e-03  -4.5965133e-02   2.3573251e-01  -2.8234112e-03   8.5839696e-04  -5.3944041e-04   2.4530841e-05   2.1127935e-03   5.5569816e-02   7.9716508e-06   7.3684534e-07   2.9099596e-07  -3.3753159e-02   7.6931360e-03   7.8952700e-03  -1.3690065e-03   1.1431487e-03  -7.7965950e-05   1.1392757e-03   5.9184342e-05   6.2335288e-05   1.8741788e-06   1.3067890e-06   6.0786894e-09
   1.0000000e+00  -3.1095349e-02  -2.4119610e-02   2.0101954e-01  -2.6121492e-03   7.0111581e-04  -1.1538706e-03   9.6692073e-04   5.8175559e-04   4.0408855e-02   6.8233234e-06   4.9156338e-07   1.3314174e-06  -3.6048211e-02   2.1845523e-02  -3.4712970e-02   2.1126200e-04  -1.5728115e-04  -6.1443019e-04   1.2994735e-03   4.7722688e-04   1.2049903e-03   4.4631633e-08   2.4737360e-08   3.7752446e-07
   1.0000000e+00   2.9087319e-02  -1.1779486e-01   2.5891493e-01  -1.5377861e-03  -4.5075496e-04  -7.0829886e-04   8.4607213e-04   1.3875629e-02   6.7036941e-02   2.3647861e-06   2.0318003e-07   5.0168728e-07   6.0182668e-02  -9.3675250e-02   5.7895390e-02   1.0743631e-03  -1.1518708e-03   4.4557174e-04   3.6219535e-03   8.7750525e-03   3.3518762e-03   1.1542561e-06   1.3268063e-06   1.9853418e-07
   1.0000000e+00  -4.9373861e-02  -4.5997162e-02   7.4620551e-02  -3.3747765e-03  -1.1230382e-04  -1.6168508e-03   2.4377782e-03   2.1157389e-03   5.5682266e-03   1.1389116e-05   1.2612148e-08   2.6142065e-06  -7.8461180e-02   7.1797698e-02  -1.8429438e-01  -1.8369904e-03   3.3845114e-04  -9.0855194e-04   6.1561568e-03   5.1549094e-03   3.3964418e-02   3.3745337e-06   1.1454917e-07   8.2546663e-07
   1.0000000e+00  -8.7655319e-02  -8.2281347e-02   2.2200844e-01  -3.3211226e-03   8.1196147e-06  -1.5575701e-03   7.6834549e-03   6.7702201e-03   4.9287747e-02   1.1029855e-05   6.5928143e-11   2.4260246e-06  -3.8281458e-02  -3.6284185e-02   1.4738789e-01   5.3653900e-05   1.2042343e-04   5.9280700e-05   1.4654700e-03   1.3165421e-03   2.1723190e-02   2.8787410e-09   1.4501804e-08   3.5142014e-09
   1.0000000e+00  -4.6685876e-02  -1.4207063e-01   8.9064788e-02  -1.9758799e-03  -5.3042250e-04  -1.2918298e-03   2.1795710e-03   2.0184064e-02   7.9325365e-03   3.9041014e-06   2.8134803e-07   1.6688242e-06   4.0969443e-02  -5.9789283e-02  -1.3294365e-01   1.3452427e-03  -5.3854211e-04   2.6574030e-04   1.6784953e-03   3.5747584e-03   1.7674015e-02   1.8096779e-06   2.9002761e-07   7.0617907e-08
   1.0000000e+00  -1.4308352e-01  -3.8246084e-02   6.6889415e-02  -2.3167822e-03   4.3393205e-04  -2.2135183e-03   2.0472894e-02   1.4627629e-03   4.4741938e-03   5.3674798e-06   1.8829702e-07   4.8996633e-06  -9.6397644e-02   1.0382455e-01  -2.2175373e-02  -3.4090230e-04   9.6435455e-04  -9.2168850e-04   9.2925058e-03   1.0779536e-02   4.9174717e-04   1.1621438e-07   9.2997970e-07   8.4950969e-07
   1.0000000e+00  -4.8069358e-02  -1.4024016e-01   9.4180486e-02  -7.3598376e-04   2.5285328e-05  -1.0345769e-03   2.3106632e-03   1.9667302e-02   8.8699639e-03   5.4167209e-07   6.3934781e-10   1.0703494e-06   9.5014162e-02  -1.0199408e-01   2.7291071e-02   1.5807984e-03  -4.0864672e-04   1.1789414e-03   9.0276910e-03   1.0402792e-02   7.4480256e-04   2.4989237e-06   1.6699214e-07   1.3899028e-06
   1.0000000e+00  -1.1434594e-01  -5.7173216e-02  -1.1572374e-01  -6.9527575e-04   6.2723383e-04  -1.8687392e-03   1.3074994e-02   3.2687766e-03   1.3391984e-02   4.8340837e-07   3.9342228e-07   3.4921862e-06  -6.6276582e-02   8.3066944e-02  -2.0990423e-01   4.0708010e-05   6.0194850e-04  -8.3416230e-04   4.3925853e-03   6.9001172e-03   4.4059784e-02   1.6571421e-09   3.6234200e-07   6.9582674e-07
   1.0000000e+00  -5.6831772e-02  -4.6710751e-02   5.6437740e-02  -7.6833527e-04   4.4922107e-04  -7.6195824e-04   3.2298503e-03   2.1818943e-03   3.1852185e-03   5.9033909e-07   2.0179957e-07   5.8058036e-07   5.7514168e-02   1.0462465e-02   1.7216148e-01  -7.3059520e-05  -1.7801276e-04   1.1067810e-03   3.3078795e-03   1.0946317e-04   2.9639575e-02   5.3376935e-09   3.1688543e-08   1.2249641e-06
   1.0000000e+00  -5.3503752e-03  -9.5705176e-02   7.4859339e-03   2.1706323e-04   1.8527979e-04  -3.7764628e-04   2.8626515e-05   9.1594807e-03   5.6039206e-05   4.7116446e-08   3.4328601e-08   1.4261671e-07   5.1481397e-02  -4.8994425e-02  -4.8951806e-02   9.8539850e-04  -2.6394128e-04   3.8431196e-04   2.6503342e-03   2.4004537e-03   2.3962793e-03   9.7101020e-07   6.9664999e-08   1.4769568e-07
   1.0000000e+00  -4.9227588e-02  -3.0131895e-02   9.9188724e-03  -2.7699325e-04   2.2555872e-04  -8.3313420e-04   2.4233554e-03   9.0793110e-04   9.8384030e-05   7.6725261e-08   5.0876736e-08   6.9411260e-07  -4.3877213e-02   6.5573281e-02   2.4329385e-03  -4.9405648e-04   4.0278930e-05  -4.5548792e-04   1.9252098e-03   4.2998552e-03   5.9191897e-06   2.4409181e-07   1.6223922e-09   2.0746925e-07
   1.0000000e+00  -1.1622388e-02  -9.9199328e-02   1.3424787e-01  -2.1893273e-04  -1.2196262e-04  -1.5116150e-04   1.3507990e-04   9.8405067e-03   1.8022491e-02   4.7931540e-08   1.4874881e-08   2.2849799e-08   3.7605200e-02  -6.9067433e-02   1.2432900e-01   5.8060520e-05  -3.4752134e-04   6.8197270e-04   1.4141511e-03   4.7703103e-03   1.5457700e-02   3.3710240e-09   1.2077108e-07   4.6508676e-07
   1.0000000e+00  -4.3618291e-02  -1.2740916e-01  -2.3566836e-02   1.9292177e-04   1.5212953e-04  -8.3757962e-04   1.9025553e-03   1.6233094e-02   5.5539576e-04   3.7218809e-08   2.3143394e-08   7.0153962e-07  -3.1995903e-02  -2.8209832e-02  -1.5781471e-01   4.1185450e-04   2.7409215e-04  -6.8641812e-04   1.0237378e-03   7.9579462e-04   2.4905481e-02   1.6962413e-07   7.5126507e-08   4.7116984e-07
   1.0000000e+00  -1.1651253e-01  -5.2450612e-02   3.1188519e-02  -8.8875943e-04   4.8898977e-04  -1.6166940e-03   1.3575170e-02   2.7510667e-03   9.7272372e-04   7.8989332e-07   2.3911100e-07   2.6136995e-06  -7.2894239e-02   7.4958548e-02   5.4755355e-02  -1.0816812e-03   3.3686024e-04  -7.7911438e-04   5.3135701e-03   5.6187839e-03   2.9981489e-03   1.1700342e-06   1.1347482e-07   6.0701922e-07
   1.0000000e+00  -2.4731113e-02  -1.5359196e-01   1.3052961e-01   2.4261831e-04  -3.0204478e-04  -5.3562345e-04   6.1162795e-04   2.3590490e-02   1.7037979e-02   5.8863644e-08   9.1231049e-08   2.8689248e-07   9.1781417e-02  -1.0114135e-01   9.9341091e-02   1.1313777e-03  -7.9103455e-04   1.0810705e-03   8.4238285e-03   1.0229572e-02   9.8686524e-03   1.2800156e-06   6.2573566e-07   1.1687135e-06
   1.0000000e+00  -7.0804493e-02  -1.1398501e-01  -8.3430470e-03  -3.7268539e-04   1.6186394e-04  -1.3337514e-03   5.0132762e-03   1.2992583e-02   6.9606433e-05   1.3889440e-07   2.6199935e-08   1.7788928e-06  -4.6073380e-02   3.9606950e-02  -1.3887266e-01  -6.1530370e-04   4.6390872e-04  -7.9812795e-04   2.1227563e-03   1.5687105e-03   1.9285615e-02   3.7859864e-07   2.1521130e-07   6.3700822e-07
   1.0000000e+00  -6.3366547e-02  -1.1061671e-01   8.7080298e-02   1.8064974e-04   8.2319734e-05  -1.1095928e-03   4.0153193e-03   1.2236057e-02   7.5829783e-03   3.2634329e-08   6.7765386e-09   1.2311962e-06   7.4379460e-03   3.3683000e-03   9.5423345e-02   5.5333513e-04  -7.9544206e-05   2.2415860e-04   5.5323041e-05   1.1345445e-05   9.1056148e-03   3.0617977e-07   6.3272807e-09   5.0247078e-08
   1.0000000e+00  -2.8177323e-02  -1.8282446e-01   6.7944646e-02   8.7482823e-05  -4.4920724e-04  -6.8386883e-04   7.9396153e-04   3.3424783e-02   4.6164749e-03   7.6532443e-09   2.0178714e-07   4.6767658e-07   3.5189224e-02  -7.2207750e-02  -1.9135652e-02  -9.3166917e-05  -5.3152697e-04   4.2572397e-04   1.2382815e-03   5.2139592e-03   3.6617318e-04   8.6800744e-09   2.8252092e-07   1.8124090e-07
   1.0000000e+00  -6.9176035e-02  -1.1395334e-01  -5.4642897e-02  -9.1631803e-04   3.7550639e-04  -1.3120569e-03   4.7853238e-03   1.2985364e-02   2.9858462e-03   8.3963873e-07   1.4100505e-07   1.7214933e-06  -4.0998712e-02   6.8871120e-02  -1.2258754e-01  -1.0038009e-03   8.2471363e-04  -6.2818807e-04   1.6808944e-03   4.7432312e-03   1.5027706e-02   1.0076162e-06   6.8015257e-07   3.9462025e-07
   1.0000000e+00  -2.8500464e-02  -1.3648976e-01   6.2562660e-02  -2.3488314e-04   3.6229941e-04  -6.0669817e-04   8.1227645e-04   1.8629455e-02   3.9140864e-03   5.5170089e-08   1.3126086e-07   3.6808267e-07   4.0675571e-02  -2.2536420e-02   1.1720556e-01   6.8143489e-04  -1.3206980e-05   7.0535873e-04   1.6545021e-03   5.0789023e-04   1.3737143e-02   4.6435351e-07   1.7442432e-10   4.9753094e-07
   1.0000000e+00  -1.8122406e-02  -1.5332213e-01  -5.7123887e-02   3.4679514e-04   2.4490473e-04  -6.0777703e-04   3.2842160e-04   2.3507676e-02   3.2631385e-03   1.2026687e-07   5.9978327e-08   3.6939292e-07   1.0378058e-02  -1.6832370e-02  -1.1968655e-01   5.8167828e-04  -1.1739468e-04  -1.0788600e-06   1.0770409e-04   2.8332868e-04   1.4324870e-02   3.3834962e-07   1.3781511e-08   1.1639389e-12
   1.0000000e+00  -5.3634717e-02  -1.0664684e-01  -3.0469972e-02  -1.5835825e-04   6.6035753e-04  -6.4677929e-04   2.8766829e-03   1.1373548e-02   9.2841919e-04   2.5077335e-08   4.3607207e-07   4.1832345e-07  -3.5512311e-02   4.6675290e-02   2.6653915e-02  -5.0515339e-04   4.1545280e-04  -3.9002260e-05   1.2611242e-03   2.1785827e-03   7.1043118e-04   2.5517995e-07   1.7260103e-07   1.5211763e-09
   1.0000000e+00   2.5362990e-02  -2.0023909e-01  -1.3270809e-03   5.0425507e-04   6.1664049e-05   2.1805956e-04   6.4328126e-04   4.0095693e-02   1.7611437e-06   2.5427318e-07   3.8024549e-09   4.7549972e-08   7.8997707e-02  -9.3592250e-02   2.9142891e-02   6.6261332e-04  -5.9869348e-04   8.6483885e-04   6.2406377e-03   8.7595093e-03   8.4930810e-04   4.3905641e-07   3.5843388e-07   7.4794624e-07
   1.0000000e+00  -1.8057239e-02  -9.8424943e-02  -5.0893194e-02  -3.5065453e-04   5.7474832e-04  -1.9584707e-04   3.2606388e-04   9.6874694e-03   2.5901172e-03   1.2295860e-07   3.3033563e-07   3.8356075e-08  -4.3420229e-02   1.0181415e-01  -4.9566113e-02  -8.5490960e-04   5.1308427e-04  -4.1390663e-04   1.8853163e-03   1.0366121e-02   2.4567996e-03   7.3087042e-07   2.6325547e-07   1.7131870e-07
   1.0000000e+00  -1.4240427e-02  -1.2527409e-01   7.9684350e-02   2.0106987e-05   5.0841858e-04  -2.1868758e-04   2.0278976e-04   1.5693598e-02   6.3495956e-03   4.0429093e-10   2.5848945e-07   4.7824258e-08   3.8168120e-03  -2.6849147e-02   1.3057754e-01   3.7076152e-04  -6.6329740e-05  -2.2840510e-05   1.4568054e-05   7.2087669e-04   1.7050495e-02   1.3746410e-07   4.3996344e-09   5.2168890e-10
   1.0000000e+00   1.9266858e-02  -1.2890422e-01   1.6285246e-01  -8.5441265e-04   5.1070110e-04  -9.8311368e-05   3.7121182e-04   1.6616298e-02   2.6520924e-02   7.3002098e-07   2.6081561e-07   9.6651251e-09   3.3507285e-02  -3.6301300e-03   8.3168110e-02  -8.7451964e-04   2.2825200e-06   1.2037621e-04   1.1227381e-03   1.3177844e-05   6.9169345e-03   7.6478460e-07   5.2098976e-12   1.4490432e-08
   1.0000000e+00  -4.4297579e-02  -1.0422693e-01   5.7228067e-02  -2.0065955e-03   6.9653300e-04  -8.2325580e-04   1.9622755e-03   1.0863253e-02   3.2750517e-03   4.0264255e-06   4.8515822e-07   6.7775011e-07  -6.3564437e-02   2.4677290e-02  -1.0562439e-01  -1.1521828e-03   1.8583190e-04  -7.2494443e-04   4.0404377e-03   6.0896864e-04   1.1156512e-02   1.3275253e-06   3.4533495e-08   5.2554443e-07
   1.0000000e+00   5.4201013e-03  -1.3408063e-01   2.3064143e-01  -1.7547828e-03   5.9310462e-04  -9.8514121e-05   2.9377498e-05   1.7977615e-02   5.3195469e-02   3.0792627e-06   3.5177309e-07   9.7050320e-09   4.9717680e-02  -2.9853700e-02   1.7341336e-01   2.5181270e-04  -1.0342838e-04   7.2474168e-04   2.4718477e-03   8.9124340e-04   3.0072194e-02   6.3409636e-08   1.0697430e-08   5.2525050e-07
   1.0000000e+00  -1.3327144e-02  -1.6443922e-01   1.1198137e-01  -9.2997038e-04   3.7015017e-05  -4.8397008e-04   1.7761277e-04   2.7040257e-02   1.2539827e-02   8.6484491e-07   1.3701115e-09   2.3422704e-07  -1.8747245e-02  -3.0358590e-02  -1.1866006e-01   8.2481242e-04  -5.5608960e-04  -3.8545596e-04   3.5145921e-04   9.2164399e-04   1.4080210e-02   6.8031553e-07   3.0923565e-07   1.4857630e-07
   1.0000000e+00  -3.2782452e-02  -1.0102882e-01   1.2020198e-01  -2.3841130e-03   5.4331828e-04  -7.2286087e-04   1.0746892e-03   1.0206822e-02   1.4448516e-02   5.6839948e-06   2.9519475e-07   5.2252784e-07  -1.9455308e-02   6.3410400e-02   8.2206100e-03  -1.4541426e-03   5.0630326e-04  -2.3889079e-04   3.7850901e-04   4.0208788e-03   6.7578429e-05   2.1145308e-06   2.5634299e-07   5.7068810e-08
   1.0000000e+00   2.0829362e-02  -2.4164317e-01   7.9402650e-02  -7.7734586e-04   4.4949974e-04  -3.1203963e-04   4.3386232e-04   5.8391422e-02   6.3047808e-03   6.0426659e-07   2.0205002e-07   9.7368731e-08   5.3611814e-02  -1.4061435e-01  -4.0799330e-02   1.6067671e-03  -9.3818540e-05   4.1082124e-04   2.8742266e-03   1.9772395e-02   1.6645853e-03   2.5817006e-06   8.8019184e-09   1.6877409e-07
   1.0000000e+00  -6.0331704e-02  -1.6329727e-01  -5.6775020e-02  -1.4116171e-03   8.1716876e-04  -1.2534345e-03   3.6399145e-03   2.6665998e-02   3.2234029e-03   1.9926628e-06   6.6776478e-07   1.5710980e-06  -8.1161066e-02   7.8345900e-02  -1.3617767e-01  -6.3427124e-04   3.6766902e-04  -9.4139487e-04   6.5871186e-03   6.1380800e-03   1.8544358e-02   4.0230001e-07   1.3518051e-07   8.8622430e-07
   1.0000000e+00  -1.1339464e-02  -1.8390746e-01   8.8780319e-02  -1.4891126e-03   4.9919902e-04  -7.8651394e-04   1.2858344e-04   3.3821954e-02   7.8819450e-03   2.2174563e-06   2.4919966e-07   6.1860418e-07   4.8992240e-02  -2.0610190e-02   1.4555534e-01  -7.7495500e-05  -3.1796974e-04   4.6692056e-04   2.4002396e-03   4.2477993e-04   2.1186357e-02   6.0055525e-09   1.0110476e-07   2.1801481e-07
   1.0000000e+00   2.7324957e-02  -2.1112106e-01   7.0360448e-02  -1.4795512e-03   5.5146230e-05  -2.1609389e-04   7.4665328e-04   4.4572102e-02   4.9505926e-03   2.1890718e-06   3.0411067e-09   4.6696569e-08   3.8664421e-02  -2.7213600e-02  -1.8419871e-02   9.5614000e-06  -4.4405279e-04   5.7042005e-04   1.4949375e-03   7.4058002e-04   3.3929165e-04   9.1420370e-11   1.9718288e-07   3.2537903e-07
   1.0000000e+00  -7.8535250e-03  -2.5622923e-01  -2.6657264e-01   2.1959219e-03   6.5891788e-04  -7.7625978e-04   6.1677855e-05   6.5653418e-02   7.1060972e-02   4.8220730e-06   4.3417277e-07   6.0257925e-07  -3.5178482e-02  -4.5108170e-02  -3.3693309e-01   3.6754731e-03   6.0377165e-04  -5.6016589e-04   1.2375256e-03   2.0347470e-03   1.1352391e-01   1.3509103e-05   3.6454021e-07   3.1378582e-07
   1.0000000e+00  -3.5320616e-02  -3.2580294e-01  -3.8759721e-01   5.9410339e-03   9.6465060e-04  -1.6143340e-03   1.2475459e-03   1.0614756e-01   1.5023160e-01   3.5295884e-05   9.3055078e-07   2.6060743e-06  -2.7467091e-02  -6.9573710e-02  -1.2102457e-01   3.7451120e-03   3.0573272e-04  -8.3807422e-04   7.5444109e-04   4.8405011e-03   1.4646947e-02   1.4025864e-05   9.3472496e-08   7.0236840e-07
   1.0000000e+00   2.5581935e-03  -1.6786992e-01  -4.0724746e-01   3.4600620e-03  -2.0710260e-05  -1.2468957e-03   6.5443540e-06   2.8180310e-02   1.6585049e-01   1.1972029e-05   4.2891487e-10   1.5547489e-06   3.7878809e-02   1.5793302e-01  -1.9650250e-02  -2.4809719e-03  -9.8536086e-04   3.6743830e-04   1.4348042e-03   2.4942839e-02   3.8613233e-04   6.1552216e-06   9.7093602e-07   1.3501090e-07
   1.0000000e+00   5.7511255e-02  -4.0069073e-01  -1.2268574e-01   2.2855681e-03  -2.8024579e-04   6.1545904e-04   3.3075445e-03   1.6055306e-01   1.5051791e-02   5.2238215e-06   7.8537703e-08   3.7878983e-07   5.4953061e-02  -2.3282081e-01   2.8456172e-01  -1.1744939e-03  -2.5953553e-04   1.8623547e-03   3.0198390e-03   5.4205530e-02   8.0975372e-02   1.3794359e-06   6.7358691e-08   3.4683652e-06
   1.0000000e+00   5.7540111e-02  -3.2200555e-01  -2.3459445e-01   4.0699648e-03  -9.2501521e-04   1.1247276e-03   3.3108644e-03   1.0368757e-01   5.5034556e-02   1.6564613e-05   8.5565314e-07   1.2650122e-06   2.8856000e-05   7.8685180e-02  -1.1190871e-01   1.7843967e-03  -6.4476942e-04   5.0926856e-04   8.3266874e-10   6.1913576e-03   1.2523559e-02   3.1840716e-06   4.1572760e-07   2.5935447e-07
   1.0000000e+00   6.2080416e-02  -2.5329508e-01  -2.8177095e-01   3.3946321e-03  -6.0998899e-04   8.2778542e-04   3.8539781e-03   6.4158398e-02   7.9394868e-02   1.1523527e-05   3.7208657e-07   6.8522870e-07   4.5403050e-03   6.8710470e-02  -4.7176500e-02  -6.7533270e-04   3.1502622e-04  -2.9694218e-04   2.0614369e-05   4.7211287e-03   2.2256222e-03   4.5607426e-07   9.9241519e-08   8.8174658e-08
   1.0000000e+00   1.0740811e-01  -3.1654546e-01  -8.3931220e-02   6.9433038e-04   3.8022905e-04   1.2386600e-03   1.1536502e-02   1.0020103e-01   7.0444497e-03   4.8209468e-07   1.4457413e-07   1.5342786e-06   4.5327694e-02  -6.3250380e-02   1.9783973e-01  -2.7003017e-03   9.9021804e-04   4.1087458e-04   2.0545998e-03   4.0006106e-03   3.9140559e-02   7.2916294e-06   9.8053177e-07   1.6881792e-07
   1.0000000e+00   9.6826179e-02  -2.6006160e-01  -3.8814900e-02  -1.2632267e-05   2.4223578e-04   9.3218315e-04   9.3753089e-03   6.7632036e-02   1.5065965e-03   1.5957417e-10   5.8678173e-08   8.6896543e-07  -1.0581931e-02   5.6483860e-02   4.5116320e-02  -7.0696265e-04  -1.3799327e-04  -3.0647685e-04   1.1197726e-04   3.1904264e-03   2.0354823e-03   4.9979618e-07   1.9042143e-08   9.3928060e-08
   1.0000000e+00   1.0937334e-01  -2.4439148e-01  -3.6026499e-02   3.2527824e-04   1.2044653e-03   1.3560626e-03   1.1962528e-02   5.9727195e-02   1.2979086e-03   1.0580593e-07   1.4507367e-06   1.8389058e-06   1.2547161e-02   1.5670120e-02   2.7884010e-03   3.3791051e-04   9.6222952e-04   4.2387945e-04   1.5743125e-04   2.4555266e-04   7.7751801e-06   1.1418351e-07   9.2588565e-07   1.7967379e-07
   1.0000000e+00   1.5194665e-01  -3.2855570e-01  -7.5137641e-02   6.7796107e-04   6.4400697e-04   1.7937199e-03   2.3087784e-02   1.0794885e-01   5.6456651e-03   4.5963121e-07   4.1474498e-07   3.2174311e-06   4.2573310e-02  -8.4164220e-02  -3.9111142e-02   3.5268283e-04  -5.6045833e-04   4.3765730e-04   1.8124867e-03   7.0836159e-03   1.5296814e-03   1.2438518e-07   3.1411354e-07   1.9154391e-07
   1.0000000e+00   1.5194101e-01  -2.7317114e-01  -2.0423146e-02   1.8044400e-04   1.2487677e-03   1.6885681e-03   2.3086071e-02   7.4622472e-02   4.1710489e-04   3.2560037e-08   1.5594208e-06   2.8512622e-06  -5.6400000e-06   5.5384560e-02   5.4714495e-02  -4.9751707e-04   6.0476073e-04  -1.0515180e-04   3.1809600e-11   3.0674495e-03   2.9936760e-03   2.4752323e-07   3.6573554e-07   1.1056901e-08
   1.0000000e+00   1.6349607e-01  -2.5911097e-01   2.1611572e-04  -3.3584181e-04   1.4307866e-03   1.8104677e-03   2.6730965e-02   6.7138495e-02   4.6706004e-08   1.1278972e-07   2.0471503e-06   3.2777933e-06   1.1555060e-02   1.4060170e-02   2.0639262e-02  -5.1628581e-04   1.8201890e-04   1.2189960e-04   1.3351941e-04   1.9768838e-04   4.2597912e-04   2.6655104e-07   3.3130880e-08   1.4859512e-08
   1.0000000e+00   1.7807555e-01  -3.7513192e-01   2.2866397e-02  -1.0880094e-03   1.0842358e-03   1.9044049e-03   3.1710902e-02   1.4072396e-01   5.2287211e-04   1.1837645e-06   1.1755673e-06   3.6267580e-06   1.4579480e-02  -1.1602095e-01   2.2650281e-02  -7.5216759e-04  -3.4655080e-04   9.3937200e-05   2.1256124e-04   1.3460861e-02   5.1303524e-04   5.6575608e-07   1.2009746e-07   8.8241975e-09
   1.0000000e+00   1.3573438e-01  -2.5543585e-01   1.6231723e-02  -1.4358507e-03   1.8801837e-03   1.4102577e-03   1.8423822e-02   6.5247473e-02   2.6346883e-04   2.0616672e-06   3.5350907e-06   1.9888268e-06  -4.2341170e-02   1.1969607e-01  -6.6346740e-03  -3.4784130e-04   7.9594790e-04  -4.9414720e-04   1.7927747e-03   1.4327149e-02   4.4018899e-05   1.2099357e-07   6.3353306e-07   2.4418146e-07
   1.0000000e+00   1.7440433e-01  -3.1196821e-01   2.7649577e-02  -1.1639747e-03   2.0037768e-03   1.7872266e-03   3.0416870e-02   9.7324164e-02   7.6449911e-04   1.3548371e-06   4.0151215e-06   3.1941789e-06   3.8669950e-02  -5.6532360e-02   1.1417854e-02   2.7187600e-04   1.2359310e-04   3.7696890e-04   1.4953650e-03   3.1959077e-03   1.3036739e-04   7.3916559e-08   1.5275254e-08   1.4210555e-07
   1.0000000e+00   1.7827061e-01  -3.4181155e-01   4.4289766e-03  -1.1025697e-03   1.8173959e-03   1.9701710e-03   3.1780410e-02   1.1683514e-01   1.9615834e-05   1.2156599e-06   3.3029279e-06   3.8815738e-06   3.8662800e-03  -2.9843340e-02  -2.3220600e-02   6.1405000e-05  -1.8638090e-04   1.8294440e-04   1.4948121e-05   8.9062494e-04   5.3919628e-04   3.7705740e-09   3.4737840e-08   3.3468653e-08
   1.0000000e+00   1.6557208e-01  -2.8794374e-01   2.1768822e-02  -1.7738547e-03   2.1277940e-03   1.7414278e-03   2.7414114e-02   8.2911597e-02   4.7388161e-04   3.1465605e-06   4.5275073e-06   3.0325708e-06  -1.2698530e-02   5.3867810e-02   1.7339845e-02  -6.7128500e-04   3.1039810e-04  -2.2874320e-04   1.6125266e-04   2.9017410e-03   3.0067024e-04   4.5062355e-07   9.6346980e-08   5.2323452e-08
   1.0000000e+00   2.0228123e-01  -3.8376121e-01  -3.6892070e-02  -9.7996127e-04   1.8944846e-03   1.9667072e-03   4.0917696e-02   1.4727267e-01   1.3610248e-03   9.6032409e-07   3.5890719e-06   3.8679372e-06   3.6709150e-02  -9.5817470e-02  -5.8660892e-02   7.9389343e-04  -2.3330940e-04   2.2527940e-04   1.3475617e-03   9.1809876e-03   3.4411003e-03   6.3026678e-07   5.4433276e-08   5.0750808e-08
   1.0000000e+00   1.6293292e-01  -2.3515335e-01   3.9012874e-03  -1.7700715e-03   2.4979771e-03   1.6530728e-03   2.6547136e-02   5.5297098e-02   1.5220043e-05   3.1331531e-06   6.2398896e-06   2.7326497e-06  -3.9348310e-02   1.4860786e-01   4.0793357e-02  -7.9011023e-04   6.0349250e-04  -3.1363440e-04   1.5482895e-03   2.2084296e-02   1.6640980e-03   6.2427418e-07   3.6420320e-07   9.8366537e-08
   1.0000000e+00   1.9866401e-01  -3.3517745e-01  -7.9188414e-03  -1.7777994e-03   2.3854275e-03   1.7753856e-03   3.9467389e-02   1.1234392e-01   6.2708049e-05   3.1605707e-06   5.6902644e-06   3.1519940e-06   3.5731090e-02  -1.0002410e-01  -1.1820129e-02  -7.7279000e-06  -1.1254960e-04   1.2231280e-04   1.2767108e-03   1.0004821e-02   1.3971544e-04   5.9720438e-11   1.2667412e-08   1.4960421e-08
   1.0000000e+00   1.7395292e-01  -2.8487247e-01   3.1974666e-02  -2.7472041e-03   2.6491129e-03   1.6326340e-03   3.0259618e-02   8.1152324e-02   1.0223793e-03   7.5471304e-06   7.0177992e-06   2.6654938e-06  -2.4711090e-02   5.0304980e-02   3.9893507e-02  -9.6940470e-04   2.6368540e-04  -1.4275160e-04   6.1063797e-04   2.5305910e-03   1.5914919e-03   9.3974547e-07   6.9529990e-08   2.0378019e-08
   1.0000000e+00   1.4854954e-01  -2.7625044e-01   1.8337554e-02  -1.8359678e-03   2.5318826e-03   1.2684173e-03   2.2066966e-02   7.6314306e-02   3.3626589e-04   3.3707778e-06   6.4104295e-06   1.6088824e-06  -2.5403380e-02   8.6220300e-03  -1.3637112e-02   9.1123630e-04  -1.1723030e-04  -3.6421670e-04   6.4533172e-04   7.4339401e-05   1.8597082e-04   8.3035159e-07   1.3742943e-08   1.3265380e-07
   1.0000000e+00   1.4503157e-01  -3.0397955e-01   3.2885985e-02  -1.9576770e-03   1.9761656e-03   6.2062760e-04   2.1034156e-02   9.2403567e-02   1.0814880e-03   3.8324992e-06   3.9052305e-06   3.8517862e-07  -3.5179700e-03  -2.7729110e-02   1.4548431e-02  -1.2170920e-04  -5.5571700e-04  -6.4778970e-04   1.2376113e-05   7.6890354e-04   2.1165684e-04   1.4813129e-08   3.0882138e-07   4.1963150e-07
   1.0000000e+00   8.6689118e-02  -2.2005113e-01   1.0247504e-02  -2.3784348e-03   2.6943372e-03   2.3908298e-04   7.5150032e-03   4.8422500e-02   1.0501134e-04   5.6569521e-06   7.2594529e-06   5.7160671e-08  -5.8342452e-02   8.3928420e-02  -2.2638481e-02  -4.2075780e-04   7.1817160e-04  -3.8154462e-04   3.4038417e-03   7.0439797e-03   5.1250082e-04   1.7703713e-07   5.1577045e-07   1.4557630e-07
   1.0000000e+00   1.3323767e-01  -2.6381782e-01   1.2772940e-01  -3.4003755e-03   2.4582154e-03   6.0357038e-04   1.7752277e-02   6.9599842e-02   1.6314800e-02   1.1562554e-05   6.0428230e-06   3.6429720e-07   4.6548552e-02  -4.3766690e-02   1.1748190e-01  -1.0219407e-03  -2.3612180e-04   3.6448740e-04   2.1667677e-03   1.9155232e-03   1.3801996e-02   1.0443628e-06   5.5753504e-08   1.3285106e-07
   1.0000000e+00   1.3248210e-01  -2.7688120e-01   1.0145926e-01  -3.3901611e-03   2.6864925e-03   5.1449006e-04   1.7551507e-02   7.6663199e-02   1.0293981e-02   1.1493192e-05   7.2172420e-06   2.6470002e-07  -7.5557000e-04  -1.3063380e-02  -2.6270140e-02   1.0214400e-05   2.2827710e-04  -8.9080320e-05   5.7088602e-07   1.7065190e-04   6.9012026e-04   1.0433397e-10   5.2110434e-08   7.9353034e-09
   1.0000000e+00   1.1484629e-01  -2.4011937e-01   1.2392840e-01  -4.2816948e-03   2.5748134e-03   6.4397550e-04   1.3189670e-02   5.7657312e-02   1.5358248e-02   1.8332910e-05   6.6296640e-06   4.1470444e-07  -1.7635810e-02   3.6761830e-02   2.2469140e-02  -8.9153370e-04  -1.1167910e-04   1.2948544e-04   3.1102179e-04   1.3514321e-03   5.0486225e-04   7.9483234e-07   1.2472221e-08   1.6766479e-08
   1.0000000e+00   1.6489099e-01  -3.1645699e-01   1.5445109e-01  -3.9401772e-03   2.0104548e-03   1.1182328e-03   2.7189039e-02   1.0014503e-01   2.3855139e-02   1.5524996e-05   4.0419285e-06   1.2504446e-06   5.0044700e-02  -7.6337620e-02   3.0522690e-02   3.4151760e-04  -5.6435860e-04   4.7425730e-04   2.5044720e-03   5.8274322e-03   9.3163460e-04   1.1663427e-07   3.1850063e-07   2.2491999e-07
   1.0000000e+00   1.0824253e-01  -2.1994461e-01   1.4357595e-01  -5.5927082e-03   1.5967159e-03   6.2043168e-04   1.1716445e-02   4.8375631e-02   2.0614053e-02   3.1278385e-05   2.5495017e-06   3.8493547e-07  -5.6648460e-02   9.6512380e-02  -1.0875140e-02  -1.6525310e-03  -4.1373890e-04  -4.9780112e-04   3.2090480e-03   9.3146395e-03   1.1826867e-04   2.7308587e-06   1.7117988e-07   2.4780596e-07
   1.0000000e+00   1.0194190e-01  -2.8069980e-01   2.2249595e-01  -6.3692442e-03   1.2692066e-03   6.1811300e-04   1.0392151e-02   7.8792378e-02   4.9504448e-02   4.0567272e-05   1.6108854e-06   3.8206368e-07  -6.3006300e-03  -6.0755190e-02   7.8920000e-02  -7.7653600e-04  -3.2750930e-04  -2.3186800e-06   3.9697938e-05   3.6911931e-03   6.2283664e-03   6.0300816e-07   1.0726234e-07   5.3762769e-12
   1.0000000e+00   2.2540902e-01  -2.8523957e-01   3.0669546e-01  -7.0445673e-03   3.9223175e-04   8.5287608e-04   5.0809226e-02   8.1361612e-02   9.4062105e-02   4.9625928e-05   1.5384575e-07   7.2739761e-07   1.2346712e-01  -4.5397700e-03   8.4199510e-02  -6.7532310e-04  -8.7697485e-04   2.3476308e-04   1.5244130e-02   2.0609512e-05   7.0895575e-03   4.5606129e-07   7.6908489e-07   5.5113704e-08
   1.0000000e+00   3.1282112e-02  -2.6266560e-01   2.1083593e-01  -7.3732793e-03   1.0940631e-03  -1.2747213e-03   9.7857053e-04   6.8993217e-02   4.4451789e-02   5.4365248e-05   1.1969741e-06   1.6249144e-06  -1.9412691e-01   2.2573970e-02  -9.5859530e-02  -3.2871200e-04   7.0183135e-04  -2.1275974e-03   3.7685256e-02   5.0958412e-04   9.1890495e-03   1.0805158e-07   4.9256724e-07   4.5266706e-06
   1.0000000e+00   1.3454316e-01  -3.9669171e-01   2.2035320e-01  -6.4661018e-03   2.2181044e-03   3.4185957e-05   1.8101862e-02   1.5736431e-01   4.8555533e-02   4.1810472e-05   4.9199871e-06   1.1686797e-09   1.0326105e-01  -1.3402611e-01   9.5172700e-03   9.0717750e-04   1.1240413e-03   1.3089073e-03   1.0662844e-02   1.7962998e-02   9.0578428e-05   8.2297102e-07   1.2634688e-06   1.7132382e-06
   1.0000000e+00   1.9842958e-01  -2.9207792e-01   2.0188484e-01  -7.2911420e-03   3.0038593e-03   2.1321583e-04   3.9374298e-02   8.5309511e-02   4.0757489e-02   5.3160752e-05   9.0231707e-06   4.5460990e-08   6.3886420e-02   1.0461379e-01  -1.8468360e-02  -8.2504020e-04   7.8575490e-04   1.7902987e-04   4.0814747e-03   1.0944045e-02   3.4108032e-04   6.8069133e-07   6.1741076e-07   3.2051695e-08
   1.0000000e+00   2.0790780e-01  -3.1965409e-01   3.0709697e-01  -7.4908845e-03   2.3806491e-03   9.2311299e-04   4.3225653e-02   1.0217874e-01   9.4308549e-02   5.6113351e-05   5.6674901e-06   8.5213759e-07   9.4782200e-03  -2.7576170e-02   1.0521213e-01  -1.9974250e-04  -6.2321020e-04   7.0989716e-04   8.9836654e-05   7.6044515e-04   1.1069592e-02   3.9897066e-08   3.8839095e-07   5.0395398e-07
   1.0000000e+00   1.5902995e-01  -3.1228033e-01   2.5867397e-01  -7.4805161e-03   7.0479371e-04   6.9385569e-05   2.5290525e-02   9.7519005e-02   6.6912223e-02   5.5958121e-05   4.9673417e-07   4.8143572e-09  -4.8877850e-02   7.3737600e-03  -4.8423000e-02   1.0368400e-05  -1.6758554e-03  -8.5372742e-04   2.3890442e-03   5.4372337e-05   2.3447869e-03   1.0750372e-10   2.8084913e-06   7.2885051e-07
   1.0000000e+00   4.5691922e-02  -2.9917718e-01   2.5296728e-01  -7.6930733e-03   1.5546004e-03  -4.9856497e-04   2.0877517e-03   8.9506985e-02   6.3992445e-02   5.9183377e-05   2.4167824e-06   2.4856703e-07  -1.1333803e-01   1.3103150e-02  -5.7066900e-03  -2.1255720e-04   8.4980669e-04  -5.6795054e-04   1.2845509e-02   1.7169254e-04   3.2566311e-05   4.5180563e-08   7.2217141e-07   3.2256781e-07
   1.0000000e+00   1.2979149e-01  -3.8285218e-01   3.4746440e-01  -7.1389345e-03  -5.4904759e-04  -1.2275161e-04   1.6845831e-02   1.4657579e-01   1.2073151e-01   5.0964386e-05   3.0145326e-07   1.5067958e-08   8.4099568e-02  -8.3675000e-02   9.4497120e-02   5.5413880e-04  -2.1036480e-03   3.7581336e-04   7.0727373e-03   7.0015056e-03   8.9297057e-03   3.0706981e-07   4.4253349e-06   1.4123568e-07
   1.0000000e+00  -3.3095764e-04  -3.0868249e-01   1.6583548e-01  -8.1086456e-03   8.4371077e-04  -7.7913926e-04   1.0953296e-07   9.5284880e-02   2.7501406e-02   6.5750133e-05   7.1184786e-07   6.0705799e-07  -1.3012245e-01   7.4169690e-02  -1.8162892e-01  -9.6971110e-04   1.3927584e-03  -6.5638765e-04   1.6931851e-02   5.5011429e-03   3.2989065e-02   9.4033962e-07   1.9397758e-06   4.3084475e-07
   1.0000000e+00   1.0884070e-01  -3.6499091e-01   3.0129501e-01  -7.4297236e-03  -5.0968395e-04   1.1837372e-04   1.1846298e-02   1.3321836e-01   9.0778683e-02   5.5200793e-05   2.5977773e-07   1.4012338e-08   1.0917166e-01  -5.6308420e-02   1.3545953e-01   6.7892200e-04  -1.3533947e-03   8.9751298e-04   1.1918451e-02   3.1706382e-03   1.8349284e-02   4.6093508e-07   1.8316773e-06   8.0552955e-07
   1.0000000e+00   1.1718817e-01  -3.4323749e-01   1.8947418e-01  -7.2766482e-03   2.9129585e-04   3.1436286e-04   1.3733067e-02   1.1781197e-01   3.5900465e-02   5.2949609e-05   8.4853272e-08   9.8824008e-08   8.3474700e-03   2.1753420e-02  -1.1182083e-01   1.5307540e-04   8.0097980e-04   1.9598914e-04   6.9680255e-05   4.7321128e-04   1.2503898e-02   2.3432078e-08   6.4156864e-07   3.8411743e-08
   1.0000000e+00   1.1014066e-01  -3.5551759e-01   2.6582864e-01  -7.3928844e-03  -2.4130822e-04   1.3153305e-04   1.2130965e-02   1.2639276e-01   7.0664866e-02   5.4654740e-05   5.8229657e-08   1.7300943e-08  -7.0475100e-03  -1.2280100e-02   7.6354460e-02  -1.1623620e-04  -5.3260407e-04  -1.8282981e-04   4.9667397e-05   1.5080086e-04   5.8300036e-03   1.3510854e-08   2.8366710e-07   3.3426739e-08
   1.0000000e+00   1.0070285e-01  -3.7504271e-01   2.2608707e-01  -7.1339029e-03  -1.2933452e-04  -2.4529824e-05   1.0141064e-02   1.4065703e-01   5.1115363e-02   5.0892571e-05   1.6727418e-08   6.0171227e-10  -9.4378100e-03  -1.9525120e-02  -3.9741570e-02   2.5898150e-04   1.1197370e-04  -1.5606287e-04   8.9072258e-05   3.8123031e-04   1.5793924e-03   6.7071417e-08   1.2538109e-08   2.4355621e-08
   1.0000000e+00  -5.1701827e-02  -3.1325510e-01   2.0580486e-01  -8.3442939e-03   1.0306992e-03  -1.2805976e-03   2.6730789e-03   9.8128758e-02   4.2355640e-02   6.9627241e-05   1.0623408e-06   1.6399302e-06  -1.5240468e-01   6.1787610e-02  -2.0282210e-02  -1.2103910e-03   1.1600337e-03  -1.2560678e-03   2.3227186e-02   3.8177087e-03   4.1136804e-04   1.4650464e-06   1.3456782e-06   1.5777063e-06
   1.0000000e+00   1.0042750e-01  -4.3388768e-01   3.3561448e-01  -6.9013913e-03  -2.2721829e-04  -1.7861587e-04   1.0085683e-02   1.8825852e-01   1.1263708e-01   4.7629202e-05   5.1628151e-08   3.1903629e-08   1.5212933e-01  -1.2063258e-01   1.2980962e-01   1.4429026e-03  -1.2579175e-03   1.1019817e-03   2.3143332e-02   1.4552219e-02   1.6850537e-02   2.0819679e-06   1.5823564e-06   1.2143637e-06
   1.0000000e+00   5.1406094e-02  -3.6754006e-01   1.8861926e-01  -8.1935427e-03   1.0812226e-03  -4.9157517e-04   2.6425865e-03   1.3508570e-01   3.5577225e-02   6.7134142e-05   1.1690423e-06   2.4164615e-07  -4.9021406e-02   6.6347620e-02  -1.4699522e-01  -1.2921514e-03   1.3084409e-03  -3.1295930e-04   2.4030982e-03   4.4020067e-03   2.1607595e-02   1.6696552e-06   1.7120176e-06   9.7943523e-08
   1.0000000e+00   1.2181850e-01  -3.9598646e-01   2.9093038e-01  -7.4789240e-03   1.0716308e-03   2.2653687e-04   1.4839747e-02   1.5680528e-01   8.4640486e-02   5.5934304e-05   1.1483926e-06   5.1318953e-08   7.0412406e-02  -2.8446400e-02   1.0231112e-01   7.1461870e-04  -9.5918000e-06   7.1811204e-04   4.9579069e-03   8.0919767e-04   1.0467565e-02   5.1067989e-07   9.2002627e-11   5.1568490e-07
   1.0000000e+00   7.0111202e-02  -3.9688619e-01   1.7397516e-01  -8.2037406e-03   6.7449655e-04  -5.2253385e-04   4.9155806e-03   1.5751865e-01   3.0267356e-02   6.7301360e-05   4.5494560e-07   2.7304162e-07  -5.1707298e-02  -8.9973000e-04  -1.1695522e-01  -7.2481660e-04  -3.9713425e-04  -7.4907072e-04   2.6736447e-03   8.0951407e-07   1.3678523e-02   5.2535910e-07   1.5771561e-07   5.6110694e-07
   1.0000000e+00  -2.1043087e-03  -3.0718674e-01   1.4446611e-01  -1.1732859e-02   1.8650857e-03  -1.3043179e-03   4.4281151e-06   9.4363693e-02   2.0870457e-02   1.3765998e-04   3.4785447e-06   1.7012452e-06  -7.2215511e-02   8.9699450e-02  -2.9509050e-02  -3.5291184e-03   1.1905891e-03  -7.8178405e-04   5.2150800e-03   8.0459913e-03   8.7078403e-04   1.2454677e-05   1.4175025e-06   6.1118630e-07
   1.0000000e+00   1.0552154e-01  -4.1924016e-01   2.8388745e-01  -9.6296247e-03   5.0684143e-04  -3.0376808e-04   1.1134795e-02   1.7576231e-01   8.0592084e-02   9.2729672e-05   2.5688824e-07   9.2275046e-08   1.0762585e-01  -1.1205342e-01   1.3942134e-01   2.1032343e-03  -1.3582443e-03   1.0005498e-03   1.1583323e-02   1.2555969e-02   1.9438310e-02   4.4235945e-06   1.8448275e-06   1.0010999e-06
   1.0000000e+00   3.0445204e-02  -3.8892150e-01   1.9078621e-01  -9.8301805e-03   1.4042767e-03  -1.0643075e-03   9.2691045e-04   1.5125993e-01   3.6399378e-02   9.6632449e-05   1.9719931e-06   1.1327505e-06  -7.5076336e-02   3.0318660e-02  -9.3101240e-02  -2.0055580e-04   8.9743527e-04  -7.6053942e-04   5.6364562e-03   9.1922114e-04   8.6678409e-03   4.0222629e-08   8.0539006e-07   5.7842021e-07
   1.0000000e+00   5.0548956e-02  -4.2814636e-01   3.5082799e-01  -1.1118523e-02   1.3258700e-03  -5.8652581e-04   2.5551970e-03   1.8330931e-01   1.2308028e-01   1.2362155e-04   1.7579313e-06   3.4401253e-07   2.0103752e-02  -3.9224860e-02   1.6004178e-01  -1.2883425e-03  -7.8406700e-05   4.7778169e-04   4.0416084e-04   1.5385896e-03   2.5613371e-02   1.6598264e-06   6.1476106e-09   2.2827534e-07
   1.0000000e+00   7.7544531e-02  -4.6562056e-01   2.9961000e-01  -1.0748654e-02   1.2743514e-03  -7.2768890e-04   6.0131543e-03   2.1680251e-01   8.9766152e-02   1.1553356e-04   1.6239715e-06   5.2953114e-07   2.6995575e-02  -3.7474200e-02  -5.1217990e-02   3.6986900e-04  -5.1518600e-05  -1.4116309e-04   7.2876107e-04   1.4043157e-03   2.6232825e-03   1.3680308e-07   2.6541661e-09   1.9927018e-08
   1.0000000e+00   9.4650818e-02  -3.9342221e-01   2.2984867e-01  -1.0291012e-02   1.8623380e-03  -1.7471662e-04   8.9587773e-03   1.5478104e-01   5.2830411e-02   1.0590493e-04   3.4683028e-06   3.0525897e-08   1.7106287e-02   7.2198350e-02  -6.9761330e-02   4.5764200e-04   5.8798660e-04   5.5297228e-04   2.9262505e-04   5.2126017e-03   4.8666432e-03   2.0943620e-07   3.4572824e-07   3.0577834e-07
   1.0000000e+00   1.4683707e-01  -4.8947411e-01   2.2185514e-01  -9.4760458e-03   1.5784183e-03   4.6670468e-04   2.1561125e-02   2.3958490e-01   4.9219703e-02   8.9795444e-05   2.4914043e-06   2.1781326e-07   5.2186252e-02  -9.6051900e-02  -7.9935300e-03   8.1496620e-04  -2.8391970e-04   6.4142130e-04   2.7234049e-03   9.2259675e-03   6.3896522e-05   6.6416991e-07   8.0610396e-08   4.1142128e-07
   1.0000000e+00   6.8689897e-02  -3.9127543e-01   1.6556071e-01  -9.4405777e-03   1.9278189e-03  -7.0235432e-04   4.7183019e-03   1.5309646e-01   2.7410349e-02   8.9124507e-05   3.7164857e-06   4.9330159e-07  -7.8147173e-02   9.8198680e-02  -5.6294430e-02   3.5468100e-05   3.4940060e-04  -1.1690590e-03   6.1069806e-03   9.6429808e-03   3.1690628e-03   1.2579861e-09   1.2208078e-07   1.3666989e-06
   1.0000000e+00   1.1815728e-01  -4.2523654e-01   3.0169359e-01  -8.6863324e-03   8.6659369e-04  -2.5586428e-05   1.3961143e-02   1.8082611e-01   9.1019022e-02   7.5452371e-05   7.5098462e-07   6.5466530e-10   4.9467383e-02  -3.3961110e-02   1.3613288e-01   7.5424530e-04  -1.0612252e-03   6.7676789e-04   2.4470220e-03   1.1533570e-03   1.8532161e-02   5.6888597e-07   1.1261989e-06   4.5801478e-07
   1.0000000e+00   6.8374550e-02  -4.1354284e-01   2.1817365e-01  -9.0549732e-03   1.0324574e-03  -5.1851215e-04   4.6750791e-03   1.7101768e-01   4.7599742e-02   8.1992540e-05   1.0659683e-06   2.6885485e-07  -4.9782730e-02   1.1693700e-02  -8.3519940e-02  -3.6864080e-04   1.6586371e-04  -4.9292572e-04   2.4783202e-03   1.3674262e-04   6.9755804e-03   1.3589604e-07   2.7510770e-08   2.4297577e-07
   1.0000000e+00  -2.1939763e-02  -3.9410714e-01   2.2176044e-01  -1.0664221e-02   2.7363123e-03  -9.7174096e-04   4.8135320e-04   1.5532044e-01   4.9177693e-02   1.1372561e-04   7.4874050e-06   9.4428049e-07  -9.0314313e-02   1.9435700e-02   3.5867900e-03  -1.6092478e-03   1.7038549e-03  -4.5322881e-04   8.1566751e-03   3.7774643e-04   1.2865063e-05   2.5896785e-06   2.9031215e-06   2.0541635e-07
   1.0000000e+00   1.0937704e-01  -4.5428905e-01   2.8801570e-01  -9.8069856e-03   1.7851671e-03   1.4734663e-04   1.1963337e-02   2.0637854e-01   8.2953043e-02   9.6176967e-05   3.1868216e-06   2.1711029e-08   1.3131680e-01  -6.0181910e-02   6.6255260e-02   8.5723540e-04  -9.5114520e-04   1.1190876e-03   1.7244103e-02   3.6218623e-03   4.3897595e-03   7.3485253e-07   9.0467719e-07   1.2523570e-06
   1.0000000e+00  -1.5154335e-02  -4.0784186e-01   2.6742422e-01  -1.1407693e-02   2.4551219e-03  -1.6907353e-03   2.2965387e-04   1.6633498e-01   7.1515713e-02   1.3013546e-04   6.0276235e-06   2.8585859e-06  -1.2453137e-01   4.6447190e-02  -2.0591480e-02  -1.6007074e-03   6.6995480e-04  -1.8380819e-03   1.5508063e-02   2.1573415e-03   4.2400905e-04   2.5622642e-06   4.4883943e-07   3.3785452e-06
   1.0000000e+00  -5.8762786e-02  -4.1404421e-01   3.7499994e-01  -1.2249145e-02   2.7671574e-03  -2.3548408e-03   3.4530650e-03   1.7143261e-01   1.4062496e-01   1.5004155e-04   7.6571601e-06   5.5452752e-06  -4.3608451e-02  -6.2023500e-03   1.0757572e-01  -8.4145200e-04   3.1203550e-04  -6.6410550e-04   1.9016970e-03   3.8469146e-05   1.1572536e-02   7.0804147e-07   9.7366153e-08   4.4103612e-07
   1.0000000e+00   3.7522880e-02  -5.0686947e-01   3.5694239e-01  -1.0823547e-02   1.6504073e-03  -1.3428380e-03   1.4079665e-03   2.5691666e-01   1.2740787e-01   1.1714917e-04   2.7238443e-06   1.8032139e-06   9.6285666e-02  -9.2825260e-02  -1.8057550e-02   1.4255980e-03  -1.1167501e-03   1.0120028e-03   9.2709295e-03   8.6165289e-03   3.2607511e-04   2.0323297e-06   1.2471308e-06   1.0241497e-06
   1.0000000e+00  -5.4872334e-02  -4.1702517e-01   2.6474212e-01  -1.2365777e-02   2.9617351e-03  -2.0001593e-03   3.0109730e-03   1.7390999e-01   7.0088390e-02   1.5291244e-04   8.7718748e-06   4.0006372e-06  -9.2395214e-02   8.9844300e-02  -9.2200270e-02  -1.5422300e-03   1.3113278e-03  -6.5732130e-04   8.5368756e-03   8.0719982e-03   8.5008898e-03   2.3784734e-06   1.7195806e-06   4.3207129e-07
   1.0000000e+00  -3.8855452e-02  -4.3627598e-01   3.5597286e-01  -1.1946404e-02   2.5143951e-03  -1.8328184e-03   1.5097462e-03   1.9033673e-01   1.2671668e-01   1.4271657e-04   6.3221827e-06   3.3592233e-06   1.6016882e-02  -1.9250810e-02   9.1230740e-02   4.1937300e-04  -4.4734000e-04   1.6734090e-04   2.5654051e-04   3.7059369e-04   8.3230479e-03   1.7587371e-07   2.0011308e-07   2.8002977e-08
   1.0000000e+00   5.6081085e-02  -5.1788115e-01   3.2653792e-01  -1.1406153e-02   2.2333716e-03  -9.4519911e-04   3.1450881e-03   2.6820089e-01   1.0662701e-01   1.3010033e-04   4.9879487e-06   8.9340136e-07   9.4936537e-02  -8.1605170e-02  -2.9434940e-02   5.4025100e-04  -2.8102350e-04   8.8761929e-04   9.0129461e-03   6.6594038e-03   8.6641569e-04   2.9187114e-07   7.8974208e-08   7.8786800e-07
   1.0000000e+00  -1.8472110e-02  -4.3974120e-01   2.7097582e-01  -1.2331982e-02   2.5283907e-03  -1.5146000e-03   3.4121885e-04   1.9337232e-01   7.3427895e-02   1.5207778e-04   6.3927595e-06   2.2940132e-06  -7.4553195e-02   7.8139950e-02  -5.5562100e-02  -9.2582900e-04   2.9501910e-04  -5.6940089e-04   5.5581789e-03   6.1058518e-03   3.0871470e-03   8.5715934e-07   8.7036269e-08   3.2421737e-07
   1.0000000e+00   2.9806605e-02  -4.8161418e-01   3.9858174e-01  -1.2554171e-02   1.3206906e-03  -1.5534942e-03   8.8843370e-04   2.3195222e-01   1.5886740e-01   1.5760721e-04   1.7442237e-06   2.4133442e-06   4.8278715e-02  -4.1872980e-02   1.2760592e-01  -2.2218900e-04  -1.2077001e-03  -3.8894200e-05   2.3308343e-03   1.7533465e-03   1.6283271e-02   4.9367952e-08   1.4585395e-06   1.5127588e-09
   1.0000000e+00  -7.0231477e-02  -4.1354258e-01   2.9273245e-01  -1.2534804e-02   1.4628350e-03  -2.5060063e-03   4.9324604e-03   1.7101747e-01   8.5692287e-02   1.5712131e-04   2.1398862e-06   6.2800676e-06  -1.0003808e-01   6.8071600e-02  -1.0584929e-01   1.9367000e-05   1.4214440e-04  -9.5251210e-04   1.0007618e-02   4.6337427e-03   1.1204072e-02   3.7508069e-10   2.0205030e-08   9.0727930e-07
   1.0000000e+00  -8.0916098e-02  -4.6091267e-01   3.0590665e-01  -1.2731467e-02   2.3906212e-03  -2.2386722e-03   6.5474149e-03   2.1244049e-01   9.3578879e-02   1.6209025e-04   5.7150697e-06   5.0116532e-06  -1.0684621e-02  -4.7370090e-02   1.3174200e-02  -1.9666300e-04   9.2778620e-04   2.6733410e-04   1.1416113e-04   2.2439254e-03   1.7355955e-04   3.8676336e-08   8.6078723e-07   7.1467521e-08
   1.0000000e+00   8.8165611e-03  -5.5452062e-01   3.0269384e-01  -1.1973865e-02   1.9504072e-03  -1.4380232e-03   7.7731750e-05   3.0749312e-01   9.1623561e-02   1.4337344e-04   3.8040882e-06   2.0679107e-06   8.9732659e-02  -9.3607950e-02  -3.2128100e-03   7.5760200e-04  -4.4021400e-04   8.0064900e-04   8.0519501e-03   8.7624483e-03   1.0322148e-05   5.7396079e-07   1.9378837e-07   6.4103882e-07
   1.0000000e+00  -1.2185149e-01  -4.6501843e-01   2.3431286e-01  -1.1680653e-02   2.8430218e-03  -2.6101796e-03   1.4847786e-02   2.1624214e-01   5.4902516e-02   1.3643765e-04   8.0827730e-06   6.8130375e-06  -1.3066805e-01   8.9502190e-02  -6.8380980e-02   2.9321200e-04   8.9261460e-04  -1.1721564e-03   1.7074140e-02   8.0106420e-03   4.6759584e-03   8.5973277e-08   7.9676082e-07   1.3739506e-06
   1.0000000e+00   3.2263540e-02  -5.4014924e-01   3.1328657e-01  -1.1704813e-02   2.4641909e-03  -5.9236996e-04   1.0409360e-03   2.9176120e-01   9.8148475e-02   1.3700265e-04   6.0722368e-06   3.5090217e-07   1.5411503e-01  -7.5130810e-02   7.8973710e-02  -2.4160000e-05  -3.7883090e-04   2.0178096e-03   2.3751442e-02   5.6446386e-03   6.2368469e-03   5.8370560e-10   1.4351285e-07   4.0715557e-06
   1.0000000e+00  -9.1050037e-02  -4.4733920e-01   2.3332149e-01  -1.2434130e-02   3.1315486e-03  -2.0208420e-03   8.2901092e-03   2.0011236e-01   5.4438918e-02   1.5460759e-04   9.8065966e-06   4.0838024e-06  -1.2331358e-01   9.2810040e-02  -7.9965080e-02  -7.2931700e-04   6.6735770e-04  -1.4284720e-03   1.5206238e-02   8.6137035e-03   6.3944140e-03   5.3190329e-07   4.4536630e-07   2.0405324e-06
   1.0000000e+00  -8.2733465e-02  -5.0356089e-01   3.1753060e-01  -1.2423812e-02   2.7765685e-03  -1.8305824e-03   6.8448262e-03   2.5357357e-01   1.0082568e-01   1.5435110e-04   7.7093326e-06   3.3510319e-06   8.3165720e-03  -5.6221690e-02   8.4209110e-02   1.0318000e-05  -3.5498010e-04   1.9025960e-04   6.9165370e-05   3.1608784e-03   7.0911742e-03   1.0646112e-10   1.2601087e-07   3.6198715e-08
   1.0000000e+00  -2.8575150e-02  -5.2469831e-01   2.2232059e-01  -1.1263921e-02   2.6620718e-03  -1.1126728e-03   8.1653920e-04   2.7530832e-01   4.9426445e-02   1.2687592e-04   7.0866263e-06   1.2380408e-06   5.4158315e-02  -2.1137420e-02  -9.5210010e-02   1.1598910e-03  -1.1449670e-04   7.1790960e-04   2.9331231e-03   4.4679052e-04   9.0649460e-03   1.3453471e-06   1.3109494e-08   5.1539419e-07
   1.0000000e+00  -7.7565794e-02  -4.6904237e-01   2.3888227e-01  -1.1362381e-02   2.6205274e-03  -1.4574688e-03   6.0164524e-03   2.2000074e-01   5.7064739e-02   1.2910370e-04   6.8671639e-06   2.1242153e-06  -4.8990644e-02   5.5655940e-02   1.6561680e-02  -9.8460000e-05  -4.1544400e-05  -3.4479600e-04   2.4000832e-03   3.0975837e-03   2.7428924e-04   9.6943716e-09   1.7259372e-09   1.1888428e-07
   1.0000000e+00  -4.5174490e-02  -5.0668791e-01   2.6413109e-01  -1.1434239e-02   1.9924468e-03  -1.2641243e-03   2.0407345e-03   2.5673264e-01   6.9765233e-02   1.3074182e-04   3.9698443e-06   1.5980102e-06   3.2391304e-02  -3.7645540e-02   2.5248820e-02  -7.1858000e-05  -6.2808060e-04   1.9334450e-04   1.0491966e-03   1.4171867e-03   6.3750291e-04   5.1635722e-09   3.9448524e-07   3.7382096e-08
   1.0000000e+00  -1.2366511e-01  -4.4986642e-01   2.0822598e-01  -1.1869569e-02   3.1661182e-03  -2.1453681e-03   1.5293059e-02   2.0237980e-01   4.3358059e-02   1.4088667e-04   1.0024304e-05   4.6026043e-06  -7.8490620e-02   5.6821490e-02  -5.5905110e-02  -4.3533000e-04   1.1736714e-03  -8.8124380e-04   6.1607774e-03   3.2286817e-03   3.1253813e-03   1.8951221e-07   1.3775046e-06   7.7659064e-07
   1.0000000e+00  -8.9592710e-02  -4.8703690e-01   3.5598900e-01  -1.1716094e-02   1.9902112e-03  -1.9563037e-03   8.0268537e-03   2.3720494e-01   1.2672817e-01   1.3726686e-04   3.9609406e-06   3.8271242e-06   3.4072400e-02  -3.7170480e-02   1.4776302e-01   1.5347500e-04  -1.1759070e-03   1.8906440e-04   1.1609284e-03   1.3816446e-03   2.1833910e-02   2.3554576e-08   1.3827573e-06   3.5745347e-08
   1.0000000e+00  -4.0069207e-02  -5.5838236e-01   2.5998270e-01  -1.0665959e-02   2.0770458e-03  -1.4269879e-03   1.6055413e-03   3.1179086e-01   6.7591004e-02   1.1376268e-04   4.3141193e-06   2.0362945e-06   4.9523503e-02  -7.1345460e-02  -9.6006300e-02   1.0501350e-03   8.6834600e-05   5.2931580e-04   2.4525773e-03   5.0901747e-03   9.2172096e-03   1.1027835e-06   7.5402478e-09   2.8017522e-07
   1.0000000e+00  -1.3117402e-01  -4.7947501e-01   2.5676260e-01  -1.2478309e-02   2.7419006e-03  -2.3695052e-03   1.7206624e-02   2.2989629e-01   6.5927033e-02   1.5570820e-04   7.5180189e-06   5.6145549e-06  -9.1104813e-02   7.8907350e-02  -3.2201000e-03  -1.8123500e-03   6.6485480e-04  -9.4251730e-04   8.3000870e-03   6.2263699e-03   1.0369044e-05   3.2846125e-06   4.4203191e-07   8.8833886e-07
   1.0000000e+00  -6.3247351e-02  -5.7192423e-01   3.4772862e-01  -1.1882660e-02   1.9860991e-03  -1.9928408e-03   4.0002274e-03   3.2709732e-01   1.2091519e-01   1.4119761e-04   3.9445896e-06   3.9714145e-06   6.7926669e-02  -9.2449220e-02   9.0966020e-02   5.9564900e-04  -7.5580150e-04   3.7666440e-04   4.6140324e-03   8.5468583e-03   8.2748168e-03   3.5479773e-07   5.7123591e-07   1.4187607e-07
   1.0000000e+00  -8.8428986e-02  -5.3265437e-01   1.9675910e-01  -1.1840323e-02   2.8407624e-03  -2.0284680e-03   7.8196856e-03   2.8372068e-01   3.8714143e-02   1.4019325e-04   8.0699310e-06   4.1146824e-06  -2.5181635e-02   3.9269860e-02  -1.5096952e-01   4.2337000e-05   8.5466330e-04  -3.5627200e-05   6.3411474e-04   1.5421219e-03   2.2791796e-02   1.7924216e-09   7.3044936e-07   1.2692974e-09
   1.0000000e+00  -7.1029249e-02  -5.0614410e-01   3.0457765e-01  -1.2008669e-02   2.3261880e-03  -1.8538660e-03   5.0451542e-03   2.5618185e-01   9.2767545e-02   1.4420813e-04   5.4111506e-06   3.4368191e-06   1.7399737e-02   2.6510270e-02   1.0781855e-01  -1.6834600e-04  -5.1457440e-04   1.7460200e-04   3.0275085e-04   7.0279442e-04   1.1624840e-02   2.8340376e-08   2.6478681e-07   3.0485858e-08
   1.0000000e+00  -8.5241335e-02  -5.2196942e-01   2.3289738e-01  -1.1633434e-02   1.5009145e-03  -2.1222334e-03   7.2660852e-03   2.7245208e-01   5.4241190e-02   1.3533679e-04   2.2527443e-06   4.5038746e-06  -1.4212086e-02  -1.5825320e-02  -7.1680270e-02   3.7523500e-04  -8.2527350e-04  -2.6836740e-04   2.0198339e-04   2.5044075e-04   5.1380611e-03   1.4080131e-07   6.8107635e-07   7.2021061e-08
   1.0000000e+00  -1.6635640e-01  -4.7874681e-01   2.2154957e-01  -1.1776913e-02   1.9974698e-03  -2.8543180e-03   2.7674452e-02   2.2919851e-01   4.9084212e-02   1.3869568e-04   3.9898856e-06   8.1471312e-06  -8.1115065e-02   4.3222610e-02  -1.1347810e-02  -1.4347900e-04   4.9655530e-04  -7.3208460e-04   6.5796538e-03   1.8681940e-03   1.2877279e-04   2.0586223e-08   2.4656717e-07   5.3594786e-07
   1.0000000e+00  -7.2637111e-02  -5.9004342e-01   3.1187640e-01  -1.0748918e-02   1.4736587e-03  -1.9474581e-03   5.2761499e-03   3.4815124e-01   9.7266889e-02   1.1553924e-04   2.1716700e-06   3.7925931e-06   9.3719289e-02  -1.1129661e-01   9.0326830e-02   1.0279950e-03  -5.2381110e-04   9.0685990e-04   8.7833051e-03   1.2386935e-02   8.1589362e-03   1.0567737e-06   2.7437807e-07   8.2239488e-07
   1.0000000e+00  -7.2643158e-02  -5.5208431e-01   2.1524208e-01  -1.1553429e-02   2.3796225e-03  -1.9676895e-03   5.2770284e-03   3.0479709e-01   4.6329153e-02   1.3348172e-04   5.6626032e-06   3.8718020e-06  -6.0470000e-06   3.7959110e-02  -9.6634320e-02  -8.0451100e-04   9.0596380e-04  -2.0231400e-05   3.6566209e-11   1.4408940e-03   9.3381918e-03   6.4723795e-07   8.2077041e-07   4.0930955e-10
   1.0000000e+00  -7.8135703e-02  -5.3607707e-01   2.8124116e-01  -1.1351256e-02   1.8372016e-03  -1.9033708e-03   6.1051881e-03   2.8737862e-01   7.9096590e-02   1.2885101e-04   3.3753097e-06   3.6228204e-06  -5.4925450e-03   1.6007240e-02   6.5999080e-02   2.0217300e-04  -5.4242090e-04   6.4318700e-05   3.0168051e-05   2.5623173e-04   4.3558786e-03   4.0873922e-08   2.9422043e-07   4.1368952e-09
   1.0000000e+00  -3.2518596e-02  -5.9900749e-01   2.4771415e-01  -1.0948841e-02   1.4456328e-03  -1.7110109e-03   1.0574591e-03   3.5880997e-01   6.1362300e-02   1.1987712e-04   2.0898542e-06   2.9275583e-06   4.5617107e-02  -6.2930420e-02  -3.3527010e-02   4.0241500e-04  -3.9156880e-04   1.9235990e-04   2.0809205e-03   3.9602378e-03   1.1240604e-03   1.6193783e-07   1.5332613e-07   3.7002331e-08
   1.0000000e+00  -8.8332029e-02  -4.9085444e-01   1.8776770e-01  -1.1276656e-02   2.6742402e-03  -2.2147841e-03   7.8025473e-03   2.4093808e-01   3.5256709e-02   1.2716297e-04   7.1515606e-06   4.9052686e-06  -5.5813433e-02   1.0815305e-01  -5.9946450e-02  -3.2781500e-04   1.2286074e-03  -5.0377320e-04   3.1151393e-03   1.1697082e-02   3.5935769e-03   1.0746267e-07   1.5094761e-06   2.5378744e-07
   1.0000000e+00  -4.6699029e-02  -5.6890760e-01   2.9884954e-01  -1.0878752e-02   1.4474039e-03  -1.7174815e-03   2.1807993e-03   3.2365586e-01   8.9311048e-02   1.1834725e-04   2.0949780e-06   2.9497427e-06   4.1633000e-02  -7.8053160e-02   1.1108184e-01   3.9790400e-04  -1.2268363e-03   4.9730260e-04   1.7333067e-03   6.0922958e-03   1.2339175e-02   1.5832759e-07   1.5051273e-06   2.4730988e-07
   1.0000000e+00  -3.6235625e-02  -5.7577183e-01   2.0903348e-01  -1.0288164e-02   1.9791427e-03  -1.6158565e-03   1.3130205e-03   3.3151320e-01   4.3694996e-02   1.0584632e-04   3.9170058e-06   2.6109922e-06   1.0463404e-02  -6.8642300e-03  -8.9816060e-02   5.9058800e-04   5.3173880e-04   1.0162500e-04   1.0948282e-04   4.7117653e-05   8.0669246e-03   3.4879419e-07   2.8274615e-07   1.0327641e-08
   1.0000000e+00  -1.5268936e-02  -5.9156632e-01   2.2718579e-01  -1.0681874e-02   1.8769607e-03  -1.0854759e-03   2.3314041e-04   3.4995071e-01   5.1613383e-02   1.1410243e-04   3.5229815e-06   1.1782579e-06   2.0966689e-02  -1.5794490e-02   1.8152310e-02  -3.9371000e-04  -1.0218200e-04   5.3038060e-04   4.3960205e-04   2.4946591e-04   3.2950636e-04   1.5500756e-07   1.0441161e-08   2.8130358e-07
   1.0000000e+00  -2.6936702e-02  -6.2336574e-01   1.8263391e-01  -1.0478495e-02   2.1790293e-03  -1.5366454e-03   7.2558591e-04   3.8858485e-01   3.3355145e-02   1.0979886e-04   4.7481687e-06   2.3612791e-06  -1.1667766e-02  -3.1799420e-02  -4.4551880e-02   2.0337900e-04   3.0206860e-04  -4.5116950e-04   1.3613676e-04   1.0112031e-03   1.9848700e-03   4.1363018e-08   9.1245439e-08   2.0355392e-07
   1.0000000e+00  -6.9550664e-02  -5.7379383e-01   2.5532634e-01  -1.1339984e-02   2.9413161e-03  -2.2846678e-03   4.8372949e-03   3.2923936e-01   6.5191540e-02   1.2859524e-04   8.6513404e-06   5.2197070e-06  -4.2613962e-02   4.9571910e-02   7.2692430e-02  -8.6148900e-04   7.6228680e-04  -7.4802240e-04   1.8159498e-03   2.4573743e-03   5.2841894e-03   7.4216330e-07   5.8108117e-07   5.5953751e-07
   1.0000000e+00  -7.7008827e-02  -6.3239416e-01   2.6983539e-01  -1.1075602e-02   2.0715483e-03  -2.7533070e-03   5.9303594e-03   3.9992237e-01   7.2811138e-02   1.2266896e-04   4.2913124e-06   7.5806994e-06  -7.4581630e-03  -5.8600330e-02   1.4509050e-02   2.6438200e-04  -8.6976780e-04  -4.6863920e-04   5.5624195e-05   3.4339987e-03   2.1051253e-04   6.9897842e-08   7.5649603e-07   2.1962270e-07
   1.0000000e+00  -1.5306395e-01  -5.3382032e-01   2.5857831e-01  -1.2260328e-02   3.0741453e-03  -3.5582223e-03   2.3428573e-02   2.8496413e-01   6.6862742e-02   1.5031564e-04   9.4503693e-06   1.2660946e-05  -7.6055123e-02   9.8573840e-02  -1.1257080e-02  -1.1847260e-03   1.0025970e-03  -8.0491530e-04   5.7843817e-03   9.7168019e-03   1.2672185e-04   1.4035757e-06   1.0052007e-06   6.4788864e-07
   1.0000000e+00  -1.5089826e-01  -6.1206793e-01   4.3513634e-01  -1.2300227e-02   1.5300915e-03  -3.2924003e-03   2.2770285e-02   3.7462715e-01   1.8934363e-01   1.5129558e-04   2.3411800e-06   1.0839900e-05   2.1656900e-03  -7.8247610e-02   1.7655803e-01  -3.9899000e-05  -1.5440538e-03   2.6582200e-04   4.6902132e-06   6.1226885e-03   3.1172738e-02   1.5919302e-09   2.3841021e-06   7.0661336e-08
   1.0000000e+00  -2.0698233e-01  -5.5986913e-01   2.6137199e-01  -1.2668483e-02   1.9777990e-03  -3.7241505e-03   4.2841685e-02   3.1345344e-01   6.8315317e-02   1.6049046e-04   3.9116889e-06   1.3869297e-05  -5.6084070e-02   5.2198800e-02  -1.7376435e-01  -3.6825600e-04   4.4770750e-04  -4.3175020e-04   3.1454229e-03   2.7247147e-03   3.0194049e-02   1.3561248e-07   2.0044201e-07   1.8640824e-07
   1.0000000e+00  -1.6246251e-01  -6.1445763e-01   3.3109113e-01  -1.2138897e-02   2.0578038e-03  -3.4068461e-03   2.6394067e-02   3.7755818e-01   1.0962134e-01   1.4735282e-04   4.2345565e-06   1.1606600e-05   4.4519820e-02  -5.4588500e-02   6.9719140e-02   5.2958600e-04   8.0004800e-05   3.1730440e-04   1.9820144e-03   2.9799043e-03   4.8607585e-03   2.8046133e-07   6.4007680e-09   1.0068208e-07
   1.0000000e+00  -9.3462111e-02  -6.4240884e-01   2.5705746e-01  -1.1683867e-02   2.4094890e-03  -2.7347056e-03   8.7351662e-03   4.1268912e-01   6.6078538e-02   1.3651275e-04   5.8056372e-06   7.4786147e-06   6.9000399e-02  -2.7951210e-02  -7.4033670e-02   4.5503000e-04   3.5168520e-04   6.7214050e-04   4.7610551e-03   7.8127014e-04   5.4809843e-03   2.0705230e-07   1.2368248e-07   4.5177285e-07
   1.0000000e+00  -1.1768061e-01  -5.9881272e-01   1.9579082e-01  -1.1658440e-02   2.3516482e-03  -3.1283921e-03   1.3848726e-02   3.5857667e-01   3.8334045e-02   1.3591922e-04   5.5302493e-06   9.7868371e-06  -2.4218499e-02   4.3596120e-02  -6.1266640e-02   2.5427000e-05  -5.7840800e-05  -3.9368650e-04   5.8653569e-04   1.9006217e-03   3.7536012e-03   6.4653233e-10   3.3455581e-09   1.5498906e-07
   1.0000000e+00  -4.6798172e-02  -6.7724253e-01   1.9597246e-01  -1.1089511e-02   2.2102139e-03  -1.9783237e-03   2.1900689e-03   4.5865744e-01   3.8405205e-02   1.2297725e-04   4.8850455e-06   3.9137647e-06   7.0882438e-02  -7.8429810e-02   1.8164000e-04   5.6892900e-04  -1.4143430e-04   1.1500684e-03   5.0243200e-03   6.1512351e-03   3.2993090e-08   3.2368021e-07   2.0003661e-08   1.3226573e-06
   1.0000000e+00  -1.1534314e-01  -5.4403464e-01   1.3867546e-01  -1.1076557e-02   1.9066204e-03  -2.1079714e-03   1.3304040e-02   2.9597369e-01   1.9230883e-02   1.2269011e-04   3.6352013e-06   4.4435434e-06  -6.8544968e-02   1.3320789e-01  -5.7297000e-02   1.2954000e-05  -3.0359350e-04  -1.2964770e-04   4.6984126e-03   1.7744342e-02   3.2829462e-03   1.6780612e-10   9.2169013e-08   1.6808526e-08
   1.0000000e+00  -8.3228995e-02  -6.0395369e-01   2.5912763e-01  -1.0374048e-02   1.8383656e-03  -1.7931336e-03   6.9270656e-03   3.6476006e-01   6.7147129e-02   1.0762087e-04   3.3795881e-06   3.2153281e-06   3.2114145e-02  -5.9919050e-02   1.2045217e-01   7.0250900e-04  -6.8254800e-05   3.1483780e-04   1.0313183e-03   3.5902926e-03   1.4508725e-02   4.9351890e-07   4.6587177e-09   9.9122840e-08
   1.0000000e+00  -5.2856937e-02  -6.4230804e-01   1.8386932e-01  -9.7393238e-03   2.0752215e-03  -1.4849277e-03   2.7938558e-03   4.1255962e-01   3.3807927e-02   9.4854428e-05   4.3065443e-06   2.2050103e-06   3.0372058e-02  -3.8354350e-02  -7.5258310e-02   6.3472420e-04   2.3685590e-04   3.0820590e-04   9.2246191e-04   1.4710562e-03   5.6638132e-03   4.0287481e-07   5.6100717e-08   9.4990877e-08
   1.0000000e+00  -1.3875716e-01  -5.5802908e-01   1.5811225e-01  -1.1142875e-02   2.1608893e-03  -2.3087112e-03   1.9253549e-02   3.1139645e-01   2.4999484e-02   1.2416366e-04   4.6694426e-06   5.3301474e-06  -8.5900223e-02   8.4278960e-02  -2.5757070e-02  -1.4035512e-03   8.5667800e-05  -8.2378350e-04   7.3788483e-03   7.1029431e-03   6.6342665e-04   1.9699560e-06   7.3389720e-09   6.7861925e-07
   1.0000000e+00  -1.1895638e-01  -6.1593348e-01   2.3401845e-01  -1.0791309e-02   1.5626962e-03  -1.9296949e-03   1.4150620e-02   3.7937405e-01   5.4764635e-02   1.1645235e-04   2.4420194e-06   3.7237224e-06   1.9800780e-02  -5.7904400e-02   7.5906200e-02   3.5156600e-04  -5.9819310e-04   3.7901630e-04   3.9207089e-04   3.3529195e-03   5.7617512e-03   1.2359865e-07   3.5783498e-07   1.4365336e-07
   1.0000000e+00  -1.0058237e-01  -6.6238598e-01   1.8738768e-01  -1.0661648e-02   2.1497502e-03  -2.1184765e-03   1.0116813e-02   4.3875519e-01   3.5114143e-02   1.1367074e-04   4.6214259e-06   4.4879427e-06   1.8374010e-02  -4.6452500e-02  -4.6630770e-02   1.2966100e-04   5.8705400e-04  -1.8878160e-04   3.3760424e-04   2.1578348e-03   2.1744287e-03   1.6811975e-08   3.4463240e-07   3.5638492e-08
   1.0000000e+00  -1.6576425e-01  -5.7918423e-01   2.0963327e-01  -1.2035161e-02   2.4434685e-03  -2.7917623e-03   2.7477787e-02   3.3545437e-01   4.3946108e-02   1.4484510e-04   5.9705383e-06   7.7939367e-06  -6.5181880e-02   8.3201750e-02   2.2245590e-02  -1.3735130e-03   2.9371830e-04  -6.7328580e-04   4.2486775e-03   6.9225312e-03   4.9486627e-04   1.8865380e-06   8.6270440e-08   4.5331377e-07
   1.0000000e+00  -8.8404815e-02  -6.4384853e-01   2.6542724e-01  -1.0706887e-02   1.8042692e-03  -1.9873377e-03   7.8154113e-03   4.1454093e-01   7.0451620e-02   1.1463743e-04   3.2553873e-06   3.9495111e-06   7.7359435e-02  -6.4664300e-02   5.5793970e-02   1.3282740e-03  -6.3919930e-04   8.0442460e-04   5.9844822e-03   4.1814717e-03   3.1129671e-03   1.7643118e-06   4.0857575e-07   6.4709894e-07
   1.0000000e+00  -1.3960047e-01  -6.2180632e-01   1.7832026e-01  -1.1655191e-02   2.8829491e-03  -2.6997911e-03   1.9488291e-02   3.8664310e-01   3.1798115e-02   1.3584348e-04   8.3113955e-06   7.2888720e-06  -5.1195655e-02   2.2042210e-02  -8.7106980e-02  -9.4830400e-04   1.0786799e-03  -7.1245340e-04   2.6209951e-03   4.8585902e-04   7.5876260e-03   8.9928048e-07   1.1635503e-06   5.0758985e-07
   1.0000000e+00  -1.3793650e-01  -6.2336736e-01   2.6605316e-01  -1.1874529e-02   2.8597692e-03  -2.7507265e-03   1.9026478e-02   3.8858687e-01   7.0784284e-02   1.4100444e-04   8.1782799e-06   7.5664963e-06   1.6639700e-03  -1.5610400e-03   8.7732900e-02  -2.1933800e-04  -2.3179900e-05  -5.0935400e-05   2.7687962e-06   2.4368459e-06   7.6970617e-03   4.8109158e-08   5.3730776e-10   2.5944150e-09
   1.0000000e+00  -8.5174869e-02  -7.0658002e-01   2.8428398e-01  -1.1784073e-02   3.1193725e-03  -2.5088748e-03   7.2547583e-03   4.9925532e-01   8.0817381e-02   1.3886438e-04   9.7304848e-06   6.2944528e-06   5.2761631e-02  -8.3212660e-02   1.8230820e-02   9.0456000e-05   2.5960330e-04   2.4185170e-04   2.7837897e-03   6.9243468e-03   3.3236280e-04   8.1822879e-09   6.7393873e-08   5.8492245e-08
   1.0000000e+00  -1.5194408e-01  -6.1449406e-01   2.0015802e-01  -1.2477715e-02   3.1076203e-03  -3.0254012e-03   2.3087003e-02   3.7760295e-01   4.0063233e-02   1.5569337e-04   9.6573039e-06   9.1530524e-06  -6.6769211e-02   9.2085960e-02  -8.4125960e-02  -6.9364200e-04  -1.1752200e-05  -5.1652640e-04   4.4581275e-03   8.4798240e-03   7.0771771e-03   4.8113922e-07   1.3811420e-10   2.6679952e-07
   1.0000000e+00  -1.1200812e-01  -6.7567832e-01   3.1236176e-01  -1.1826052e-02   2.6527859e-03  -2.6817309e-03   1.2545819e-02   4.5654119e-01   9.7569869e-02   1.3985551e-04   7.0372730e-06   7.1916806e-06   3.9935960e-02  -6.1184260e-02   1.1220374e-01   6.5166300e-04  -4.5483440e-04   3.4367030e-04   1.5948809e-03   3.7435137e-03   1.2589679e-02   4.2466467e-07   2.0687433e-07   1.1810928e-07
   1.0000000e+00  -1.4591865e-01  -6.3133246e-01   2.1263871e-01  -1.1782100e-02   2.5133362e-03  -2.9539053e-03   2.1292252e-02   3.9858068e-01   4.5215221e-02   1.3881788e-04   6.3168589e-06   8.7255565e-06  -3.3910530e-02   4.4345860e-02  -9.9723050e-02   4.3952000e-05  -1.3944970e-04  -2.7217440e-04   1.1499240e-03   1.9665553e-03   9.9446867e-03   1.9317783e-09   1.9446219e-08   7.4078904e-08
   1.0000000e+00  -1.7720088e-01  -6.1843798e-01   2.5154832e-01  -1.2096943e-02   2.6184353e-03  -3.2214075e-03   3.1400152e-02   3.8246554e-01   6.3276557e-02   1.4633603e-04   6.8562034e-06   1.0377466e-05  -3.1282230e-02   1.2894480e-02   3.8909610e-02  -3.1484300e-04   1.0509910e-04  -2.6750220e-04   9.7857791e-04   1.6626761e-04   1.5139578e-03   9.9126115e-08   1.1045821e-08   7.1557427e-08
   1.0000000e+00  -1.1848140e-01  -7.3822405e-01   2.5098115e-01  -1.1028770e-02   2.6200602e-03  -2.7185451e-03   1.4037842e-02   5.4497475e-01   6.2991538e-02   1.2163377e-04   6.8647155e-06   7.3904875e-06   5.8719480e-02  -1.1978607e-01  -5.6717000e-04   1.0681730e-03   1.6249000e-06   5.0286240e-04   3.4479773e-03   1.4348703e-02   3.2168181e-07   1.1409936e-06   2.6403000e-12   2.5287059e-07
   1.0000000e+00  -1.6047532e-01  -6.5720012e-01   1.9408342e-01  -1.2486412e-02   3.3605124e-03  -3.4851457e-03   2.5752328e-02   4.3191200e-01   3.7668374e-02   1.5591048e-04   1.1293044e-05   1.2146241e-05  -4.1993920e-02   8.1023930e-02  -5.6897730e-02  -1.4576420e-03   7.4045220e-04  -7.6660060e-04   1.7634893e-03   6.5648772e-03   3.2373517e-03   2.1247202e-06   5.4826946e-07   5.8767648e-07
   1.0000000e+00  -9.2516134e-02  -6.9626787e-01   2.1631927e-01  -1.1376227e-02   1.7925439e-03  -2.3214925e-03   8.5592351e-03   4.8478895e-01   4.6794027e-02   1.2941854e-04   3.2132136e-06   5.3893274e-06   6.7959186e-02  -3.9067750e-02   2.2235850e-02   1.1101850e-03  -1.5679685e-03   1.1636532e-03   4.6184510e-03   1.5262891e-03   4.9443303e-04   1.2325107e-06   2.4585252e-06   1.3540888e-06
   1.0000000e+00  -9.0602397e-02  -7.2275510e-01   1.4099317e-01  -1.0546540e-02   2.3658824e-03  -2.3445004e-03   8.2087943e-03   5.2237493e-01   1.9879074e-02   1.1122951e-04   5.5973995e-06   5.4966821e-06   1.9137370e-03  -2.6487230e-02  -7.5326100e-02   8.2968700e-04   5.7333850e-04  -2.3007900e-05   3.6623893e-06   7.0157335e-04   5.6740213e-03   6.8838052e-07   3.2871704e-07   5.2936346e-10
   1.0000000e+00  -1.0168886e-01  -7.0246635e-01   8.6306194e-02  -9.6640971e-03   2.5233848e-03  -2.5203897e-03   1.0340624e-02   4.9345897e-01   7.4487591e-03   9.3394773e-05   6.3674708e-06   6.3523642e-06  -1.1086463e-02   2.0288750e-02  -5.4686976e-02   8.8244290e-04   1.5750240e-04  -1.7588930e-04   1.2290966e-04   4.1163338e-04   2.9906653e-03   7.7870547e-07   2.4807006e-08   3.0937046e-08
   1.0000000e+00   2.3892509e-02  -9.2024094e-01  -1.0335578e-01  -6.0693644e-03   1.7477943e-03  -5.4729617e-04   5.7085199e-04   8.4684339e-01   1.0682417e-02   3.6837184e-05   3.0547849e-06   2.9953310e-07   1.2558137e-01  -2.1777459e-01  -1.8966197e-01   3.5947327e-03  -7.7559050e-04   1.9730935e-03   1.5770680e-02   4.7425772e-02   3.5971664e-02   1.2922103e-05   6.0154062e-07   3.8930981e-06
   1.0000000e+00  -2.6347502e-02  -7.9234412e-01  -2.5690024e-01  -4.0050075e-03   2.5259716e-03  -8.8752565e-04   6.9419086e-04   6.2780920e-01   6.5997733e-02   1.6040085e-05   6.3805325e-06   7.8770178e-07  -5.0240011e-02   1.2789682e-01  -1.5354446e-01   2.0643569e-03   7.7817730e-04  -3.4022948e-04   2.5240587e-03   1.6357597e-02   2.3575901e-02   4.2615694e-06   6.0555991e-07   1.1575610e-07
   1.0000000e+00  -3.0985252e-02  -7.7747376e-01  -2.0370645e-01  -4.5079381e-03   2.4524846e-03  -1.2908705e-03   9.6008584e-04   6.0446545e-01   4.1496318e-02   2.0321506e-05   6.0146807e-06   1.6663466e-06  -4.6377500e-03   1.4870360e-02   5.3193790e-02  -5.0293060e-04  -7.3487000e-05  -4.0334485e-04   2.1508725e-05   2.2112761e-04   2.8295793e-03   2.5293919e-07   5.4003392e-09   1.6268707e-07
   1.0000000e+00  -8.6477853e-03  -7.9690713e-01  -2.1540409e-01  -4.2680650e-03   2.5814940e-03  -1.3100515e-03   7.4784191e-05   6.3506097e-01   4.6398922e-02   1.8216379e-05   6.6641113e-06   1.7162349e-06   2.2337467e-02  -1.9433370e-02  -1.1697640e-02   2.3987310e-04   1.2900940e-04  -1.9181000e-05   4.9896242e-04   3.7765587e-04   1.3683478e-04   5.7539104e-08   1.6643425e-08   3.6791076e-10
   1.0000000e+00  -3.7217257e-02  -6.7675731e-01  -1.4247703e-01  -4.4940189e-03   3.1643685e-03  -1.2084340e-03   1.3851242e-03   4.5800046e-01   2.0299704e-02   2.0196206e-05   1.0013228e-05   1.4603127e-06  -2.8569472e-02   1.2014982e-01   7.2927060e-02  -2.2595390e-04   5.8287450e-04   1.0161750e-04   8.1621471e-04   1.4435979e-02   5.3183561e-03   5.1055165e-08   3.3974268e-07   1.0326116e-08
   1.0000000e+00  -1.0007758e-02  -7.5558855e-01  -1.4923118e-01  -3.7250039e-03   3.3292905e-03  -9.8354766e-04   1.0015522e-04   5.7091406e-01   2.2269945e-02   1.3875654e-05   1.1084175e-05   9.6736600e-07   2.7209499e-02  -7.8831240e-02  -6.7541500e-03   7.6901500e-04   1.6492200e-04   2.2488634e-04   7.4035684e-04   6.2143644e-03   4.5618542e-05   5.9138407e-07   2.7199266e-08   5.0573866e-08
   1.0000000e+00  -1.6932291e-02  -7.3724765e-01  -7.1376193e-02  -4.5539287e-03   3.0993276e-03  -1.0966743e-03   2.8670248e-04   5.4353410e-01   5.0945609e-03   2.0738267e-05   9.6058316e-06   1.2026945e-06  -6.9245330e-03   1.8340900e-02   7.7854987e-02  -8.2892480e-04  -2.2996290e-04  -1.1312664e-04   4.7949157e-05   3.3638861e-04   6.0613990e-03   6.8711632e-07   5.2882935e-08   1.2797637e-08
   1.0000000e+00   1.7444199e-02  -7.9326810e-01  -9.1320751e-02  -3.9770505e-03   2.5292743e-03  -6.2397231e-04   3.0430008e-04   6.2927428e-01   8.3394796e-03   1.5816931e-05   6.3972285e-06   3.8934144e-07   3.4376490e-02  -5.6020450e-02  -1.9944558e-02   5.7687820e-04  -5.7005330e-04   4.7270199e-04   1.1817431e-03   3.1382908e-03   3.9778539e-04   3.3278846e-07   3.2496076e-07   2.2344717e-07
   1.0000000e+00   5.5047030e-02  -8.9011892e-01   3.7995928e-03  -3.4861556e-03   2.3999872e-03  -5.6208225e-04   3.0301755e-03   7.9231169e-01   1.4436905e-05   1.2153281e-05   5.7599386e-06   3.1593646e-07   3.7602831e-02  -9.6850820e-02   9.5120344e-02   4.9089490e-04  -1.2928710e-04   6.1890060e-05   1.4139729e-03   9.3800813e-03   9.0478798e-03   2.4097780e-07   1.6715154e-08   3.8303795e-09
   1.0000000e+00   9.7462599e-03  -7.6011092e-01   7.7461689e-02  -6.5768353e-03   3.5385387e-03  -1.1852172e-03   9.4989582e-05   5.7776861e-01   6.0003133e-03   4.3254763e-05   1.2521256e-05   1.4047398e-06  -4.5300770e-02   1.3000800e-01   7.3662096e-02  -3.0906797e-03   1.1385515e-03  -6.2313495e-04   2.0521598e-03   1.6902080e-02   5.4261044e-03   9.5523010e-06   1.2962995e-06   3.8829717e-07
   1.0000000e+00   4.0128595e-02  -8.0765436e-01  -7.3687172e-02  -5.6650508e-03   2.5847621e-03  -6.6525363e-04   1.6103041e-03   6.5230557e-01   5.4297993e-03   3.2092801e-05   6.6809951e-06   4.4256239e-07   3.0382335e-02  -4.7543440e-02  -1.5114886e-01   9.1178450e-04  -9.5377660e-04   5.1996357e-04   9.2308629e-04   2.2603787e-03   2.2845978e-02   8.3135097e-07   9.0968980e-07   2.7036211e-07
   1.0000000e+00   1.6674087e-02  -7.3902625e-01  -3.1029225e-02  -5.8203331e-03   3.5447712e-03  -5.8096720e-04   2.7802518e-04   5.4615980e-01   9.6281280e-04   3.3876277e-05   1.2565403e-05   3.3752289e-07  -2.3454508e-02   6.8628110e-02   4.2657947e-02  -1.5528230e-04   9.6000910e-04   8.4286430e-05   5.5011395e-04   4.7098175e-03   1.8197004e-03   2.4112593e-08   9.2161747e-07   7.1042023e-09
   1.0000000e+00   1.3724205e-02  -7.3930803e-01  -5.9666921e-02  -5.1739154e-03   4.0838693e-03  -7.2936793e-04   1.8835380e-04   5.4657636e-01   3.5601415e-03   2.6769401e-05   1.6677988e-05   5.3197758e-07  -2.9498820e-03  -2.8178000e-04  -2.8637696e-02   6.4641770e-04   5.3909810e-04  -1.4840073e-04   8.7018038e-06   7.9399968e-08   8.2011763e-04   4.1785584e-07   2.9062676e-07   2.2022777e-08
   1.0000000e+00   1.6948172e-02  -6.9832738e-01  -8.2056460e-03  -6.3927316e-03   3.5994561e-03  -4.1071501e-04   2.8724053e-04   4.8766113e-01   6.7332626e-05   4.0867017e-05   1.2956084e-05   1.6868682e-07   3.2239670e-03   4.0980650e-02   5.1461275e-02  -1.2188162e-03  -4.8441320e-04   3.1865292e-04   1.0393963e-05   1.6794137e-03   2.6482628e-03   1.4855129e-06   2.3465615e-07   1.0153968e-07
   1.0000000e+00   1.6732703e-02  -7.1981037e-01   1.7189874e-01  -8.1956593e-03   1.6135965e-03  -7.4151731e-04   2.7998335e-04   5.1812697e-01   2.9549177e-02   6.7168831e-05   2.6036937e-06   5.4984792e-07  -2.1546900e-04  -2.1482990e-02   1.8010439e-01  -1.8029277e-03  -1.9858596e-03  -3.3080230e-04   4.6426890e-08   4.6151886e-04   3.2437590e-02   3.2505483e-06   3.9436384e-06   1.0943016e-07
   1.0000000e+00  -3.3569176e-02  -7.1625655e-01   1.2320100e-01  -8.5308619e-03   3.1587332e-03  -1.1706926e-03   1.1268896e-03   5.1302345e-01   1.5178486e-02   7.2775605e-05   9.9775954e-06   1.3705212e-06  -5.0301879e-02   3.5538200e-03  -4.8697740e-02  -3.3520260e-04   1.5451367e-03  -4.2917529e-04   2.5302790e-03   1.2629637e-05   2.3714699e-03   1.1236078e-07   2.3874474e-06   1.8419143e-07
   1.0000000e+00  -1.6851849e-01  -7.4757422e-01   2.8143116e-01  -1.1375657e-02   2.1116763e-03  -2.5910036e-03   2.8398481e-02   5.5886721e-01   7.9203498e-02   1.2940557e-04   4.4591768e-06   6.7132997e-06  -1.3494931e-01  -3.1317670e-02   1.5823016e-01  -2.8447951e-03  -1.0470569e-03  -1.4203110e-03   1.8211317e-02   9.8079645e-04   2.5036784e-02   8.0928592e-06   1.0963282e-06   2.0172833e-06
   1.0000000e+00  -2.6609880e-02  -8.5319482e-01   2.7427300e-01  -1.0062435e-02   6.6517046e-04  -1.2435127e-03   7.0808571e-04   7.2794140e-01   7.5225679e-02   1.0125260e-04   4.4245174e-07   1.5463238e-06   1.4190861e-01  -1.0562060e-01  -7.1581600e-03   1.3132220e-03  -1.4465058e-03   1.3474909e-03   2.0138054e-02   1.1155711e-02   5.1239255e-05   1.7245520e-06   2.0923791e-06   1.8157317e-06
   1.0000000e+00  -6.9650338e-02  -7.6089558e-01   1.5299823e-01  -9.9563294e-03   2.2769500e-03  -1.1032041e-03   4.8511696e-03   5.7896208e-01   2.3408458e-02   9.9128495e-05   5.1845013e-06   1.2170593e-06  -4.3040458e-02   9.2299240e-02  -1.2127477e-01   1.0610560e-04   1.6117795e-03   1.4030860e-04   1.8524810e-03   8.5191497e-03   1.4707570e-02   1.1258398e-08   2.5978333e-06   1.9686503e-08
   1.0000000e+00  -1.6357924e-02  -7.9353865e-01   3.3342773e-01  -1.0577641e-02   1.6444450e-04  -1.4028476e-03   2.6758168e-04   6.2970359e-01   1.1117405e-01   1.1188649e-04   2.7041994e-08   1.9679814e-06   5.3292414e-02  -3.2643070e-02   1.8042950e-01  -6.2131160e-04  -2.1125055e-03  -2.9964350e-04   2.8400814e-03   1.0655700e-03   3.2554804e-02   3.8602810e-07   4.4626795e-06   8.9786227e-08
   1.0000000e+00  -4.6956686e-02  -7.4549188e-01   1.1654549e-01  -9.1292351e-03   8.3638494e-04  -1.7021491e-03   2.2049304e-03   5.5575814e-01   1.3582851e-02   8.3342934e-05   6.9953977e-07   2.8973116e-06  -3.0598762e-02   4.8046770e-02  -2.1688224e-01   1.4484059e-03   6.7194044e-04  -2.9930150e-04   9.3628424e-04   2.3084921e-03   4.7037906e-02   2.0978797e-06   4.5150395e-07   8.9581388e-08
   1.0000000e+00  -5.5815647e-02  -7.2714242e-01   2.0350446e-01  -9.9672411e-03   1.2663070e-03  -1.5012911e-03   3.1153865e-03   5.2873610e-01   4.1414065e-02   9.9345895e-05   1.6035334e-06   2.2538750e-06  -8.8589610e-03   1.8349460e-02   8.6958970e-02  -8.3800600e-04   4.2992206e-04   2.0085800e-04   7.8481190e-05   3.3670268e-04   7.5618625e-03   7.0225406e-07   1.8483298e-07   4.0343936e-08
   1.0000000e+00   2.6707467e-02  -8.3046760e-01   1.9273606e-01  -1.0166654e-02   1.1187666e-03  -6.4778079e-04   7.1328879e-04   6.8967643e-01   3.7147189e-02   1.0336085e-04   1.2516387e-06   4.1961995e-07   8.2523114e-02  -1.0332518e-01  -1.0768400e-02  -1.9941290e-04  -1.4754040e-04   8.5351031e-04   6.8100643e-03   1.0676093e-02   1.1595844e-04   3.9765505e-08   2.1768170e-08   7.2847985e-07
   1.0000000e+00  -1.3497700e-01  -7.1586800e-01   2.0541804e-01  -1.2583439e-02   1.9499241e-03  -2.7161664e-03   1.8218791e-02   5.1246699e-01   4.2196571e-02   1.5834294e-04   3.8022040e-06   7.3775599e-06  -1.6168447e-01   1.1459960e-01   1.2681980e-02  -2.4167850e-03   8.3115750e-04  -2.0683856e-03   2.6141867e-02   1.3133068e-02   1.6083262e-04   5.8408497e-06   6.9082279e-07   4.2782190e-06
   1.0000000e+00  -8.7784774e-02  -8.0471051e-01   4.2814567e-01  -1.2971145e-02  -3.4870770e-04  -2.4598352e-03   7.7061665e-03   6.4755900e-01   1.8330871e-01   1.6825060e-04   1.2159706e-07   6.0507892e-06   4.7192226e-02  -8.8842510e-02   2.2272763e-01  -3.8770600e-04  -2.2986318e-03   2.5633120e-04   2.2271062e-03   7.8929916e-03   4.9607597e-02   1.5031594e-07   5.2837082e-06   6.5705684e-08
   1.0000000e+00  -1.0769073e-02  -8.2410061e-01   2.7299644e-01  -1.1807269e-02   5.3390952e-04  -1.6185935e-03   1.1597293e-04   6.7914182e-01   7.4527056e-02   1.3941160e-04   2.8505938e-07   2.6198449e-06   7.7015701e-02  -1.9390100e-02  -1.5514923e-01   1.1638760e-03   8.8261722e-04   8.4124170e-04   5.9314182e-03   3.7597598e-04   2.4071284e-02   1.3546073e-06   7.7901316e-07   7.0768760e-07
   1.0000000e+00  -1.0204479e-01  -7.6352782e-01   2.4713550e-01  -1.2290404e-02   1.2470131e-03  -2.3491989e-03   1.0413139e-02   5.8297473e-01   6.1075955e-02   1.5105403e-04   1.5550417e-06   5.5187355e-06  -9.1275717e-02   6.0572790e-02  -2.5860940e-02  -4.8313500e-04   7.1310358e-04  -7.3060540e-04   8.3312565e-03   3.6690629e-03   6.6878822e-04   2.3341943e-07   5.0851672e-07   5.3378425e-07
   1.0000000e+00  -9.5170808e-02  -8.2856629e-01   4.6876038e-01  -1.3933406e-02  -2.0951485e-03  -3.4987713e-03   9.0574827e-03   6.8652210e-01   2.1973629e-01   1.9413980e-04   4.3896472e-06   1.2241401e-05   6.8739820e-03  -6.5038470e-02   2.2162488e-01  -1.6430020e-03  -3.3421616e-03  -1.1495724e-03   4.7251629e-05   4.2300026e-03   4.9117587e-02   2.6994556e-06   1.1170044e-05   1.3215167e-06
   1.0000000e+00  -1.6184264e-01  -7.4213223e-01   2.6004730e-01  -1.2222400e-02  -2.3060074e-03  -3.8993411e-03   2.6193040e-02   5.5076025e-01   6.7624598e-02   1.4938706e-04   5.3176701e-06   1.5204861e-05  -6.6671832e-02   8.6434060e-02  -2.0871308e-01   1.7110060e-03  -2.1085890e-04  -4.0056980e-04   4.4451332e-03   7.4708467e-03   4.3561150e-02   2.9275415e-06   4.4461476e-08   1.6045616e-07
   1.0000000e+00  -1.8035814e-01  -7.6930580e-01   3.7519109e-01  -1.3080755e-02  -1.7667076e-03  -4.0230934e-03   3.2529059e-02   5.9183141e-01   1.4076835e-01   1.7110615e-04   3.1212557e-06   1.6185281e-05  -1.8515500e-02  -2.7173570e-02   1.1514379e-01  -8.5835500e-04   5.3929980e-04  -1.2375230e-04   3.4282374e-04   7.3840291e-04   1.3258092e-02   7.3677331e-07   2.9084427e-07   1.5314632e-08
   1.0000000e+00  -1.6843799e-01  -8.2908091e-01   3.9475448e-01  -1.4082397e-02  -1.7075536e-03  -4.0736106e-03   2.8371356e-02   6.8737516e-01   1.5583110e-01   1.9831391e-04   2.9157393e-06   1.6594303e-05   1.1920150e-02  -5.9775110e-02   1.9563390e-02  -1.0016420e-03   5.9154000e-05  -5.0517200e-05   1.4208998e-04   3.5730638e-03   3.8272623e-04   1.0032867e-06   3.4991957e-09   2.5519875e-09
   1.0000000e+00  -2.4155642e-01  -7.6007059e-01   4.0567186e-01  -1.4846220e-02  -9.7035396e-04  -4.7145304e-03   5.8349504e-02   5.7770730e-01   1.6456966e-01   2.2041025e-04   9.4158681e-07   2.2226797e-05  -7.3118430e-02   6.9010320e-02   1.0917380e-02  -7.6382300e-04   7.3719964e-04  -6.4091980e-04   5.3463048e-03   4.7624243e-03   1.1918919e-04   5.8342558e-07   5.4346331e-07   4.1077819e-07
   1.0000000e+00  -1.6559170e-01  -7.9069134e-01   4.8537491e-01  -1.4584792e-02  -1.7037944e-03  -3.9642980e-03   2.7420611e-02   6.2519280e-01   2.3558880e-01   2.1271616e-04   2.9029154e-06   1.5715659e-05   7.5964720e-02  -3.0620750e-02   7.9703050e-02   2.6142800e-04  -7.3344044e-04   7.5023240e-04   5.7706387e-03   9.3763033e-04   6.3525762e-03   6.8344599e-08   5.3793488e-07   5.6284865e-07
   1.0000000e+00  -2.5033107e-01  -7.4110255e-01   3.3672526e-01  -1.4385952e-02  -1.2995043e-03  -4.6098948e-03   6.2665645e-02   5.4923299e-01   1.1338390e-01   2.0695561e-04   1.6887114e-06   2.1251130e-05  -8.4739370e-02   4.9588790e-02  -1.4864965e-01   1.9884000e-04   4.0429010e-04  -6.4559680e-04   7.1807608e-03   2.4590481e-03   2.2096718e-02   3.9537346e-08   1.6345048e-07   4.1679523e-07
   1.0000000e+00  -2.1591507e-01  -7.8277203e-01   4.4953087e-01  -1.4211957e-02  -1.7862054e-03  -4.4088832e-03   4.6619317e-02   6.1273205e-01   2.0207800e-01   2.0197972e-04   3.1905297e-06   1.9438251e-05   3.4416000e-02  -4.1669480e-02   1.1280561e-01   1.7399500e-04  -4.8670110e-04   2.0101160e-04   1.1844611e-03   1.7363456e-03   1.2725106e-02   3.0274260e-08   2.3687796e-07   4.0405663e-08
   1.0000000e+00  -1.6028345e-01  -9.1873823e-01   4.3096518e-01  -1.4234910e-02  -2.3957300e-03  -3.9706933e-03   2.5690784e-02   8.4407994e-01   1.8573099e-01   2.0263266e-04   5.7395222e-06   1.5766405e-05   5.5631620e-02  -1.3596620e-01  -1.8565690e-02  -2.2953000e-05  -6.0952460e-04   4.3818990e-04   3.0948771e-03   1.8486808e-02   3.4468485e-04   5.2684021e-10   3.7152024e-07   1.9201039e-07
   1.0000000e+00  -2.0535857e-01  -8.0267080e-01   3.3102698e-01  -1.4369229e-02  -1.6787268e-03  -4.0948570e-03   4.2172142e-02   6.4428041e-01   1.0957886e-01   2.0647474e-04   2.8181237e-06   1.6767854e-05  -4.5075120e-02   1.1606743e-01  -9.9938200e-02  -1.3431900e-04   7.1700320e-04  -1.2416370e-04   2.0317664e-03   1.3471648e-02   9.9876438e-03   1.8041594e-08   5.1409359e-07   1.5416624e-08
   1.0000000e+00  -1.3952667e-01  -8.8170323e-01   3.3504882e-01  -1.3382772e-02  -2.0582907e-03  -3.4351529e-03   1.9467692e-02   7.7740059e-01   1.1225771e-01   1.7909859e-04   4.2365606e-06   1.1800275e-05   6.5831900e-02  -7.9032430e-02   4.0218400e-03   9.8645700e-04  -3.7956390e-04   6.5970410e-04   4.3338391e-03   6.2461250e-03   1.6175197e-05   9.7309741e-07   1.4406875e-07   4.3520950e-07
   1.0000000e+00  -1.6424098e-01  -8.6514813e-01   1.9297187e-01  -1.2254279e-02  -1.8805509e-03  -3.3850328e-03   2.6975100e-02   7.4848129e-01   3.7238143e-02   1.5016735e-04   3.5364717e-06   1.1458447e-05  -2.4714310e-02   1.6555100e-02  -1.4207695e-01   1.1284930e-03   1.7773980e-04   5.0120100e-05   6.1079712e-04   2.7407134e-04   2.0185860e-02   1.2734965e-06   3.1591437e-08   2.5120244e-09
   1.0000000e+00  -1.7477984e-01  -8.2294379e-01   2.5149405e-01  -1.2070062e-02  -1.6936201e-03  -3.2922463e-03   3.0547992e-02   6.7723648e-01   6.3249257e-02   1.4568640e-04   2.8683490e-06   1.0838886e-05  -1.0538860e-02   4.2204340e-02   5.8522180e-02   1.8421700e-04   1.8693080e-04   9.2786500e-05   1.1106757e-04   1.7812063e-03   3.4248456e-03   3.3935903e-08   3.4943124e-08   8.6093346e-09
   1.0000000e+00  -1.3205341e-01  -8.7554825e-01   1.9943924e-01  -1.1230183e-02  -2.2362319e-03  -2.9145792e-03   1.7438103e-02   7.6658474e-01   3.9776010e-02   1.2611701e-04   5.0007331e-06   8.4947719e-06   4.2726430e-02  -5.2604460e-02  -5.2054810e-02   8.3987900e-04  -5.4261180e-04   3.7766710e-04   1.8255478e-03   2.7672292e-03   2.7097032e-03   7.0539673e-07   2.9442757e-07   1.4263244e-07
   1.0000000e+00  -2.0421970e-01  -7.7540240e-01   1.9875258e-01  -1.1761726e-02  -1.3330903e-03  -3.4984749e-03   4.1705686e-02   6.0124888e-01   3.9502588e-02   1.3833820e-04   1.7771297e-06   1.2239327e-05  -7.2166290e-02   1.0014585e-01  -6.8666000e-04  -5.3154300e-04   9.0314160e-04  -5.8389570e-04   5.2079734e-03   1.0029191e-02   4.7150196e-07   2.8253796e-07   8.1566475e-07   3.4093419e-07
   1.0000000e+00  -1.3300978e-01  -8.3536358e-01   3.5597403e-01  -1.1988674e-02  -2.1964188e-03  -2.8828146e-03   1.7691602e-02   6.9783231e-01   1.2671751e-01   1.4372830e-04   4.8242555e-06   8.3106200e-06   7.1209920e-02  -5.9961180e-02   1.5722145e-01  -2.2694800e-04  -8.6332850e-04   6.1566030e-04   5.0708527e-03   3.5953431e-03   2.4718584e-02   5.1505395e-08   7.4533610e-07   3.7903760e-07
