   1.0000000e+00   0.0000000e+00   0.0000000e+00   0.0000000e+00   0.0000000e+00   0.0000000e+00   0.0000000e+00   0.0000000e+00   0.0000000e+00   0.0000000e+00   0.0000000e+00   0.0000000e+00   0.0000000e+00   0.0000000e+00   0.0000000e+00   0.0000000e+00   0.0000000e+00   0.0000000e+00   0.0000000e+00   0.0000000e+00   0.0000000e+00   0.0000000e+00   0.0000000e+00   0.0000000e+00   0.0000000e+00
   1.0000000e+00   2.0405304e-02  -1.3338494e-02   1.8472440e-02  -4.7023681e-04  -4.7845295e-05   4.2374703e-04   4.1637643e-04   1.7791542e-04   3.4123104e-04   2.2112266e-07   2.2891723e-09   1.7956155e-07   2.0405304e-02  -1.3338494e-02   1.8472440e-02  -4.7023681e-04  -4.7845295e-05   4.2374703e-04   4.1637643e-04   1.7791542e-04   3.4123104e-04   2.2112266e-07   2.2891723e-09   1.7956155e-07
   1.0000000e+00   1.8011381e-02  -1.9720270e-02   8.7400466e-03  -4.2332292e-04   2.8488260e-05   6.1780249e-04   3.2440985e-04   3.8888905e-04   7.6388415e-05   1.7920229e-07   8.1158096e-10   3.8167992e-07  -2.3939230e-03  -6.3817760e-03  -9.7323934e-03   4.6913890e-05   7.6333555e-05   1.9405546e-04   5.7308673e-06   4.0727065e-05   9.4719481e-05   2.2009131e-09   5.8268116e-09   3.7657522e-08
   1.0000000e+00   3.4932791e-02  -2.8965167e-02   6.3961909e-02  -2.2823685e-03  -4.0222491e-04   5.7654398e-04   1.2202999e-03   8.3898090e-04   4.0911258e-03   5.2092060e-06   1.6178488e-07   3.3240296e-07   1.6921410e-02  -9.2448970e-03   5.5221862e-02  -1.8590456e-03  -4.3071317e-04  -4.1258510e-05   2.8633412e-04   8.5468121e-05   3.0494541e-03   3.4560505e-06   1.8551383e-07   1.7022646e-09
   1.0000000e+00   2.8409133e-02  -2.6381554e-02   3.8789191e-02  -1.1934218e-03  -2.3068952e-04   5.7267557e-04   8.0707884e-04   6.9598639e-04   1.5046013e-03   1.4242556e-06   5.3217655e-08   3.2795731e-07  -6.5236580e-03   2.5836130e-03  -2.5172718e-02   1.0889467e-03   1.7153539e-04  -3.8684100e-06   4.2558114e-05   6.6750561e-06   6.3366573e-04   1.1858049e-06   2.9424390e-08   1.4964596e-11
   1.0000000e+00   3.9688800e-02  -5.0515785e-02   5.8521107e-02  -2.2906940e-03  -7.1070121e-04   8.0523405e-04   1.5752008e-03   2.5518445e-03   3.4247200e-03   5.2472790e-06   5.0509621e-07   6.4840188e-07   1.1279667e-02  -2.4134231e-02   1.9731916e-02  -1.0972722e-03  -4.8001169e-04   2.3255848e-04   1.2723089e-04   5.8246111e-04   3.8934851e-04   1.2040063e-06   2.3041122e-07   5.4083447e-08
   1.0000000e+00   1.5247907e-02  -1.4389842e-02   2.1821321e-02  -1.6341204e-03  -1.5535193e-04   5.2609403e-04   2.3249867e-04   2.0706755e-04   4.7617005e-04   2.6703495e-06   2.4134222e-08   2.7677493e-07  -2.4440893e-02   3.6125943e-02  -3.6699786e-02   6.5657360e-04   5.5534928e-04  -2.7914002e-04   5.9735725e-04   1.3050838e-03   1.3468743e-03   4.3108889e-07   3.0841282e-07   7.7919151e-08
   1.0000000e+00   2.4684757e-02  -1.6090356e-02   5.3476017e-02  -2.6149275e-03  -9.1926531e-04   3.7558901e-04   6.0933723e-04   2.5889956e-04   2.8596844e-03   6.8378458e-06   8.4504871e-07   1.4106710e-07   9.4368500e-03  -1.7005140e-03   3.1654696e-02  -9.8080710e-04  -7.6391338e-04  -1.5050502e-04   8.9054138e-05   2.8917479e-06   1.0020198e-03   9.6198257e-07   5.8356365e-07   2.2651761e-08
   1.0000000e+00   1.4399449e-02  -2.1671990e-02   4.2921816e-02  -1.8279354e-03  -3.1002876e-04   2.7103968e-04   2.0734413e-04   4.6967515e-04   1.8422823e-03   3.3413478e-06   9.6117832e-08   7.3462508e-08  -1.0285308e-02  -5.5816340e-03  -1.0554201e-02   7.8699210e-04   6.0923655e-04  -1.0454933e-04   1.0578756e-04   3.1154638e-05   1.1139116e-04   6.1935657e-07   3.7116917e-07   1.0930562e-08
   1.0000000e+00   1.4417772e-03  -7.6438756e-03   4.8100997e-02  -1.5154116e-03  -1.4448302e-04   1.1566072e-04   2.0787215e-06   5.8428834e-05   2.3137059e-03   2.2964723e-06   2.0875343e-08   1.3377402e-08  -1.2957672e-02   1.4028114e-02   5.1791810e-03   3.1252380e-04   1.6554574e-04  -1.5537896e-04   1.6790126e-04   1.9678799e-04   2.6823916e-05   9.7671126e-08   2.7405392e-08   2.4142621e-08
   1.0000000e+00   2.6897968e-03  -3.9592182e-02   7.4263142e-02  -2.1105035e-03  -1.1268755e-04  -2.1718782e-04   7.2350068e-06   1.5675409e-03   5.5150143e-03   4.4542250e-06   1.2698484e-08   4.7170549e-08   1.2480196e-03  -3.1948306e-02   2.6162145e-02  -5.9509190e-04   3.1795470e-05  -3.3284854e-04   1.5575529e-06   1.0206943e-03   6.8445783e-04   3.5413437e-07   1.0109519e-09   1.1078815e-07
   1.0000000e+00  -4.9936660e-03  -1.8979530e-02   6.1878264e-02  -1.3864940e-03  -5.6578667e-05  -1.6714429e-04   2.4936700e-05   3.6022256e-04   3.8289196e-03   1.9223656e-06   3.2011456e-09   2.7937214e-08  -7.6834628e-03   2.0612652e-02  -1.2384878e-02   7.2400950e-04   5.6108883e-05   5.0043530e-05   5.9035601e-05   4.2488142e-04   1.5338520e-04   5.2418976e-07   3.1482068e-09   2.5043549e-09
   1.0000000e+00   7.8559998e-04  -6.6748340e-02   9.0192734e-02  -2.3163572e-03  -1.5378947e-04  -2.0276906e-04   6.1716733e-07   4.4553409e-03   8.1347293e-03   5.3655107e-06   2.3651201e-08   4.1115292e-08   5.7792660e-03  -4.7768810e-02   2.8314470e-02  -9.2986320e-04  -9.7210803e-05  -3.5624770e-05   3.3399915e-05   2.2818592e-03   8.0170921e-04   8.6464557e-07   9.4499402e-09   1.2691242e-09
   1.0000000e+00  -1.0090796e-02  -6.4046642e-02   7.6891132e-02  -1.8216438e-03   2.8643204e-04  -7.2380815e-05   1.0182416e-04   4.1019724e-03   5.9122462e-03   3.3183861e-06   8.2043314e-08   5.2389824e-09  -1.0876396e-02   2.7016980e-03  -1.3301602e-02   4.9471340e-04   4.4022151e-04   1.3038824e-04   1.1829599e-04   7.2991721e-06   1.7693262e-04   2.4474135e-07   1.9379498e-07   1.7001094e-08
   1.0000000e+00   3.7752512e-03  -1.0540952e-01   9.4464024e-02  -2.8438626e-03  -2.1676408e-04  -4.3814882e-04   1.4252522e-05   1.1111167e-02   8.9234518e-03   8.0875545e-06   4.6986666e-08   1.9197439e-07   1.3866047e-02  -4.1362878e-02   1.7572892e-02  -1.0222188e-03  -5.0319612e-04  -3.6576801e-04   1.9226726e-04   1.7108877e-03   3.0880653e-04   1.0449313e-06   2.5320634e-07   1.3378623e-07
   1.0000000e+00  -1.2012052e-02  -8.9911849e-02   5.5818308e-02  -1.4130703e-03   1.7620865e-04  -5.2102534e-04   1.4428939e-04   8.0841406e-03   3.1156835e-03   1.9967677e-06   3.1049488e-08   2.7146740e-07  -1.5787303e-02   1.5497671e-02  -3.8645716e-02   1.4307923e-03   3.9297273e-04  -8.2876520e-05   2.4923894e-04   2.4017781e-04   1.4934914e-03   2.0471666e-06   1.5442757e-07   6.8685176e-09
   1.0000000e+00  -8.2052065e-03  -1.3073303e-01   1.1268910e-01  -2.4554318e-03   2.3530152e-04  -6.6507802e-04   6.7325414e-05   1.7091125e-02   1.2698833e-02   6.0291453e-06   5.5366805e-08   4.4232877e-07   3.8068455e-03  -4.0821181e-02   5.6870792e-02  -1.0423615e-03   5.9092870e-05  -1.4405268e-04   1.4492073e-05   1.6663688e-03   3.2342870e-03   1.0865175e-06   3.4919673e-09   2.0751175e-08
   1.0000000e+00  -1.3613313e-02  -1.0374043e-01   7.9747575e-02  -1.1669577e-03   6.2141607e-04  -6.6384199e-04   1.8532229e-04   1.0762077e-02   6.3596757e-03   1.3617903e-06   3.8615793e-07   4.4068619e-07  -5.4081065e-03   2.6992600e-02  -3.2941525e-02   1.2884741e-03   3.8611455e-04   1.2360300e-06   2.9247616e-05   7.2860045e-04   1.0851441e-03   1.6601655e-06   1.4908445e-07   1.5277702e-12
   1.0000000e+00   2.3336627e-02  -1.4167244e-01   1.1892475e-01  -2.4653952e-03  -2.8690619e-04  -4.2866942e-04   5.4459816e-04   2.0071080e-02   1.4143096e-02   6.0781735e-06   8.2315162e-08   1.8375747e-07   3.6949940e-02  -3.7932010e-02   3.9177175e-02  -1.2984375e-03  -9.0832226e-04   2.3517257e-04   1.3652981e-03   1.4388374e-03   1.5348510e-03   1.6859399e-06   8.2504933e-07   5.5306138e-08
   1.0000000e+00   1.6665592e-02  -1.2185144e-01   7.1075852e-02  -1.2051870e-03   4.3759287e-04  -3.7053067e-04   2.7774196e-04   1.4847773e-02   5.0517767e-03   1.4524757e-06   1.9148752e-07   1.3729298e-07  -6.6710350e-03   1.9821000e-02  -4.7848898e-02   1.2602082e-03   7.2449906e-04   5.8138750e-05   4.4502708e-05   3.9287204e-04   2.2895170e-03   1.5881247e-06   5.2489889e-07   3.3801143e-09
   1.0000000e+00   8.3531599e-03  -1.4776244e-01   8.9259262e-02  -1.4366492e-03   3.7855547e-04  -8.5594136e-04   6.9775280e-05   2.1833739e-02   7.9672159e-03   2.0639609e-06   1.4330424e-07   7.3263561e-07  -8.3124321e-03  -2.5911000e-02   1.8183410e-02  -2.3146220e-04  -5.9037400e-05  -4.8541069e-04   6.9096527e-05   6.7137992e-04   3.3063640e-04   5.3574750e-08   3.4854146e-09   2.3562354e-07
   1.0000000e+00   2.6873306e-02  -1.6594312e-01   8.6126868e-02  -1.6926570e-03   1.8548888e-05  -3.1882388e-04   7.2217458e-04   2.7537119e-02   7.4178374e-03   2.8650877e-06   3.4406125e-10   1.0164867e-07   1.8520146e-02  -1.8180680e-02  -3.1323940e-03  -2.5600780e-04  -3.6000658e-04   5.3711748e-04   3.4299581e-04   3.3053713e-04   9.8118922e-06   6.5539994e-08   1.2960474e-07   2.8849519e-07
   1.0000000e+00   3.5834213e-02  -1.4340080e-01   4.8775806e-02  -7.7816188e-04  -1.7276436e-04   2.2162566e-04   1.2840908e-03   2.0563789e-02   2.3790793e-03   6.0553591e-07   2.9847524e-08   4.9117933e-08   8.9609070e-03   2.2542320e-02  -3.7351062e-02   9.1449512e-04  -1.9131325e-04   5.4044954e-04   8.0297854e-05   5.0815619e-04   1.3951018e-03   8.3630132e-07   3.6600759e-08   2.9208571e-07
   1.0000000e+00   3.0458493e-03  -1.8361731e-01   6.7242872e-02  -1.1577205e-03   1.4841082e-04  -9.2209627e-05   9.2771980e-06   3.3715317e-02   4.5216038e-03   1.3403168e-06   2.2025771e-08   8.5026153e-09  -3.2788364e-02  -4.0216510e-02   1.8467066e-02  -3.7955862e-04   3.2117518e-04  -3.1383529e-04   1.0750768e-03   1.6173677e-03   3.4103253e-04   1.4406475e-07   1.0315350e-07   9.8492587e-08
   1.0000000e+00   1.4910655e-02  -1.9401763e-01   1.2424348e-01  -2.3939762e-03  -4.1785460e-05   1.0279937e-05   2.2232763e-04   3.7642841e-02   1.5436442e-02   5.7311220e-06   1.7460247e-09   1.0567710e-10   1.1864806e-02  -1.0400320e-02   5.7000608e-02  -1.2362557e-03  -1.9019628e-04   1.0248956e-04   1.4077361e-04   1.0816666e-04   3.2490693e-03   1.5283282e-06   3.6174625e-08   1.0504111e-08
   1.0000000e+00   2.9266063e-02  -2.3205033e-01   1.4931973e-01  -3.1119751e-03  -3.6970657e-04   1.8845734e-04   8.5650244e-04   5.3847356e-02   2.2296382e-02   9.6843890e-06   1.3668295e-07   3.5516169e-08   1.4355408e-02  -3.8032700e-02   2.5076250e-02  -7.1799890e-04  -3.2792111e-04   1.7817740e-04   2.0607774e-04   1.4464863e-03   6.2881831e-04   5.1552242e-07   1.0753225e-07   3.1747187e-08
   1.0000000e+00   4.7742553e-02  -2.5207939e-01   1.3389649e-01  -3.2191100e-03  -5.8885595e-04   4.6573242e-04   2.2793514e-03   6.3544019e-02   1.7928270e-02   1.0362669e-05   3.4675133e-07   2.1690669e-07   1.8476490e-02  -2.0029060e-02  -1.5423240e-02  -1.0713490e-04  -2.1914938e-04   2.7727508e-04   3.4138068e-04   4.0116324e-04   2.3787633e-04   1.1477887e-08   4.8026451e-08   7.6881470e-08
   1.0000000e+00   4.8609233e-02  -1.9613317e-01   9.0953721e-02  -2.6286664e-03  -6.6270933e-04   7.2935716e-04   2.3628575e-03   3.8468220e-02   8.2725794e-03   6.9098870e-06   4.3918366e-07   5.3196187e-07   8.6668000e-04   5.5946220e-02  -4.2942769e-02   5.9044360e-04  -7.3853380e-05   2.6362474e-04   7.5113422e-07   3.1299795e-03   1.8440814e-03   3.4862364e-07   5.4543217e-09   6.9498004e-08
   1.0000000e+00   4.0669609e-02  -2.0562354e-01   1.1454737e-01  -3.5008114e-03  -6.0586865e-04   3.7036524e-04   1.6540171e-03   4.2281040e-02   1.3121100e-02   1.2255680e-05   3.6707682e-07   1.3717041e-07  -7.9396240e-03  -9.4903700e-03   2.3593649e-02  -8.7214500e-04   5.6840680e-05  -3.5899192e-04   6.3037629e-05   9.0067123e-05   5.5666027e-04   7.6063690e-07   3.2308629e-09   1.2887520e-07
   1.0000000e+00   2.9760342e-02  -2.0314210e-01   8.7056364e-02  -2.3459659e-03  -4.6651747e-04   4.6945559e-04   8.8567796e-04   4.1266713e-02   7.5788105e-03   5.5035560e-06   2.1763855e-07   2.2038855e-07  -1.0909267e-02   2.4814400e-03  -2.7491006e-02   1.1548455e-03   1.3935118e-04   9.9090350e-05   1.1901211e-04   6.1575445e-06   7.5575541e-04   1.3336681e-06   1.9418751e-08   9.8188975e-09
   1.0000000e+00   2.5376166e-02  -2.2261424e-01   1.2725142e-01  -3.3319319e-03  -4.5868793e-04   2.3554280e-04   6.4394980e-04   4.9557100e-02   1.6192924e-02   1.1101770e-05   2.1039462e-07   5.5480411e-08  -4.3841760e-03  -1.9472140e-02   4.0195056e-02  -9.8596600e-04   7.8295400e-06  -2.3391279e-04   1.9220999e-05   3.7916424e-04   1.6156425e-03   9.7212895e-07   6.1301697e-11   5.4715193e-08
   1.0000000e+00   4.1256126e-03  -2.2578941e-01   9.2170925e-02  -2.2865033e-03  -1.3557005e-04  -3.0565764e-06   1.7020679e-05   5.0980858e-02   8.4954794e-03   5.2280973e-06   1.8379238e-08   9.3426593e-12  -2.1250553e-02  -3.1751700e-03  -3.5080495e-02   1.0454286e-03   3.2311788e-04  -2.3859938e-04   4.5158602e-04   1.0081705e-05   1.2306411e-03   1.0929210e-06   1.0440516e-07   5.6929662e-08
   1.0000000e+00   1.9395348e-02  -2.3322277e-01   1.1777957e-01  -3.2930342e-03  -5.0063242e-04  -1.1519758e-04   3.7617952e-04   5.4392860e-02   1.3872027e-02   1.0844074e-05   2.5063282e-07   1.3270482e-08   1.5269735e-02  -7.4333600e-03   2.5608645e-02  -1.0065309e-03  -3.6506237e-04  -1.1214100e-04   2.3316482e-04   5.5254841e-05   6.5580270e-04   1.0131045e-06   1.3327053e-07   1.2575605e-08
   1.0000000e+00   4.8548875e-03  -2.2046104e-01   7.8952528e-02  -1.9847450e-03  -2.1293155e-04  -1.1475584e-04   2.3569933e-05   4.8603070e-02   6.2335017e-03   3.9392127e-06   4.5339845e-08   1.3168903e-08  -1.4540460e-02   1.2761730e-02  -3.8827042e-02   1.3082892e-03   2.8770087e-04   4.4174000e-07   2.1142499e-04   1.6286175e-04   1.5075392e-03   1.7116206e-06   8.2771791e-08   1.9513423e-13
   1.0000000e+00   1.3460306e-02  -2.5161393e-01   1.2037872e-01  -3.1368199e-03  -5.5464612e-04   8.9390859e-07   1.8117984e-04   6.3309570e-02   1.4491036e-02   9.8396391e-06   3.0763232e-07   7.9907257e-13   8.6054185e-03  -3.1152890e-02   4.1426192e-02  -1.1520749e-03  -3.4171457e-04   1.1564975e-04   7.4053228e-05   9.7050256e-04   1.7161294e-03   1.3272766e-06   1.1676885e-07   1.3374864e-08
   1.0000000e+00   1.4095581e-03  -2.2790884e-01   7.4490211e-02  -1.6843500e-03  -2.5053297e-05  -1.1854242e-04   1.9868540e-06   5.1942439e-02   5.5487915e-03   2.8370349e-06   6.2766769e-10   1.4052305e-08  -1.2050748e-02   2.3705090e-02  -4.5888509e-02   1.4524699e-03   5.2959282e-04  -1.1943633e-04   1.4522052e-04   5.6193129e-04   2.1057553e-03   2.1096688e-06   2.8046856e-07   1.4265037e-08
   1.0000000e+00   4.3002300e-03  -2.5524012e-01   9.0383979e-02  -2.3387081e-03  -1.8812033e-04  -1.5701648e-04   1.8491978e-05   6.5147519e-02   8.1692637e-03   5.4695556e-06   3.5389259e-08   2.4654175e-08   2.8906719e-03  -2.7331280e-02   1.5893768e-02  -6.5435810e-04  -1.6306703e-04  -3.8474060e-05   8.3559840e-06   7.4699887e-04   2.5261186e-04   4.2818452e-07   2.6590857e-08   1.4802533e-09
   1.0000000e+00  -1.2919736e-02  -2.5255924e-01   5.3811262e-02  -1.1325825e-03   4.8224831e-04  -1.1146149e-04   1.6691958e-04   6.3786170e-02   2.8956519e-03   1.2827431e-06   2.3256343e-07   1.2423664e-08  -1.7219966e-02   2.6808800e-03  -3.6572717e-02   1.2061256e-03   6.7036864e-04   4.5554990e-05   2.9652723e-04   7.1871176e-06   1.3375636e-03   1.4547390e-06   4.4939411e-07   2.0752571e-09
   1.0000000e+00   2.1494492e-03  -2.6481374e-01   8.1469401e-02  -2.3034076e-03  -8.1385073e-05  -1.7320610e-04   4.6201319e-06   7.0126317e-02   6.6372633e-03   5.3056866e-06   6.6235301e-09   3.0000353e-08   1.5069185e-02  -1.2254500e-02   2.7658139e-02  -1.1708251e-03  -5.6363338e-04  -6.1744610e-05   2.2708034e-04   1.5017277e-04   7.6497265e-04   1.3708314e-06   3.1768259e-07   3.8123969e-09
   1.0000000e+00  -3.1482211e-03  -2.6994148e-01   5.6736702e-02  -1.2205022e-03   2.3048316e-04  -2.0391777e-04   9.9112961e-06   7.2868403e-02   3.2190534e-03   1.4896256e-06   5.3122487e-08   4.1582457e-08  -5.2976703e-03  -5.1277400e-03  -2.4732699e-02   1.0829054e-03   3.1186823e-04  -3.0711670e-05   2.8065311e-05   2.6293718e-05   6.1170640e-04   1.1726841e-06   9.7261795e-08   9.4320667e-10
   1.0000000e+00   7.4543083e-03  -2.6946239e-01   1.0079249e-01  -2.7770751e-03  -2.4137250e-04  -3.0302148e-04   5.5566712e-05   7.2609980e-02   1.0159126e-02   7.7121461e-06   5.8260684e-08   9.1822017e-08   1.0602529e-02   4.7909000e-04   4.4055788e-02  -1.5565729e-03  -4.7185566e-04  -9.9103710e-05   1.1241363e-04   2.2952723e-07   1.9409125e-03   2.4229192e-06   2.2264776e-07   9.8215453e-09
   1.0000000e+00   1.2162014e-02  -3.3279197e-01   1.0220300e-01  -2.9888278e-03  -1.8711480e-04  -1.1640879e-04   1.4791458e-04   1.1075050e-01   1.0445453e-02   8.9330916e-06   3.5011948e-08   1.3551006e-08   4.7077057e-03  -6.3329580e-02   1.4105100e-03  -2.1175270e-04   5.4257700e-05   1.8661269e-04   2.2162493e-05   4.0106357e-03   1.9895385e-06   4.4839206e-08   2.9438980e-09   3.4824296e-08
   1.0000000e+00   1.1057324e-02  -3.0645607e-01   8.3629927e-02  -2.6121731e-03  -3.6850338e-04  -1.5408474e-04   1.2226441e-04   9.3915323e-02   6.9939647e-03   6.8234483e-06   1.3579474e-07   2.3742107e-08  -1.1046900e-03   2.6335900e-02  -1.8573073e-02   3.7665470e-04  -1.8138858e-04  -3.7675950e-05   1.2203400e-06   6.9357963e-04   3.4495904e-04   1.4186876e-07   3.2901817e-08   1.4194772e-09
   1.0000000e+00   5.7050064e-03  -3.4042828e-01   8.8396242e-02  -2.7751946e-03  -3.2732873e-04  -5.9158129e-05   3.2547098e-05   1.1589141e-01   7.8138956e-03   7.7017051e-06   1.0714410e-07   3.4996842e-09  -5.3523176e-03  -3.3972210e-02   4.7663150e-03  -1.6302150e-04   4.1174650e-05   9.4926611e-05   2.8647304e-05   1.1541111e-03   2.2717759e-05   2.6576009e-08   1.6953518e-09   9.0110615e-09
   1.0000000e+00  -6.3694581e-03  -3.2253411e-01   7.0595328e-02  -2.1358734e-03  -2.5991943e-05  -1.6147827e-04   4.0569996e-05   1.0402825e-01   4.9837003e-03   4.5619552e-06   6.7558110e-10   2.6075232e-08  -1.2074464e-02   1.7894170e-02  -1.7800914e-02   6.3932120e-04   3.0133679e-04  -1.0232014e-04   1.4579269e-04   3.2020132e-04   3.1687254e-04   4.0873160e-07   9.0803859e-08   1.0469411e-08
   1.0000000e+00  -7.2079800e-03  -3.1778264e-01   8.5551812e-02  -2.8396802e-03  -3.1309047e-04  -7.3132857e-05   5.1954976e-05   1.0098581e-01   7.3191125e-03   8.0637836e-06   9.8025642e-08   5.3484148e-09  -8.3852190e-04   4.7514700e-03   1.4956484e-02  -7.0380680e-04  -2.8709853e-04   8.8345413e-05   7.0311898e-07   2.2576467e-05   2.2369641e-04   4.9534401e-07   8.2425564e-08   7.8049120e-09
   1.0000000e+00   3.7539664e-03  -3.0831245e-01   7.2971385e-02  -2.1054394e-03  -1.9917221e-04   7.8086938e-06   1.4092264e-05   9.5056567e-02   5.3248230e-03   4.4328751e-06   3.9669569e-08   6.0975699e-11   1.0961946e-02   9.4701900e-03  -1.2580427e-02   7.3424080e-04   1.1391826e-04   8.0941551e-05   1.2016427e-04   8.9684499e-05   1.5826714e-04   5.3910955e-07   1.2977370e-08   6.5515346e-09
   1.0000000e+00   2.5936871e-03  -3.1946400e-01   7.6801176e-02  -2.4250412e-03  -2.5352239e-04  -1.0990402e-04   6.7272128e-06   1.0205725e-01   5.8984206e-03   5.8808248e-06   6.4273602e-08   1.2078894e-08  -1.1602793e-03  -1.1151550e-02   3.8297910e-03  -3.1960180e-04  -5.4350180e-05  -1.1771271e-04   1.3462481e-06   1.2435707e-04   1.4667299e-05   1.0214531e-07   2.9539421e-09   1.3856283e-08
   1.0000000e+00  -4.2717450e-04  -3.4269451e-01   6.4117062e-02  -1.7629449e-03   1.5523064e-04  -1.6290821e-04   1.8247805e-07   1.1743953e-01   4.1109976e-03   3.1079747e-06   2.4096552e-08   2.6539085e-08  -3.0208616e-03  -2.3230510e-02  -1.2684114e-02   6.6209630e-04   4.0875303e-04  -5.3004190e-05   9.1256048e-06   5.3965659e-04   1.6088675e-04   4.3837151e-07   1.6707904e-07   2.8094442e-09
   1.0000000e+00  -6.8160784e-03  -3.6084379e-01   8.4921140e-02  -2.4013534e-03   1.5639447e-05  -4.5773095e-04   4.6458925e-05   1.3020824e-01   7.2116000e-03   5.7664982e-06   2.4459230e-10   2.0951762e-07  -6.3889039e-03  -1.8149280e-02   2.0804078e-02  -6.3840850e-04  -1.3959119e-04  -2.9482274e-04   4.0818093e-05   3.2939636e-04   4.3280966e-04   4.0756541e-07   1.9485701e-08   8.6920448e-08
   1.0000000e+00  -3.4193718e-03  -3.8100743e-01   8.5786959e-02  -1.8805475e-03   1.3566893e-04  -3.8982863e-04   1.1692104e-05   1.4516666e-01   7.3594023e-03   3.5364589e-06   1.8406059e-08   1.5196636e-07   3.3967066e-03  -2.0163640e-02   8.6581900e-04   5.2080590e-04   1.2002948e-04   6.7902320e-05   1.1537616e-05   4.0657238e-04   7.4964254e-07   2.7123879e-07   1.4407077e-08   4.6107251e-09
   1.0000000e+00  -1.6887544e-02  -4.0675432e-01   9.0084799e-02  -2.1203784e-03   1.3089625e-04  -1.6232557e-04   2.8518914e-04   1.6544908e-01   8.1152710e-03   4.4960046e-06   1.7133828e-08   2.6349591e-08  -1.3468172e-02  -2.5746890e-02   4.2978400e-03  -2.3983090e-04  -4.7726800e-06   2.2750306e-04   1.8139166e-04   6.6290234e-04   1.8471429e-05   5.7518861e-08   2.2778474e-11   5.1757642e-08
   1.0000000e+00  -1.0543511e-02  -4.1270224e-01   1.1371106e-01  -2.9516587e-03  -7.0397908e-05  -2.6081256e-04   1.1116562e-04   1.7032314e-01   1.2930205e-02   8.7122891e-06   4.9558655e-09   6.8023191e-08   6.3440330e-03  -5.9479200e-03   2.3626261e-02  -8.3128030e-04  -2.0129416e-04  -9.8486990e-05   4.0246755e-05   3.5377752e-05   5.5820021e-04   6.9102694e-07   4.0519338e-08   9.6996872e-09
   1.0000000e+00  -2.1631534e-02  -3.9845541e-01   8.5810760e-02  -2.4613208e-03  -4.9261707e-04  -4.4880170e-04   4.6792326e-04   1.5876671e-01   7.3634865e-03   6.0581001e-06   2.4267158e-07   2.0142297e-07  -1.1088023e-02   1.4246830e-02  -2.7900300e-02   4.9033790e-04  -4.2221916e-04  -1.8798914e-04   1.2294425e-04   2.0297217e-04   7.7842674e-04   2.4043126e-07   1.7826902e-07   3.5339917e-08
   1.0000000e+00  -6.2010021e-03  -4.3198687e-01   1.0289335e-01  -2.7086766e-03  -5.1591666e-04  -3.5497475e-04   3.8452427e-05   1.8661266e-01   1.0587041e-02   7.3369289e-06   2.6617000e-07   1.2600707e-07   1.5430532e-02  -3.3531460e-02   1.7082590e-02  -2.4735580e-04  -2.3299590e-05   9.3826950e-05   2.3810131e-04   1.1243588e-03   2.9181488e-04   6.1184892e-08   5.4287089e-10   8.8034965e-09
   1.0000000e+00  -1.0075370e-02  -4.2008495e-01   8.9603526e-02  -1.7753937e-03  -1.6947325e-04  -4.2739630e-04   1.0151308e-04   1.7647137e-01   8.0287919e-03   3.1520228e-06   2.8721182e-08   1.8266760e-07  -3.8743679e-03   1.1901920e-02  -1.3289824e-02   9.3328290e-04   3.4644341e-04  -7.2421550e-05   1.5010727e-05   1.4165570e-04   1.7661942e-04   8.7101697e-07   1.2002304e-07   5.2448809e-09
   1.0000000e+00  -4.7948483e-03  -4.3808162e-01   1.2029046e-01  -2.6077296e-03  -4.7769406e-04  -3.2277278e-04   2.2990570e-05   1.9191551e-01   1.4469795e-02   6.8002537e-06   2.2819161e-07   1.0418227e-07   5.2805217e-03  -1.7996670e-02   3.0686934e-02  -8.3233590e-04  -3.0822081e-04   1.0462352e-04   2.7883909e-05   3.2388013e-04   9.4168792e-04   6.9278305e-07   9.5000068e-08   1.0946081e-08
   1.0000000e+00  -1.4248810e-02  -4.1924301e-01   9.3301436e-02  -1.5568791e-03  -2.8922594e-04  -3.3875316e-04   2.0302859e-04   1.7576470e-01   8.7051580e-03   2.4238725e-06   8.3651644e-08   1.1475370e-07  -9.4539617e-03   1.8838610e-02  -2.6989024e-02   1.0508505e-03   1.8846812e-04  -1.5980380e-05   8.9377392e-05   3.5489323e-04   7.2840742e-04   1.1042868e-06   3.5520232e-08   2.5537254e-10
   1.0000000e+00  -2.3115506e-03  -4.1822636e-01   1.0160176e-01  -2.2787792e-03  -6.9077459e-04  -3.1888348e-04   5.3432662e-06   1.7491329e-01   1.0322918e-02   5.1928346e-06   4.7716953e-07   1.0168667e-07   1.1937259e-02   1.0166500e-03   8.3003240e-03  -7.2190010e-04  -4.0154865e-04   1.9869680e-05   1.4249816e-04   1.0335772e-06   6.8895379e-05   5.2113975e-07   1.6124132e-07   3.9480418e-10
   1.0000000e+00   3.5700606e-04  -3.8890634e-01   8.3617364e-02  -1.4123488e-03  -3.8798596e-04  -2.3186522e-04   1.2745333e-07   1.5124814e-01   6.9918636e-03   1.9947291e-06   1.5053311e-07   5.3761480e-08   2.6685567e-03   2.9320020e-02  -1.7984396e-02   8.6643040e-04   3.0278863e-04   8.7018260e-05   7.1211946e-06   8.5966357e-04   3.2343850e-04   7.5070164e-07   9.1680954e-08   7.5721776e-09
   1.0000000e+00   1.1763079e-02  -4.0922669e-01   1.2664738e-01  -2.5727169e-03  -8.2401404e-04  -2.5086397e-04   1.3837003e-04   1.6746648e-01   1.6039559e-02   6.6188722e-06   6.7899914e-07   6.2932731e-08   1.1406073e-02  -2.0320350e-02   4.3030016e-02  -1.1603681e-03  -4.3602808e-04  -1.8998750e-05   1.3009850e-04   4.1291662e-04   1.8515823e-03   1.3464541e-06   1.9012049e-07   3.6095250e-10
   1.0000000e+00   3.4657227e-03  -4.1963560e-01   8.5371261e-02  -1.7114093e-03  -3.6725072e-04  -1.1332731e-04   1.2011234e-05   1.7609404e-01   7.2882522e-03   2.9289218e-06   1.3487309e-07   1.2843079e-08  -8.2973563e-03  -1.0408910e-02  -4.1276119e-02   8.6130760e-04   4.5676332e-04   1.3753666e-04   6.8846122e-05   1.0834541e-04   1.7037180e-03   7.4185078e-07   2.0863273e-07   1.8916333e-08
   1.0000000e+00   2.0349487e-02  -4.2153114e-01   9.8925196e-02  -2.3767615e-03  -8.4806770e-04  -2.3906006e-04   4.1410162e-04   1.7768850e-01   9.7861944e-03   5.6489952e-06   7.1921882e-07   5.7149712e-08   1.6883764e-02  -1.8955400e-03   1.3553935e-02  -6.6535220e-04  -4.8081698e-04  -1.2573275e-04   2.8506150e-04   3.5930719e-06   1.8370915e-04   4.4269355e-07   2.3118497e-07   1.5808724e-08
   1.0000000e+00  -1.3718952e-03  -4.4620129e-01   6.3925156e-02  -9.3348019e-04  -1.1067099e-04  -3.4219385e-04   1.8820964e-06   1.9909559e-01   4.0864256e-03   8.7138527e-07   1.2248068e-08   1.1709663e-07  -2.1721382e-02  -2.4670150e-02  -3.5000040e-02   1.4432813e-03   7.3739671e-04  -1.0313379e-04   4.7181844e-04   6.0861630e-04   1.2250028e-03   2.0830609e-06   5.4375391e-07   1.0636579e-08
   1.0000000e+00  -2.1505545e-04  -4.6588132e-01   7.5275477e-02  -1.1597429e-03  -2.6030929e-04  -4.9445935e-04   4.6248847e-08   2.1704540e-01   5.6663974e-03   1.3450036e-06   6.7760926e-08   2.4449005e-07   1.1568398e-03  -1.9680030e-02   1.1350321e-02  -2.2626271e-04  -1.4963830e-04  -1.5226550e-04   1.3382782e-06   3.8730358e-04   1.2882979e-04   5.1194814e-08   2.2391621e-08   2.3184782e-08
   1.0000000e+00  -6.6737823e-03  -4.4969308e-01   4.9334550e-02  -5.4696890e-04   7.2833736e-05  -4.8565982e-04   4.4539370e-05   2.0222387e-01   2.4338978e-03   2.9917498e-07   5.3047531e-09   2.3586546e-07  -6.4587268e-03   1.6188240e-02  -2.5940927e-02   6.1277400e-04   3.3314303e-04   8.7995300e-06   4.1715153e-05   2.6205911e-04   6.7293169e-04   3.7549198e-07   1.1098428e-07   7.7431728e-11
   1.0000000e+00  -8.2239701e-04  -4.7557874e-01   3.9745066e-02   1.4160107e-04  -2.6091325e-04  -5.2293353e-04   6.7633684e-07   2.2617514e-01   1.5796703e-03   2.0050863e-08   6.8075724e-08   2.7345948e-07   5.8513853e-03  -2.5885660e-02  -9.5894840e-03   6.8856997e-04  -3.3374699e-04  -3.7273710e-05   3.4238710e-05   6.7006739e-04   9.1958203e-05   4.7412860e-07   1.1138705e-07   1.3893295e-09
   1.0000000e+00  -2.0343670e-02  -4.9636217e-01   5.5146094e-02  -2.4053700e-04   3.0069564e-04  -5.8767798e-04   4.1386491e-04   2.4637540e-01   3.0410917e-03   5.7858048e-08   9.0417868e-08   3.4536541e-07  -1.9521273e-02  -2.0783430e-02   1.5401028e-02  -3.8213807e-04   5.6160889e-04  -6.4744450e-05   3.8108010e-04   4.3195096e-04   2.3719166e-04   1.4602950e-07   3.1540455e-07   4.1918438e-09
   1.0000000e+00  -1.3966556e-02  -4.9549596e-01   5.4023389e-02  -1.0221435e-04  -2.4419187e-05  -5.4561388e-04   1.9506469e-04   2.4551625e-01   2.9185266e-03   1.0447773e-08   5.9629669e-10   2.9769451e-07   6.3771140e-03   8.6621000e-04  -1.1227050e-03   1.3832265e-04  -3.2511483e-04   4.2064100e-05   4.0667583e-05   7.5031976e-07   1.2604665e-06   1.9133156e-08   1.0569965e-07   1.7693885e-09
   1.0000000e+00  -3.2616959e-03  -5.0732046e-01   4.8114509e-02  -8.1486979e-04  -2.3266483e-05  -4.5030850e-04   1.0638660e-05   2.5737405e-01   2.3150060e-03   6.6401277e-07   5.4132923e-10   2.0277775e-07   1.0704860e-02  -1.1824500e-02  -5.9088800e-03  -7.1265544e-04   1.1527040e-06   9.5305380e-05   1.1459403e-04   1.3981880e-04   3.4914863e-05   5.0787778e-07   1.3287265e-12   9.0831155e-09
   1.0000000e+00  -1.8024781e-03  -5.0026847e-01   2.9055340e-02  -4.3641291e-04   7.1883363e-05  -2.8842223e-04   3.2489273e-06   2.5026854e-01   8.4421278e-04   1.9045623e-07   5.1672179e-09   8.3187383e-08   1.4592178e-03   7.0519900e-03  -1.9059169e-02   3.7845688e-04   9.5149846e-05   1.6188627e-04   2.1293166e-06   4.9730563e-05   3.6325192e-04   1.4322961e-07   9.0534932e-09   2.6207164e-08
   1.0000000e+00   1.1804388e-04  -5.2190486e-01   3.1406719e-02  -1.0017515e-03  -9.6111339e-05  -2.5177140e-04   1.3934358e-08   2.7238468e-01   9.8638200e-04   1.0035061e-06   9.2373895e-09   6.3388838e-08   1.9205220e-03  -2.1636390e-02   2.3513790e-03  -5.6533859e-04  -1.6799470e-04   3.6650830e-05   3.6884047e-06   4.6813337e-04   5.5289832e-06   3.1960772e-07   2.8222220e-08   1.3432833e-09
   1.0000000e+00  -2.3956638e-02  -4.9538446e-01   1.2609865e-02  -1.5608105e-04   1.5623866e-04  -3.8538580e-04   5.7392050e-04   2.4540576e-01   1.5900870e-04   2.4361294e-08   2.4410519e-08   1.4852221e-07  -2.4074682e-02   2.6520400e-02  -1.8796854e-02   8.4567045e-04   2.5235000e-04  -1.3361440e-04   5.7959031e-04   7.0333162e-04   3.5332172e-04   7.1515851e-07   6.3680522e-08   1.7852808e-08
   1.0000000e+00  -1.7779191e-02  -5.0294066e-01   3.4448815e-02  -8.7332679e-04  -2.1368476e-04  -5.5813927e-04   3.1609963e-04   2.5294931e-01   1.1867209e-03   7.6269968e-07   4.5661177e-08   3.1151944e-07   6.1774470e-03  -7.5562000e-03   2.1838950e-02  -7.1724574e-04  -3.6992342e-04  -1.7275347e-04   3.8160851e-05   5.7096158e-05   4.7693974e-04   5.1444145e-07   1.3684334e-07   2.9843761e-08
   1.0000000e+00  -4.6444354e-02  -4.9585480e-01   3.0378974e-02  -4.1000351e-04  -1.0262365e-04  -6.7967061e-04   2.1570780e-03   2.4587198e-01   9.2288206e-04   1.6810288e-07   1.0531614e-08   4.6195214e-07  -2.8665163e-02   7.0858600e-03  -4.0698410e-03   4.6332328e-04   1.1106111e-04  -1.2153134e-04   8.2169157e-04   5.0209412e-05   1.6563606e-05   2.1466846e-07   1.2334570e-08   1.4769867e-08
   1.0000000e+00  -9.7069965e-03  -5.3450222e-01   7.4221605e-02  -1.5061041e-03  -3.6567131e-04  -5.9579957e-04   9.4225781e-05   2.8569262e-01   5.5088466e-03   2.2683496e-06   1.3371551e-07   3.5497713e-07   3.6737357e-02  -3.8647420e-02   4.3842631e-02  -1.0961006e-03  -2.6304766e-04   8.3871040e-05   1.3496334e-03   1.4936231e-03   1.9221763e-03   1.2014365e-06   6.9194071e-08   7.0343514e-09
   1.0000000e+00  -8.1330547e-03  -5.1054999e-01   3.6582044e-02  -2.5977972e-04  -4.0979499e-05  -4.2707826e-04   6.6146579e-05   2.6066129e-01   1.3382459e-03   6.7485503e-08   1.6793193e-09   1.8239584e-07   1.5739418e-03   2.3952230e-02  -3.7639561e-02   1.2463244e-03   3.2469181e-04   1.6872131e-04   2.4772928e-06   5.7370932e-04   1.4167366e-03   1.5533245e-06   1.0542477e-07   2.8466880e-08
   1.0000000e+00  -3.4821773e-03  -5.4567309e-01   6.6289702e-02  -1.4600711e-03  -2.2446723e-04  -3.7974426e-04   1.2125559e-05   2.9775912e-01   4.3943246e-03   2.1318076e-06   5.0385537e-08   1.4420570e-07   4.6508774e-03  -3.5123100e-02   2.9707658e-02  -1.2002914e-03  -1.8348773e-04   4.7334000e-05   2.1630661e-05   1.2336322e-03   8.8254494e-04   1.4406994e-06   3.3667747e-08   2.2405076e-09
   1.0000000e+00  -2.3341729e-02  -5.3994051e-01   2.6858430e-02  -2.0469564e-04   1.9203680e-04  -2.4422954e-04   5.4483631e-04   2.9153575e-01   7.2137526e-04   4.1900305e-08   3.6878133e-08   5.9648068e-08  -1.9859552e-02   5.7325800e-03  -3.9431272e-02   1.2553755e-03   4.1650403e-04   1.3551472e-04   3.9440179e-04   3.2862473e-05   1.5548252e-03   1.5759675e-06   1.7347561e-07   1.8364239e-08
   1.0000000e+00   1.0615416e-02  -5.8815533e-01   6.2045006e-02  -1.4620359e-03  -4.0440771e-04  -2.1385167e-04   1.1268706e-04   3.4592669e-01   3.8495828e-03   2.1375490e-06   1.6354560e-07   4.5732537e-08   3.3957145e-02  -4.8214820e-02   3.5186576e-02  -1.2573403e-03  -5.9644451e-04   3.0377870e-05   1.1530877e-03   2.3246689e-03   1.2380951e-03   1.5809045e-06   3.5574605e-07   9.2281499e-10
   1.0000000e+00  -5.4079736e-03  -5.5159632e-01   1.1490056e-02   2.1349372e-04   1.0501797e-04  -2.0468720e-04   2.9246178e-05   3.0425850e-01   1.3202139e-04   4.5579568e-08   1.1028774e-08   4.1896850e-08  -1.6023390e-02   3.6559010e-02  -5.0554950e-02   1.6755296e-03   5.0942568e-04   9.1644700e-06   2.5674901e-04   1.3365612e-03   2.5558030e-03   2.8073995e-06   2.5951452e-07   8.3987510e-11
   1.0000000e+00   7.5710120e-03  -6.0718332e-01   5.9179944e-02  -1.4370221e-03  -5.0877499e-04  -3.0749839e-04   5.7320223e-05   3.6867158e-01   3.5022658e-03   2.0650325e-06   2.5885199e-07   9.4555260e-08   1.2978986e-02  -5.5587000e-02   4.7689888e-02  -1.6505158e-03  -6.1379296e-04  -1.0281119e-04   1.6845407e-04   3.0899146e-03   2.2743254e-03   2.7242025e-06   3.7674180e-07   1.0570141e-08
   1.0000000e+00  -2.3246331e-02  -5.8266959e-01  -5.6656130e-04   4.0326790e-04   7.5047971e-05  -3.1837361e-04   5.4039190e-04   3.3950385e-01   3.2099171e-07   1.6262500e-07   5.6321980e-09   1.0136176e-07  -3.0817343e-02   2.4513730e-02  -5.9746505e-02   1.8402900e-03   5.8382296e-04  -1.0875220e-05   9.4970863e-04   6.0092296e-04   3.5696449e-03   3.3866673e-06   3.4084925e-07   1.1827041e-10
   1.0000000e+00  -9.4766670e-03  -6.2961763e-01   5.2299154e-02  -1.5697918e-03  -8.1627881e-04  -4.3502118e-04   8.9807217e-05   3.9641836e-01   2.7352015e-03   2.4642463e-06   6.6631110e-07   1.8924343e-07   1.3769664e-02  -4.6948040e-02   5.2865715e-02  -1.9730597e-03  -8.9132678e-04  -1.1664757e-04   1.8960365e-04   2.2041185e-03   2.7947839e-03   3.8929646e-06   7.9446343e-07   1.3606656e-08
   1.0000000e+00  -2.6297167e-02  -6.2313820e-01   8.9440548e-03  -3.8412474e-04   1.4505147e-05  -5.4774884e-04   6.9154099e-04   3.8830122e-01   7.9996116e-05   1.4755182e-07   2.1039929e-10   3.0002879e-07  -1.6820500e-02   6.4794300e-03  -4.3355099e-02   1.1856671e-03   8.3078396e-04  -1.1272766e-04   2.8292922e-04   4.1983013e-05   1.8796646e-03   1.4058064e-06   6.9020198e-07   1.2707525e-08
   1.0000000e+00  -1.2892379e-02  -6.1877135e-01   2.7128617e-02  -8.6018184e-04  -3.7566622e-04  -3.9481985e-04   1.6621344e-04   3.8287798e-01   7.3596186e-04   7.3991280e-07   1.4112511e-07   1.5588271e-07   1.3404788e-02   4.3668500e-03   1.8184562e-02  -4.7605710e-04  -3.9017137e-04   1.5292899e-04   1.7968834e-04   1.9069379e-05   3.3067830e-04   2.2663036e-07   1.5223370e-07   2.3387276e-08
   1.0000000e+00  -1.0121053e-02  -6.3437919e-01   1.9864499e-02  -7.7309932e-04  -1.8533144e-04  -4.7988994e-04   1.0243571e-04   4.0243696e-01   3.9459832e-04   5.9768256e-07   3.4347743e-08   2.3029435e-07   2.7713260e-03  -1.5607840e-02  -7.2641180e-03   8.7082520e-05   1.9033478e-04  -8.5070090e-05   7.6802478e-06   2.4360467e-04   5.2767410e-05   7.5833653e-09   3.6227328e-08   7.2369202e-09
   1.0000000e+00  -1.0015605e-02  -6.4782863e-01   2.4845557e-02  -7.1227660e-04  -4.7647161e-04  -2.3636130e-04   1.0031234e-04   4.1968193e-01   6.1730170e-04   5.0733795e-07   2.2702520e-07   5.5866664e-08   1.0544800e-04  -1.3449440e-02   4.9810580e-03   6.0822720e-05  -2.9114017e-04   2.4352864e-04   1.1119281e-08   1.8088744e-04   2.4810939e-05   3.6994033e-09   8.4762599e-08   5.9306199e-08
   1.0000000e+00  -1.0758254e-02  -6.4442291e-01   1.9781138e-02  -1.0858535e-03  -2.0459489e-04  -3.0184969e-04   1.1574003e-04   4.1528089e-01   3.9129342e-04   1.1790778e-06   4.1859069e-08   9.1113235e-08  -7.4264900e-04   3.4057200e-03  -5.0644190e-03  -3.7357690e-04   2.7187672e-04  -6.5488390e-05   5.5152754e-07   1.1598929e-05   2.5648340e-05   1.3955970e-07   7.3916951e-08   4.2887292e-09
   1.0000000e+00  -1.6707624e-02  -6.3194020e-01   1.0414386e-02  -4.0215182e-04  -6.0716760e-04  -3.4772531e-04   2.7914470e-04   3.9934842e-01   1.0845944e-04   1.6172609e-07   3.6865249e-07   1.2091289e-07  -5.9493700e-03   1.2482710e-02  -9.3667520e-03   6.8370168e-04  -4.0257271e-04  -4.5875620e-05   3.5395003e-05   1.5581805e-04   8.7736043e-05   4.6744799e-07   1.6206479e-07   2.1045725e-09
   1.0000000e+00  -6.6590053e-03  -6.6308072e-01   3.9167131e-02  -9.7792200e-04  -3.9047735e-04  -2.6739177e-04   4.4342352e-05   4.3967604e-01   1.5340642e-03   9.5633144e-07   1.5247256e-07   7.1498359e-08   1.0048619e-02  -3.1140520e-02   2.8752745e-02  -5.7577018e-04   2.1669025e-04   8.0333540e-05   1.0097474e-04   9.6973199e-04   8.2672035e-04   3.3151130e-07   4.6954664e-08   6.4534776e-09
   1.0000000e+00  -1.1218713e-02  -6.9655056e-01   3.1699194e-02  -4.5270838e-04   3.2337926e-05  -2.6976835e-04   1.2585952e-04   4.8518268e-01   1.0048389e-03   2.0494488e-07   1.0457415e-09   7.2774963e-08  -4.5597077e-03  -3.3469840e-02  -7.4679370e-03   5.2521362e-04   4.2281528e-04  -2.3765800e-06   2.0790934e-05   1.1202302e-03   5.5770083e-05   2.7584935e-07   1.7877276e-07   5.6481325e-12
   1.0000000e+00  -2.2926500e-03  -6.8977032e-01   4.5414585e-02  -1.2148660e-03  -2.3743212e-04  -4.3929793e-04   5.2562440e-06   4.7578309e-01   2.0624845e-03   1.4758994e-06   5.6374012e-08   1.9298267e-07   8.9260630e-03   6.7802400e-03   1.3715391e-02  -7.6215762e-04  -2.6977005e-04  -1.6952958e-04   7.9674601e-05   4.5971654e-05   1.8811195e-04   5.8088424e-07   7.2775878e-08   2.8740278e-08
   1.0000000e+00  -5.2094691e-02  -6.8214002e-01   1.6738359e-02  -3.4126351e-04  -3.1155579e-04  -5.5600477e-04   2.7138568e-03   4.6531501e-01   2.8017266e-04   1.1646078e-07   9.7067010e-08   3.0914130e-07  -4.9802041e-02   7.6303000e-03  -2.8676226e-02   8.7360249e-04  -7.4123670e-05  -1.1670684e-04   2.4802433e-03   5.8221478e-05   8.2232594e-04   7.6318131e-07   5.4943185e-09   1.3620487e-08
   1.0000000e+00   1.4686048e-02  -7.2912082e-01   5.7344316e-02  -1.7879222e-03  -7.6352487e-04  -3.8922326e-04   2.1568001e-04   5.3161717e-01   3.2883706e-03   3.1966658e-06   5.8297023e-07   1.5149475e-07   6.6780739e-02  -4.6980800e-02   4.0605957e-02  -1.4466587e-03  -4.5196908e-04   1.6678151e-04   4.4596671e-03   2.2071956e-03   1.6488437e-03   2.0928214e-06   2.0427605e-07   2.7816072e-08
   1.0000000e+00   7.2784294e-03  -7.4746017e-01  -2.1898455e-02   4.4606109e-04  -2.0330556e-03   2.3156024e-04   5.2975535e-05   5.5869671e-01   4.7954233e-04   1.9897050e-07   4.1333151e-06   5.3620145e-08  -7.4076186e-03  -1.8339350e-02  -7.9242771e-02   2.2339833e-03  -1.2695307e-03   6.2078350e-04   5.4872813e-05   3.3633176e-04   6.2794168e-03   4.9906813e-06   1.6117083e-06   3.8537215e-07
   1.0000000e+00  -1.7044022e-02  -7.5680391e-01   2.6851455e-02  -7.3777562e-04  -1.9815807e-03   6.2213380e-04   2.9049869e-04   5.7275216e-01   7.2100064e-04   5.4431287e-07   3.9266621e-06   3.8705047e-07  -2.4322451e-02  -9.3437400e-03   4.8749910e-02  -1.1838367e-03   5.1474900e-05   3.9057356e-04   5.9158164e-04   8.7305477e-05   2.3765537e-03   1.4014694e-06   2.6496653e-09   1.5254771e-07
   1.0000000e+00  -9.7489202e-02  -7.5561030e-01   2.9719655e-02  -1.4878817e-04  -4.1719621e-04  -7.2932669e-04   9.5041445e-03   5.7094693e-01   8.8325789e-04   2.2137920e-08   1.7405268e-07   5.3191742e-07  -8.0445180e-02   1.1936100e-03   2.8682000e-03   5.8898745e-04   1.5643845e-03  -1.3514605e-03   6.4714270e-03   1.4247048e-06   8.2265712e-06   3.4690622e-07   2.4472988e-06   1.8264455e-06
   1.0000000e+00  -3.1502854e-02  -7.3744157e-01   6.0236346e-02   3.5585394e-04  -1.6732125e-03   3.2784642e-04   9.9242981e-04   5.4382007e-01   3.6284174e-03   1.2663203e-07   2.7996401e-06   1.0748328e-07   6.5986348e-02   1.8168730e-02   3.0516691e-02   5.0464211e-04  -1.2560163e-03   1.0571731e-03   4.3541981e-03   3.3010275e-04   9.3126843e-04   2.5466366e-07   1.5775769e-06   1.1176150e-06
   1.0000000e+00  -2.7771069e-02  -7.5833170e-01   5.0572633e-02   1.8960670e-03  -2.0929673e-03  -7.0581136e-04   7.7123227e-04   5.7506697e-01   2.5575912e-03   3.5950701e-06   4.3805121e-06   4.9816968e-07   3.7317850e-03  -2.0890130e-02  -9.6637130e-03   1.5402131e-03  -4.1975480e-04  -1.0336578e-03   1.3926219e-05   4.3639753e-04   9.3387349e-05   2.3722563e-06   1.7619409e-07   1.0684484e-06
   1.0000000e+00  -6.1607341e-02  -7.2397688e-01   4.2109537e-02   2.5549178e-03  -1.6068990e-03  -4.9747974e-04   3.7954645e-03   5.2414252e-01   1.7732131e-03   6.5276050e-06   2.5821244e-06   2.4748609e-07  -3.3836272e-02   3.4354820e-02  -8.4630960e-03   6.5885080e-04   4.8606830e-04   2.0833162e-04   1.1448933e-03   1.1802537e-03   7.1623994e-05   4.3408438e-07   2.3626239e-07   4.3402064e-08
   1.0000000e+00  -4.1964003e-02  -7.1494055e-01   4.0093117e-02   2.5839153e-03  -1.7358896e-03  -3.0477020e-05   1.7609775e-03   5.1113999e-01   1.6074580e-03   6.6766183e-06   3.0133127e-06   9.2884875e-10   1.9643338e-02   9.0363300e-03  -2.0164200e-03   2.8997500e-05  -1.2899060e-04   4.6700272e-04   3.8586073e-04   8.1655260e-05   4.0659496e-06   8.4085501e-10   1.6638575e-08   2.1809154e-07
   1.0000000e+00  -7.3355559e-02  -6.9016556e-01   4.2260266e-02   2.9153162e-03  -1.0286683e-03  -4.6321215e-04   5.3810380e-03   4.7632850e-01   1.7859301e-03   8.4990685e-06   1.0581585e-06   2.1456550e-07  -3.1391556e-02   2.4774990e-02   2.1671490e-03   3.3140090e-04   7.0722130e-04  -4.3273513e-04   9.8542979e-04   6.1380013e-04   4.6965348e-06   1.0982656e-07   5.0016197e-07   1.8725969e-07
   1.0000000e+00  -6.1509083e-02  -7.1041355e-01   4.3860725e-02   2.1718746e-03  -1.2340373e-03  -5.7968054e-04   3.7833673e-03   5.0468741e-01   1.9237632e-03   4.7170393e-06   1.5228481e-06   3.3602953e-07   1.1846476e-02  -2.0247990e-02   1.6004590e-03  -7.4344160e-04  -2.0536900e-04  -1.1646839e-04   1.4033899e-04   4.0998110e-04   2.5614690e-06   5.5270541e-07   4.2176426e-08   1.3564886e-08
   1.0000000e+00  -7.6736619e-02  -7.0554001e-01   4.0412279e-02   2.2590568e-03  -9.7242126e-04  -6.7710820e-04   5.8885087e-03   4.9778671e-01   1.6331523e-03   5.1033376e-06   9.4560311e-07   4.5847551e-07  -1.5227536e-02   4.8735400e-03  -3.4484460e-03   8.7182200e-05   2.6161604e-04  -9.7427660e-05   2.3187785e-04   2.3751392e-05   1.1891780e-05   7.6007360e-09   6.8442952e-08   9.4921489e-09
   1.0000000e+00  -4.3872071e-02  -7.2965177e-01   6.7757322e-02   1.0735935e-03  -1.7184114e-03  -5.4628296e-04   1.9247586e-03   5.3239171e-01   4.5910547e-03   1.1526030e-06   2.9529377e-06   2.9842507e-07   3.2864548e-02  -2.4111760e-02   2.7345043e-02  -1.1854633e-03  -7.4599014e-04   1.3082524e-04   1.0800785e-03   5.8137697e-04   7.4775138e-04   1.4053232e-06   5.5650129e-07   1.7115243e-08
   1.0000000e+00  -6.1747623e-02  -6.9906617e-01  -7.7000554e-03   2.3140630e-03  -1.2668449e-03   1.5151238e-06   3.8127689e-03   4.8869351e-01   5.9290853e-05   5.3548876e-06   1.6048960e-06   2.2956001e-12  -1.7875552e-02   3.0585600e-02  -7.5457377e-02   1.2404695e-03   4.5156650e-04   5.4779808e-04   3.1953536e-04   9.3547893e-04   5.6938158e-03   1.5387646e-06   2.0391230e-07   3.0008274e-07
   1.0000000e+00  -3.8397940e-02  -7.3391195e-01   3.1917527e-02   7.6913667e-04  -1.8560073e-03  -5.5752340e-05   1.4744018e-03   5.3862675e-01   1.0187285e-03   5.9157122e-07   3.4447631e-06   3.1083234e-09   2.3349683e-02  -3.4845780e-02   3.9617582e-02  -1.5449263e-03  -5.8916240e-04  -5.7267464e-05   5.4520770e-04   1.2142284e-03   1.5695528e-03   2.3867974e-06   3.4711233e-07   3.2795624e-09
   1.0000000e+00  -5.8530286e-02  -7.0468243e-01  -5.2331947e-02   2.3090117e-03  -1.4060746e-03   3.1516546e-04   3.4257944e-03   4.9657733e-01   2.7386327e-03   5.3315350e-06   1.9770458e-06   9.9329267e-08  -2.0132346e-02   2.9229520e-02  -8.4249474e-02   1.5398750e-03   4.4993270e-04   3.7091780e-04   4.0531136e-04   8.5436484e-04   7.0979739e-03   2.3712151e-06   2.0243943e-07   1.3758001e-07
   1.0000000e+00  -5.4874130e-02  -7.3256714e-01  -2.4846749e-03   8.0465357e-04  -1.6696418e-03  -4.4353475e-05   3.0111701e-03   5.3665461e-01   6.1736094e-06   6.4746737e-07   2.7877037e-06   1.9672307e-09   3.6561560e-03  -2.7884710e-02   4.9847272e-02  -1.5043581e-03  -2.6356720e-04  -3.5951894e-04   1.3367477e-05   7.7755705e-04   2.4847505e-03   2.2630934e-06   6.9467669e-08   1.2925386e-07
   1.0000000e+00  -7.3595534e-02  -7.3005416e-01  -6.6048537e-02   2.0494285e-03  -1.2297000e-03   2.8806917e-04   5.4163026e-03   5.3297908e-01   4.3624092e-03   4.2001572e-06   1.5121621e-06   8.2983847e-08  -1.8721404e-02   2.5129800e-03  -6.3563862e-02   1.2447749e-03   4.3994180e-04   3.3242264e-04   3.5049097e-04   6.3150685e-06   4.0403646e-03   1.5494646e-06   1.9354879e-07   1.1050481e-07
   1.0000000e+00  -6.5863825e-02  -7.6753060e-01  -2.3367530e-02   6.9396923e-04  -1.6150578e-03  -9.4335696e-05   4.3380434e-03   5.8910322e-01   5.4604146e-04   4.8159329e-07   2.6084117e-06   8.8992235e-09   7.7317090e-03  -3.7476440e-02   4.2681007e-02  -1.3554593e-03  -3.8535780e-04  -3.8240487e-04   5.9779324e-05   1.4044836e-03   1.8216684e-03   1.8372698e-06   1.4850063e-07   1.4623348e-07
   1.0000000e+00  -1.0189165e-01  -7.4704474e-01  -1.0232847e-01   2.3482752e-03  -7.6397887e-04   2.0777334e-04   1.0381908e-02   5.5807584e-01   1.0471116e-02   5.5143964e-06   5.8366371e-07   4.3169761e-08  -3.6027825e-02   2.0485860e-02  -7.8960940e-02   1.6543060e-03   8.5107893e-04   3.0210904e-04   1.2980042e-03   4.1967046e-04   6.2348300e-03   2.7367282e-06   7.2433535e-07   9.1269870e-08
   1.0000000e+00  -8.3370604e-02  -7.6976952e-01  -3.5055259e-02   3.3659321e-04  -1.3518731e-03  -3.4228866e-04   6.9506576e-03   5.9254511e-01   1.2288712e-03   1.1329499e-07   1.8275609e-06   1.1716153e-07   1.8521046e-02  -2.2724780e-02   6.7273211e-02  -2.0116820e-03  -5.8789423e-04  -5.5006200e-04   3.4302914e-04   5.1641563e-04   4.5256849e-03   4.0468644e-06   3.4561963e-07   3.0256820e-07
   1.0000000e+00  -1.0714962e-01  -7.7329750e-01  -1.0386576e-01   2.2887801e-03  -7.4658114e-04   3.4908485e-05   1.1481041e-02   5.9798902e-01   1.0788096e-02   5.2385143e-06   5.5738340e-07   1.2186023e-09  -2.3779016e-02  -3.5279800e-03  -6.8810501e-02   1.9521869e-03   6.0529196e-04   3.7719715e-04   5.6544160e-04   1.2446643e-05   4.7348850e-03   3.8110337e-06   3.6637836e-07   1.4227769e-07
   1.0000000e+00  -1.1509335e-01  -7.9960731e-01  -3.9632257e-02   5.8307465e-04  -1.1573110e-03  -6.1319770e-04   1.3246479e-02   6.3937185e-01   1.5707158e-03   3.3997605e-07   1.3393688e-06   3.7601142e-07  -7.9437300e-03  -2.6309810e-02   6.4233503e-02  -1.7057054e-03  -4.1072986e-04  -6.4810618e-04   6.3102846e-05   6.9220610e-04   4.1259429e-03   2.9094311e-06   1.6869902e-07   4.2004163e-07
   1.0000000e+00  -1.3095635e-01  -8.0994854e-01  -8.2090584e-02   2.0283476e-03  -6.9011343e-04  -2.8035248e-04   1.7149566e-02   6.5601664e-01   6.7388640e-03   4.1141940e-06   4.7625655e-07   7.8597513e-08  -1.5863000e-02  -1.0341230e-02  -4.2458327e-02   1.4452729e-03   4.6719757e-04   3.3284522e-04   2.5163477e-04   1.0694104e-04   1.8027095e-03   2.0888139e-06   2.1827357e-07   1.1078594e-07
   1.0000000e+00  -1.1636524e-01  -8.1829865e-01  -2.8469165e-02   6.0158235e-04  -1.1940018e-03  -7.5714247e-04   1.3540869e-02   6.6961268e-01   8.1049336e-04   3.6190132e-07   1.4256403e-06   5.7326472e-07   1.4591110e-02  -8.3501100e-03   5.3621419e-02  -1.4267652e-03  -5.0388837e-04  -4.7678999e-04   2.1290049e-04   6.9724337e-05   2.8752566e-03   2.0356591e-06   2.5390349e-07   2.2732869e-07
   1.0000000e+00  -1.1486912e-01  -8.2541087e-01  -7.3420712e-02   2.0125883e-03  -8.6934813e-04  -4.3803059e-04   1.3194915e-02   6.8130310e-01   5.3906010e-03   4.0505117e-06   7.5576617e-07   1.9187080e-07   1.4961200e-03  -7.1122200e-03  -4.4951547e-02   1.4110060e-03   3.2465367e-04   3.1911188e-04   2.2383751e-06   5.0583673e-05   2.0206416e-03   1.9909378e-06   1.0540001e-07   1.0183239e-07
   1.0000000e+00  -1.1255102e-01  -8.4019385e-01  -2.0285043e-02   7.5862112e-04  -1.2316873e-03  -7.3970872e-04   1.2667732e-02   7.0592571e-01   4.1148297e-04   5.7550600e-07   1.5170536e-06   5.4716899e-07   2.3181000e-03  -1.4782980e-02   5.3135669e-02  -1.2539672e-03  -3.6233917e-04  -3.0167813e-04   5.3735876e-06   2.1853650e-04   2.8233993e-03   1.5724337e-06   1.3128967e-07   9.1009694e-08
   1.0000000e+00  -1.2123775e-01  -8.1929281e-01  -6.7882205e-02   1.7933909e-03  -8.0911804e-04  -4.9173453e-04   1.4698592e-02   6.7124071e-01   4.6079938e-03   3.2162509e-06   6.5467200e-07   2.4180285e-07  -8.6867300e-03   2.0901040e-02  -4.7597162e-02   1.0347698e-03   4.2256926e-04   2.4797419e-04   7.5459278e-05   4.3685347e-04   2.2654898e-03   1.0707485e-06   1.7856478e-07   6.1491199e-08
   1.0000000e+00  -1.0947050e-01  -8.4798040e-01  -3.2006973e-02   1.0420252e-03  -1.4257621e-03  -7.1785025e-04   1.1983790e-02   7.1907076e-01   1.0244463e-03   1.0858165e-06   2.0327976e-06   5.1530898e-07   1.1767250e-02  -2.8687590e-02   3.5875232e-02  -7.5136570e-04  -6.1664406e-04  -2.2611572e-04   1.3846817e-04   8.2297782e-04   1.2870323e-03   5.6455042e-07   3.8024990e-07   5.1128319e-08
   1.0000000e+00  -1.1117175e-01  -8.5160083e-01  -4.9931939e-02   1.3286018e-03  -1.2238278e-03  -5.8256405e-04   1.2359158e-02   7.2522397e-01   2.4931985e-03   1.7651827e-06   1.4977545e-06   3.3938087e-07  -1.7012500e-03  -3.6204300e-03  -1.7924966e-02   2.8657660e-04   2.0193430e-04   1.3528620e-04   2.8942516e-06   1.3107513e-05   3.2130441e-04   8.2126148e-08   4.0777462e-08   1.8302356e-08
   1.0000000e+00  -9.8621519e-02  -8.3328903e-01  -3.8050954e-02   1.2493707e-03  -1.5488808e-03  -3.5446680e-04   9.7262040e-03   6.9437061e-01   1.4478751e-03   1.5609271e-06   2.3990317e-06   1.2564671e-07   1.2550231e-02   1.8311800e-02   1.1880985e-02  -7.9231100e-05  -3.2505300e-04   2.2809725e-04   1.5750830e-04   3.3532202e-04   1.4115780e-04   6.2775672e-09   1.0565945e-07   5.2028355e-08
   1.0000000e+00  -9.7006901e-02  -8.7259268e-01  -9.4086239e-03   2.7300259e-04  -1.7002924e-03  -2.1096764e-04   9.4103388e-03   7.6141799e-01   8.8522204e-05   7.4530414e-08   2.8909942e-06   4.4507345e-08   1.6146180e-03  -3.9303650e-02   2.8642330e-02  -9.7636811e-04  -1.5141160e-04   1.4349916e-04   2.6069913e-06   1.5447769e-03   8.2038307e-04   9.5329469e-07   2.2925473e-08   2.0592009e-08
   1.0000000e+00  -1.0828085e-01  -8.4434372e-01   4.8424818e-02  -7.7595571e-04  -1.4016798e-03  -3.5184504e-04   1.1724742e-02   7.1291632e-01   2.3449630e-03   6.0210726e-07   1.9647063e-06   1.2379493e-07  -1.1273949e-02   2.8248960e-02   5.7833442e-02  -1.0489583e-03   2.9861260e-04  -1.4087740e-04   1.2710193e-04   7.9800374e-04   3.3447070e-03   1.1003135e-06   8.9169485e-08   1.9846442e-08
   1.0000000e+00  -9.3758543e-02  -9.0234716e-01   7.6059222e-02  -1.8803392e-03  -1.9183614e-03  -2.4112392e-04   8.7906644e-03   8.1423040e-01   5.7850053e-03   3.5356755e-06   3.6801105e-06   5.8140745e-08   1.4522307e-02  -5.8003440e-02   2.7634404e-02  -1.1043835e-03  -5.1668160e-04   1.1072112e-04   2.1089740e-04   3.3643991e-03   7.6366028e-04   1.2196629e-06   2.6695988e-07   1.2259166e-08
   1.0000000e+00  -1.1252681e-01  -8.9662858e-01   3.6844772e-02  -2.9369922e-04  -1.3833716e-03  -2.9031411e-04   1.2662283e-02   8.0394281e-01   1.3575372e-03   8.6259232e-08   1.9137170e-06   8.4282282e-08  -1.8768267e-02   5.7185800e-03  -3.9214450e-02   1.5866400e-03   5.3498980e-04  -4.9190190e-05   3.5224785e-04   3.2702157e-05   1.5377731e-03   2.5174264e-06   2.8621409e-07   2.4196748e-09
   1.0000000e+00  -1.0122108e-01  -9.2513212e-01   6.2346586e-02  -1.1895621e-03  -1.9187304e-03  -4.5469317e-04   1.0245707e-02   8.5586944e-01   3.8870968e-03   1.4150580e-06   3.6815263e-06   2.0674588e-07   1.1305730e-02  -2.8503540e-02   2.5501814e-02  -8.9586288e-04  -5.3535880e-04  -1.6437906e-04   1.2781953e-04   8.1245179e-04   6.5034252e-04   8.0257030e-07   2.8660904e-07   2.7020475e-08
   1.0000000e+00  -1.1497666e-01  -9.0576075e-01   1.8594821e-02   8.2744030e-04  -1.3852364e-03  -3.4117647e-04   1.3219632e-02   8.2040254e-01   3.4576737e-04   6.8465745e-07   1.9188799e-06   1.1640138e-07  -1.3755580e-02   1.9371370e-02  -4.3751765e-02   2.0170024e-03   5.3349400e-04   1.1351670e-04   1.8921598e-04   3.7524998e-04   1.9142169e-03   4.0682987e-06   2.8461585e-07   1.2886041e-08
   1.0000000e+00  -1.1564827e-01  -9.2927008e-01   6.5620536e-02  -8.3601494e-04  -1.5941932e-03  -7.4434110e-04   1.3374522e-02   8.6354288e-01   4.3060547e-03   6.9892098e-07   2.5414520e-06   5.5404367e-07  -6.7161000e-04  -2.3509330e-02   4.7025715e-02  -1.6634552e-03  -2.0895680e-04  -4.0316463e-04   4.5105999e-07   5.5268860e-04   2.2114179e-03   2.7670833e-06   4.3662944e-08   1.6254172e-07
   1.0000000e+00  -1.2596768e-01  -9.2555721e-01   7.6886323e-02  -7.8437541e-04  -1.3653640e-03  -8.8189411e-04   1.5867856e-02   8.5665615e-01   5.9115067e-03   6.1524478e-07   1.8642189e-06   7.7773722e-07  -1.0319410e-02   3.7128700e-03   1.1265787e-02   5.1639530e-05   2.2882920e-04  -1.3755301e-04   1.0649022e-04   1.3785404e-05   1.2691796e-04   2.6666411e-09   5.2362803e-08   1.8920831e-08
   1.0000000e+00  -1.0651316e-01  -9.5094909e-01   1.0052837e-01  -1.5887988e-03  -1.7910715e-03  -6.0254441e-04   1.1345053e-02   9.0430417e-01   1.0105953e-02   2.5242816e-06   3.2079371e-06   3.6305977e-07   1.9454520e-02  -2.5391880e-02   2.3642047e-02  -8.0442339e-04  -4.2570750e-04   2.7934970e-04   3.7847835e-04   6.4474757e-04   5.5894639e-04   6.4709699e-07   1.8122688e-07   7.8036255e-08
   1.0000000e+00  -1.1585489e-01  -9.2357563e-01   6.3445097e-02  -4.3480152e-04  -1.3716255e-03  -7.6060495e-04   1.3422356e-02   8.5299194e-01   4.0252803e-03   1.8905236e-07   1.8813565e-06   5.7851989e-07  -9.3417300e-03   2.7373460e-02  -3.7083273e-02   1.1539973e-03   4.1944600e-04  -1.5806054e-04   8.7267919e-05   7.4930631e-04   1.3751691e-03   1.3317097e-06   1.7593495e-07   2.4983134e-08
   1.0000000e+00  -1.0449783e-01  -9.4309011e-01   4.6455314e-02  -3.9266332e-04  -1.7857366e-03  -7.9849587e-04   1.0919796e-02   8.8941896e-01   2.1580962e-03   1.5418448e-07   3.1888552e-06   6.3759565e-07   1.1357060e-02  -1.9514480e-02  -1.6989783e-02   4.2138200e-05  -4.1411110e-04  -3.7890920e-05   1.2898281e-04   3.8081493e-04   2.8865273e-04   1.7756279e-09   1.7148800e-07   1.4357218e-09
   1.0000000e+00  -1.3220182e-01  -9.4675419e-01   8.1684693e-03   5.0631854e-04  -9.2524759e-04  -8.2116950e-04   1.7477321e-02   8.9634350e-01   6.6723891e-05   2.5635846e-07   8.5608310e-07   6.7431935e-07  -2.7703990e-02  -3.6640800e-03  -3.8286845e-02   8.9898186e-04   8.6048901e-04  -2.2673630e-05   7.6751106e-04   1.3425482e-05   1.4658825e-03   8.0816838e-07   7.4044134e-07   5.1409350e-10
   1.0000000e+00  -1.3325403e-01  -9.5025650e-01   1.2559043e-02  -1.9446977e-04  -1.0431243e-03  -7.8744551e-04   1.7756637e-02   9.0298742e-01   1.5772956e-04   3.7818491e-08   1.0881083e-06   6.2007043e-07  -1.0522100e-03  -3.5023100e-03   4.3905737e-03  -7.0078831e-04  -1.1787671e-04   3.3723990e-05   1.1071459e-06   1.2266175e-05   1.9277137e-05   4.9110426e-07   1.3894919e-08   1.1373075e-09
   1.0000000e+00  -1.2862295e-01  -9.4382863e-01   2.7316345e-03  -9.2028284e-05  -1.0964130e-03  -8.3598022e-04   1.6543863e-02   8.9081248e-01   7.4618270e-06   8.4692051e-09   1.2021215e-06   6.9886293e-07   4.6310800e-03   6.4278700e-03  -9.8274085e-03   1.0244149e-04  -5.3288700e-05  -4.8534710e-05   2.1446902e-05   4.1317513e-05   9.6577958e-05   1.0494258e-08   2.8396855e-09   2.3556181e-09
   1.0000000e+00  -1.3686722e-01  -9.4608798e-01  -6.8243247e-03  -1.8623345e-04  -1.2626815e-03  -1.0344085e-03   1.8732636e-02   8.9508247e-01   4.6571408e-05   3.4682898e-08   1.5943646e-06   1.0700009e-06  -8.2442700e-03  -2.2593500e-03  -9.5559592e-03  -9.4205166e-05  -1.6626850e-04  -1.9842828e-04   6.7967988e-05   5.1046624e-06   9.1316356e-05   8.8746133e-09   2.7645214e-08   3.9373782e-08
   1.0000000e+00  -1.3898199e-01  -9.7636569e-01   4.1630916e-02  -1.0634050e-03  -1.1633110e-03  -1.1890883e-03   1.9315994e-02   9.5328996e-01   1.7331332e-03   1.1308302e-06   1.3532925e-06   1.4139310e-06  -2.1147700e-03  -3.0277710e-02   4.8455241e-02  -8.7717155e-04   9.9370500e-05  -1.5467980e-04   4.4722522e-06   9.1673972e-04   2.3479104e-03   7.6942993e-07   9.8744963e-09   2.3925841e-08
   1.0000000e+00  -1.5316765e-01  -9.6779082e-01   6.3207694e-02  -1.6650859e-03  -1.3317878e-03  -1.2662446e-03   2.3460329e-02   9.3661907e-01   3.9952126e-03   2.7725111e-06   1.7736587e-06   1.6033754e-06  -1.4185660e-02   8.5748700e-03   2.1576778e-02  -6.0168090e-04  -1.6847680e-04  -7.7156300e-05   2.0123295e-04   7.3528396e-05   4.6555735e-04   3.6201991e-07   2.8384432e-08   5.9530946e-09
   1.0000000e+00  -1.5570747e-01  -1.0078915e+00   5.2122816e-02  -1.4405118e-03  -1.1972824e-03  -1.2411526e-03   2.4244816e-02   1.0158453e+00   2.7167879e-03   2.0750742e-06   1.4334851e-06   1.5404598e-06  -2.5398200e-03  -4.0100680e-02  -1.1084878e-02   2.2457410e-04   1.3450540e-04   2.5092000e-05   6.4506856e-06   1.6080645e-03   1.2287452e-04   5.0433526e-08   1.8091703e-08   6.2960846e-10
   1.0000000e+00  -1.4306889e-01  -9.9209776e-01   5.3954358e-02  -1.1745252e-03  -1.3586528e-03  -1.1893520e-03   2.0468707e-02   9.8425797e-01   2.9110727e-03   1.3795094e-06   1.8459374e-06   1.4145582e-06   1.2638580e-02   1.5793740e-02   1.8315420e-03   2.6598660e-04  -1.6137040e-04   5.1800600e-05   1.5973370e-04   2.4944222e-04   3.3545461e-06   7.0748871e-08   2.6040406e-08   2.6833022e-09
   1.0000000e+00  -1.4360782e-01  -1.0238592e+00   4.5926353e-02  -1.5705055e-03  -1.3465645e-03  -1.2144683e-03   2.0623206e-02   1.0482877e+00   2.1092299e-03   2.4664875e-06   1.8132360e-06   1.4749333e-06  -5.3893000e-04  -3.1761440e-02  -8.0280050e-03  -3.9598030e-04   1.2088300e-05  -2.5116300e-05   2.9044554e-07   1.0087891e-03   6.4448864e-05   1.5680040e-07   1.4612700e-10   6.3082853e-10
   1.0000000e+00  -1.4443401e-01  -1.0194243e+00   2.7070680e-02  -7.2302440e-04  -1.3036506e-03  -1.2218712e-03   2.0861183e-02   1.0392259e+00   7.3282172e-04   5.2276428e-07   1.6995049e-06   1.4929692e-06  -8.2619000e-04   4.4349000e-03  -1.8855673e-02   8.4748110e-04   4.2913900e-05  -7.4029000e-06   6.8258992e-07   1.9668338e-05   3.5553640e-04   7.1822421e-07   1.8416028e-09   5.4802928e-11
   1.0000000e+00  -1.5131403e-01  -1.0326482e+00   3.4153042e-02  -8.7174431e-04  -1.3318745e-03  -1.3991044e-03   2.2895936e-02   1.0663623e+00   1.1664303e-03   7.5993814e-07   1.7738897e-06   1.9574931e-06  -6.8800200e-03  -1.3223900e-02   7.0823620e-03  -1.4871991e-04  -2.8223900e-05  -1.7723320e-04   4.7334675e-05   1.7487153e-04   5.0159851e-05   2.2117612e-08   7.9658853e-10   3.1411607e-08
   1.0000000e+00  -1.5996414e-01  -1.0507828e+00   1.6679004e-02   3.7354138e-04  -9.1449230e-04  -1.2718628e-03   2.5588526e-02   1.1041445e+00   2.7818917e-04   1.3953316e-07   8.3629617e-07   1.6176350e-06  -8.6501100e-03  -1.8134600e-02  -1.7474038e-02   1.2452857e-03   4.1738220e-04   1.2724160e-04   7.4824403e-05   3.2886372e-04   3.0534200e-04   1.5507364e-06   1.7420790e-07   1.6190425e-08
   1.0000000e+00  -1.4567393e-01  -1.0536846e+00   6.2561330e-02  -1.1391871e-03  -1.4157273e-03  -1.5119927e-03   2.1220894e-02   1.1102512e+00   3.9139200e-03   1.2977472e-06   2.0042838e-06   2.2861219e-06   1.4290210e-02  -2.9018000e-03   4.5882326e-02  -1.5127285e-03  -5.0123500e-04  -2.4012990e-04   2.0421010e-04   8.4204432e-06   2.1051878e-03   2.2883475e-06   2.5123653e-07   5.7662369e-08
   1.0000000e+00  -1.4757764e-01  -1.0435172e+00   3.8515083e-02   4.1932665e-04  -1.0962709e-03  -1.3804314e-03   2.1779160e-02   1.0889281e+00   1.4834116e-03   1.7583484e-07   1.2018099e-06   1.9055909e-06  -1.9037100e-03   1.0167400e-02  -2.4046247e-02   1.5585138e-03   3.1945640e-04   1.3156130e-04   3.6241118e-06   1.0337602e-04   5.7822199e-04   2.4289651e-06   1.0205239e-07   1.7308376e-08
   1.0000000e+00  -1.3946641e-01  -1.0639452e+00   4.7741472e-02  -6.9233603e-04  -1.4907566e-03  -1.6285668e-03   1.9450880e-02   1.1319794e+00   2.2792481e-03   4.7932918e-07   2.2223552e-06   2.6522298e-06   8.1112300e-03  -2.0428000e-02   9.2263890e-03  -1.1116627e-03  -3.9448570e-04  -2.4813540e-04   6.5792052e-05   4.1730318e-04   8.5126254e-05   1.2357939e-06   1.5561897e-07   6.1571177e-08
   1.0000000e+00  -1.5019695e-01  -1.0478432e+00   3.6567237e-03   1.0455905e-03  -1.1085546e-03  -1.3167356e-03   2.2559124e-02   1.0979754e+00   1.3371628e-05   1.0932595e-06   1.2288933e-06   1.7337926e-06  -1.0730540e-02   1.6102000e-02  -4.4084748e-02   1.7379265e-03   3.8220200e-04   3.1183120e-04   1.1514449e-04   2.5927440e-04   1.9434650e-03   3.0203886e-06   1.4607837e-07   9.7238697e-08
   1.0000000e+00  -1.5088341e-01  -1.0788909e+00   4.3059270e-02  -6.6594181e-04  -1.3415231e-03  -1.6436355e-03   2.2765803e-02   1.1640056e+00   1.8541007e-03   4.4347849e-07   1.7996842e-06   2.7015377e-06  -6.8646000e-04  -3.1047700e-02   3.9402546e-02  -1.7115323e-03  -2.3296850e-04  -3.2689990e-04   4.7122733e-07   9.6395968e-04   1.5525607e-03   2.9293428e-06   5.4274322e-08   1.0686354e-07
   1.0000000e+00  -1.6460312e-01  -1.0909697e+00   1.0462236e-02   4.3576635e-04  -1.0962399e-03  -1.5340518e-03   2.7094187e-02   1.1902149e+00   1.0945838e-04   1.8989231e-07   1.2017419e-06   2.3533149e-06  -1.3719710e-02  -1.2078800e-02  -3.2597034e-02   1.1017082e-03   2.4528320e-04   1.0958370e-04   1.8823044e-04   1.4589741e-04   1.0625666e-03   1.2137609e-06   6.0163848e-08   1.2008587e-08
   1.0000000e+00  -1.4367781e-01  -1.1421322e+00   7.0082893e-02  -1.4451704e-03  -1.6228329e-03  -1.6713220e-03   2.0643313e-02   1.3044660e+00   4.9116119e-03   2.0885175e-06   2.6335866e-06   2.7933172e-06   2.0925310e-02  -5.1162500e-02   5.9620657e-02  -1.8809368e-03  -5.2659300e-04  -1.3727020e-04   4.3786860e-04   2.6176014e-03   3.5546227e-03   3.5379231e-06   2.7730019e-07   1.8843108e-08
   1.0000000e+00  -1.6948518e-01  -1.1233866e+00   9.4566425e-03   8.3971280e-04  -7.3927975e-04  -1.6449573e-03   2.8725226e-02   1.2619975e+00   8.9428087e-05   7.0511759e-07   5.4653455e-07   2.7058845e-06  -2.5807370e-02   1.8745600e-02  -6.0626250e-02   2.2848832e-03   8.8355315e-04   2.6364700e-05   6.6602035e-04   3.5139752e-04   3.6755422e-03   5.2206912e-06   7.8066617e-07   6.9509741e-10
   1.0000000e+00  -1.3886528e-01  -1.1634114e+00   8.3680996e-02  -1.2203299e-03  -1.2573281e-03  -1.7801112e-03   1.9283566e-02   1.3535261e+00   7.0025091e-03   1.4892051e-06   1.5808740e-06   3.1687959e-06   3.0619900e-02  -4.0024800e-02   7.4224353e-02  -2.0600427e-03  -5.1804835e-04  -1.3515390e-04   9.3757828e-04   1.6019846e-03   5.5092547e-03   4.2437759e-06   2.6837409e-07   1.8266577e-08
   1.0000000e+00  -1.7608034e-01  -1.1872794e+00   2.6845785e-02   8.8371301e-04  -4.7748683e-04  -2.1547945e-03   3.1004286e-02   1.4096324e+00   7.2069617e-04   7.8094868e-07   2.2799367e-07   4.6431393e-06  -3.7215060e-02  -2.3868000e-02  -5.6835211e-02   2.1040429e-03   7.7984127e-04  -3.7468330e-04   1.3849607e-03   5.6968142e-04   3.2302412e-03   4.4269966e-06   6.0815241e-07   1.4038758e-07
   1.0000000e+00  -1.0905773e-01  -1.1865016e+00   3.1314353e-02   6.1965770e-04  -1.7261437e-03  -7.8327206e-04   1.1893588e-02   1.4077860e+00   9.8058870e-04   3.8397567e-07   2.9795721e-06   6.1351512e-07   6.7022610e-02   7.7780000e-04   4.4685680e-03  -2.6405531e-04  -1.2486569e-03   1.3715224e-03   4.4920303e-03   6.0497284e-07   1.9968100e-05   6.9725207e-08   1.5591440e-06   1.8810738e-06
   1.0000000e+00  -1.0498405e-01  -1.1905648e+00   2.3582271e-02   7.8686906e-04  -1.5116070e-03  -3.1502496e-04   1.1021651e-02   1.4174445e+00   5.5612351e-04   6.1916292e-07   2.2849557e-06   9.9240725e-08   4.0736800e-03  -4.0632000e-03  -7.7320820e-03   1.6721136e-04   2.1453670e-04   4.6824710e-04   1.6594869e-05   1.6509594e-05   5.9785092e-05   2.7959639e-08   4.6025996e-08   2.1925535e-07
   1.0000000e+00  -1.9374026e-01  -1.1972090e+00   4.5435130e-02   1.9227466e-03  -3.2261524e-04  -2.9695929e-03   3.7535288e-02   1.4333094e+00   2.0643510e-03   3.6969545e-06   1.0408059e-07   8.8184820e-06  -8.8756210e-02  -6.6442000e-03   2.1852859e-02   1.1358775e-03   1.1889918e-03  -2.6545679e-03   7.8776648e-03   4.4145394e-05   4.7754745e-04   1.2902178e-06   1.4137014e-06   7.0467309e-06
   1.0000000e+00  -1.3681013e-01  -1.1679233e+00   1.4932657e-02   2.5147246e-03  -1.2073333e-03  -1.1254970e-03   1.8717012e-02   1.3640448e+00   2.2298425e-04   6.3238398e-06   1.4576537e-06   1.2667435e-06   5.6930130e-02   2.9285700e-02  -3.0502473e-02   5.9197800e-04  -8.8471806e-04   1.8440959e-03   3.2410397e-03   8.5765222e-04   9.3040086e-04   3.5043795e-07   7.8272605e-07   3.4006897e-06
   1.0000000e+00  -1.3278571e-01  -1.1886779e+00   4.7610898e-02   2.0551155e-03  -1.1112231e-03  -1.5758085e-03   1.7632045e-02   1.4129551e+00   2.2667976e-03   4.2234997e-06   1.2348168e-06   2.4831724e-06   4.0244200e-03  -2.0754600e-02   3.2678241e-02  -4.5960910e-04   9.6110200e-05  -4.5031150e-04   1.6195956e-05   4.3075342e-04   1.0678674e-03   2.1124052e-07   9.2371705e-09   2.0278045e-07
   1.0000000e+00  -1.5123153e-01  -1.1836688e+00   1.7303189e-02   2.9689095e-03  -8.4873587e-04  -2.1709264e-03   2.2870976e-02   1.4010718e+00   2.9940035e-04   8.8144236e-06   7.2035258e-07   4.7129214e-06  -1.8445820e-02   5.0091000e-03  -3.0307709e-02   9.1379400e-04   2.6248723e-04  -5.9511790e-04   3.4024828e-04   2.5091083e-05   9.1855722e-04   8.3501947e-07   6.8899546e-08   3.5416531e-07
   1.0000000e+00  -1.4180200e-01  -1.2034175e+00   4.5710280e-02   1.4250669e-03  -1.1163774e-03  -2.3666570e-03   2.0107807e-02   1.4482137e+00   2.0894297e-03   2.0308157e-06   1.2462985e-06   5.6010654e-06   9.4295300e-03  -1.9748700e-02   2.8407091e-02  -1.5438426e-03  -2.6764153e-04  -1.9573060e-04   8.8916036e-05   3.9001115e-04   8.0696282e-04   2.3834500e-06   7.1631989e-08   3.8310468e-08
   1.0000000e+00  -1.4629152e-01  -1.2158991e+00  -9.0338232e-03   2.6966891e-03  -6.6565379e-04  -1.9828582e-03   2.1401209e-02   1.4784106e+00   8.1609962e-05   7.2721321e-06   4.4309497e-07   3.9317266e-06  -4.4895200e-03  -1.2481600e-02  -5.4744103e-02   1.2716222e-03   4.5072361e-04   3.8379880e-04   2.0155790e-05   1.5579034e-04   2.9969168e-03   1.6170230e-06   2.0315177e-07   1.4730152e-07
   1.0000000e+00  -1.3346469e-01  -1.2245912e+00   4.2026930e-02   1.1667137e-03  -1.1203051e-03  -2.3175055e-03   1.7812823e-02   1.4996236e+00   1.7662628e-03   1.3612209e-06   1.2550835e-06   5.3708317e-06   1.2826830e-02  -8.6921000e-03   5.1060753e-02  -1.5299754e-03  -4.5465131e-04  -3.3464730e-04   1.6452757e-04   7.5552602e-05   2.6072005e-03   2.3408247e-06   2.0670781e-07   1.1198882e-07
   1.0000000e+00  -1.5849933e-01  -1.2309622e+00  -1.0355920e-02   1.7728145e-03  -4.7260808e-04  -2.3773855e-03   2.5122038e-02   1.5152679e+00   1.0724508e-04   3.1428713e-06   2.2335840e-07   5.6519618e-06  -2.5034640e-02  -6.3710000e-03  -5.2382850e-02   6.0610080e-04   6.4769702e-04  -5.9880000e-05   6.2673320e-04   4.0589641e-05   2.7439630e-03   3.6735818e-07   4.1951143e-07   3.5856144e-09
   1.0000000e+00  -1.6187000e-01  -1.2417069e+00  -1.3513851e-02   1.1971822e-03  -8.9967645e-04  -2.4732458e-03   2.6201897e-02   1.5418360e+00   1.8262417e-04   1.4332452e-06   8.0941771e-07   6.1169448e-06  -3.3706700e-03  -1.0744700e-02  -3.1579310e-03  -5.7563230e-04  -4.2706837e-04  -9.5860300e-05   1.1361416e-05   1.1544858e-04   9.9725282e-06   3.3135254e-07   1.8238739e-07   9.1891971e-09
   1.0000000e+00  -1.6325974e-01  -1.2501353e+00  -3.4330497e-02   1.0409995e-03  -3.3893031e-04  -2.3070037e-03   2.6653743e-02   1.5628383e+00   1.1785830e-03   1.0836800e-06   1.1487376e-07   5.3222661e-06  -1.3897400e-03  -8.4284000e-03  -2.0816646e-02  -1.5618270e-04   5.6074614e-04   1.6624210e-04   1.9313773e-06   7.1037927e-05   4.3333275e-04   2.4393036e-08   3.1443623e-07   2.7636436e-08
   1.0000000e+00  -1.6184852e-01  -1.2465976e+00  -5.2689832e-02   1.4206455e-03  -7.0428909e-04  -2.5022249e-03   2.6194943e-02   1.5540056e+00   2.7762184e-03   2.0182336e-06   4.9602312e-07   6.2611295e-06   1.4112200e-03   3.5377000e-03  -1.8359335e-02   3.7964600e-04  -3.6535878e-04  -1.9522120e-04   1.9915419e-06   1.2515321e-05   3.3706518e-04   1.4413109e-07   1.3348704e-07   3.8111317e-08
   1.0000000e+00  -1.6276705e-01  -1.2780268e+00  -5.4616775e-02   1.0401163e-03  -5.4613982e-04  -2.2568701e-03   2.6493113e-02   1.6333525e+00   2.9829921e-03   1.0818419e-06   2.9826870e-07   5.0934626e-06  -9.1853000e-04  -3.1429200e-02  -1.9269430e-03  -3.8052920e-04   1.5814927e-04   2.4535480e-04   8.4369736e-07   9.8779461e-04   3.7131093e-06   1.4480247e-07   2.5011192e-08   6.0198978e-08
   1.0000000e+00  -1.6348431e-01  -1.2698769e+00  -6.2382718e-02   1.4581330e-03  -4.7274875e-04  -2.4551603e-03   2.6727120e-02   1.6125873e+00   3.8916035e-03   2.1261518e-06   2.2349138e-07   6.0278121e-06  -7.1726000e-04   8.1499000e-03  -7.7659430e-03   4.1801670e-04   7.3391070e-05  -1.9829020e-04   5.1446191e-07   6.6420870e-05   6.0309871e-05   1.7473796e-07   5.3862492e-09   3.9319003e-08
   1.0000000e+00  -1.6613357e-01  -1.2604101e+00  -9.2372709e-02   1.9221826e-03  -6.0720397e-04  -2.0937402e-03   2.7600363e-02   1.5886336e+00   8.5327174e-03   3.6947859e-06   3.6869666e-07   4.3837480e-06  -2.6492600e-03   9.4668000e-03  -2.9989991e-02   4.6404960e-04  -1.3445522e-04   3.6142010e-04   7.0185785e-06   8.9620302e-05   8.9939956e-04   2.1534203e-07   1.8078206e-08   1.3062449e-07
   1.0000000e+00  -1.7844594e-01  -1.2626321e+00  -5.4610817e-02   1.2712858e-03  -5.8354930e-04  -2.3958335e-03   3.1842954e-02   1.5942398e+00   2.9823413e-03   1.6161676e-06   3.4052979e-07   5.7400182e-06  -1.2312370e-02  -2.2220000e-03   3.7761892e-02  -6.5089680e-04   2.3654670e-05  -3.0209330e-04   1.5159446e-04   4.9372840e-06   1.4259605e-03   4.2366664e-07   5.5954341e-10   9.1260362e-08
   1.0000000e+00  -1.7028054e-01  -1.2795189e+00  -6.2509513e-02   1.4853395e-03  -6.4307674e-04  -2.0229788e-03   2.8995462e-02   1.6371686e+00   3.9074392e-03   2.2062334e-06   4.1354769e-07   4.0924432e-06   8.1654000e-03  -1.6886800e-02  -7.8986960e-03   2.1405370e-04  -5.9527440e-05   3.7285470e-04   6.6673757e-05   2.8516401e-04   6.2389399e-05   4.5818986e-08   3.5435161e-09   1.3902063e-07
   1.0000000e+00  -1.6831944e-01  -1.2790767e+00  -4.7993608e-02   1.3860806e-03  -6.5344033e-04  -2.1207376e-03   2.8331434e-02   1.6360372e+00   2.3033864e-03   1.9212194e-06   4.2698426e-07   4.4975280e-06   1.9611000e-03   4.4220000e-04   1.4515905e-02  -9.9258900e-05  -1.0363590e-05  -9.7758800e-05   3.8459132e-06   1.9554084e-07   2.1071150e-04   9.8523292e-09   1.0740400e-10   9.5567830e-09
   1.0000000e+00  -1.6448759e-01  -1.3029847e+00  -5.1634330e-02   1.5886605e-03  -8.6521678e-04  -1.9971873e-03   2.7056167e-02   1.6977691e+00   2.6661040e-03   2.5238422e-06   7.4860008e-07   3.9887571e-06   3.8318500e-03  -2.3908000e-02  -3.6407220e-03   2.0257990e-04  -2.1177645e-04   1.2355030e-04   1.4683074e-05   5.7159246e-04   1.3254857e-05   4.1038616e-08   4.4849265e-08   1.5264677e-08
   1.0000000e+00  -1.6171012e-01  -1.2991612e+00  -5.9923323e-02   2.2479890e-03  -8.7254173e-04  -1.9451091e-03   2.6150163e-02   1.6878198e+00   3.5908046e-03   5.0534545e-06   7.6132907e-07   3.7834494e-06   2.7774700e-03   3.8235000e-03  -8.2889930e-03   6.5932850e-04  -7.3249500e-06   5.2078200e-05   7.7143396e-06   1.4619152e-05   6.8707405e-05   4.3471407e-07   5.3654893e-11   2.7121389e-09
   1.0000000e+00  -1.5718606e-01  -1.2996664e+00  -3.4999696e-02   1.7408522e-03  -9.3805767e-04  -1.7170881e-03   2.4707457e-02   1.6891328e+00   1.2249787e-03   3.0305664e-06   8.7995219e-07   2.9483915e-06   4.5240600e-03  -5.0520000e-04   2.4923627e-02  -5.0713680e-04  -6.5515940e-05   2.2802100e-04   2.0467119e-05   2.5522704e-07   6.2118718e-04   2.5718773e-07   4.2923384e-09   5.1993576e-08
   1.0000000e+00  -1.7047071e-01  -1.2783936e+00  -4.5555159e-02   2.4729016e-03  -8.5431646e-04  -1.7671124e-03   2.9060263e-02   1.6342902e+00   2.0752725e-03   6.1152423e-06   7.2985661e-07   3.1226862e-06  -1.3284650e-02   2.1272800e-02  -1.0555463e-02   7.3204940e-04   8.3741210e-05  -5.0024300e-05   1.7648193e-04   4.5253202e-04   1.1141780e-04   5.3589632e-07   7.0125903e-09   2.5024306e-09
   1.0000000e+00  -1.4703455e-01  -1.2897801e+00  -2.1329652e-02   1.6586331e-03  -1.2426980e-03  -1.6513957e-03   2.1619159e-02   1.6635327e+00   4.5495405e-04   2.7510638e-06   1.5442983e-06   2.7271078e-06   2.3436160e-02  -1.1386500e-02   2.4225507e-02  -8.1426850e-04  -3.8838154e-04   1.1571670e-04   5.4925360e-04   1.2965238e-04   5.8687519e-04   6.6303319e-07   1.5084022e-07   1.3390355e-08
   1.0000000e+00  -1.5521130e-01  -1.2896359e+00  -5.2028243e-02   2.5479206e-03  -1.0770386e-03  -1.7044682e-03   2.4090548e-02   1.6631608e+00   2.7069381e-03   6.4918994e-06   1.1600121e-06   2.9052118e-06  -8.1767500e-03   1.4420000e-04  -3.0698591e-02   8.8928750e-04   1.6565940e-04  -5.3072500e-05   6.6859241e-05   2.0793640e-08   9.4240349e-04   7.9083226e-07   2.7443037e-08   2.8166903e-09
   1.0000000e+00  -1.4351993e-01  -1.3392552e+00  -3.2727898e-02   1.8403229e-03  -1.4135630e-03  -1.4273363e-03   2.0597970e-02   1.7936045e+00   1.0711153e-03   3.3867884e-06   1.9981604e-06   2.0372889e-06   1.1691370e-02  -4.9619300e-02   1.9300345e-02  -7.0759770e-04  -3.3652440e-04   2.7713190e-04   1.3668813e-04   2.4620749e-03   3.7250332e-04   5.0069451e-07   1.1324867e-07   7.6802090e-08
   1.0000000e+00  -1.5466260e-01  -1.3274795e+00  -4.7026359e-02   2.5050248e-03  -9.3633021e-04  -1.4785672e-03   2.3920520e-02   1.7622018e+00   2.2114784e-03   6.2751492e-06   8.7671426e-07   2.1861610e-06  -1.1142670e-02   1.1775700e-02  -1.4298461e-02   6.6470190e-04   4.7723279e-04  -5.1230900e-05   1.2415909e-04   1.3866711e-04   2.0444599e-04   4.4182862e-07   2.2775114e-07   2.6246051e-09
   1.0000000e+00  -1.3459662e-01  -1.3456008e+00  -1.5555192e-02   1.3519263e-03  -1.3598777e-03  -1.4636375e-03   1.8116250e-02   1.8106415e+00   2.4196400e-04   1.8277047e-06   1.8492674e-06   2.1422347e-06   2.0065980e-02  -1.8121300e-02   3.1471167e-02  -1.1530985e-03  -4.2354749e-04   1.4929700e-05   4.0264355e-04   3.2838151e-04   9.9043435e-04   1.3296362e-06   1.7939248e-07   2.2289594e-10
   1.0000000e+00  -1.4042025e-01  -1.3352201e+00  -5.1742326e-02   2.3316500e-03  -1.0251166e-03  -1.3657277e-03   1.9717847e-02   1.7828127e+00   2.6772683e-03   5.4365917e-06   1.0508640e-06   1.8652122e-06  -5.8236300e-03   1.0380700e-02  -3.6187134e-02   9.7972370e-04   3.3476110e-04   9.7909800e-05   3.3914666e-05   1.0775893e-04   1.3095087e-03   9.5985853e-07   1.1206499e-07   9.5863289e-09
   1.0000000e+00  -1.3155161e-01  -1.3708177e+00  -2.6550931e-02   1.0902567e-03  -1.2929145e-03  -1.4106284e-03   1.7305826e-02   1.8791412e+00   7.0495194e-04   1.1886597e-06   1.6716279e-06   1.9898725e-06   8.8686400e-03  -3.5597600e-02   2.5191395e-02  -1.2413933e-03  -2.6779790e-04  -4.4900700e-05   7.8652775e-05   1.2671891e-03   6.3460638e-04   1.5410573e-06   7.1715715e-08   2.0160729e-09
   1.0000000e+00  -1.5922582e-01  -1.3590808e+00  -6.6807810e-02   2.2830822e-03  -6.3278264e-04  -1.2963349e-03   2.5352862e-02   1.8471006e+00   4.4632835e-03   5.2124643e-06   4.0041387e-07   1.6804842e-06  -2.7674210e-02   1.1736900e-02  -4.0256879e-02   1.1928255e-03   6.6013186e-04   1.1429350e-04   7.6586190e-04   1.3775482e-04   1.6206163e-03   1.4228327e-06   4.3577407e-07   1.3063004e-08
   1.0000000e+00  -1.4726462e-01  -1.3806693e+00  -1.5344203e-02   2.2103314e-04  -1.0574340e-03  -1.1730617e-03   2.1686868e-02   1.9062477e+00   2.3544457e-04   4.8855649e-08   1.1181667e-06   1.3760738e-06   1.1961200e-02  -2.1588500e-02   5.1463607e-02  -2.0620491e-03  -4.2465136e-04   1.2327320e-04   1.4307031e-04   4.6606333e-04   2.6485028e-03   4.2520463e-06   1.8032878e-07   1.5196282e-08
   1.0000000e+00  -1.7329362e-01  -1.3881493e+00  -2.8618724e-02   9.3923329e-04  -4.6224171e-04  -1.1454158e-03   3.0030679e-02   1.9269585e+00   8.1903136e-04   8.8215917e-07   2.1366740e-07   1.3119774e-06  -2.6029000e-02  -7.4800000e-03  -1.3274521e-02   7.1820015e-04   5.9519229e-04   2.7645900e-05   6.7750884e-04   5.5950400e-05   1.7621291e-04   5.1581146e-07   3.5425386e-07   7.6429579e-10
   1.0000000e+00  -1.7952045e-01  -1.4132228e+00   2.8730551e-03  -6.2062817e-04  -1.3614823e-03  -1.0939487e-03   3.2227592e-02   1.9971987e+00   8.2544456e-06   3.8517933e-07   1.8536341e-06   1.1967238e-06  -6.2268300e-03  -2.5073500e-02   3.1491779e-02  -1.5598615e-03  -8.9924059e-04   5.1467100e-05   3.8773412e-05   6.2868040e-04   9.9173215e-04   2.4331678e-06   8.0863364e-07   2.6488624e-09
   1.0000000e+00  -1.5452405e-01  -1.4360585e+00   1.5296516e-02   5.3672667e-04  -3.4371020e-03  -1.1791238e-03   2.3877682e-02   2.0622640e+00   2.3398340e-04   2.8807552e-07   1.1813670e-05   1.3903329e-06   2.4996400e-02  -2.2835700e-02   1.2423461e-02   1.1573548e-03  -2.0756197e-03  -8.5175100e-05   6.2482001e-04   5.2146919e-04   1.5434238e-04   1.3394702e-06   4.3081971e-06   7.2547977e-09
   1.0000000e+00  -1.4292033e-01  -1.4402661e+00  -4.5759634e-02   1.1969533e-03  -3.5876634e-03  -1.0970742e-03   2.0426221e-02   2.0743664e+00   2.0939441e-03   1.4326972e-06   1.2871329e-05   1.2035718e-06   1.1603720e-02  -4.2076000e-03  -6.1056150e-02   6.6022663e-04  -1.5056140e-04   8.2049600e-05   1.3464632e-04   1.7703898e-05   3.7278535e-03   4.3589920e-07   2.2668735e-08   6.7321369e-09
   1.0000000e+00  -1.8557253e-01  -1.4222273e+00  -4.3734080e-02   1.1646001e-03  -2.3874630e-03  -2.0689550e-03   3.4437164e-02   2.0227305e+00   1.9126698e-03   1.3562934e-06   5.6999796e-06   4.2805748e-06  -4.2652200e-02   1.8038800e-02   2.0255540e-03  -3.2353200e-05   1.2002004e-03  -9.7188080e-04   1.8192102e-03   3.2539831e-04   4.1028690e-06   1.0467296e-09   1.4404810e-06   9.4455229e-07
   1.0000000e+00  -2.1997153e-01  -1.4643590e+00   2.8902871e-03   1.7862005e-03  -1.9922470e-03  -2.6194193e-03   4.8387474e-02   2.1443473e+00   8.3537595e-06   3.1905122e-06   3.9690481e-06   6.8613575e-06  -3.4399000e-02  -4.2131700e-02   4.6624367e-02   6.2160040e-04   3.9521600e-04  -5.5046430e-04   1.1832912e-03   1.7750801e-03   2.1738316e-03   3.8638706e-07   1.5619569e-07   3.0301095e-07
   1.0000000e+00  -2.1463263e-01  -1.4123732e+00  -1.2870033e-02   3.4328557e-03  -1.7015770e-03  -1.9113313e-03   4.6067166e-02   1.9947981e+00   1.6563775e-04   1.1784498e-05   2.8953643e-06   3.6531873e-06   5.3389000e-03   5.1985800e-02  -1.5760320e-02   1.6466552e-03   2.9067000e-04   7.0808800e-04   2.8503853e-05   2.7025234e-03   2.4838769e-04   2.7114733e-06   8.4489049e-08   5.0138862e-07
   1.0000000e+00  -1.3759123e-01  -1.4162170e+00   3.2445315e-02   2.9440898e-03  -3.1193573e-03  -6.7720790e-04   1.8931347e-02   2.0056706e+00   1.0526985e-03   8.6676648e-06   9.7303900e-06   4.5861054e-07   7.7041400e-02  -3.8438000e-03   4.5315348e-02  -4.8876590e-04  -1.4177803e-03   1.2341234e-03   5.9353773e-03   1.4774798e-05   2.0534808e-03   2.3889211e-07   2.0101010e-06   1.5230606e-06
   1.0000000e+00  -1.7654881e-01  -1.4061618e+00   1.1301150e-01   1.2379587e-03  -2.6416859e-03  -1.5912666e-03   3.1169482e-02   1.9772910e+00   1.2771599e-02   1.5325417e-06   6.9785044e-06   2.5321294e-06  -3.8957580e-02   1.0055200e-02   8.0566185e-02  -1.7061311e-03   4.7767140e-04  -9.1405870e-04   1.5176930e-03   1.0110705e-04   6.4909102e-03   2.9108833e-06   2.2816997e-07   8.3550331e-07
   1.0000000e+00  -1.6151961e-01  -1.4332146e+00   1.1916388e-01   9.4057899e-04  -2.8840080e-03  -1.3085488e-03   2.6088584e-02   2.0541041e+00   1.4200030e-02   8.8468884e-07   8.3175021e-06   1.7123000e-06   1.5029200e-02  -2.7052800e-02   6.1523800e-03  -2.9737971e-04  -2.4232210e-04   2.8271780e-04   2.2587685e-04   7.3185399e-04   3.7851780e-05   8.8434692e-08   5.8720000e-08   7.9929354e-08
   1.0000000e+00  -1.6088508e-01  -1.4658122e+00   6.8331991e-02   1.8992695e-03  -2.4208712e-03  -1.2151960e-03   2.5884009e-02   2.1486054e+00   4.6692610e-03   3.6072246e-06   5.8606174e-06   1.4767013e-06   6.3453000e-04  -3.2597600e-02  -5.0831889e-02   9.5869051e-04   4.6313680e-04   9.3352800e-05   4.0262832e-07   1.0626035e-03   2.5838809e-03   9.1908749e-07   2.1449570e-07   8.7147453e-09
   1.0000000e+00  -2.0911030e-01  -1.4588572e+00   3.2647668e-02   2.5231088e-03  -2.0638750e-03  -3.0333430e-03   4.3727118e-02   2.1282643e+00   1.0658702e-03   6.3660780e-06   4.2595800e-06   9.2011698e-06  -4.8225220e-02   6.9550000e-03  -3.5684323e-02   6.2383930e-04   3.5699620e-04  -1.8181470e-03   2.3256718e-03   4.8372025e-05   1.2733709e-03   3.8917547e-07   1.2744629e-07   3.3056585e-06
   1.0000000e+00  -1.6294636e-01  -1.4674214e+00  -7.0168985e-03   3.0036074e-03  -2.6530831e-03  -1.6304274e-03   2.6551516e-02   2.1533256e+00   4.9236865e-05   9.0216574e-06   7.0388499e-06   2.6582935e-06   4.6163940e-02  -8.5642000e-03  -3.9664566e-02   4.8049860e-04  -5.8920810e-04   1.4029156e-03   2.1311094e-03   7.3345522e-05   1.5732778e-03   2.3087890e-07   3.4716619e-07   1.9681722e-06
   1.0000000e+00  -2.2202642e-01  -1.4721922e+00   9.7537879e-03   2.5438327e-03  -2.1124513e-03  -3.0639320e-03   4.9295731e-02   2.1673499e+00   9.5136378e-05   6.4710848e-06   4.4624505e-06   9.3876793e-06  -5.9080060e-02  -4.7708000e-03   1.6770686e-02  -4.5977470e-04   5.4063180e-04  -1.4335046e-03   3.4904535e-03   2.2760533e-05   2.8125592e-04   2.1139277e-07   2.9228274e-07   2.0549354e-06
   1.0000000e+00  -1.6475876e-01  -1.4700831e+00  -3.3275580e-02   3.9942037e-03  -2.6655789e-03  -1.1670580e-03   2.7145449e-02   2.1611443e+00   1.1072642e-03   1.5953663e-05   7.1053109e-06   1.3620244e-06   5.7267660e-02   2.1091000e-03  -4.3029368e-02   1.4503710e-03  -5.5312760e-04   1.8968740e-03   3.2795849e-03   4.4483028e-06   1.8515265e-03   2.1035760e-06   3.0595014e-07   3.5981310e-06
   1.0000000e+00  -1.8784411e-01  -1.4764365e+00  -1.2455173e-02   3.2849307e-03  -2.5685339e-03  -2.1464786e-03   3.5285410e-02   2.1798647e+00   1.5513133e-04   1.0790770e-05   6.5973664e-06   4.6073704e-06  -2.3085350e-02  -6.3534000e-03   2.0820407e-02  -7.0927300e-04   9.7045000e-05  -9.7942060e-04   5.3293338e-04   4.0365692e-05   4.3348935e-04   5.0306819e-07   9.4177320e-09   9.5926471e-07
   1.0000000e+00  -1.7358436e-01  -1.4752580e+00  -4.0409148e-02   4.1314434e-03  -2.5496512e-03  -1.5209416e-03   3.0131530e-02   2.1763862e+00   1.6328992e-03   1.7068825e-05   6.5007212e-06   2.3132634e-06   1.4259750e-02   1.1785000e-03  -2.7953975e-02   8.4651270e-04   1.8882700e-05   6.2553700e-04   2.0334047e-04   1.3888622e-06   7.8142472e-04   7.1658375e-07   3.5655636e-10   3.9129654e-07
   1.0000000e+00  -1.7632075e-01  -1.5015940e+00  -6.1367981e-03   2.7346272e-03  -2.6210488e-03  -1.8745571e-03   3.1089007e-02   2.2547845e+00   3.7660291e-05   7.4781859e-06   6.8698968e-06   3.5139643e-06  -2.7363900e-03  -2.6336000e-02   3.4272350e-02  -1.3968162e-03  -7.1397600e-05  -3.5361550e-04   7.4878302e-06   6.9358490e-04   1.1745940e-03   1.9510955e-06   5.0976173e-09   1.2504392e-07
   1.0000000e+00  -1.6408095e-01  -1.4921574e+00  -4.3406103e-02   3.4354860e-03  -2.6223358e-03  -1.3864368e-03   2.6922558e-02   2.2265337e+00   1.8840898e-03   1.1802564e-05   6.8766450e-06   1.9222070e-06   1.2239800e-02   9.4366000e-03  -3.7269305e-02   7.0085880e-04  -1.2870000e-06   4.8812030e-04   1.4981270e-04   8.9049420e-05   1.3890011e-03   4.9120306e-07   1.6563690e-12   2.3826143e-07
   1.0000000e+00  -1.7131812e-01  -1.5243890e+00  -4.5099629e-02   2.7993680e-03  -2.5526390e-03  -1.6126625e-03   2.9349898e-02   2.3237618e+00   2.0339765e-03   7.8364612e-06   6.5159659e-06   2.6006803e-06  -7.2371700e-03  -3.2231600e-02  -1.6935260e-03  -6.3611800e-04   6.9696800e-05  -2.2622570e-04   5.2376630e-05   1.0388760e-03   2.8680303e-06   4.0464611e-07   4.8576439e-09   5.1178067e-08
   1.0000000e+00  -1.7472173e-01  -1.5181416e+00  -8.5176131e-02   3.5321721e-03  -2.3095433e-03  -1.2523127e-03   3.0527683e-02   2.3047539e+00   7.2549733e-03   1.2476240e-05   5.3339903e-06   1.5682871e-06  -3.4036100e-03   6.2474000e-03  -4.0076502e-02   7.3280410e-04   2.4309570e-04   3.6034980e-04   1.1584561e-05   3.9030007e-05   1.6061260e-03   5.3700185e-07   5.9095519e-08   1.2985198e-07
