   1.0000000e+00   0.0000000e+00   0.0000000e+00   0.0000000e+00   0.0000000e+00   0.0000000e+00   0.0000000e+00   0.0000000e+00   0.0000000e+00   0.0000000e+00   0.0000000e+00   0.0000000e+00   0.0000000e+00   0.0000000e+00   0.0000000e+00   0.0000000e+00   0.0000000e+00   0.0000000e+00   0.0000000e+00   0.0000000e+00   0.0000000e+00   0.0000000e+00   0.0000000e+00   0.0000000e+00   0.0000000e+00
   1.0000000e+00   6.0716053e-03   1.4513928e-02  -2.2354279e-01   4.4191592e-04   2.4397037e-04  -3.9690247e-04   3.6864391e-05   2.1065411e-04   4.9971379e-02   1.9528968e-07   5.9521541e-08   1.5753157e-07   6.0716053e-03   1.4513928e-02  -2.2354279e-01   4.4191592e-04   2.4397037e-04  -3.9690247e-04   3.6864391e-05   2.1065411e-04   4.9971379e-02   1.9528968e-07   5.9521541e-08   1.5753157e-07
   1.0000000e+00  -1.8515309e-02   3.9957836e-03  -1.6231047e-01  -7.2591139e-04   4.1475656e-04  -9.4382754e-04   3.4281667e-04   1.5966287e-05   2.6344689e-02   5.2694735e-07   1.7202300e-07   8.9081043e-07  -2.4586914e-02  -1.0518144e-02   6.1232320e-02  -1.1678273e-03   1.7078619e-04  -5.4692507e-04   6.0451635e-04   1.1063136e-04   3.7493970e-03   1.3638206e-06   2.9167923e-08   2.9912703e-07
   1.0000000e+00   1.8479794e-02  -3.0957431e-02  -2.5540858e-02  -8.6568831e-04   2.4047943e-04  -1.9486090e-04   3.4150279e-04   9.5836253e-04   6.5233543e-04   7.4941625e-07   5.7830356e-08   3.7970770e-08   3.6995103e-02  -3.4953215e-02   1.3676961e-01  -1.3977692e-04  -1.7427713e-04   7.4896664e-04   1.3686376e-03   1.2217272e-03   1.8705927e-02   1.9537587e-08   3.0372518e-08   5.6095103e-07
   1.0000000e+00  -1.6493510e-02  -5.6068869e-04  -1.6545943e-01  -2.2132827e-04   1.6586864e-04  -8.9705792e-04   2.7203587e-04   3.1437181e-07   2.7376823e-02   4.8986203e-08   2.7512406e-08   8.0471291e-07  -3.4973304e-02   3.0396742e-02  -1.3991857e-01   6.4436004e-04  -7.4610790e-05  -7.0219702e-04   1.2231320e-03   9.2396194e-04   1.9577207e-02   4.1519986e-07   5.5667700e-09   4.9308065e-07
   1.0000000e+00  -4.4527855e-03  -7.2700139e-02   2.1595617e-02  -5.3697657e-04   7.2630079e-04  -6.1186789e-04   1.9827299e-05   5.2853102e-03   4.6637067e-04   2.8834384e-07   5.2751284e-07   3.7438231e-07   1.2040724e-02  -7.2139450e-02   1.8705505e-01  -3.1564830e-04   5.6043215e-04   2.8519003e-04   1.4497905e-04   5.2041003e-03   3.4989591e-02   9.9633849e-08   3.1408419e-07   8.1333353e-08
   1.0000000e+00  -2.5246194e-02   1.3484478e-03  -2.7897752e-01   2.0784752e-04   3.7941957e-04  -1.2190616e-03   6.3737031e-04   1.8183115e-06   7.7828457e-02   4.3200592e-08   1.4395921e-07   1.4861112e-06  -2.0793408e-02   7.4048587e-02  -3.0057314e-01   7.4482409e-04  -3.4688122e-04  -6.0719371e-04   4.3236584e-04   5.4831932e-03   9.0344211e-02   5.5476293e-07   1.2032658e-07   3.6868420e-07
   1.0000000e+00  -9.3216321e-04  -9.0176220e-02   8.1383885e-02  -6.3277080e-04   6.5681462e-04  -3.9379254e-04   8.6892825e-07   8.1317507e-03   6.6233367e-03   4.0039889e-07   4.3140545e-07   1.5507256e-07   2.4314031e-02  -9.1524668e-02   3.6036140e-01  -8.4061832e-04   2.7739505e-04   8.2526906e-04   5.9117209e-04   8.3767648e-03   1.2986034e-01   7.0663916e-07   7.6948014e-08   6.8106902e-07
   1.0000000e+00  -1.0096550e-02  -9.6041492e-03  -1.8944944e-01  -5.0413562e-05   6.3593856e-04  -6.8221493e-04   1.0194032e-04   9.2239682e-05   3.5891090e-02   2.5415272e-09   4.0441785e-07   4.6541721e-07  -9.1643868e-03   8.0572071e-02  -2.7083333e-01   5.8235724e-04  -2.0876060e-05  -2.8842239e-04   8.3985985e-05   6.4918586e-03   7.3350690e-02   3.3913995e-07   4.3580988e-10   8.3187475e-08
   1.0000000e+00  -1.6673348e-02  -9.8069412e-02  -8.8887319e-02  -2.2059213e-04   6.2096761e-04  -5.2904873e-04   2.7800053e-04   9.6176096e-03   7.9009555e-03   4.8660888e-08   3.8560077e-07   2.7989256e-07  -6.5767980e-03  -8.8465263e-02   1.0056212e-01  -1.7017857e-04  -1.4970950e-05   1.5316620e-04   4.3254272e-05   7.8261027e-03   1.0112740e-02   2.8960745e-08   2.2412934e-10   2.3459885e-08
   1.0000000e+00  -5.6095199e-02  -4.4446637e-02  -2.6249916e-01  -9.5456116e-04   2.8710424e-04  -1.2183317e-03   3.1466714e-03   1.9755035e-03   6.8905809e-02   9.1118701e-07   8.2428845e-08   1.4843321e-06  -3.9421851e-02   5.3622775e-02  -1.7361184e-01  -7.3396903e-04  -3.3386337e-04  -6.8928297e-04   1.5540823e-03   2.8754020e-03   3.0141071e-02   5.3871054e-07   1.1146475e-07   4.7511101e-07
   1.0000000e+00  -2.1900014e-02  -1.1619049e-01  -2.7046618e-02  -1.3815432e-03   5.4969425e-04  -6.2385195e-04   4.7961061e-04   1.3500230e-02   7.3151955e-04   1.9086616e-06   3.0216377e-07   3.8919126e-07   3.4195185e-02  -7.1743853e-02   2.3545254e-01  -4.2698204e-04   2.6259001e-04   5.9447975e-04   1.1693107e-03   5.1471804e-03   5.5437900e-02   1.8231366e-07   6.8953513e-08   3.5340617e-07
   1.0000000e+00  -1.8946395e-02  -3.5074005e-02  -2.3914242e-01   7.9076063e-04   9.5395096e-04  -7.8213293e-04   3.5896588e-04   1.2301858e-03   5.7189097e-02   6.2530237e-07   9.1002243e-07   6.1173192e-07   2.9536190e-03   8.1116485e-02  -2.1209580e-01   2.1723038e-03   4.0425671e-04  -1.5828098e-04   8.7238652e-06   6.5798841e-03   4.4984629e-02   4.7189039e-06   1.6342349e-07   2.5052869e-08
   1.0000000e+00  -1.8571114e-03  -1.5828647e-01  -2.4829443e-03  -2.1679748e-04   1.0149591e-03  -1.6320977e-04   3.4488628e-06   2.5054607e-02   6.1650124e-06   4.7001147e-08   1.0301420e-06   2.6637429e-08   1.7089284e-02  -1.2321247e-01   2.3665948e-01  -1.0075581e-03   6.1008140e-05   6.1892316e-04   2.9204361e-04   1.5181312e-02   5.6007707e-02   1.0151733e-06   3.7219931e-09   3.8306588e-07
   1.0000000e+00  -1.8438873e-02  -6.0230069e-02  -9.6223815e-02   1.9223680e-04   8.7429997e-04  -5.9772342e-04   3.3999204e-04   3.6276612e-03   9.2590226e-03   3.6954987e-08   7.6440044e-07   3.5727329e-07  -1.6581762e-02   9.8056401e-02  -9.3740871e-02   4.0903428e-04  -1.4065913e-04  -4.3451365e-04   2.7495482e-04   9.6150578e-03   8.7873508e-03   1.6730904e-07   1.9784991e-08   1.8880211e-07
   1.0000000e+00  -1.0672585e-02  -1.4884891e-01   1.3467007e-01  -1.3616969e-03   3.4261620e-04  -2.6722298e-04   1.1390407e-04   2.2155998e-02   1.8136028e-02   1.8542184e-06   1.1738586e-07   7.1408121e-08   7.7662880e-03  -8.8618841e-02   2.3089389e-01  -1.5539337e-03  -5.3168377e-04   3.3050044e-04   6.0315229e-05   7.8532990e-03   5.3311986e-02   2.4147099e-06   2.8268763e-07   1.0923054e-07
   1.0000000e+00   1.5059669e-02  -1.4647514e-01   4.0183291e-02  -3.6573790e-04   1.0003956e-03   2.4819011e-04   2.2679363e-04   2.1454967e-02   1.6146969e-03   1.3376421e-07   1.0007914e-06   6.1598331e-08   2.5732254e-02   2.3737700e-03  -9.4486779e-02   9.9595900e-04   6.5777940e-04   5.1541309e-04   6.6214890e-04   5.6347840e-06   8.9277514e-03   9.9193433e-07   4.3267374e-07   2.6565065e-07
   1.0000000e+00  -2.3712169e-02  -1.0072851e-01  -1.8197960e-01   5.6657377e-04   8.4087830e-04  -6.1625168e-04   5.6226696e-04   1.0146233e-02   3.3116575e-02   3.2100584e-07   7.0707632e-07   3.7976613e-07  -3.8771838e-02   4.5746630e-02  -2.2216289e-01   9.3231167e-04  -1.5951730e-04  -8.6444179e-04   1.5032554e-03   2.0927542e-03   4.9356350e-02   8.6920505e-07   2.5445769e-08   7.4725961e-07
   1.0000000e+00   1.2500480e-02  -1.6401127e-01   6.2279942e-02   4.0781960e-04   1.0835814e-03  -8.7375385e-05   1.5626200e-04   2.6899697e-02   3.8787912e-03   1.6631683e-07   1.1741487e-06   7.6344579e-09   3.6212649e-02  -6.3282760e-02   2.4425954e-01  -1.5875417e-04   2.4270310e-04   5.2887630e-04   1.3113559e-03   4.0047077e-03   5.9662724e-02   2.5202886e-08   5.8904795e-08   2.7971014e-07
   1.0000000e+00  -2.6517446e-02  -7.9468077e-02  -1.7755598e-01   9.8772171e-04   1.0043018e-03  -1.2349600e-03   7.0317494e-04   6.3151753e-03   3.1526126e-02   9.7559418e-07   1.0086221e-06   1.5251262e-06  -3.9017926e-02   8.4543193e-02  -2.3983592e-01   5.7990211e-04  -7.9279600e-05  -1.1475846e-03   1.5223985e-03   7.1475515e-03   5.7521269e-02   3.3628646e-07   6.2852550e-09   1.3169504e-06
   1.0000000e+00   4.7219844e-03  -1.8103897e-01   1.3457906e-01  -5.3243767e-04   1.0491616e-03  -3.6125454e-04   2.2297137e-05   3.2775109e-02   1.8111523e-02   2.8348987e-07   1.1007401e-06   1.3050484e-07   3.1239430e-02  -1.0157089e-01   3.1213504e-01  -1.5201594e-03   4.4859800e-05   8.7370546e-04   9.7590201e-04   1.0316646e-02   9.7428283e-02   2.3108845e-06   2.0124017e-09   7.6336123e-07
   1.0000000e+00  -1.2386856e-02  -1.1152906e-01  -1.1325622e-01   7.9353462e-04   1.3513628e-03  -8.7416059e-04   1.5343420e-04   1.2438731e-02   1.2826971e-02   6.2969719e-07   1.8261814e-06   7.6415674e-07  -1.7108840e-02   6.9509910e-02  -2.4783528e-01   1.3259723e-03   3.0220120e-04  -5.1290605e-04   2.9271242e-04   4.8316276e-03   6.1422326e-02   1.7582025e-06   9.1325565e-08   2.6307262e-07
   1.0000000e+00   2.1571083e-02  -2.2416667e-01   2.0621738e-01  -7.7461169e-04   1.9313574e-03  -3.4201104e-04   4.6531162e-04   5.0250696e-02   4.2525608e-02   6.0002327e-07   3.7301414e-06   1.1697155e-07   3.3957939e-02  -1.1263761e-01   3.1947360e-01  -1.5681463e-03   5.7999460e-04   5.3214955e-04   1.1531416e-03   1.2687231e-02   1.0206338e-01   2.4590828e-06   3.3639374e-07   2.8318314e-07
   1.0000000e+00   4.9579564e-03  -1.3002203e-01  -2.6738570e-01   1.6615244e-03   1.3122092e-03  -1.1606907e-03   2.4581332e-05   1.6905728e-02   7.1495113e-02   2.7606633e-06   1.7218930e-06   1.3472029e-06  -1.6613127e-02   9.4144640e-02  -4.7360308e-01   2.4361361e-03  -6.1914820e-04  -8.1867966e-04   2.7599598e-04   8.8632132e-03   2.2429988e-01   5.9347590e-06   3.8334449e-07   6.7023639e-07
   1.0000000e+00  -3.2843226e-03  -2.0196029e-01  -2.9901955e-02   4.3252133e-04   1.4135789e-03  -8.5671081e-04   1.0786775e-05   4.0787959e-02   8.9412691e-04   1.8707470e-07   1.9982053e-06   7.3395341e-07  -8.2422790e-03  -7.1938260e-02   2.3748374e-01  -1.2290031e-03   1.0136970e-04   3.0397989e-04   6.7935163e-05   5.1751133e-03   5.6398529e-02   1.5104485e-06   1.0275816e-08   9.2403774e-08
   1.0000000e+00  -1.9528340e-03  -1.4832221e-01  -4.3250302e-02   1.5267108e-03   9.9420186e-04  -8.6559162e-04   3.8135606e-06   2.1999478e-02   1.8705886e-03   2.3308459e-06   9.8843734e-07   7.4924885e-07   1.3314886e-03   5.3638080e-02  -1.3348347e-02   1.0941895e-03  -4.1937704e-04  -8.8808100e-06   1.7728619e-06   2.8770436e-03   1.7817837e-04   1.1972506e-06   1.7587710e-07   7.8868786e-11
   1.0000000e+00   3.6019137e-02  -1.9468221e-01  -4.5550348e-02   1.1009151e-03   1.3140680e-03  -5.5515826e-04   1.2973782e-03   3.7901163e-02   2.0748342e-03   1.2120141e-06   1.7267747e-06   3.0820069e-07   3.7971971e-02  -4.6360000e-02  -2.3000460e-03  -4.2579570e-04   3.1986614e-04   3.1043336e-04   1.4418706e-03   2.1492496e-03   5.2902116e-06   1.8130198e-07   1.0231435e-07   9.6368871e-08
   1.0000000e+00   1.8012785e-02  -1.7884458e-01  -1.3739631e-01   1.8805648e-03   1.5310859e-03  -8.5212571e-04   3.2446042e-04   3.1985384e-02   1.8877746e-02   3.5365240e-06   2.3442240e-06   7.2611823e-07  -1.8006352e-02   1.5837630e-02  -9.1845962e-02   7.7964970e-04   2.1701790e-04  -2.9696745e-04   3.2422871e-04   2.5083052e-04   8.4356807e-03   6.0785365e-07   4.7096769e-08   8.8189666e-08
   1.0000000e+00   4.9178908e-02  -1.9250711e-01  -3.3207737e-02   6.6598851e-04   2.2243244e-03  -5.5910169e-04   2.4185650e-03   3.7058987e-02   1.1027538e-03   4.4354070e-07   4.9476190e-06   3.1259470e-07   3.1166123e-02  -1.3662530e-02   1.0418857e-01  -1.2145763e-03   6.9323850e-04   2.9302402e-04   9.7132722e-04   1.8666473e-04   1.0855259e-02   1.4751956e-06   4.8057962e-07   8.5863076e-08
   1.0000000e+00   4.5764310e-02  -1.9983053e-01   6.4025206e-02   8.1835346e-04   2.0680416e-03  -7.5249456e-04   2.0943721e-03   3.9932241e-02   4.0992270e-03   6.6970239e-07   4.2767961e-06   5.6624806e-07  -3.4145980e-03  -7.3234200e-03   9.7232943e-02   1.5236495e-04  -1.5628280e-04  -1.9339287e-04   1.1659480e-05   5.3632480e-05   9.4542452e-03   2.3215078e-08   2.4424314e-08   3.7400802e-08
   1.0000000e+00   3.5899758e-02  -1.5543213e-01  -1.8379130e-01   1.5374984e-03   2.0332467e-03  -8.6240276e-04   1.2887926e-03   2.4159147e-02   3.3779242e-02   2.3639013e-06   4.1340921e-06   7.4373852e-07  -9.8645520e-03   4.4398400e-02  -2.4781651e-01   7.1914494e-04  -3.4794900e-05  -1.0990820e-04   9.7309386e-05   1.9712179e-03   6.1413021e-02   5.1716944e-07   1.2106851e-09   1.2079812e-08
   1.0000000e+00   5.4377339e-02  -2.6137802e-01   1.2397133e-01   3.4912992e-04   2.1815451e-03  -3.9042701e-04   2.9568950e-03   6.8318469e-02   1.5368891e-02   1.2189170e-07   4.7591390e-06   1.5243325e-07   1.8477581e-02  -1.0594589e-01   3.0776263e-01  -1.1883685e-03   1.4829840e-04   4.7197575e-04   3.4142100e-04   1.1224532e-02   9.4717836e-02   1.4122196e-06   2.1992415e-08   2.2276111e-07
   1.0000000e+00   7.0434176e-02  -1.5027137e-01  -3.3630093e-01   9.9400895e-04   2.2019859e-03  -6.1831195e-04   4.9609731e-03   2.2581485e-02   1.1309832e-01   9.8805379e-07   4.8487419e-06   3.8230967e-07   1.6056837e-02   1.1110665e-01  -4.6027226e-01   6.4487903e-04   2.0440800e-05  -2.2788494e-04   2.5782201e-04   1.2344688e-02   2.1185055e-01   4.1586896e-07   4.1782630e-10   5.1931546e-08
   1.0000000e+00   6.7356682e-02  -1.6380610e-01  -3.1021443e-01   1.9607062e-03   1.9352500e-03  -8.4329950e-04   4.5369226e-03   2.6832438e-02   9.6232993e-02   3.8443688e-06   3.7451926e-06   7.1115405e-07  -3.0774940e-03  -1.3534730e-02   2.6086500e-02   9.6669725e-04  -2.6673590e-04  -2.2498755e-04   9.4709693e-06   1.8318892e-04   6.8050548e-04   9.3450357e-07   7.1148040e-08   5.0619398e-08
   1.0000000e+00   3.6782930e-02  -2.3244000e-01  -7.5635242e-02   1.0643495e-03   1.6123867e-03  -7.5121890e-04   1.3529839e-03   5.4028354e-02   5.7206898e-03   1.1328399e-06   2.5997909e-06   5.6432984e-07  -3.0573752e-02  -6.8633900e-02   2.3457919e-01  -8.9635670e-04  -3.2286330e-04   9.2080600e-05   9.3475431e-04   4.7106122e-03   5.5027395e-02   8.0345533e-07   1.0424071e-07   8.4788369e-09
   1.0000000e+00   1.1622091e-02  -1.9783052e-01  -1.8630637e-01   5.2655560e-04   7.9802043e-04  -1.0053850e-03   1.3507300e-04   3.9136915e-02   3.4710064e-02   2.7726080e-07   6.3683661e-07   1.0107990e-06  -2.5160839e-02   3.4609480e-02  -1.1067113e-01  -5.3779390e-04  -8.1436627e-04  -2.5416610e-04   6.3306782e-04   1.1978161e-03   1.2248099e-02   2.8922228e-07   6.6319242e-07   6.4600406e-08
   1.0000000e+00   3.2314516e-02  -3.2384078e-01   2.3689685e-01  -1.8221800e-04   1.2518964e-03  -6.8240515e-04   1.0442279e-03   1.0487285e-01   5.6120118e-02   3.3203400e-08   1.5672446e-06   4.6567679e-07   2.0692425e-02  -1.2601026e-01   4.2320322e-01  -7.0877360e-04   4.5387597e-04   3.2297985e-04   4.2817645e-04   1.5878586e-02   1.7910097e-01   5.0236002e-07   2.0600340e-07   1.0431598e-07
   1.0000000e+00   2.2456849e-03  -2.3693813e-01  -2.0669854e-02  -2.3011834e-04   4.1340033e-04  -1.3036803e-03   5.0431007e-06   5.6139677e-02   4.2724286e-04   5.2954450e-08   1.7089983e-07   1.6995823e-06  -3.0068831e-02   8.6902650e-02  -2.5756670e-01  -4.7900340e-05  -8.3849607e-04  -6.2127515e-04   9.0413460e-04   7.5520706e-03   6.6340607e-02   2.2944426e-09   7.0307566e-07   3.8598281e-07
   1.0000000e+00   8.9356690e-03  -3.0901237e-01   1.9371748e-01  -4.6013624e-04   9.4224438e-04  -1.2242827e-03   7.9846180e-05   9.5488645e-02   3.7526462e-02   2.1172536e-07   8.8782447e-07   1.4988681e-06   6.6899841e-03  -7.2074240e-02   2.1438733e-01  -2.3001790e-04   5.2884405e-04   7.9397600e-05   4.4755887e-05   5.1946961e-03   4.5961929e-02   5.2908234e-08   2.7967603e-07   6.3039789e-09
   1.0000000e+00   9.6454387e-03  -2.5039819e-01   9.3277164e-02  -2.2879657e-04   1.0004887e-03  -1.3147128e-03   9.3034488e-05   6.2699254e-02   8.7006293e-03   5.2347870e-08   1.0009776e-06   1.7284697e-06   7.0976970e-04   5.8614180e-02  -1.0044032e-01   2.3133967e-04   5.8244320e-05  -9.0430100e-05   5.0377303e-07   3.4356221e-03   1.0088257e-02   5.3518043e-08   3.3924008e-09   8.1776030e-09
   1.0000000e+00   5.1560082e-03  -2.9937332e-01   1.0524401e-01  -8.5320928e-04   1.4409419e-03  -1.3955680e-03   2.6584421e-05   8.9624385e-02   1.1076302e-02   7.2796608e-07   2.0763136e-06   1.9476100e-06  -4.4894305e-03  -4.8975130e-02   1.1966846e-02  -6.2441271e-04   4.4045320e-04  -8.0855200e-05   2.0154986e-05   2.3985634e-03   1.4320540e-04   3.8989123e-07   1.9399902e-07   6.5375634e-09
   1.0000000e+00   2.2352716e-02  -2.5899682e-01   3.0438967e-02   5.5404922e-04   1.7906725e-03  -1.4697852e-03   4.9964391e-04   6.7079353e-02   9.2653071e-04   3.0697054e-07   3.2065080e-06   2.1602685e-06   1.7196708e-02   4.0376500e-02  -7.4805043e-02   1.4072585e-03   3.4973060e-04  -7.4217200e-05   2.9572676e-04   1.6302618e-03   5.5957945e-03   1.9803765e-06   1.2231149e-07   5.5081928e-09
   1.0000000e+00   3.6658607e-02  -2.5512891e-01  -6.6113685e-02   4.1660697e-04   1.4677763e-03  -1.2396931e-03   1.3438535e-03   6.5090761e-02   4.3710193e-03   1.7356137e-07   2.1543673e-06   1.5368390e-06   1.4305891e-02   3.8679100e-03  -9.6552652e-02  -1.3744225e-04  -3.2289620e-04   2.3009210e-04   2.0465852e-04   1.4960728e-05   9.3224146e-03   1.8890372e-08   1.0426196e-07   5.2942374e-08
   1.0000000e+00   7.2593260e-02  -3.7052702e-01   2.9634105e-01  -7.7509084e-04   1.9610222e-03  -7.4822112e-04   5.2697814e-03   1.3729027e-01   8.7818018e-02   6.0076581e-07   3.8456081e-06   5.5983484e-07   3.5934653e-02  -1.1539811e-01   3.6245474e-01  -1.1916978e-03   4.9324590e-04   4.9147198e-04   1.2912993e-03   1.3316724e-02   1.3137343e-01   1.4201437e-06   2.4329152e-07   2.4154471e-07
   1.0000000e+00   5.1609071e-02  -2.6201098e-01  -1.2041368e-01   6.4357152e-04   1.7651439e-03  -1.3209266e-03   2.6634962e-03   6.8649754e-02   1.4499454e-02   4.1418430e-07   3.1157330e-06   1.7448471e-06  -2.0984189e-02   1.0851604e-01  -4.1675473e-01   1.4186624e-03  -1.9587830e-04  -5.7270548e-04   4.4033619e-04   1.1775731e-02   1.7368450e-01   2.0126029e-06   3.8368308e-08   3.2799157e-07
   1.0000000e+00   5.0973831e-02  -3.1626593e-01   1.3847375e-01  -3.1341715e-04   1.8167633e-03  -8.7604098e-04   2.5983314e-03   1.0002414e-01   1.9174979e-02   9.8230310e-08   3.3006289e-06   7.6744780e-07  -6.3524000e-04  -5.4254950e-02   2.5888743e-01  -9.5698867e-04   5.1619400e-05   4.4488562e-04   4.0352986e-07   2.9435996e-03   6.7022701e-02   9.1582731e-07   2.6645625e-09   1.9792321e-07
   1.0000000e+00   1.8059472e-02  -2.6234548e-01  -5.1390979e-02   9.2097874e-04   1.5276312e-03  -1.2973949e-03   3.2614453e-04   6.8825151e-02   2.6410327e-03   8.4820184e-07   2.3336571e-06   1.6832335e-06  -3.2914359e-02   5.3920450e-02  -1.8986473e-01   1.2343959e-03  -2.8913210e-04  -4.2135392e-04   1.0833550e-03   2.9074149e-03   3.6048615e-02   1.5237332e-06   8.3597371e-08   1.7753913e-07
   1.0000000e+00   5.6679721e-02  -3.0946748e-01   1.1222055e-01  -5.2709999e-04   2.2954711e-03  -8.5845325e-04   3.2125908e-03   9.5770121e-02   1.2593452e-02   2.7783440e-07   5.2691876e-06   7.3694198e-07   3.8620249e-02  -4.7122000e-02   1.6361153e-01  -1.4480787e-03   7.6783990e-04   4.3894165e-04   1.4915236e-03   2.2204829e-03   2.6768732e-02   2.0969320e-06   5.8957811e-07   1.9266977e-07
   1.0000000e+00   5.4953203e-02  -2.8280211e-01   3.0374177e-02   2.3109905e-04   2.4088560e-03  -1.2416669e-03   3.0198545e-03   7.9977033e-02   9.2259063e-04   5.3406771e-08   5.8025872e-06   1.5417367e-06  -1.7265180e-03   2.6665370e-02  -8.1846373e-02   7.5819904e-04   1.1338490e-04  -3.8321365e-04   2.9808644e-06   7.1104196e-04   6.6988288e-03   5.7486578e-07   1.2856136e-08   1.4685270e-07
   1.0000000e+00   7.8476752e-02  -2.4722198e-01  -1.4018655e-01  -4.3950386e-04   2.8884008e-03  -1.2030947e-03   6.1586006e-03   6.1118707e-02   1.9652269e-02   1.9316364e-07   8.3428592e-06   1.4474369e-06   2.3523549e-02   3.5580130e-02  -1.7056073e-01  -6.7060291e-04   4.7954480e-04   3.8572200e-05   5.5335736e-04   1.2659457e-03   2.9090962e-02   4.4970826e-07   2.2996322e-07   1.4878146e-09
   1.0000000e+00   1.2132791e-01  -3.9063494e-01   2.2502223e-01  -1.3360612e-03   3.1605146e-03  -1.0218281e-04   1.4720462e-02   1.5259566e-01   5.0635004e-02   1.7850595e-06   9.9888525e-06   1.0441327e-08   4.2851158e-02  -1.4341296e-01   3.6520878e-01  -8.9655734e-04   2.7211380e-04   1.1009119e-03   1.8362217e-03   2.0567277e-02   1.3337745e-01   8.0381506e-07   7.4045920e-08   1.2120070e-06
   1.0000000e+00   7.8153906e-02  -2.8574112e-01  -8.1607643e-02  -1.8196861e-04   2.7406150e-03  -1.1376162e-03   6.1080330e-03   8.1647988e-02   6.6598074e-03   3.3112575e-08   7.5109706e-06   1.2941706e-06  -4.3174004e-02   1.0489382e-01  -3.0662987e-01   1.1540926e-03  -4.1989960e-04  -1.0354334e-03   1.8639946e-03   1.1002713e-02   9.4021879e-02   1.3319297e-06   1.7631567e-07   1.0721223e-06
   1.0000000e+00   9.6676769e-02  -3.3814859e-01   7.8489881e-02  -1.2336081e-03   3.0461089e-03  -8.0407860e-04   9.3463977e-03   1.1434447e-01   6.1606614e-03   1.5217889e-06   9.2787794e-06   6.4654239e-07   1.8522863e-02  -5.2407470e-02   1.6009752e-01  -1.0516395e-03   3.0549390e-04   3.3353760e-04   3.4309645e-04   2.7465429e-03   2.5631217e-02   1.1059456e-06   9.3326523e-08   1.1124733e-07
   1.0000000e+00   9.6501585e-02  -3.6280842e-01   1.3597130e-01  -5.8397940e-04   2.7585017e-03  -6.0414507e-04   9.3125559e-03   1.3162995e-01   1.8488194e-02   3.4103194e-07   7.6093316e-06   3.6499127e-07  -1.7518400e-04  -2.4659830e-02   5.7481419e-02   6.4962870e-04  -2.8760720e-04   1.9993353e-04   3.0689434e-08   6.0810722e-04   3.3041135e-03   4.2201745e-07   8.2717901e-08   3.9973416e-08
   1.0000000e+00   1.0121963e-01  -3.1249652e-01  -1.4257804e-01  -1.9727617e-04   2.7922533e-03  -7.3094500e-04   1.0245413e-02   9.7654075e-02   2.0328497e-02   3.8917887e-08   7.7966785e-06   5.3428059e-07   4.7180450e-03   5.0311900e-02  -2.7854934e-01   3.8670323e-04   3.3751600e-05  -1.2679993e-04   2.2259949e-05   2.5312873e-03   7.7589735e-02   1.4953939e-07   1.1391705e-09   1.6078222e-08
   1.0000000e+00   1.4154886e-01  -4.0432849e-01   2.0473037e-01  -1.5836239e-03   3.1796508e-03   1.6895360e-04   2.0036080e-02   1.6348153e-01   4.1914524e-02   2.5078647e-06   1.0110179e-05   2.8545319e-08   4.0329230e-02  -9.1831970e-02   3.4730841e-01  -1.3863477e-03   3.8739750e-04   8.9989860e-04   1.6264468e-03   8.4331107e-03   1.2062313e-01   1.9219600e-06   1.5007682e-07   8.0981749e-07
   1.0000000e+00   1.3809432e-01  -3.3392560e-01  -3.2238944e-02  -3.8032957e-04   3.6733508e-03   1.1051915e-04   1.9070041e-02   1.1150631e-01   1.0393495e-03   1.4465058e-07   1.3493506e-05   1.2214483e-08  -3.4545400e-03   7.0402890e-02  -2.3696931e-01   1.2032943e-03   4.9370000e-04  -5.8434450e-05   1.1933847e-05   4.9565669e-03   5.6154456e-02   1.4479172e-06   2.4373969e-07   3.4145849e-09
   1.0000000e+00   1.0253775e-01  -3.2271152e-01  -1.1697403e-01  -5.7836239e-04   3.1733582e-03  -1.7535315e-04   1.0513990e-02   1.0414273e-01   1.3682924e-02   3.3450305e-07   1.0070202e-05   3.0748727e-08  -3.5556570e-02   1.1214080e-02  -8.4735086e-02  -1.9803282e-04  -4.9999260e-04  -2.8587230e-04   1.2642697e-03   1.2575559e-04   7.1800348e-03   3.9216998e-08   2.4999260e-07   8.1722972e-08
   1.0000000e+00   1.1557165e-01  -4.5342774e-01   1.9878505e-01  -1.3309096e-03   3.4338543e-03   2.7693949e-05   1.3356806e-02   2.0559672e-01   3.9515496e-02   1.7713204e-06   1.1791355e-05   7.6695481e-10   1.3033900e-02  -1.3071622e-01   3.1575908e-01  -7.5254721e-04   2.6049610e-04   2.0304710e-04   1.6988255e-04   1.7086730e-02   9.9703797e-02   5.6632730e-07   6.7858218e-08   4.1228124e-08
   1.0000000e+00   1.3012224e-01  -3.5712635e-01  -9.0998560e-02  -8.0584349e-04   3.6314410e-03  -1.9483398e-04   1.6931797e-02   1.2753923e-01   8.2807379e-03   6.4938373e-07   1.3187364e-05   3.7960280e-08   1.4550590e-02   9.6301390e-02  -2.8978361e-01   5.2506611e-04   1.9758670e-04  -2.2252793e-04   2.1171967e-04   9.2739577e-03   8.3974541e-02   2.7569442e-07   3.9040504e-08   4.9518679e-08
   1.0000000e+00   2.1512652e-01  -4.4914177e-01   1.3906896e-01  -3.1109121e-03   4.5521328e-03   5.9695640e-04   4.6279420e-02   2.0172833e-01   1.9340176e-02   9.6777741e-06   2.0721913e-05   3.5635694e-07   8.5004280e-02  -9.2015420e-02   2.3006752e-01  -2.3050686e-03   9.2069180e-04   7.9179038e-04   7.2257276e-03   8.4668375e-03   5.2931064e-02   5.3133413e-06   8.4767339e-07   6.2693201e-07
   1.0000000e+00   1.9174785e-01  -4.3137613e-01   2.1442308e-01  -1.7830534e-03   4.3643545e-03   9.4824087e-05   3.6767238e-02   1.8608537e-01   4.5977257e-02   3.1792794e-06   1.9047590e-05   8.9916075e-09  -2.3378670e-02   1.7765640e-02   7.5354120e-02   1.3278587e-03  -1.8777830e-04  -5.0213231e-04   5.4656221e-04   3.1561796e-04   5.6782434e-03   1.7632087e-06   3.5260690e-08   2.5213686e-07
   1.0000000e+00   2.0000066e-01  -3.8459964e-01  -6.0967495e-02  -9.4066762e-04   4.5240486e-03   6.9452350e-05   4.0000264e-02   1.4791688e-01   3.7170354e-03   8.8485557e-07   2.0467016e-05   4.8236289e-09   8.2528100e-03   4.6776490e-02  -2.7539057e-01   8.4238578e-04   1.5969410e-04  -2.5371737e-05   6.8108873e-05   2.1880400e-03   7.5839969e-02   7.0961380e-07   2.5502206e-08   6.4372504e-10
   1.0000000e+00   2.2208487e-01  -4.9802160e-01   2.4952272e-01  -2.3910166e-03   4.9778550e-03   4.1896926e-04   4.9321689e-02   2.4802551e-01   6.2261588e-02   5.7169604e-06   2.4779040e-05   1.7553524e-07   2.2084210e-02  -1.1342196e-01   3.1049022e-01  -1.4503490e-03   4.5380640e-04   3.4951691e-04   4.8771233e-04   1.2864541e-02   9.6404174e-02   2.1035122e-06   2.0594025e-07   1.2216207e-07
   1.0000000e+00   2.1676998e-01  -4.3353185e-01  -4.1275045e-02  -1.0071898e-03   4.5900198e-03  -2.0320327e-04   4.6989224e-02   1.8794986e-01   1.7036293e-03   1.0144313e-06   2.1068282e-05   4.1291569e-08  -5.3148900e-03   6.4489750e-02  -2.9079776e-01   1.3838268e-03  -3.8783520e-04  -6.2217253e-04   2.8248056e-05   4.1589279e-03   8.4563340e-02   1.9149766e-06   1.5041614e-07   3.8709866e-07
   1.0000000e+00   2.0439406e-01  -4.3480871e-01   7.4459289e-02  -1.7413729e-03   4.5949596e-03  -1.7974829e-04   4.1776932e-02   1.8905861e-01   5.5441857e-03   3.0323796e-06   2.1113654e-05   3.2309448e-08  -1.2375920e-02  -1.2768600e-03   1.1573433e-01  -7.3418310e-04   4.9398000e-06   2.3454980e-05   1.5316340e-04   1.6303715e-06   1.3394436e-02   5.3902482e-07   2.4401624e-11   5.5013609e-10
   1.0000000e+00   1.8449733e-01  -4.5934376e-01   1.4145279e-01  -9.8161067e-04   4.4069580e-03  -2.1520760e-04   3.4039265e-02   2.1099669e-01   2.0008892e-02   9.6355951e-07   1.9421279e-05   4.6314311e-08  -1.9896730e-02  -2.4535050e-02   6.6993501e-02   7.5976223e-04  -1.8800160e-04  -3.5459310e-05   3.9587986e-04   6.0196868e-04   4.4881292e-03   5.7723865e-07   3.5344602e-08   1.2573627e-09
   1.0000000e+00   1.9380506e-01  -4.1139134e-01  -6.9980647e-02  -1.3940218e-03   4.3603587e-03  -5.7112864e-04   3.7560401e-02   1.6924283e-01   4.8972910e-03   1.9432968e-06   1.9012728e-05   3.2618792e-07   9.3077300e-03   4.7952420e-02  -2.1143344e-01  -4.1241113e-04  -4.6599300e-05  -3.5592104e-04   8.6633838e-05   2.2994346e-03   4.4704098e-02   1.7008294e-07   2.1714948e-09   1.2667979e-07
   1.0000000e+00   1.9319819e-01  -4.8218528e-01   6.4750127e-02  -1.1513887e-03   4.1375452e-03  -6.7169641e-04   3.7325541e-02   2.3250264e-01   4.1925789e-03   1.3256959e-06   1.7119280e-05   4.5117607e-07  -6.0687000e-04  -7.0793940e-02   1.3473077e-01   2.4263310e-04  -2.2281350e-04  -1.0056777e-04   3.6829120e-07   5.0117819e-03   1.8152381e-02   5.8870821e-08   4.9645856e-08   1.0113876e-08
   1.0000000e+00   2.3614708e-01  -7.2118823e-01   9.8789976e-02  -6.0991733e-04   4.9023924e-03  -9.2736024e-05   5.5765443e-02   5.2011246e-01   9.7594594e-03   3.7199915e-07   2.4033451e-05   8.5999701e-09   4.2948890e-02  -2.3900295e-01   3.4039849e-02   5.4147137e-04   7.6484720e-04   5.7896039e-04   1.8446072e-03   5.7122410e-02   1.1587113e-03   2.9319124e-07   5.8499124e-07   3.3519513e-07
   1.0000000e+00   2.0821713e-01  -5.4403669e-01  -2.0359225e-02   8.9668244e-05   5.5912276e-03  -1.8561899e-04   4.3354373e-02   2.9597592e-01   4.1449804e-04   8.0403940e-09   3.1261826e-05   3.4454409e-08  -2.7929950e-02   1.7715154e-01  -1.1914920e-01   6.9958557e-04   6.8883520e-04  -9.2882966e-05   7.8008211e-04   3.1382668e-02   1.4196532e-02   4.8941998e-07   4.7449393e-07   8.6272454e-09
   1.0000000e+00   1.3885944e-01  -4.6357269e-01  -6.0967561e-02   2.3764860e-03   4.9171247e-03  -1.0288079e-03   1.9281944e-02   2.1489964e-01   3.7170435e-03   5.6476857e-06   2.4178115e-05   1.0584457e-06  -6.9357690e-02   8.0464000e-02  -4.0608336e-02   2.2868178e-03  -6.7410290e-04  -8.4318891e-04   4.8104892e-03   6.4744553e-03   1.6490370e-03   5.2295354e-06   4.5441472e-07   7.1096754e-07
   1.0000000e+00   1.2265690e-01  -4.2974952e-01  -1.2760427e-01   2.2534447e-03   4.8869879e-03  -9.8291582e-04   1.5044715e-02   1.8468465e-01   1.6282850e-02   5.0780130e-06   2.3882651e-05   9.6612351e-07  -1.6202540e-02   3.3823170e-02  -6.6636709e-02  -1.2304130e-04  -3.0136800e-05   4.5892080e-05   2.6252230e-04   1.1440068e-03   4.4404510e-03   1.5139162e-08   9.0822671e-10   2.1060830e-09
   1.0000000e+00   1.0184995e-01  -4.3517036e-01  -8.7402839e-02   2.6395005e-03   4.4339388e-03  -1.0504834e-03   1.0373412e-02   1.8937324e-01   7.6392563e-03   6.9669629e-06   1.9659813e-05   1.1035154e-06  -2.0806950e-02  -5.4208400e-03   4.0201431e-02   3.8605580e-04  -4.5304910e-04  -6.7567580e-05   4.3292917e-04   2.9385506e-05   1.6161551e-03   1.4903908e-07   2.0525349e-07   4.5653779e-09
   1.0000000e+00   1.2380013e-01  -5.1204959e-01   3.2412009e-02   1.3037135e-03   5.0764713e-03  -6.5210991e-04   1.5326472e-02   2.6219478e-01   1.0505383e-03   1.6996689e-06   2.5770561e-05   4.2524733e-07   2.1950180e-02  -7.6879230e-02   1.1981485e-01  -1.3357870e-03   6.4253250e-04   3.9837349e-04   4.8181040e-04   5.9104160e-03   1.4355598e-02   1.7843269e-06   4.1284801e-07   1.5870144e-07
   1.0000000e+00   8.6454483e-02  -4.2940745e-01  -1.2563964e-01   2.2865761e-03   4.2798471e-03  -1.0964929e-03   7.4743776e-03   1.8439076e-01   1.5785319e-02   5.2284303e-06   1.8317091e-05   1.2022967e-06  -3.7345647e-02   8.2642140e-02  -1.5805165e-01   9.8286260e-04  -7.9662420e-04  -4.4438299e-04   1.3946973e-03   6.8297233e-03   2.4980324e-02   9.6601889e-07   6.3461012e-07   1.9747624e-07
   1.0000000e+00   8.2310585e-02  -4.5302735e-01  -1.4886622e-01   3.2336197e-03   4.2214801e-03  -8.1374226e-04   6.7750324e-03   2.0523378e-01   2.2161151e-02   1.0456296e-05   1.7820894e-05   6.6217647e-07  -4.1438980e-03  -2.3619900e-02  -2.3226580e-02   9.4704360e-04  -5.8367000e-05   2.8275064e-04   1.7171891e-05   5.5789968e-04   5.3947402e-04   8.9689158e-07   3.4067067e-09   7.9947924e-08
   1.0000000e+00   1.2656065e-01  -5.2428320e-01   7.9879954e-02   2.0975634e-03   4.7855544e-03  -2.6233861e-04   1.6017598e-02   2.7487287e-01   6.3808071e-03   4.3997722e-06   2.2901531e-05   6.8821546e-08   4.4250065e-02  -7.1255850e-02   2.2874617e-01  -1.1360563e-03   5.6407430e-04   5.5140365e-04   1.9580683e-03   5.0773962e-03   5.2324812e-02   1.2906239e-06   3.1817982e-07   3.0404599e-07
   1.0000000e+00   1.2703548e-01  -4.8183675e-01  -2.3500235e-01   2.4111301e-03   4.6821438e-03  -4.8128508e-04   1.6138013e-02   2.3216665e-01   5.5226105e-02   5.8135484e-06   2.1922471e-05   2.3163533e-07   4.7483000e-04   4.2446450e-02  -3.1488230e-01   3.1356670e-04  -1.0341060e-04  -2.1894647e-04   2.2546353e-07   1.8017011e-03   9.9150865e-02   9.8324075e-08   1.0693752e-08   4.7937557e-08
   1.0000000e+00   2.0349270e-01  -5.7115678e-01   1.3276015e-01   7.9175395e-04   5.4347061e-03   5.8763195e-04   4.1409279e-02   3.2622007e-01   1.7625257e-02   6.2687432e-07   2.9536030e-05   3.4531131e-07   7.6457220e-02  -8.9320030e-02   3.6776250e-01  -1.6193762e-03   7.5256230e-04   1.0689170e-03   5.8457065e-03   7.9780678e-03   1.3524926e-01   2.6223791e-06   5.6635002e-07   1.1425836e-06
   1.0000000e+00   1.6416850e-01  -5.0267803e-01  -1.4020290e-01   2.1201915e-03   5.0224536e-03   2.0846203e-04   2.6951296e-02   2.5268520e-01   1.9656853e-02   4.4952120e-06   2.5225040e-05   4.3456418e-08  -3.9324200e-02   6.8478750e-02  -2.7296305e-01   1.3284376e-03  -4.1225250e-04  -3.7916992e-04   1.5463927e-03   4.6893392e-03   7.4508827e-02   1.7647463e-06   1.6995212e-07   1.4376983e-07
   1.0000000e+00   1.7035165e-01  -5.6387699e-01  -5.4736571e-03   1.9886138e-03   5.0945087e-03   6.2375267e-04   2.9019685e-02   3.1795726e-01   2.9960922e-05   3.9545848e-06   2.5954019e-05   3.8906739e-07   6.1831500e-03  -6.1198960e-02   1.3472924e-01  -1.3157770e-04   7.2055100e-05   4.1529064e-04   3.8231344e-05   3.7453127e-03   1.8151969e-02   1.7312691e-08   5.1919374e-09   1.7246632e-07
   1.0000000e+00   1.8108659e-01  -5.7369725e-01  -7.7501022e-02   2.4258090e-03   5.0588972e-03   5.0761412e-04   3.2792353e-02   3.2912853e-01   6.0064084e-03   5.8845493e-06   2.5592441e-05   2.5767209e-07   1.0734940e-02  -9.8202600e-03  -7.2027365e-02   4.3719520e-04  -3.5611500e-05  -1.1613855e-04   1.1523894e-04   9.6437506e-05   5.1879413e-03   1.9113964e-07   1.2681789e-09   1.3488163e-08
   1.0000000e+00   1.4311015e-01  -4.8501777e-01  -3.1848646e-01   3.2308800e-03   4.2965532e-03  -1.1819648e-04   2.0480515e-02   2.3524224e-01   1.0143363e-01   1.0438586e-05   1.8460369e-05   1.3970408e-08  -3.7976440e-02   8.8679480e-02  -2.4098544e-01   8.0507100e-04  -7.6234400e-04  -6.2581060e-04   1.4422100e-03   7.8640502e-03   5.8073981e-02   6.4813932e-07   5.8116837e-07   3.9163891e-07
   1.0000000e+00   1.6295874e-01  -4.8203671e-01  -2.7583608e-01   3.4367943e-03   4.7333318e-03  -3.1337008e-05   2.6555551e-02   2.3235939e-01   7.6085543e-02   1.1811555e-05   2.2404430e-05   9.8200807e-10   1.9848590e-02   2.9810600e-03   4.2650380e-02   2.0591430e-04   4.3677860e-04   8.6859472e-05   3.9396652e-04   8.8867187e-06   1.8190549e-03   4.2400699e-08   1.9077555e-07   7.5445679e-09
   1.0000000e+00   1.8153381e-01  -5.7094832e-01   1.5353816e-03   2.0431424e-03   4.7811378e-03   1.1336937e-04   3.2954524e-02   3.2598198e-01   2.3573967e-06   4.1744309e-06   2.2859279e-05   1.2852614e-08   1.8575070e-02  -8.8911610e-02   2.7737146e-01  -1.3936519e-03   4.7806000e-05   1.4470638e-04   3.4503323e-04   7.9052744e-03   7.6934928e-02   1.9422656e-06   2.2854136e-09   2.0939936e-08
   1.0000000e+00   1.3394176e-01  -5.2162983e-01  -3.0832059e-01   3.0776781e-03   4.3380889e-03  -4.6279503e-04   1.7940395e-02   2.7209768e-01   9.5061586e-02   9.4721025e-06   1.8819015e-05   2.1417924e-07  -4.7592050e-02   4.9318490e-02  -3.0985597e-01   1.0345357e-03  -4.4304890e-04  -5.7616440e-04   2.2650032e-03   2.4323135e-03   9.6010723e-02   1.0702641e-06   1.9629233e-07   3.3196542e-07
   1.0000000e+00   1.3614933e-01  -6.0783680e-01  -1.8609697e-02   1.9884362e-03   4.4315802e-03  -2.7827685e-04   1.8536640e-02   3.6946558e-01   3.4632082e-04   3.9538785e-06   1.9638903e-05   7.7438005e-08   2.2075700e-03  -8.6206970e-02   2.8971089e-01  -1.0892419e-03   9.3491300e-05   1.8451818e-04   4.8733653e-06   7.4316417e-03   8.3932402e-02   1.1864479e-06   8.7406232e-09   3.4046959e-08
   1.0000000e+00   1.1917762e-01  -5.4485017e-01  -2.9199385e-01   3.0332840e-03   4.3415367e-03  -9.1052191e-04   1.4203305e-02   2.9686171e-01   8.5260408e-02   9.2008118e-06   1.8848941e-05   8.2905015e-07  -1.6971710e-02   6.2986630e-02  -2.7338415e-01   1.0448478e-03  -9.0043500e-05  -6.3224506e-04   2.8803894e-04   3.9673156e-03   7.4738895e-02   1.0917069e-06   8.1078319e-09   3.9973382e-07
   1.0000000e+00   1.1455787e-01  -5.3599894e-01  -2.8118367e-01   2.9874957e-03   3.6633507e-03  -5.6353283e-04   1.3123506e-02   2.8729486e-01   7.9064256e-02   8.9251306e-06   1.3420138e-05   3.1756925e-07  -4.6197500e-03   8.8512300e-03   1.0810180e-02  -4.5788300e-05  -6.7818600e-04   3.4698908e-04   2.1342090e-05   7.8344273e-05   1.1685999e-04   2.0965684e-09   4.5993625e-07   1.2040142e-07
   1.0000000e+00   1.4250499e-01  -6.3317500e-01  -4.8013302e-03   2.0875575e-03   4.2854508e-03  -2.9466779e-04   2.0307672e-02   4.0091058e-01   2.3052772e-05   4.3578963e-06   1.8365089e-05   8.6829106e-08   2.7947120e-02  -9.7176060e-02   2.7638234e-01  -8.9993820e-04   6.2210010e-04   2.6886504e-04   7.8104152e-04   9.4431866e-03   7.6387198e-02   8.0988876e-07   3.8700853e-07   7.2288410e-08
   1.0000000e+00   1.1849267e-01  -5.5501046e-01  -1.7667618e-01   3.5541034e-03   3.9353298e-03  -6.7282977e-04   1.4040513e-02   3.0803661e-01   3.1214473e-02   1.2631651e-05   1.5486821e-05   4.5269990e-07  -2.4012320e-02   7.8164540e-02  -1.7187485e-01   1.4665459e-03  -3.5012100e-04  -3.7816198e-04   5.7659151e-04   6.1096953e-03   2.9540964e-02   2.1507569e-06   1.2258471e-07   1.4300648e-07
   1.0000000e+00   1.3062304e-01  -6.0968417e-01  -3.2011534e-01   2.0399499e-03   4.8705059e-03  -5.4134893e-04   1.7062379e-02   3.7171479e-01   1.0247383e-01   4.1613956e-06   2.3721828e-05   2.9305866e-07   1.2130370e-02  -5.4673710e-02  -1.4343916e-01  -1.5141535e-03   9.3517610e-04   1.3148084e-04   1.4714588e-04   2.9892146e-03   2.0574793e-02   2.2926608e-06   8.7455434e-07   1.7287211e-08
   1.0000000e+00   1.9592115e-02  -6.4022439e-01  -1.0635964e-01   2.6672039e-03   4.7522179e-03  -2.0767712e-03   3.8385097e-04   4.0988727e-01   1.1312373e-02   7.1139766e-06   2.2583575e-05   4.3129786e-06  -1.1103093e-01  -3.0540220e-02   2.1375570e-01   6.2725400e-04  -1.1828800e-04  -1.5354223e-03   1.2327866e-02   9.3270504e-04   4.5691499e-02   3.9344758e-07   1.3992051e-08   2.3575215e-06
   1.0000000e+00  -2.8372256e-02  -7.6267091e-01   3.1227383e-01  -2.5519961e-03   5.0772044e-03  -4.3728515e-03   8.0498491e-04   5.8166692e-01   9.7514945e-02   6.5126841e-06   2.5778005e-05   1.9121830e-05  -4.7964371e-02  -1.2244652e-01   4.1863347e-01  -5.2192000e-03   3.2498650e-04  -2.2960803e-03   2.3005809e-03   1.4993150e-02   1.7525398e-01   2.7240049e-05   1.0561623e-07   5.2719847e-06
   1.0000000e+00  -4.9583857e-02  -6.5033050e-01  -1.1096637e-01  -2.0366704e-03   5.0313116e-03  -4.2830645e-03   2.4585589e-03   4.2292976e-01   1.2313535e-02   4.1480263e-06   2.5314096e-05   1.8344642e-05  -2.1211601e-02   1.1234041e-01  -4.2324020e-01   5.1532570e-04  -4.5892800e-05   8.9787000e-05   4.4993202e-04   1.2620368e-02   1.7913227e-01   2.6556058e-07   2.1061491e-09   8.0617054e-09
   1.0000000e+00   1.2121427e-02  -7.0142599e-01   2.0141869e-01   8.4855947e-05   6.5242097e-03  -3.7940670e-03   1.4692899e-04   4.9199842e-01   4.0569489e-02   7.2005317e-09   4.2565312e-05   1.4394944e-05   6.1705284e-02  -5.1095490e-02   3.1238506e-01   2.1215263e-03   1.4928981e-03   4.8899750e-04   3.8075421e-03   2.6107491e-03   9.7584426e-02   4.5008740e-06   2.2287447e-06   2.3911856e-07
   1.0000000e+00   3.3455466e-02  -6.4583371e-01  -1.2550286e-01  -4.5200788e-04   6.2310189e-03  -3.2421209e-03   1.1192682e-03   4.1710118e-01   1.5750968e-02   2.0431112e-07   3.8825597e-05   1.0511348e-05   2.1334039e-02   5.5592280e-02  -3.2692155e-01  -5.3686383e-04  -2.9319080e-04   5.5194610e-04   4.5514122e-04   3.0905016e-03   1.0687770e-01   2.8822277e-07   8.5960845e-08   3.0464450e-07
   1.0000000e+00   5.3017594e-03  -6.9851695e-01   1.4805724e-01   1.9929944e-04   5.6079483e-03  -3.2727474e-03   2.8108653e-05   4.8792593e-01   2.1920946e-02   3.9720267e-08   3.1449084e-05   1.0710876e-05  -2.8153707e-02  -5.2683240e-02   2.7356010e-01   6.5130732e-04  -6.2307060e-04  -3.0626500e-05   7.9263120e-04   2.7755238e-03   7.4835128e-02   4.2420123e-07   3.8821697e-07   9.3798250e-10
   1.0000000e+00  -1.7167688e-02  -6.4815581e-01  -7.2138706e-02  -5.5339599e-05   4.9944474e-03  -4.0701926e-03   2.9472951e-04   4.2010595e-01   5.2039929e-03   3.0624712e-09   2.4944505e-05   1.6566468e-05  -2.2469447e-02   5.0361140e-02  -2.2019595e-01  -2.5463904e-04  -6.1350090e-04  -7.9744520e-04   5.0487607e-04   2.5362444e-03   4.8486255e-02   6.4841040e-08   3.7638335e-07   6.3591885e-07
   1.0000000e+00   4.6167696e-02  -7.5705432e-01   3.5522985e-01  -2.7186755e-03   5.3965589e-03  -2.8118155e-03   2.1314562e-03   5.7313124e-01   1.2618825e-01   7.3911965e-06   2.9122848e-05   7.9063064e-06   6.3335384e-02  -1.0889851e-01   4.2736856e-01  -2.6633359e-03   4.0211150e-04   1.2583771e-03   4.0113709e-03   1.1858885e-02   1.8264388e-01   7.0933581e-06   1.6169366e-07   1.5835129e-06
   1.0000000e+00   6.3394223e-02  -7.2189825e-01   2.6964534e-01  -1.8835036e-03   4.8206017e-03  -2.3713651e-03   4.0188275e-03   5.2113708e-01   7.2708609e-02   3.5475858e-06   2.3238201e-05   5.6233724e-06   1.7226527e-02   3.5156070e-02  -8.5584510e-02   8.3517190e-04  -5.7595720e-04   4.4045040e-04   2.9675323e-04   1.2359493e-03   7.3247084e-03   6.9751210e-07   3.3172670e-07   1.9399655e-07
   1.0000000e+00   5.1695459e-02  -6.9067464e-01   2.2780330e-01  -2.4398078e-03   4.4545105e-03  -2.3681653e-03   2.6724205e-03   4.7703146e-01   5.1894343e-02   5.9526621e-06   1.9842664e-05   5.6082069e-06  -1.1698764e-02   3.1223610e-02  -4.1842040e-02  -5.5630420e-04  -3.6609120e-04   3.1998000e-06   1.3686108e-04   9.7491382e-04   1.7507563e-03   3.0947436e-07   1.3402277e-07   1.0238720e-11
   1.0000000e+00   7.9735045e-02  -7.5056101e-01   3.2576786e-01  -2.6277730e-03   4.4942790e-03  -2.0179294e-03   6.3576774e-03   5.6334183e-01   1.0612470e-01   6.9051909e-06   2.0198544e-05   4.0720391e-06   2.8039586e-02  -5.9886370e-02   9.7964560e-02  -1.8796520e-04   3.9768500e-05   3.5023590e-04   7.8621838e-04   3.5863773e-03   9.5970550e-03   3.5330916e-08   1.5815336e-09   1.2266519e-07
   1.0000000e+00   4.6474001e-02  -6.9525287e-01   2.1610256e-01  -3.1559242e-03   4.1846101e-03  -2.6027046e-03   2.1598328e-03   4.8337655e-01   4.6700316e-02   9.9598576e-06   1.7510962e-05   6.7740712e-06  -3.3261044e-02   5.5308140e-02  -1.0966530e-01  -5.2815120e-04  -3.0966890e-04  -5.8477520e-04   1.1062970e-03   3.0589904e-03   1.2026478e-02   2.7894369e-07   9.5894828e-08   3.4196203e-07
   1.0000000e+00   6.0480211e-02  -7.4811115e-01   3.2107319e-01  -3.6673488e-03   3.7909201e-03  -2.2445765e-03   3.6578559e-03   5.5967029e-01   1.0308799e-01   1.3449447e-05   1.4371075e-05   5.0381237e-06   1.4006210e-02  -5.2858280e-02   1.0497063e-01  -5.1142460e-04  -3.9369000e-04   3.5812810e-04   1.9617392e-04   2.7939978e-03   1.1018833e-02   2.6155512e-07   1.5499182e-07   1.2825574e-07
   1.0000000e+00   6.4369458e-02  -8.0596933e-01   4.4891054e-01  -2.5964385e-03   3.5770296e-03  -1.9261579e-03   4.1434271e-03   6.4958656e-01   2.0152067e-01   6.7414929e-06   1.2795141e-05   3.7100843e-06   3.8892470e-03  -5.7858180e-02   1.2783735e-01   1.0709103e-03  -2.1389050e-04   3.1841860e-04   1.5126242e-05   3.3475690e-03   1.6342388e-02   1.1468489e-06   4.5749146e-08   1.0139040e-07
   1.0000000e+00   5.9676781e-02  -7.2497738e-01   1.8819135e-01  -2.8276843e-03   3.4484670e-03  -2.2095954e-03   3.5613182e-03   5.2559220e-01   3.5415984e-02   7.9957985e-06   1.1891925e-05   4.8823118e-06  -4.6926770e-03   8.0991950e-02  -2.6071919e-01  -2.3124580e-04  -1.2856260e-04  -2.8343750e-04   2.2021217e-05   6.5596960e-03   6.7974496e-02   5.3474620e-08   1.6528342e-08   8.0336816e-08
   1.0000000e+00   9.2328951e-02  -8.1496018e-01   4.0737603e-01  -4.0137331e-03   3.4687463e-03  -1.7150847e-03   8.5246352e-03   6.6416009e-01   1.6595523e-01   1.6110053e-05   1.2032201e-05   2.9415155e-06   3.2652170e-02  -8.9982800e-02   2.1918468e-01  -1.1860488e-03   2.0279300e-05   4.9451070e-04   1.0661642e-03   8.0969043e-03   4.8041924e-02   1.4067118e-06   4.1125001e-10   2.4454083e-07
   1.0000000e+00   7.5870206e-02  -7.7450036e-01   2.3872839e-01  -2.6500219e-03   3.7436591e-03  -2.3208946e-03   5.7562882e-03   5.9985081e-01   5.6991244e-02   7.0226161e-06   1.4014983e-05   5.3865517e-06  -1.6458745e-02   4.0459820e-02  -1.6864764e-01   1.3637112e-03   2.7491280e-04  -6.0580990e-04   2.7089029e-04   1.6369970e-03   2.8442026e-02   1.8597082e-06   7.5577048e-08   3.6700563e-07
   1.0000000e+00   7.4377104e-02  -7.5007271e-01   7.5834369e-02  -2.2345058e-03   3.3994354e-03  -2.3259006e-03   5.5319536e-03   5.6260907e-01   5.7508515e-03   4.9930162e-06   1.1556161e-05   5.4098136e-06  -1.4931020e-03   2.4427650e-02  -1.6289402e-01   4.1551610e-04  -3.4422370e-04  -5.0060000e-06   2.2293536e-06   5.9671008e-04   2.6534462e-02   1.7265363e-07   1.1848996e-07   2.5060036e-11
   1.0000000e+00   1.0902938e-01  -8.4602718e-01   3.2541358e-01  -3.0661159e-03   3.8837364e-03  -1.9290570e-03   1.1887406e-02   7.1576199e-01   1.0589400e-01   9.4010667e-06   1.5083408e-05   3.7212609e-06   3.4652276e-02  -9.5954470e-02   2.4957921e-01  -8.3161010e-04   4.8430100e-04   3.9684360e-04   1.2007802e-03   9.2072603e-03   6.2289783e-02   6.9157536e-07   2.3454746e-07   1.5748484e-07
   1.0000000e+00   8.6289520e-02  -7.9128133e-01   2.4451315e-01  -2.4614759e-03   3.1951167e-03  -2.3695952e-03   7.4458813e-03   6.2612614e-01   5.9786681e-02   6.0588636e-06   1.0208771e-05   5.6149814e-06  -2.2739860e-02   5.4745850e-02  -8.0900430e-02   6.0464000e-04  -6.8861970e-04  -4.4053820e-04   5.1710123e-04   2.9971081e-03   6.5448796e-03   3.6558953e-07   4.7419709e-07   1.9407391e-07
   1.0000000e+00   6.6767419e-02  -7.7808852e-01   1.2209694e-01  -2.2897319e-03   2.9272322e-03  -2.5736906e-03   4.4578882e-03   6.0542174e-01   1.4907663e-02   5.2428722e-06   8.5686884e-06   6.6238833e-06  -1.9522101e-02   1.3192810e-02  -1.2241621e-01   1.7174400e-04  -2.6788450e-04  -2.0409540e-04   3.8111243e-04   1.7405024e-04   1.4985728e-02   2.9496002e-08   7.1762105e-08   4.1654932e-08
   1.0000000e+00   8.8737855e-02  -8.6766156e-01   4.1552136e-01  -3.1328612e-03   3.1032169e-03  -2.2047583e-03   7.8744069e-03   7.5283658e-01   1.7265800e-01   9.8148193e-06   9.6299551e-06   4.8609592e-06   2.1970436e-02  -8.9573040e-02   2.9342442e-01  -8.4312930e-04   1.7598470e-04   3.6893230e-04   4.8270006e-04   8.0233295e-03   8.6097890e-02   7.1086702e-07   3.0970615e-08   1.3611104e-07
   1.0000000e+00   6.2853801e-02  -8.0856423e-01   2.0599958e-01  -2.3740910e-03   2.8177055e-03  -2.7562133e-03   3.9506003e-03   6.5377611e-01   4.2435827e-02   5.6363081e-06   7.9394643e-06   7.5967118e-06  -2.5884054e-02   5.9097330e-02  -2.0952178e-01   7.5877020e-04  -2.8551140e-04  -5.5145500e-04   6.6998425e-04   3.4924944e-03   4.3899376e-02   5.7573222e-07   8.1516760e-08   3.0410262e-07
   1.0000000e+00   4.3249760e-02  -8.1600539e-01   2.5774368e-01  -2.4880330e-03   2.8163839e-03  -3.1639751e-03   1.8705417e-03   6.6586480e-01   6.6431805e-02   6.1903082e-06   7.9320183e-06   1.0010738e-05  -1.9604041e-02  -7.4411600e-03   5.1744100e-02  -1.1394200e-04  -1.3216000e-06  -4.0776180e-04   3.8431842e-04   5.5370862e-05   2.6774519e-03   1.2982779e-08   1.7466266e-12   1.6626969e-07
   1.0000000e+00   6.0179404e-02  -8.5585104e-01   2.6044269e-01  -2.3379085e-03   2.8786294e-03  -2.8106461e-03   3.6215607e-03   7.3248100e-01   6.7830395e-02   5.4658162e-06   8.2865072e-06   7.8997315e-06   1.6929644e-02  -3.9845650e-02   2.6990100e-03   1.5012450e-04   6.2245500e-05   3.5332900e-04   2.8661285e-04   1.5876758e-03   7.2846550e-06   2.2537366e-08   3.8745023e-09   1.2484138e-07
   1.0000000e+00   3.6313658e-02  -8.1852786e-01   3.7267737e-01  -2.6890470e-03   3.0630710e-03  -3.3263102e-03   1.3186818e-03   6.6998786e-01   1.3888842e-01   7.2309738e-06   9.3824040e-06   1.1064340e-05  -2.3865746e-02   3.7323180e-02   1.1223468e-01  -3.5113850e-04   1.8444160e-04  -5.1566410e-04   5.6957383e-04   1.3930198e-03   1.2596623e-02   1.2329825e-07   3.4018704e-08   2.6590946e-07
   1.0000000e+00   6.0048357e-02  -8.8601372e-01   5.4047085e-01  -4.2759840e-03   3.3495144e-03  -3.0069781e-03   3.6058052e-03   7.8502031e-01   2.9210874e-01   1.8284039e-05   1.1219247e-05   9.0419173e-06   2.3734699e-02  -6.7485860e-02   1.6779348e-01  -1.5869370e-03   2.8644340e-04   3.1933210e-04   5.6333594e-04   4.5543413e-03   2.8154652e-02   2.5183690e-06   8.2049821e-08   1.0197299e-07
   1.0000000e+00   9.7055524e-02  -9.4338079e-01   4.1128113e-01  -4.0244216e-03   3.3500655e-03  -2.3873151e-03   9.4197747e-03   8.8996731e-01   1.6915217e-01   1.6195969e-05   1.1222939e-05   5.6992734e-06   3.7007167e-02  -5.7367070e-02  -1.2918972e-01   2.5156240e-04   5.5110000e-07   6.1966300e-04   1.3695304e-03   3.2909807e-03   1.6689984e-02   6.3283641e-08   3.0371121e-13   3.8398223e-07
   1.0000000e+00   5.5510336e-02  -8.5653118e-01   2.5960751e-01  -2.8086680e-03   2.7582298e-03  -3.1001012e-03   3.0813974e-03   7.3364566e-01   6.7396059e-02   7.8886159e-06   7.6078316e-06   9.6106275e-06  -4.1545188e-02   8.6849610e-02  -1.5167362e-01   1.2157536e-03  -5.9183570e-04  -7.1278610e-04   1.7260026e-03   7.5428548e-03   2.3004887e-02   1.4780568e-06   3.5026950e-07   5.0806402e-07
   1.0000000e+00   3.6921010e-02  -8.5458598e-01   2.1964027e-01  -2.4953449e-03   2.5066271e-03  -3.1781333e-03   1.3631610e-03   7.3031720e-01   4.8241848e-02   6.2267462e-06   6.2831794e-06   1.0100531e-05  -1.8589326e-02   1.9452000e-03  -3.9967240e-02   3.1332310e-04  -2.5160270e-04  -7.8032100e-05   3.4556304e-04   3.7838030e-06   1.5973803e-03   9.8171365e-08   6.3303919e-08   6.0890086e-09
   1.0000000e+00   5.2287663e-02  -9.3176351e-01   3.1826617e-01  -2.8205874e-03   2.4904719e-03  -3.1351350e-03   2.7339997e-03   8.6818324e-01   1.0129335e-01   7.9557133e-06   6.2024503e-06   9.8290715e-06   1.5366653e-02  -7.7177530e-02   9.8625900e-02  -3.2524250e-04  -1.6155200e-05   4.2998300e-05   2.3613402e-04   5.9563711e-03   9.7270682e-03   1.0578268e-07   2.6099049e-10   1.8488538e-09
   1.0000000e+00   3.9501567e-02  -8.5281870e-01   1.9423846e-01  -2.4252809e-03   2.4121327e-03  -3.0517660e-03   1.5603738e-03   7.2729974e-01   3.7728579e-02   5.8819874e-06   5.8183842e-06   9.3132757e-06  -1.2786096e-02   7.8944810e-02  -1.2402771e-01   3.9530650e-04  -7.8339200e-05   8.3369000e-05   1.6348425e-04   6.2322830e-03   1.5382873e-02   1.5626723e-07   6.1370303e-09   6.9503902e-09
   1.0000000e+00   4.3680145e-02  -9.0074504e-01   2.8983960e-01  -3.5585514e-03   2.5023364e-03  -3.1451390e-03   1.9079551e-03   8.1134163e-01   8.4006994e-02   1.2663288e-05   6.2616875e-06   9.8918993e-06   4.1785780e-03  -4.7926340e-02   9.5601140e-02  -1.1332705e-03   9.0203700e-05  -9.3373000e-05   1.7460514e-05   2.2969341e-03   9.1395780e-03   1.2843020e-06   8.1367075e-09   8.7185171e-09
   1.0000000e+00   3.4203624e-02  -8.9655261e-01   2.3010729e-01  -2.9120601e-03   2.4312942e-03  -3.2734874e-03   1.1698879e-03   8.0380658e-01   5.2949365e-02   8.4800940e-06   5.9111915e-06   1.0715720e-05  -9.4765210e-03   4.1924300e-03  -5.9732310e-02   6.4649130e-04  -7.1042200e-05  -1.2834840e-04   8.9804450e-05   1.7576469e-05   3.5679489e-03   4.1795100e-07   5.0469942e-09   1.6473312e-08
   1.0000000e+00   5.4151815e-02  -9.0354973e-01   2.8949785e-01  -2.3209146e-03   2.7096772e-03  -2.9195842e-03   2.9324191e-03   8.1640211e-01   8.3809005e-02   5.3866446e-06   7.3423505e-06   8.5239719e-06   1.9948191e-02  -6.9971200e-03   5.9390560e-02   5.9114550e-04   2.7838300e-04   3.5390320e-04   3.9793032e-04   4.8959688e-05   3.5272386e-03   3.4945300e-07   7.7497095e-08   1.2524747e-07
   1.0000000e+00   9.2099036e-02  -9.7763037e-01   4.8225975e-01  -2.4988790e-03   2.9887999e-03  -2.6358026e-03   8.4822324e-03   9.5576114e-01   2.3257447e-01   6.2443963e-06   8.9329248e-06   6.9474553e-06   3.7947221e-02  -7.4080640e-02   1.9276190e-01  -1.7796440e-04   2.7912270e-04   2.8378160e-04   1.4399916e-03   5.4879412e-03   3.7157150e-02   3.1671328e-08   7.7909482e-08   8.0531996e-08
   1.0000000e+00   3.1012900e-02  -8.9465931e-01   1.8403137e-01  -1.9256620e-03   2.6279247e-03  -3.4695483e-03   9.6179997e-04   8.0041528e-01   3.3867545e-02   3.7081741e-06   6.9059882e-06   1.2037765e-05  -6.1086136e-02   8.2971060e-02  -2.9822838e-01   5.7321700e-04  -3.6087520e-04  -8.3374570e-04   3.7315160e-03   6.8841968e-03   8.8940167e-02   3.2857773e-07   1.3023091e-07   6.9513189e-07
   1.0000000e+00   7.3049849e-02  -1.0055961e+00   4.6137280e-01  -3.3142465e-03   2.6702394e-03  -2.3933297e-03   5.3362804e-03   1.0112235e+00   2.1286486e-01   1.0984230e-05   7.1301785e-06   5.7280271e-06   4.2036949e-02  -1.1093679e-01   2.7734143e-01  -1.3885845e-03   4.2314700e-05   1.0762186e-03   1.7671051e-03   1.2306971e-02   7.6918269e-02   1.9281669e-06   1.7905338e-09   1.1582465e-06
   1.0000000e+00   3.0835367e-02  -9.4088485e-01   3.8380203e-01  -2.8972556e-03   1.9780421e-03  -3.2372711e-03   9.5081986e-04   8.8526430e-01   1.4730400e-01   8.3940900e-06   3.9126505e-06   1.0479924e-05  -4.2214482e-02   6.4711250e-02  -7.7570770e-02   4.1699090e-04  -6.9219730e-04  -8.4394140e-04   1.7820625e-03   4.1875459e-03   6.0172244e-03   1.7388141e-07   4.7913710e-07   7.1223709e-07
   1.0000000e+00   4.0900437e-02  -9.5401650e-01   3.7601198e-01  -3.1336510e-03   2.3172312e-03  -3.1446499e-03   1.6728457e-03   9.1014748e-01   1.4138501e-01   9.8197686e-06   5.3695604e-06   9.8888230e-06   1.0065070e-02  -1.3131650e-02  -7.7900500e-03  -2.3639540e-04   3.3918910e-04   9.2621200e-05   1.0130563e-04   1.7244023e-04   6.0684879e-05   5.5882785e-08   1.1504925e-07   8.5786867e-09
   1.0000000e+00   5.4756101e-02  -1.0027019e+00   5.1854353e-01  -3.0965306e-03   2.0426564e-03  -2.4336234e-03   2.9982306e-03   1.0054111e+00   2.6888739e-01   9.5885018e-06   4.1724452e-06   5.9225229e-06   1.3855664e-02  -4.8685400e-02   1.4253155e-01   3.7120400e-05  -2.7457480e-04   7.1102650e-04   1.9197942e-04   2.3702682e-03   2.0315243e-02   1.3779241e-09   7.5391321e-08   5.0555868e-07
   1.0000000e+00   3.1465168e-02  -9.6201181e-01   3.4062616e-01  -2.4518306e-03   2.0163458e-03  -2.7619237e-03   9.9005680e-04   9.2546672e-01   1.1602618e-01   6.0114733e-06   4.0656504e-06   7.6282225e-06  -2.3290933e-02   4.0690090e-02  -1.7791737e-01   6.4470000e-04  -2.6310600e-05  -3.2830030e-04   5.4246756e-04   1.6556834e-03   3.1654591e-02   4.1563809e-07   6.9224767e-10   1.0778109e-07
   1.0000000e+00   7.5183548e-02  -1.0382570e+00   5.5146974e-01  -3.4235554e-03   2.3146807e-03  -2.1730076e-03   5.6525659e-03   1.0779776e+00   3.0411887e-01   1.1720732e-05   5.3577467e-06   4.7219620e-06   4.3718380e-02  -7.6245190e-02   2.1084358e-01  -9.7172480e-04   2.9833490e-04   5.8891610e-04   1.9112967e-03   5.8133290e-03   4.4455015e-02   9.4424909e-07   8.9003713e-08   3.4682217e-07
   1.0000000e+00   3.9412244e-02  -9.5739884e-01   2.8022645e-01  -2.5501785e-03   2.2651452e-03  -2.9698999e-03   1.5533250e-03   9.1661254e-01   7.8526863e-02   6.5034104e-06   5.1308828e-06   8.8203054e-06  -3.5771304e-02   8.0858160e-02  -2.7124329e-01   8.7337690e-04  -4.9535500e-05  -7.9689230e-04   1.2795862e-03   6.5380420e-03   7.3572922e-02   7.6278721e-07   2.4537658e-09   6.3503734e-07
   1.0000000e+00   5.1355717e-02  -1.0584658e+00   5.0623852e-01  -3.7120255e-03   2.0642322e-03  -2.6597883e-03   2.6374097e-03   1.1203498e+00   2.5627744e-01   1.3779133e-05   4.2610546e-06   7.0744738e-06   1.1943473e-02  -1.0106696e-01   2.2601207e-01  -1.1618470e-03  -2.0091300e-04   3.1011160e-04   1.4264655e-04   1.0214530e-02   5.1081456e-02   1.3498885e-06   4.0366034e-08   9.6169204e-08
   1.0000000e+00   1.2918998e-02  -9.8215557e-01   3.3248529e-01  -2.8695646e-03   2.0133085e-03  -3.2030613e-03   1.6690051e-04   9.6462956e-01   1.1054647e-01   8.2344010e-06   4.0534111e-06   1.0259602e-05  -3.8436719e-02   7.6310230e-02  -1.7375323e-01   8.4246090e-04  -5.0923700e-05  -5.4327300e-04   1.4773814e-03   5.8232512e-03   3.0190185e-02   7.0974037e-07   2.5932232e-09   2.9514555e-07
   1.0000000e+00   6.0890921e-02  -1.0796832e+00   5.7145843e-01  -3.9109246e-03   2.3510081e-03  -2.6536404e-03   3.7077043e-03   1.1657158e+00   3.2656474e-01   1.5295331e-05   5.5272391e-06   7.0418074e-06   4.7971923e-02  -9.7527630e-02   2.3897314e-01  -1.0413600e-03   3.3769960e-04   5.4942090e-04   2.3013054e-03   9.5116386e-03   5.7108162e-02   1.0844306e-06   1.1404102e-07   3.0186333e-07
   1.0000000e+00   3.4894801e-02  -1.0205977e+00   3.8405056e-01  -2.9506614e-03   2.2009006e-03  -3.1977772e-03   1.2176471e-03   1.0416197e+00   1.4749483e-01   8.7064027e-06   4.8439635e-06   1.0225779e-05  -2.5996120e-02   5.9085500e-02  -1.8740787e-01   9.6026320e-04  -1.5010750e-04  -5.4413680e-04   6.7579826e-04   3.4910963e-03   3.5121710e-02   9.2210541e-07   2.2532262e-08   2.9608486e-07
   1.0000000e+00   6.6808837e-02  -1.0812608e+00   5.0296704e-01  -3.7442620e-03   2.5211479e-03  -2.5851344e-03   4.4634207e-03   1.1691249e+00   2.5297584e-01   1.4019498e-05   6.3561867e-06   6.6829199e-06   3.1914036e-02  -6.0663100e-02   1.1891648e-01  -7.9360060e-04   3.2024730e-04   6.1264280e-04   1.0185057e-03   3.6800117e-03   1.4141129e-02   6.2980191e-07   1.0255833e-07   3.7533120e-07
   1.0000000e+00   8.6880539e-02  -1.0507144e+00   4.3552748e-01  -2.8033975e-03   2.7562396e-03  -2.6325595e-03   7.5482281e-03   1.1040008e+00   1.8968419e-01   7.8590375e-06   7.5968567e-06   6.9303695e-06   2.0071702e-02   3.0546400e-02  -6.7439560e-02   9.4086450e-04   2.3509170e-04  -4.7425100e-05   4.0287322e-04   9.3308255e-04   4.5480943e-03   8.8522601e-07   5.5268107e-08   2.2491401e-09
   1.0000000e+00   9.0782233e-02  -1.0680263e+00   4.0943406e-01  -3.2248116e-03   2.5566389e-03  -2.4371821e-03   8.2414138e-03   1.1406802e+00   1.6763625e-01   1.0399410e-05   6.5364025e-06   5.9398566e-06   3.9016940e-03  -1.7311900e-02  -2.6093420e-02  -4.2141410e-04  -1.9960070e-04   1.9537740e-04   1.5223216e-05   2.9970188e-04   6.8086657e-04   1.7758984e-07   3.9840439e-08   3.8172328e-08
   1.0000000e+00   9.3662991e-02  -1.0941279e+00   5.5321059e-01  -3.6220948e-03   2.4152069e-03  -2.1176148e-03   8.7727559e-03   1.1971159e+00   3.0604196e-01   1.3119571e-05   5.8332244e-06   4.4842924e-06   2.8807580e-03  -2.6101600e-02   1.4377653e-01  -3.9728320e-04  -1.4143200e-04   3.1956730e-04   8.2987667e-06   6.8129352e-04   2.0671691e-02   1.5783394e-07   2.0003011e-08   1.0212326e-07
   1.0000000e+00   7.5217647e-02  -1.0616766e+00   4.7079714e-01  -3.7417482e-03   2.1352614e-03  -2.3776326e-03   5.6576944e-03   1.1271572e+00   2.2164995e-01   1.4000680e-05   4.5593412e-06   5.6531368e-06  -1.8445344e-02   3.2451300e-02  -8.2413450e-02  -1.1965340e-04  -2.7994550e-04  -2.6001780e-04   3.4023072e-04   1.0530869e-03   6.7919767e-03   1.4316936e-08   7.8369483e-08   6.7609256e-08
   1.0000000e+00   9.7026181e-02  -1.1159343e+00   4.8227799e-01  -3.1259740e-03   2.0377864e-03  -1.9652005e-03   9.4140798e-03   1.2453094e+00   2.3259206e-01   9.7717134e-06   4.1525734e-06   3.8620130e-06   2.1808534e-02  -5.4257700e-02   1.1480850e-02   6.1577420e-04  -9.7475000e-05   4.1243210e-04   4.7561216e-04   2.9438980e-03   1.3180992e-04   3.7917787e-07   9.5013756e-09   1.7010024e-07
   1.0000000e+00   8.2663727e-02  -1.0684838e+00   2.8361967e-01  -2.3998727e-03   2.4771177e-03  -2.4820742e-03   6.8332918e-03   1.1416576e+00   8.0440117e-02   5.7593890e-06   6.1361121e-06   6.1606923e-06  -1.4362454e-02   4.7450500e-02  -1.9865832e-01   7.2610130e-04   4.3933130e-04  -5.1687370e-04   2.0628008e-04   2.2515500e-03   3.9465128e-02   5.2722310e-07   1.9301199e-07   2.6715842e-07
   1.0000000e+00   1.0811289e-01  -1.1079725e+00   5.1970009e-01  -3.1241617e-03   2.2027982e-03  -1.8272521e-03   1.1688397e-02   1.2276031e+00   2.7008818e-01   9.7603863e-06   4.8523199e-06   3.3388502e-06   2.5449163e-02  -3.9488700e-02   2.3608042e-01  -7.2428900e-04  -2.7431950e-04   6.5482210e-04   6.4765990e-04   1.5593574e-03   5.5733965e-02   5.2459456e-07   7.5251188e-08   4.2879198e-07
   1.0000000e+00   5.2003674e-02  -1.0404659e+00   2.8502567e-01  -3.1550426e-03   2.2134492e-03  -2.7658445e-03   2.7043821e-03   1.0825693e+00   8.1239633e-02   9.9542938e-06   4.8993574e-06   7.6498958e-06  -5.6109216e-02   6.7506600e-02  -2.3467442e-01  -3.0880900e-05   1.0651000e-05  -9.3859240e-04   3.1482441e-03   4.5571410e-03   5.5072083e-02   9.5362998e-10   1.1344380e-10   8.8095569e-07
   1.0000000e+00   9.4902853e-02  -1.1765034e+00   7.1018911e-01  -4.4169587e-03   2.1279492e-03  -1.6132353e-03   9.0065515e-03   1.3841603e+00   5.0436857e-01   1.9509524e-05   4.5281678e-06   2.6025281e-06   4.2899179e-02  -1.3603750e-01   4.2516344e-01  -1.2619161e-03  -8.5500000e-05   1.1526092e-03   1.8403396e-03   1.8506201e-02   1.8076395e-01   1.5924322e-06   7.3102500e-09   1.3285080e-06
   1.0000000e+00   5.0547881e-02  -1.0825059e+00   4.3310414e-01  -3.3134356e-03   2.1895814e-03  -2.4731215e-03   2.5550883e-03   1.1718190e+00   1.8757920e-01   1.0978855e-05   4.7942667e-06   6.1163300e-06  -4.4354972e-02   9.3997500e-02  -2.7708497e-01   1.1035231e-03   6.1632200e-05  -8.5988620e-04   1.9673635e-03   8.8355300e-03   7.6776081e-02   1.2177632e-06   3.7985281e-09   7.3940428e-07
   1.0000000e+00   7.7810801e-02  -1.1482075e+00   5.8851863e-01  -4.0510013e-03   2.3818223e-03  -2.3217614e-03   6.0545208e-03   1.3183805e+00   3.4635418e-01   1.6410612e-05   5.6730775e-06   5.3905760e-06   2.7262920e-02  -6.5701600e-02   1.5541449e-01  -7.3756570e-04   1.9224090e-04   1.5136010e-04   7.4326681e-04   4.3167002e-03   2.4153664e-02   5.4400316e-07   3.6956564e-08   2.2909880e-08
   1.0000000e+00   9.3984734e-02  -1.1299633e+00   5.3314836e-01  -3.8914568e-03   3.0142190e-03  -1.9865165e-03   8.8331302e-03   1.2768171e+00   2.8424717e-01   1.5143436e-05   9.0855162e-06   3.9462478e-06   1.6173933e-02   1.8244200e-02  -5.5370270e-02   1.5954450e-04   6.3239670e-04   3.3524490e-04   2.6159611e-04   3.3285083e-04   3.0658668e-03   2.5454447e-08   3.9992559e-07   1.1238914e-07
   1.0000000e+00   8.9577651e-02  -1.1029359e+00   4.9328112e-01  -3.6290830e-03   3.3145197e-03  -1.7471836e-03   8.0241556e-03   1.2164676e+00   2.4332626e-01   1.3170243e-05   1.0986041e-05   3.0526505e-06  -4.4070830e-03   2.7027400e-02  -3.9867240e-02   2.6237380e-04   3.0030070e-04   2.3933290e-04   1.9422381e-05   7.3048035e-04   1.5893968e-03   6.8840011e-08   9.0180510e-08   5.7280237e-08
   1.0000000e+00   9.8725477e-02  -1.1120409e+00   4.9324515e-01  -3.7016108e-03   3.0206390e-03  -1.6346464e-03   9.7467198e-03   1.2366350e+00   2.4329078e-01   1.3701923e-05   9.1242600e-06   2.6720689e-06   9.1478260e-03  -9.1050000e-03  -3.5970000e-05  -7.2527800e-05  -2.9388070e-04   1.1253720e-04   8.3682721e-05   8.2901025e-05   1.2938409e-09   5.2602818e-09   8.6365866e-08   1.2664621e-08
   1.0000000e+00   1.0118349e-01  -1.0556590e+00   1.6573243e-01  -3.1567875e-03   3.4161721e-03  -1.3199541e-03   1.0238099e-02   1.1144159e+00   2.7467238e-02   9.9653073e-06   1.1670232e-05   1.7422788e-06   2.4580130e-03   5.6381900e-02  -3.2751272e-01   5.4482330e-04   3.9553310e-04   3.1469230e-04   6.0418279e-06   3.1789186e-03   1.0726458e-01   2.9683243e-07   1.5644643e-07   9.9031244e-08
   1.0000000e+00   1.4746194e-01  -1.1878657e+00   6.1961517e-01  -4.7374405e-03   3.8458118e-03  -9.7704215e-04   2.1745024e-02   1.4110249e+00   3.8392296e-01   2.2443342e-05   1.4790268e-05   9.5461136e-07   4.6278450e-02  -1.3220670e-01   4.5388274e-01  -1.5806530e-03   4.2963970e-04   3.4291195e-04   2.1416949e-03   1.7478612e-02   2.0600954e-01   2.4984639e-06   1.8459027e-07   1.1758861e-07
   1.0000000e+00   8.7946005e-02  -1.1486910e+00   4.5970545e-01  -4.2340671e-03   2.9193924e-03  -1.6537033e-03   7.7344998e-03   1.3194910e+00   2.1132910e-01   1.7927324e-05   8.5228520e-06   2.7347346e-06  -5.9515935e-02   3.9174700e-02  -1.5990972e-01   5.0337340e-04  -9.2641940e-04  -6.7666115e-04   3.5421465e-03   1.5346571e-03   2.5571119e-02   2.5338478e-07   8.5825290e-07   4.5787031e-07
   1.0000000e+00   8.2714076e-02  -1.1879314e+00   5.3524000e-01  -5.2818190e-03   3.2466582e-03  -1.6173805e-03   6.8416184e-03   1.4111810e+00   2.8648186e-01   2.7897612e-05   1.0540789e-05   2.6159197e-06  -5.2319290e-03  -3.9240400e-02   7.5534550e-02  -1.0477519e-03   3.2726580e-04   3.6322800e-05   2.7373081e-05   1.5398090e-03   5.7054682e-03   1.0977840e-06   1.0710290e-07   1.3193458e-09
   1.0000000e+00   7.6929408e-02  -1.1570329e+00   4.5027975e-01  -4.2839039e-03   2.9772411e-03  -2.0289205e-03   5.9181338e-03   1.3387251e+00   2.0275185e-01   1.8351833e-05   8.8639646e-06   4.1165184e-06  -5.7846680e-03   3.0898500e-02  -8.4960250e-02   9.9791510e-04  -2.6941710e-04  -4.1154000e-04   3.3462384e-05   9.5471730e-04   7.2182441e-03   9.9583455e-07   7.2585574e-08   1.6936517e-07
   1.0000000e+00   1.1052642e-01  -1.2159731e+00   5.7526177e-01  -4.9815187e-03   3.5144319e-03  -1.2966885e-03   1.2216090e-02   1.4785906e+00   3.3092610e-01   2.4815529e-05   1.2351232e-05   1.6814011e-06   3.3597012e-02  -5.8940200e-02   1.2498202e-01  -6.9761480e-04   5.3719080e-04   7.3223200e-04   1.1287592e-03   3.4739472e-03   1.5620505e-02   4.8666641e-07   2.8857396e-07   5.3616370e-07
   1.0000000e+00   1.1169588e-01  -1.2129100e+00   5.7614966e-01  -4.0796193e-03   3.4397689e-03  -1.5234973e-03   1.2475970e-02   1.4711507e+00   3.3194843e-01   1.6643294e-05   1.1832010e-05   2.3210440e-06   1.1694600e-03   3.0631000e-03   8.8789000e-04   9.0189940e-04  -7.4663000e-05  -2.2680880e-04   1.3676367e-06   9.3825816e-06   7.8834865e-07   8.1342253e-07   5.5745636e-09   5.1442232e-08
   1.0000000e+00   9.2052498e-02  -1.1618112e+00   3.2557759e-01  -4.2919722e-03   3.1540089e-03  -1.9905828e-03   8.4736624e-03   1.3498053e+00   1.0600077e-01   1.8421025e-05   9.9477721e-06   3.9624199e-06  -1.9643382e-02   5.1098800e-02  -2.5057207e-01  -2.1235290e-04  -2.8576000e-04  -4.6708550e-04   3.8586246e-04   2.6110874e-03   6.2786362e-02   4.5093754e-08   8.1658778e-08   2.1816886e-07
   1.0000000e+00   1.0882471e-01  -1.2593986e+00   7.0074140e-01  -4.9404613e-03   3.5292338e-03  -1.4423151e-03   1.1842818e-02   1.5860848e+00   4.9103851e-01   2.4408158e-05   1.2455491e-05   2.0802728e-06   1.6772212e-02  -9.7587400e-02   3.7516381e-01  -6.4848910e-04   3.7522490e-04   5.4826770e-04   2.8130710e-04   9.5233006e-03   1.4074788e-01   4.2053811e-07   1.4079373e-07   3.0059747e-07
   1.0000000e+00   1.0680512e-01  -1.1846819e+00   3.6404822e-01  -4.5826382e-03   3.3424555e-03  -1.7820131e-03   1.1407334e-02   1.4034712e+00   1.3253111e-01   2.1000573e-05   1.1172009e-05   3.1755707e-06  -2.0195900e-03   7.4716700e-02  -3.3669318e-01   3.5782310e-04  -1.8677830e-04  -3.3969800e-04   4.0787438e-06   5.5825853e-03   1.1336230e-01   1.2803737e-07   3.4886133e-08   1.1539473e-07
   1.0000000e+00   1.3188835e-01  -1.2474899e+00   6.6842502e-01  -5.5378081e-03   3.5402123e-03  -1.3484290e-03   1.7394537e-02   1.5562311e+00   4.4679201e-01   3.0667319e-05   1.2533103e-05   1.8182608e-06   2.5083230e-02  -6.2808000e-02   3.0437680e-01  -9.5516990e-04   1.9775680e-04   4.3358410e-04   6.2916843e-04   3.9448449e-03   9.2645236e-02   9.1234954e-07   3.9107752e-08   1.8799517e-07
   1.0000000e+00   1.2852795e-01  -1.2052937e+00   4.4600007e-01  -4.5921114e-03   3.3664471e-03  -1.7328629e-03   1.6519434e-02   1.4527329e+00   1.9891606e-01   2.1087487e-05   1.1332966e-05   3.0028138e-06  -3.3604000e-03   4.2196200e-02  -2.2242495e-01   9.4569670e-04  -1.7376520e-04  -3.8443390e-04   1.1292288e-05   1.7805193e-03   4.9472858e-02   8.9434225e-07   3.0194345e-08   1.4778942e-07
   1.0000000e+00   1.5281070e-01  -1.2686594e+00   6.3335133e-01  -5.6300580e-03   3.8663580e-03  -1.1771915e-03   2.3351110e-02   1.6094967e+00   4.0113391e-01   3.1697553e-05   1.4948724e-05   1.3857798e-06   2.4282750e-02  -6.3365700e-02   1.8735126e-01  -1.0379466e-03   4.9991090e-04   5.5567140e-04   5.8965195e-04   4.0152119e-03   3.5100495e-02   1.0773331e-06   2.4991091e-07   3.0877070e-07
   1.0000000e+00   1.3490294e-01  -1.2225296e+00   4.6586646e-01  -4.9829479e-03   3.8122732e-03  -1.4489570e-03   1.8198803e-02   1.4945786e+00   2.1703156e-01   2.4829770e-05   1.4533427e-05   2.0994764e-06  -1.7907760e-02   4.6129800e-02  -1.6748487e-01   6.4711010e-04  -5.4084800e-05  -2.7176550e-04   3.2068787e-04   2.1279584e-03   2.8051182e-02   4.1875148e-07   2.9251656e-09   7.3856487e-08
   1.0000000e+00   1.3410354e-01  -1.2359757e+00   5.1509327e-01  -5.5000098e-03   3.7975422e-03  -1.3895983e-03   1.7983759e-02   1.5276359e+00   2.6532108e-01   3.0250108e-05   1.4421327e-05   1.9309834e-06  -7.9940000e-04  -1.3446100e-02   4.9226810e-02  -5.1706190e-04  -1.4731000e-05   5.9358700e-05   6.3904036e-07   1.8079761e-04   2.4232788e-03   2.6735301e-07   2.1700236e-10   3.5234553e-09
   1.0000000e+00   1.3601116e-01  -1.2744410e+00   6.5514994e-01  -5.1558132e-03   4.1126756e-03  -1.1891874e-03   1.8499036e-02   1.6241999e+00   4.2922144e-01   2.6582410e-05   1.6914101e-05   1.4141667e-06   1.9076200e-03  -3.8465300e-02   1.4005667e-01   3.4419660e-04   3.1513340e-04   2.0041090e-04   3.6390141e-06   1.4795793e-03   1.9615871e-02   1.1847130e-07   9.9309060e-08   4.0164529e-08
   1.0000000e+00   1.2408285e-01  -1.2443398e+00   4.0204820e-01  -5.0212000e-03   3.5631240e-03  -1.6517923e-03   1.5396554e-02   1.5483815e+00   1.6164276e-01   2.5212449e-05   1.2695853e-05   2.7284178e-06  -1.1928310e-02   3.0101200e-02  -2.5310174e-01   1.3461320e-04  -5.4955160e-04  -4.6260490e-04   1.4228458e-04   9.0608224e-04   6.4060491e-02   1.8120714e-08   3.0200696e-07   2.1400329e-07
   1.0000000e+00   1.5749679e-01  -1.3249808e+00   6.9086482e-01  -5.8538717e-03   3.9678154e-03  -1.0398855e-03   2.4805239e-02   1.7555741e+00   4.7729420e-01   3.4267814e-05   1.5743559e-05   1.0813619e-06   3.3413940e-02  -8.0641000e-02   2.8881662e-01  -8.3267170e-04   4.0469140e-04   6.1190680e-04   1.1164914e-03   6.5029709e-03   8.3415040e-02   6.9334216e-07   1.6377513e-07   3.7442993e-07
   1.0000000e+00   1.3192519e-01  -1.2441954e+00   4.8489761e-01  -5.0059969e-03   4.1285675e-03  -1.6032559e-03   1.7404256e-02   1.5480222e+00   2.3512569e-01   2.5060005e-05   1.7045070e-05   2.5704295e-06  -2.5571600e-02   8.0785400e-02  -2.0596721e-01   8.4787480e-04   1.6075210e-04  -5.6337040e-04   6.5390673e-04   6.5262809e-03   4.2422492e-02   7.1889168e-07   2.5841238e-08   3.1738621e-07
   1.0000000e+00   1.3785911e-01  -1.2922733e+00   5.7353462e-01  -4.7978002e-03   3.8730724e-03  -1.3954461e-03   1.9005134e-02   1.6699703e+00   3.2894196e-01   2.3018887e-05   1.5000690e-05   1.9472698e-06   5.9339200e-03  -4.8077900e-02   8.8637010e-02   2.0819670e-04  -2.5549510e-04   2.0780980e-04   3.5211407e-05   2.3114845e-03   7.8565195e-03   4.3345866e-08   6.5277746e-08   4.3184913e-08
   1.0000000e+00   1.3772810e-01  -1.3110515e+00   6.4042217e-01  -4.4399910e-03   3.8747873e-03  -1.3745995e-03   1.8969030e-02   1.7188560e+00   4.1014056e-01   1.9713520e-05   1.5013977e-05   1.8895238e-06  -1.3101000e-04  -1.8778200e-02   6.6887550e-02   3.5780920e-04   1.7149000e-06   2.0846600e-05   1.7163620e-08   3.5262080e-04   4.4739443e-03   1.2802742e-07   2.9408820e-12   4.3458073e-10
   1.0000000e+00   1.1816361e-01  -1.3062963e+00   5.7608512e-01  -4.6839738e-03   3.8947006e-03  -1.6776293e-03   1.3962639e-02   1.7064100e+00   3.3187407e-01   2.1939611e-05   1.5168693e-05   2.8144401e-06  -1.9564490e-02   4.7552000e-03  -6.4337050e-02  -2.4398280e-04   1.9913300e-05  -3.0302980e-04   3.8276927e-04   2.2611927e-05   4.1392560e-03   5.9527607e-08   3.9653952e-10   9.1827060e-08
   1.0000000e+00   1.0763432e-01  -1.3064268e+00   5.3680651e-01  -4.3809382e-03   3.5530538e-03  -1.9229841e-03   1.1585147e-02   1.7067510e+00   2.8816123e-01   1.9192620e-05   1.2624191e-05   3.6978678e-06  -1.0529290e-02  -1.3050000e-04  -3.9278610e-02   3.0303560e-04  -3.4164680e-04  -2.4535480e-04   1.1086595e-04   1.7030250e-08   1.5428092e-03   9.1830575e-08   1.1672254e-07   6.0198978e-08
   1.0000000e+00   1.1074135e-01  -1.3253792e+00   5.5101342e-01  -5.6403272e-03   3.6261097e-03  -1.9985371e-03   1.2263647e-02   1.7566300e+00   3.0361579e-01   3.1813291e-05   1.3148672e-05   3.9941505e-06   3.1070300e-03  -1.8952400e-02   1.4206910e-02  -1.2593890e-03   7.3055900e-05  -7.5553000e-05   9.6536354e-06   3.5919347e-04   2.0183629e-04   1.5860607e-06   5.3371645e-09   5.7082558e-09
   1.0000000e+00   1.6326261e-01  -1.3518386e+00   6.8199618e-01  -5.1708921e-03   3.5496855e-03  -1.0773404e-03   2.6654680e-02   1.8274676e+00   4.6511879e-01   2.6738125e-05   1.2600267e-05   1.1606623e-06   5.2521260e-02  -2.6459400e-02   1.3098276e-01   4.6943510e-04  -7.6424200e-05   9.2119670e-04   2.7584828e-03   7.0009985e-04   1.7156483e-02   2.2036931e-07   5.8406583e-09   8.4860336e-07
   1.0000000e+00   1.4164375e-01  -1.2762012e+00   3.2606745e-01  -3.7906633e-03   3.5363524e-03  -1.1969666e-03   2.0062952e-02   1.6286895e+00   1.0631998e-01   1.4369128e-05   1.2505788e-05   1.4327290e-06  -2.1618860e-02   7.5637400e-02  -3.5592873e-01   1.3802288e-03  -1.3333100e-05  -1.1962620e-04   4.6737511e-04   5.7210163e-03   1.2668526e-01   1.9050315e-06   1.7777156e-10   1.4310428e-08
   1.0000000e+00   1.5054913e-01  -1.3663394e+00   7.2660530e-01  -5.4820423e-03   3.5256993e-03  -1.2042086e-03   2.2665041e-02   1.8668834e+00   5.2795526e-01   3.0052788e-05   1.2430556e-05   1.4501184e-06   8.9053800e-03  -9.0138200e-02   4.0053785e-01  -1.6913790e-03  -1.0653100e-05  -7.2420000e-06   7.9305793e-05   8.1248951e-03   1.6043057e-01   2.8607629e-06   1.1348854e-10   5.2446564e-11
   1.0000000e+00   1.2251316e-01  -1.2980289e+00   4.7947862e-01  -4.8373634e-03   3.2647385e-03  -1.6791370e-03   1.5009474e-02   1.6848790e+00   2.2989975e-01   2.3400085e-05   1.0658517e-05   2.8195011e-06  -2.8035970e-02   6.8310500e-02  -2.4712668e-01   6.4467890e-04  -2.6096080e-04  -4.7492840e-04   7.8601561e-04   4.6663244e-03   6.1071596e-02   4.1561088e-07   6.8100539e-08   2.2555699e-07
   1.0000000e+00   1.3644979e-01  -1.3737095e+00   6.7234024e-01  -5.0714009e-03   3.4776458e-03  -1.3106845e-03   1.8618545e-02   1.8870778e+00   4.5204140e-01   2.5719107e-05   1.2094020e-05   1.7178939e-06   1.3936630e-02  -7.5680600e-02   1.9286162e-01  -2.3403750e-04   2.1290730e-04   3.6845250e-04   1.9422966e-04   5.7275532e-03   3.7195604e-02   5.4773551e-08   4.5329518e-08   1.3575724e-07
   1.0000000e+00   1.1268336e-01  -1.3278398e+00   5.6361549e-01  -4.6885714e-03   3.5212632e-03  -1.7734329e-03   1.2697540e-02   1.7631585e+00   3.1766242e-01   2.1982702e-05   1.2399295e-05   3.1450643e-06  -2.3766430e-02   4.5869700e-02  -1.0872475e-01   3.8282950e-04   4.3617400e-05  -4.6274840e-04   5.6484319e-04   2.1040294e-03   1.1821071e-02   1.4655843e-07   1.9024776e-09   2.1413608e-07
   1.0000000e+00   1.5359653e-01  -1.3996275e+00   7.3795751e-01  -6.1091315e-03   3.9869252e-03  -9.5058152e-04   2.3591894e-02   1.9589571e+00   5.4458129e-01   3.7321488e-05   1.5895573e-05   9.0360523e-07   4.0913170e-02  -7.1787700e-02   1.7434202e-01  -1.4205601e-03   4.6566200e-04   8.2285138e-04   1.6738875e-03   5.1534739e-03   3.0395140e-02   2.0179910e-06   2.1684110e-07   6.7708439e-07
   1.0000000e+00   1.2594407e-01  -1.3731710e+00   7.3720761e-01  -5.5800818e-03   3.7672267e-03  -1.2341877e-03   1.5861909e-02   1.8855986e+00   5.4347506e-01   3.1137313e-05   1.4191997e-05   1.5232193e-06  -2.7652460e-02   2.6456500e-02  -7.4990000e-04   5.2904970e-04  -2.1969850e-04  -2.8360618e-04   7.6465854e-04   6.9994639e-04   5.6235001e-07   2.7989359e-07   4.8267431e-08   8.0432465e-08
   1.0000000e+00   1.0843554e-01  -1.3754476e+00   6.8441525e-01  -5.5166860e-03   3.2946758e-03  -1.5632471e-03   1.1758266e-02   1.8918561e+00   4.6842423e-01   3.0433824e-05   1.0854889e-05   2.4437415e-06  -1.7508530e-02  -2.2766000e-03  -5.2792360e-02   6.3395800e-05  -4.7255090e-04  -3.2905940e-04   3.0654862e-04   5.1829076e-06   2.7870333e-03   4.0190275e-09   2.2330435e-07   1.0828009e-07
   1.0000000e+00   1.3864060e-01  -1.3903063e+00   7.2730163e-01  -5.7246498e-03   3.9896983e-03  -1.0237350e-03   1.9221216e-02   1.9329516e+00   5.2896766e-01   3.2771615e-05   1.5917693e-05   1.0480334e-06   3.0205060e-02  -1.4858700e-02   4.2886380e-02  -2.0796380e-04   6.9502250e-04   5.3951210e-04   9.1234565e-04   2.2078097e-04   1.8392416e-03   4.3248942e-08   4.8305628e-07   2.9107331e-07
   1.0000000e+00   1.1986738e-01  -1.3794944e+00   5.9634670e-01  -4.6726619e-03   3.1746759e-03  -1.2732041e-03   1.4368189e-02   1.9030048e+00   3.5562939e-01   2.1833769e-05   1.0078567e-05   1.6210487e-06  -1.8773220e-02   1.0811900e-02  -1.3095493e-01   1.0519879e-03  -8.1502240e-04  -2.4946910e-04   3.5243379e-04   1.1689718e-04   1.7149194e-02   1.1066785e-06   6.6426151e-07   6.2234832e-08
   1.0000000e+00   1.5966543e-01  -1.4349328e+00   7.0271595e-01  -5.6197550e-03   3.3306470e-03  -7.3864133e-04   2.5493050e-02   2.0590321e+00   4.9380971e-01   3.1581646e-05   1.1093209e-05   5.4559101e-07   3.9798050e-02  -5.5438400e-02   1.0636925e-01  -9.4709310e-04   1.5597110e-04   5.3456277e-04   1.5838848e-03   3.0734162e-03   1.1314417e-02   8.9698534e-07   2.4326984e-08   2.8575736e-07
   1.0000000e+00   1.3381503e-01  -1.3939926e+00   6.4087644e-01  -5.7660982e-03   3.3301860e-03  -1.2684245e-03   1.7906462e-02   1.9432154e+00   4.1072261e-01   3.3247888e-05   1.1090139e-05   1.6089007e-06  -2.5850400e-02   4.0940200e-02  -6.1839510e-02  -1.4634320e-04  -4.6100000e-07  -5.2978317e-04   6.6824318e-04   1.6761000e-03   3.8241250e-03   2.1416332e-08   2.1252100e-13   2.8067021e-07
   1.0000000e+00   1.6845491e-01  -1.4312098e+00   6.8562687e-01  -5.1559281e-03   3.3986371e-03  -7.3663159e-04   2.8377057e-02   2.0483615e+00   4.7008420e-01   2.6583595e-05   1.1550734e-05   5.4262610e-07   3.4639880e-02  -3.7217200e-02   4.4750430e-02   6.1017010e-04   6.8451100e-05   5.3179291e-04   1.1999213e-03   1.3851200e-03   2.0026010e-03   3.7230755e-07   4.6855531e-09   2.8280370e-07
   1.0000000e+00   1.4943369e-01  -1.4170733e+00   6.0185792e-01  -5.8007066e-03   3.5851332e-03  -1.0914389e-03   2.2330428e-02   2.0080967e+00   3.6223296e-01   3.3648197e-05   1.2853180e-05   1.1912389e-06  -1.9021220e-02   1.4136500e-02  -8.3768950e-02  -6.4477850e-04   1.8649610e-04  -3.5480731e-04   3.6180681e-04   1.9984063e-04   7.0172370e-03   4.1573931e-07   3.4780795e-08   1.2588823e-07
   1.0000000e+00   2.1530923e-01  -1.5017276e+00   7.4785462e-01  -6.7947875e-03   4.5786942e-03  -2.7494155e-04   4.6358065e-02   2.2551858e+00   5.5928653e-01   4.6169137e-05   2.0964441e-05   7.5592856e-08   6.5875540e-02  -8.4654300e-02   1.4599670e-01  -9.9408090e-04   9.9356100e-04   8.1649735e-04   4.3395868e-03   7.1663505e-03   2.1315036e-02   9.8819684e-07   9.8716346e-07   6.6666792e-07
   1.0000000e+00   2.0717377e-01  -1.4352798e+00   5.1099765e-01  -5.6841843e-03   3.6443461e-03  -5.0289475e-05   4.2920971e-02   2.0600281e+00   2.6111860e-01   3.2309951e-05   1.3281258e-05   2.5290313e-09  -8.1354600e-03   6.6447800e-02  -2.3685697e-01   1.1106032e-03  -9.3434810e-04   2.2465207e-04   6.6185709e-05   4.4153101e-03   5.6101224e-02   1.2334395e-06   8.7300637e-07   5.0468555e-08
   1.0000000e+00   2.2283073e-01  -1.5183489e+00   8.5023761e-01  -6.2196343e-03   3.8271371e-03   3.6755117e-04   4.9653534e-02   2.3053834e+00   7.2290399e-01   3.8683851e-05   1.4646978e-05   1.3509386e-07   1.5656960e-02  -8.3069100e-02   3.3923996e-01  -5.3545000e-04   1.8279100e-04   4.1784065e-04   2.4514040e-04   6.9004754e-03   1.1508375e-01   2.8670670e-07   3.3412550e-08   1.7459080e-07
   1.0000000e+00   1.9006894e-01  -1.4280431e+00   4.3818190e-01  -4.4434134e-03   3.6870367e-03  -1.9142436e-04   3.6126202e-02   2.0393071e+00   1.9200338e-01   1.9743923e-05   1.3594240e-05   3.6643286e-08  -3.2761790e-02   9.0305800e-02  -4.1205571e-01   1.7762209e-03  -1.4010040e-04  -5.5897553e-04   1.0733349e-03   8.1551375e-03   1.6978991e-01   3.1549607e-06   1.9628122e-08   3.1245364e-07
   1.0000000e+00   2.3726265e-01  -1.5004133e+00   7.1381873e-01  -5.8308002e-03   4.1746651e-03   6.2667446e-04   5.6293565e-02   2.2512401e+00   5.0953718e-01   3.3998231e-05   1.7427829e-05   3.9272088e-07   4.7193710e-02  -7.2370200e-02   2.7563683e-01  -1.3873868e-03   4.8762840e-04   8.1809882e-04   2.2272463e-03   5.2374458e-03   7.5975662e-02   1.9248421e-06   2.3778146e-07   6.6928568e-07
   1.0000000e+00   2.0271476e-01  -1.4306962e+00   5.3210894e-01  -5.3575573e-03   4.0291636e-03  -2.2532031e-04   4.1093274e-02   2.0468916e+00   2.8313992e-01   2.8703420e-05   1.6234159e-05   5.0769242e-08  -3.4547890e-02   6.9717100e-02  -1.8170979e-01   4.7324290e-04  -1.4550150e-04  -8.5199477e-04   1.1935567e-03   4.8604740e-03   3.3018448e-02   2.2395884e-07   2.1170687e-08   7.2589509e-07
   1.0000000e+00   2.3410340e-01  -1.5625853e+00   8.2203609e-01  -5.8937776e-03   4.0230760e-03   2.7869823e-04   5.4804402e-02   2.4416728e+00   6.7574333e-01   3.4736614e-05   1.6185141e-05   7.7672703e-08   3.1388640e-02  -1.3188910e-01   2.8992715e-01  -5.3622030e-04  -6.0876000e-06   5.0401854e-04   9.8524672e-04   1.7394735e-02   8.4057752e-02   2.8753221e-07   3.7058874e-11   2.5403469e-07
   1.0000000e+00   2.0322533e-01  -1.4540714e+00   5.5912939e-01  -5.2853492e-03   4.1069776e-03  -1.8420538e-04   4.1300535e-02   2.1143236e+00   3.1262567e-01   2.7934916e-05   1.6867265e-05   3.3931622e-08  -3.0878070e-02   1.0851390e-01  -2.6290670e-01   6.0842840e-04   8.3901600e-05  -4.6290361e-04   9.5345521e-04   1.1775266e-02   6.9119933e-02   3.7018512e-07   7.0394785e-09   2.1427975e-07
   1.0000000e+00   2.4596257e-01  -1.4706653e+00   6.2258817e-01  -5.3279388e-03   4.1505111e-03   5.1406679e-04   6.0497586e-02   2.1628564e+00   3.8761603e-01   2.8386932e-05   1.7226742e-05   2.6426466e-07   4.2737240e-02  -1.6593900e-02   6.3458780e-02  -4.2589600e-05   4.3533500e-05   6.9827217e-04   1.8264717e-03   2.7535752e-04   4.0270168e-03   1.8138740e-09   1.8951656e-09   4.8758402e-07
   1.0000000e+00   2.4965199e-01  -1.5350731e+00   7.7724377e-01  -5.8311717e-03   4.2655639e-03   9.9336644e-04   6.2326116e-02   2.3564494e+00   6.0410788e-01   3.4002563e-05   1.8195035e-05   9.8677688e-07   3.6894200e-03  -6.4407800e-02   1.5465560e-01  -5.0323290e-04   1.1505280e-04   4.7929965e-04   1.3611820e-05   4.1483647e-03   2.3918355e-02   2.5324335e-07   1.3237147e-08   2.2972815e-07
   1.0000000e+00   2.5127010e-01  -1.4624639e+00   4.5050687e-01  -6.3093289e-03   4.5353336e-03   7.8709051e-04   6.3136663e-02   2.1388007e+00   2.0295644e-01   3.9807631e-05   2.0569251e-05   6.1951147e-07   1.6181100e-03   7.2609200e-02  -3.2673690e-01  -4.7815720e-04   2.6976970e-04  -2.0627593e-04   2.6182800e-06   5.2720959e-03   1.0675700e-01   2.2863431e-07   7.2775691e-08   4.2549759e-08
   1.0000000e+00   2.5207309e-01  -1.5439636e+00   7.5574831e-01  -6.6530441e-03   4.6695878e-03   7.7934139e-04   6.3540843e-02   2.3838236e+00   5.7115551e-01   4.4262996e-05   2.1805050e-05   6.0737300e-07   8.0299000e-04  -8.1499700e-02   3.0524144e-01  -3.4371520e-04   1.3425420e-04  -7.7491200e-06   6.4479294e-07   6.6422011e-03   9.3172337e-02   1.1814014e-07   1.8024190e-08   6.0048861e-11
   1.0000000e+00   2.1167826e-01  -1.5013224e+00   6.4110671e-01  -4.4598406e-03   3.7263037e-03   2.9475208e-04   4.4807686e-02   2.2539689e+00   4.1101781e-01   1.9890178e-05   1.3885339e-05   8.6878789e-08  -4.0394830e-02   4.2641200e-02  -1.1464160e-01   2.1932035e-03  -9.4328410e-04  -4.8458931e-04   1.6317423e-03   1.8182719e-03   1.3142696e-02   4.8101416e-06   8.8978489e-07   2.3482680e-07
   1.0000000e+00   1.9646511e-01  -1.4880964e+00   4.8934793e-01  -4.7603393e-03   3.2623578e-03  -1.9120647e-04   3.8598539e-02   2.2144309e+00   2.3946140e-01   2.2660830e-05   1.0642978e-05   3.6559914e-08  -1.5213150e-02   1.3226000e-02  -1.5175878e-01  -3.0049870e-04  -4.6394590e-04  -4.8595855e-04   2.3143993e-04   1.7492708e-04   2.3030727e-02   9.0299469e-08   2.1524580e-07   2.3615571e-07
   1.0000000e+00   2.5457398e-01  -1.5892532e+00   7.7359037e-01  -5.1280602e-03   3.8922250e-03   8.4039066e-04   6.4807911e-02   2.5257257e+00   5.9844206e-01   2.6297001e-05   1.5149415e-05   7.0625646e-07   5.8108870e-02  -1.0115680e-01   2.8424244e-01  -3.6772090e-04   6.2986720e-04   1.0315971e-03   3.3766408e-03   1.0232698e-02   8.0793765e-02   1.3521866e-07   3.9673269e-07   1.0641926e-06
