   1.0000000e+00   0.0000000e+00   1.4401252e-14  -7.1054274e-15   0.0000000e+00   0.0000000e+00  -3.4694470e-18   0.0000000e+00   2.0739606e-28   5.0487099e-29   0.0000000e+00   0.0000000e+00   1.2037062e-35   0.0000000e+00   0.0000000e+00   0.0000000e+00   0.0000000e+00   0.0000000e+00   0.0000000e+00   0.0000000e+00   0.0000000e+00   0.0000000e+00   0.0000000e+00   0.0000000e+00   0.0000000e+00
   1.0000000e+00  -2.6523915e-02   4.4324838e-02   1.6148123e-01  -1.8921052e-03   3.2683677e-04  -3.3586006e-04   7.0351807e-04   1.9646913e-03   2.6076188e-02   3.5800621e-06   1.0682227e-07   1.1280198e-07  -2.6523915e-02   4.4324838e-02   1.6148123e-01  -1.8921052e-03   3.2683677e-04  -3.3586006e-04   7.0351807e-04   1.9646913e-03   2.6076188e-02   3.5800621e-06   1.0682227e-07   1.1280198e-07
   1.0000000e+00  -5.4834093e-02   5.6833046e-02   5.2358170e-02  -1.8234651e-03   8.1537141e-04  -3.5121445e-04   3.0067778e-03   3.2299951e-03   2.7413780e-03   3.3250250e-06   6.6483054e-07   1.2335159e-07  -2.8310178e-02   1.2508208e-02  -1.0912306e-01   6.8640100e-05   4.8853464e-04  -1.5354390e-05   8.0146618e-04   1.5645527e-04   1.1907842e-02   4.7114633e-09   2.3866609e-07   2.3575729e-10
   1.0000000e+00  -1.4055984e-01   1.1065653e-01   9.1201333e-02  -2.0435833e-03   1.0650329e-03  -1.3366022e-03   1.9757069e-02   1.2244868e-02   8.3176831e-03   4.1762327e-06   1.1342951e-06   1.7865054e-06  -8.5725747e-02   5.3823484e-02   3.8843163e-02  -2.2011820e-04   2.4966149e-04  -9.8538775e-04   7.3489037e-03   2.8969674e-03   1.5087913e-03   4.8452022e-08   6.2330860e-08   9.7098902e-07
   1.0000000e+00  -1.1968012e-01   9.0797957e-02   1.2319450e-01  -6.6463829e-04   6.7169112e-05  -1.1205791e-03   1.4323331e-02   8.2442690e-03   1.5176885e-02   4.4174406e-07   4.5116896e-09   1.2556975e-06   2.0879720e-02  -1.9858573e-02   3.1993167e-02   1.3789450e-03  -9.9786379e-04   2.1602310e-04   4.3596271e-04   3.9436292e-04   1.0235627e-03   1.9014893e-06   9.9573214e-07   4.6665980e-08
   1.0000000e+00  -9.3018459e-02   1.2759845e-01   9.7887383e-02  -7.9234617e-04   6.3835368e-04  -6.3650055e-04   8.6524337e-03   1.6281364e-02   9.5819398e-03   6.2781245e-07   4.0749542e-07   4.0513295e-07   2.6661661e-02   3.6800493e-02  -2.5307117e-02  -1.2770788e-04   5.7118457e-04   4.8407855e-04   7.1084417e-04   1.3542763e-03   6.4045017e-04   1.6309303e-08   3.2625181e-07   2.3433204e-07
   1.0000000e+00  -8.4326226e-02   6.5231815e-02   1.0010713e-01  -5.5949793e-04   5.4985991e-04  -5.2772294e-04   7.1109124e-03   4.2551897e-03   1.0021437e-02   3.1303793e-07   3.0234592e-07   2.7849150e-07   8.6922330e-03  -6.2366635e-02   2.2197470e-03   2.3284824e-04  -8.8493770e-05   1.0877761e-04   7.5554915e-05   3.8895972e-03   4.9272767e-06   5.4218303e-08   7.8311473e-09   1.1832568e-08
   1.0000000e+00  -9.6424353e-02   1.0313309e-01   8.2190204e-02  -6.8643135e-04   7.2666544e-04  -5.7509930e-04   9.2976559e-03   1.0636434e-02   6.7552296e-03   4.7118800e-07   5.2804266e-07   3.3073920e-07  -1.2098127e-02   3.7901275e-02  -1.7916926e-02  -1.2693342e-04   1.7680553e-04  -4.7376360e-05   1.4636468e-04   1.4365066e-03   3.2101624e-04   1.6112093e-08   3.1260195e-08   2.2445195e-09
   1.0000000e+00  -1.1790550e-01   7.5335173e-02   1.0779545e-01   3.6653954e-05   4.9625018e-04  -6.9737895e-04   1.3901707e-02   5.6753883e-03   1.1619859e-02   1.3435123e-09   2.4626424e-07   4.8633740e-07  -2.1481147e-02  -2.7797917e-02   2.5605246e-02   7.2308530e-04  -2.3041526e-04  -1.2227965e-04   4.6143968e-04   7.7272419e-04   6.5562862e-04   5.2285236e-07   5.3091192e-08   1.4952313e-08
   1.0000000e+00  -1.1699490e-01   9.6114946e-02   1.2668374e-01  -9.4858728e-04   6.2566076e-04  -6.3288605e-04   1.3687807e-02   9.2380828e-03   1.6048770e-02   8.9981783e-07   3.9145139e-07   4.0054475e-07   9.1060000e-04   2.0779773e-02   1.8888290e-02  -9.8524123e-04   1.2941058e-04   6.4492900e-05   8.2919236e-07   4.3179897e-04   3.5676750e-04   9.7070029e-07   1.6747098e-08   4.1593342e-09
   1.0000000e+00  -7.8831284e-02   9.5231699e-02   1.3493031e-01  -2.8479230e-04   2.9445759e-04  -2.0919677e-04   6.2143713e-03   9.0690765e-03   1.8206189e-02   8.1106654e-08   8.6705272e-08   4.3763289e-08   3.8163616e-02  -8.8324700e-04   8.2465700e-03   6.6379498e-04  -3.3120317e-04   4.2368928e-04   1.4564616e-03   7.8012526e-07   6.8005917e-05   4.4062378e-07   1.0969554e-07   1.7951261e-07
   1.0000000e+00  -1.0772086e-01   1.2514736e-01   1.4509493e-01  -8.6178417e-04   6.9737502e-04  -5.4753193e-04   1.1603784e-02   1.5661862e-02   2.1052539e-02   7.4267196e-07   4.8633192e-07   2.9979121e-07  -2.8889576e-02   2.9915661e-02   1.0164620e-02  -5.7699187e-04   4.0291743e-04  -3.3833516e-04   8.3460760e-04   8.9494677e-04   1.0331950e-04   3.3291962e-07   1.6234246e-07   1.1447068e-07
   1.0000000e+00  -9.7513904e-02   7.8540092e-02   1.0845688e-01  -3.8703701e-04   3.9382774e-04  -4.7583365e-04   9.5089615e-03   6.1685461e-03   1.1762895e-02   1.4979765e-07   1.5510029e-07   2.2641766e-07   1.0206956e-02  -4.6607268e-02  -3.6638050e-02   4.7474716e-04  -3.0354728e-04   7.1698280e-05   1.0418195e-04   2.1722374e-03   1.3423467e-03   2.2538487e-07   9.2140951e-08   5.1406434e-09
   1.0000000e+00  -1.0671906e-01   1.0561540e-01   1.2604032e-01  -1.1687003e-03   8.1559107e-04  -4.8040889e-04   1.1388958e-02   1.1154613e-02   1.5886162e-02   1.3658604e-06   6.6518879e-07   2.3079270e-07  -9.2051560e-03   2.7075308e-02   1.7583440e-02  -7.8166329e-04   4.2176333e-04  -4.5752400e-06   8.4734897e-05   7.3307230e-04   3.0917736e-04   6.1099750e-07   1.7788431e-07   2.0932821e-11
   1.0000000e+00  -1.1071928e-01   6.8018429e-02   1.0953724e-01  -2.6131593e-04   5.5799934e-04  -6.2776361e-04   1.2258759e-02   4.6265067e-03   1.1998407e-02   6.8286015e-08   3.1136326e-07   3.9408715e-07  -4.0002200e-03  -3.7596971e-02  -1.6503080e-02   9.0738437e-04  -2.5759173e-04  -1.4735472e-04   1.6001760e-05   1.4135322e-03   2.7235165e-04   8.2334639e-07   6.6353499e-08   2.1713414e-08
   1.0000000e+00  -9.3544741e-02   9.5111725e-02   1.4458772e-01  -1.0693107e-03   6.2706925e-04  -4.4180987e-04   8.7506186e-03   9.0462402e-03   2.0905609e-02   1.1434254e-06   3.9321584e-07   1.9519596e-07   1.7174539e-02   2.7093296e-02   3.5050480e-02  -8.0799477e-04   6.9069910e-05   1.8595374e-04   2.9496479e-04   7.3404669e-04   1.2285361e-03   6.5285555e-07   4.7706525e-09   3.4578793e-08
   1.0000000e+00  -1.0942574e-01   6.5688236e-02   1.2982087e-01  -3.3935175e-04   4.9133975e-04  -6.3201874e-04   1.1973993e-02   4.3149443e-03   1.6853458e-02   1.1515961e-07   2.4141475e-07   3.9944769e-07  -1.5880999e-02  -2.9423489e-02  -1.4766850e-02   7.2995895e-04  -1.3572950e-04  -1.9020887e-04   2.5220613e-04   8.6574170e-04   2.1805986e-04   5.3284007e-07   1.8422497e-08   3.6179414e-08
   1.0000000e+00  -9.7149095e-02   5.8854175e-02   1.4186787e-01  -1.1950636e-03   6.3050814e-04  -4.4895353e-04   9.4379467e-03   3.4638139e-03   2.0126493e-02   1.4281770e-06   3.9754051e-07   2.0155927e-07   1.2276645e-02  -6.8340610e-03   1.2047000e-02  -8.5571185e-04   1.3916839e-04   1.8306521e-04   1.5071601e-04   4.6704390e-05   1.4513021e-04   7.3224277e-07   1.9367841e-08   3.3512871e-08
   1.0000000e+00  -1.0567845e-01   6.8880588e-02   8.7785509e-02  -2.6950388e-04   3.2150331e-04  -7.0630223e-04   1.1167935e-02   4.7445354e-03   7.7062956e-03   7.2632341e-08   1.0336438e-07   4.9886284e-07  -8.5293550e-03   1.0026413e-02  -5.4082361e-02   9.2555972e-04  -3.0900483e-04  -2.5734870e-04   7.2749897e-05   1.0052896e-04   2.9249018e-03   8.5666080e-07   9.5483985e-08   6.6228353e-08
   1.0000000e+00  -8.6598001e-02   4.0105948e-02   1.4820449e-01  -1.2944618e-03   2.2562353e-04  -6.3232253e-04   7.4992138e-03   1.6084871e-03   2.1964571e-02   1.6756314e-06   5.0905977e-08   3.9983178e-07   1.9080449e-02  -2.8774640e-02   6.0418981e-02  -1.0249579e-03  -9.5879780e-05   7.3979700e-05   3.6406353e-04   8.2797991e-04   3.6504533e-03   1.0505387e-06   9.1929322e-09   5.4729960e-09
   1.0000000e+00  -9.6179978e-02   6.9139722e-02   1.0346551e-01  -4.9333149e-04   4.1282857e-04  -7.0025532e-04   9.2505882e-03   4.7803012e-03   1.0705112e-02   2.4337596e-07   1.7042743e-07   4.9035751e-07  -9.5819770e-03   2.9033774e-02  -4.4738980e-02   8.0113031e-04   1.8720504e-04  -6.7932790e-05   9.1814283e-05   8.4296003e-04   2.0015763e-03   6.4180977e-07   3.5045727e-08   4.6148640e-09
   1.0000000e+00  -1.1908917e-01   4.9299291e-02   1.4570607e-01  -7.5710754e-04   3.1472149e-04  -9.3045823e-04   1.4182230e-02   2.4304201e-03   2.1230259e-02   5.7321183e-07   9.9049616e-08   8.6575252e-07  -2.2909192e-02  -1.9840431e-02   4.2240560e-02  -2.6377605e-04  -9.8107080e-05  -2.3020291e-04   5.2483108e-04   3.9364270e-04   1.7842649e-03   6.9577805e-08   9.6249991e-09   5.2993380e-08
   1.0000000e+00  -1.0310077e-01   2.4639157e-02   9.1502205e-02  -6.8070117e-04   2.5918477e-05  -8.2437090e-04   1.0629769e-02   6.0708806e-04   8.3726535e-03   4.6335408e-07   6.7176745e-10   6.7958738e-07   1.5988400e-02  -2.4660134e-02  -5.4203865e-02   7.6406370e-05  -2.8880301e-04   1.0608733e-04   2.5562893e-04   6.0812221e-04   2.9380590e-03   5.8379334e-09   8.3407180e-08   1.1254522e-08
   1.0000000e+00  -1.0233491e-01   2.8077275e-02   1.2746035e-01  -6.9105243e-04   2.1344584e-04  -7.9480273e-04   1.0472434e-02   7.8833337e-04   1.6246141e-02   4.7755346e-07   4.5559127e-08   6.3171138e-07   7.6586000e-04   3.4381180e-03   3.5958145e-02  -1.0351260e-05   1.8752736e-04   2.9568170e-05   5.8654154e-07   1.1820655e-05   1.2929882e-03   1.0714858e-10   3.5166512e-08   8.7427668e-10
   1.0000000e+00  -1.0424222e-01  -5.4763113e-02   1.8073672e-01  -2.3270090e-03   2.0977708e-04  -1.1185335e-03   1.0866440e-02   2.9989985e-03   3.2665762e-02   5.4149709e-06   4.4006423e-08   1.2511172e-06  -1.9073100e-03  -8.2840388e-02   5.3276370e-02  -1.6359566e-03  -3.6687600e-06  -3.2373077e-04   3.6378314e-06   6.8625299e-03   2.8383716e-03   2.6763539e-06   1.3459800e-11   1.0480161e-07
   1.0000000e+00  -1.3079804e-01   5.3693877e-02   1.6402546e-01  -1.9150177e-03   4.5234844e-04  -1.3641313e-03   1.7108127e-02   2.8830324e-03   2.6904352e-02   3.6672928e-06   2.0461911e-07   1.8608542e-06  -2.6555820e-02   1.0845699e-01  -1.6711260e-02   4.1199130e-04   2.4257136e-04  -2.4559780e-04   7.0521158e-04   1.1762919e-02   2.7926621e-04   1.6973683e-07   5.8840865e-08   6.0318279e-08
   1.0000000e+00  -1.2789967e-01  -2.4368438e-02   1.3694548e-01  -1.3183316e-03   2.8565183e-04  -1.2888164e-03   1.6358326e-02   5.9382077e-04   1.8754064e-02   1.7379982e-06   8.1596968e-08   1.6610477e-06   2.8983700e-03  -7.8062315e-02  -2.7079980e-02   5.9668610e-04  -1.6669661e-04   7.5314900e-05   8.4005487e-06   6.0937250e-03   7.3332532e-04   3.5603430e-07   2.7787760e-08   5.6723342e-09
   1.0000000e+00  -1.3774446e-01   1.5270211e-02   1.6994343e-01  -2.1673893e-03   1.2003152e-04  -1.1470181e-03   1.8973536e-02   2.3317934e-04   2.8880769e-02   4.6975764e-06   1.4407566e-08   1.3156505e-06  -9.8447900e-03   3.9638649e-02   3.2997950e-02  -8.4905770e-04  -1.6562031e-04   1.4179830e-04   9.6919890e-05   1.5712225e-03   1.0888647e-03   7.2089898e-07   2.7430087e-08   2.0106758e-08
   1.0000000e+00  -1.4262526e-01   9.2443426e-03   1.5071676e-01  -1.2168294e-03   3.6035442e-05  -1.4149715e-03   2.0341965e-02   8.5457870e-05   2.2715542e-02   1.4806738e-06   1.2985531e-09   2.0021443e-06  -4.8808000e-03  -6.0258684e-03  -1.9226670e-02   9.5055990e-04  -8.3996078e-05  -2.6795340e-04   2.3822209e-05   3.6311090e-05   3.6966484e-04   9.0356412e-07   7.0553411e-09   7.1799025e-08
   1.0000000e+00  -1.2122898e-01  -2.1634757e-02   9.4473365e-02  -1.0394867e-04  -1.9174602e-04  -1.1528412e-03   1.4696466e-02   4.6806271e-04   8.9252167e-03   1.0805326e-08   3.6766536e-08   1.3290428e-06   2.1396280e-02  -3.0879100e-02  -5.6243395e-02   1.1128807e-03  -2.2778146e-04   2.6213030e-04   4.5780080e-04   9.5351879e-04   3.1633195e-03   1.2385035e-06   5.1884394e-08   6.8712294e-08
   1.0000000e+00  -1.3400044e-01  -2.7937438e-03   1.7170974e-01  -1.5009250e-03   3.6762151e-04  -1.1873724e-03   1.7956118e-02   7.8050044e-06   2.9484235e-02   2.2527759e-06   1.3514557e-07   1.4098532e-06  -1.2771460e-02   1.8841013e-02   7.7236375e-02  -1.3969763e-03   5.5936753e-04  -3.4531200e-05   1.6311019e-04   3.5498378e-04   5.9654576e-03   1.9515429e-06   3.1289203e-07   1.1924038e-09
   1.0000000e+00  -1.0147890e-01  -1.7188557e-01   1.6494815e-01  -1.0976603e-03  -6.4959884e-05  -1.3468708e-03   1.0297967e-02   2.9544649e-02   2.7207892e-02   1.2048581e-06   4.2197865e-09   1.8140610e-06   3.2521540e-02  -1.6909183e-01  -6.7615900e-03   4.0326470e-04  -4.3258139e-04  -1.5949840e-04   1.0576506e-03   2.8592046e-02   4.5719099e-05   1.6262242e-07   1.8712666e-07   2.5439740e-08
   1.0000000e+00  -1.0056646e-01  -5.2468216e-02   1.2145153e-01  -7.0836695e-04   1.7220719e-04  -9.8935334e-04   1.0113613e-02   2.7529137e-03   1.4750474e-02   5.0178374e-07   2.9655316e-08   9.7882003e-07   9.1244000e-04   1.1941735e-01  -4.3496620e-02   3.8929335e-04   2.3716707e-04   3.5751746e-04   8.3254675e-07   1.4260504e-02   1.8919560e-03   1.5154931e-07   5.6248221e-08   1.2781873e-07
   1.0000000e+00  -1.1955365e-01  -5.0219697e-02   1.4421109e-01  -2.2051331e-03   4.9635337e-04  -1.0906641e-03   1.4293075e-02   2.5220180e-03   2.0796838e-02   4.8626120e-06   2.4636667e-07   1.1895482e-06  -1.8987190e-02   2.2485190e-03   2.2759560e-02  -1.4967662e-03   3.2414618e-04  -1.0131076e-04   3.6051338e-04   5.0558377e-06   5.1799757e-04   2.2403089e-06   1.0507075e-07   1.0263870e-08
   1.0000000e+00  -1.4867586e-01  -7.8945734e-03   8.3228027e-02  -1.1249628e-03   2.2071026e-04  -1.5888379e-03   2.2104511e-02   6.2324289e-05   6.9269045e-03   1.2655413e-06   4.8713019e-08   2.5244059e-06  -2.9122210e-02   4.2325124e-02  -6.0983063e-02   1.0801703e-03  -2.7564311e-04  -4.9817380e-04   8.4810312e-04   1.7914161e-03   3.7189340e-03   1.1667679e-06   7.5979124e-08   2.4817714e-07
   1.0000000e+00  -1.3203775e-01  -6.1437560e-02   8.0577076e-02  -1.1825115e-03   3.3405676e-05  -1.2451652e-03   1.7433967e-02   3.7745738e-03   6.4926652e-03   1.3983334e-06   1.1159392e-09   1.5504364e-06   1.6638110e-02  -5.3542987e-02  -2.6509510e-03  -5.7548700e-05  -1.8730458e-04   3.4367270e-04   2.7682670e-04   2.8668514e-03   7.0275412e-06   3.3118529e-09   3.5083007e-08   1.1811092e-07
   1.0000000e+00  -1.2558956e-01  -7.2649287e-03   9.8238479e-02  -9.2587375e-04   2.7092260e-04  -1.1790533e-03   1.5772738e-02   5.2779189e-05   9.6507988e-03   8.5724220e-07   7.3399055e-08   1.3901667e-06   6.4481900e-03   5.4172631e-02   1.7661403e-02   2.5663775e-04   2.3751692e-04   6.6111900e-05   4.1579154e-05   2.9346740e-03   3.1192516e-04   6.5862935e-08   5.6414289e-08   4.3707833e-09
   1.0000000e+00  -8.7200919e-02   3.9042972e-03   8.8416844e-02  -1.4889757e-04  -4.0974248e-05  -8.6222536e-04   7.6040003e-03   1.5243537e-05   7.8175383e-03   2.2170486e-08   1.6788890e-09   7.4343257e-07   3.8388641e-02   1.1169226e-02  -9.8216350e-03   7.7697618e-04  -3.1189685e-04   3.1682794e-04   1.4736878e-03   1.2475161e-04   9.6464514e-05   6.0369198e-07   9.7279644e-08   1.0037994e-07
   1.0000000e+00  -7.5767880e-02   2.4613652e-02   6.3918182e-02   7.8079096e-06   2.8251821e-04  -6.3550639e-04   5.7407716e-03   6.0583186e-04   4.0855340e-03   6.0963452e-11   7.9816539e-08   4.0386837e-07   1.1433039e-02   2.0709355e-02  -2.4498662e-02   1.5670548e-04   3.2349246e-04   2.2671897e-04   1.3071438e-04   4.2887738e-04   6.0018444e-04   2.4556607e-08   1.0464737e-07   5.1401491e-08
   1.0000000e+00  -9.5031620e-02   1.9779480e-02   6.7378479e-02   1.8534228e-04   3.5279837e-05  -1.0167947e-03   9.0310088e-03   3.9122783e-04   4.5398594e-03   3.4351761e-08   1.2446669e-09   1.0338715e-06  -1.9263740e-02  -4.8341720e-03   3.4602970e-03   1.7753437e-04  -2.4723837e-04  -3.8128831e-04   3.7109168e-04   2.3369219e-05   1.1973655e-05   3.1518453e-08   6.1126813e-08   1.4538078e-07
   1.0000000e+00  -9.0311654e-02   1.3913904e-03   2.2611155e-02   3.4570050e-04   2.1279229e-04  -8.2867157e-04   8.1561948e-03   1.9359672e-06   5.1126433e-04   1.1950884e-07   4.5280559e-08   6.8669657e-07   4.7199660e-03  -1.8388090e-02  -4.4767324e-02   1.6035822e-04   1.7751245e-04   1.8812313e-04   2.2278079e-05   3.3812184e-04   2.0041133e-03   2.5714759e-08   3.1510671e-08   3.5390312e-08
   1.0000000e+00  -1.0241705e-01   1.5113784e-02   5.9735662e-02  -3.2545118e-04  -1.1262189e-04  -1.1354548e-03   1.0489252e-02   2.2842647e-04   3.5683493e-03   1.0591847e-07   1.2683690e-08   1.2892576e-06  -1.2105396e-02   1.3722394e-02   3.7124507e-02  -6.7115168e-04  -3.2541418e-04  -3.0678323e-04   1.4654061e-04   1.8830409e-04   1.3782290e-03   4.5044458e-07   1.0589439e-07   9.4115950e-08
   1.0000000e+00  -7.8396732e-02  -7.9412644e-02   5.0543086e-02  -3.0094584e-04   2.1367555e-05  -1.0362560e-03   6.1460476e-03   6.3063680e-03   2.5546035e-03   9.0568399e-08   4.5657241e-10   1.0738265e-06   2.4020318e-02  -9.4526428e-02  -9.1925760e-03   2.4505340e-05   1.3398945e-04   9.9198800e-05   5.7697568e-04   8.9352456e-03   8.4503454e-05   6.0051169e-10   1.7953171e-08   9.8404019e-09
   1.0000000e+00  -8.6312567e-02  -3.0208453e-02  -6.4711407e-03  -2.0306548e-04   8.6091092e-05  -1.1930441e-03   7.4498592e-03   9.1255063e-04   4.1875662e-05   4.1235589e-08   7.4116761e-09   1.4233542e-06  -7.9158350e-03   4.9204191e-02  -5.7014227e-02   9.7880360e-05   6.4723537e-05  -1.5678810e-04   6.2660444e-05   2.4210524e-03   3.2506220e-03   9.5805649e-09   4.1891362e-09   2.4582508e-08
   1.0000000e+00  -8.7017580e-02  -6.5207221e-02   1.2014244e-02  -3.2401009e-04   4.3660692e-05  -1.1222804e-03   7.5720592e-03   4.2519817e-03   1.4434206e-04   1.0498254e-07   1.9062560e-09   1.2595133e-06  -7.0501300e-04  -3.4998768e-02   1.8485385e-02  -1.2094461e-04  -4.2430400e-05   7.0763700e-05   4.9704333e-07   1.2249138e-03   3.4170945e-04   1.4627599e-08   1.8003388e-09   5.0075012e-09
   1.0000000e+00  -9.0896683e-02  -2.8833284e-02   5.5186983e-02  -6.2819009e-04  -2.8312401e-05  -1.1114432e-03   8.2622070e-03   8.3135827e-04   3.0456031e-03   3.9462279e-07   8.0159205e-10   1.2353060e-06  -3.8791030e-03   3.6373937e-02   4.3172739e-02  -3.0418000e-04  -7.1973093e-05   1.0837200e-05   1.5047440e-05   1.3230633e-03   1.8638854e-03   9.2525472e-08   5.1801261e-09   1.1744490e-10
   1.0000000e+00  -9.9859109e-02  -3.0336794e-02   6.7197249e-02  -8.0494770e-04   5.2955916e-05  -1.2880882e-03   9.9718417e-03   9.2032107e-04   4.5154703e-03   6.4794080e-07   2.8043290e-09   1.6591712e-06  -8.9624260e-03  -1.5035100e-03   1.2010266e-02  -1.7675761e-04   8.1268317e-05  -1.7664500e-04   8.0325080e-05   2.2605423e-06   1.4424649e-04   3.1243253e-08   6.6045393e-09   3.1203456e-08
   1.0000000e+00  -1.0317697e-01  -3.9510168e-02   9.3020345e-02  -1.0036661e-03   1.4148325e-04  -1.1376568e-03   1.0645487e-02   1.5610534e-03   8.6527846e-03   1.0073456e-06   2.0017510e-08   1.2942630e-06  -3.3178610e-03  -9.1733740e-03   2.5823096e-02  -1.9871840e-04   8.8527334e-05   1.5043140e-04   1.1008202e-05   8.4150791e-05   6.6683229e-04   3.9489002e-08   7.8370889e-09   2.2629606e-08
   1.0000000e+00  -9.7804070e-02  -9.7636037e-03   3.9755332e-02  -1.0842252e-03  -2.0283527e-05  -1.2242533e-03   9.5656361e-03   9.5327957e-05   1.5804864e-03   1.1755443e-06   4.1142147e-10   1.4987961e-06   5.3729000e-03   2.9746564e-02  -5.3265013e-02  -8.0559100e-05  -1.6176678e-04  -8.6596500e-05   2.8868054e-05   8.8485809e-04   2.8371616e-03   6.4897686e-09   2.6168490e-08   7.4989538e-09
   1.0000000e+00  -1.0449162e-01  -1.6806252e-02   8.5914992e-02  -1.1044934e-03  -1.7610702e-05  -1.1496974e-03   1.0918499e-02   2.8245011e-04   7.3813859e-03   1.2199057e-06   3.1013682e-10   1.3218041e-06  -6.6875500e-03  -7.0426483e-03   4.6159660e-02  -2.0268200e-05   2.6728250e-06   7.4555900e-05   4.4723325e-05   4.9598895e-05   2.1307142e-03   4.1079993e-10   7.1439935e-12   5.5585822e-09
   1.0000000e+00  -1.1551094e-01  -2.5804603e-02   7.0297869e-02  -1.5866142e-03   3.4011858e-05  -1.3472169e-03   1.3342777e-02   6.6587754e-04   4.9417904e-03   2.5173446e-06   1.1568065e-09   1.8149934e-06  -1.1019320e-02  -8.9983510e-03  -1.5617123e-02  -4.8212080e-04   5.1622560e-05  -1.9751950e-04   1.2142541e-04   8.0970321e-05   2.4389453e-04   2.3244047e-07   2.6648887e-09   3.9013953e-08
   1.0000000e+00  -8.4729089e-02  -1.0984762e-02   9.8921819e-02  -8.0562900e-04   1.5161918e-04  -9.9606431e-04   7.1790185e-03   1.2066500e-04   9.7855263e-03   6.4903809e-07   2.2988376e-08   9.9214411e-07   3.0781851e-02   1.4819841e-02   2.8623950e-02   7.8098520e-04   1.1760732e-04   3.5115259e-04   9.4752235e-04   2.1962769e-04   8.1933051e-04   6.0993788e-07   1.3831482e-08   1.2330814e-07
   1.0000000e+00  -8.6090203e-02  -9.8093600e-03   7.7995354e-02  -2.0211432e-03   2.3020425e-04  -1.2363966e-03   7.4115231e-03   9.6223544e-05   6.0832752e-03   4.0850198e-06   5.2993997e-08   1.5286766e-06  -1.3611140e-03   1.1754020e-03  -2.0926465e-02  -1.2155142e-03   7.8585070e-05  -2.4033229e-04   1.8526313e-06   1.3815699e-06   4.3791694e-04   1.4774748e-06   6.1756132e-09   5.7759610e-08
   1.0000000e+00  -8.8165506e-02   1.7263579e-02   8.5989485e-02  -1.6314448e-03   2.6559312e-04  -1.1427903e-03   7.7731564e-03   2.9803116e-04   7.3941915e-03   2.6616121e-06   7.0539705e-08   1.3059697e-06  -2.0753030e-03   2.7072939e-02   7.9941310e-03   3.8969840e-04   3.5388870e-05   9.3606300e-05   4.3068825e-06   7.3294403e-04   6.3906130e-05   1.5186484e-07   1.2523721e-09   8.7621394e-09
   1.0000000e+00  -8.5672432e-02   1.6589692e-02   1.3506609e-01  -2.8808455e-03   1.0013910e-04  -1.3040932e-03   7.3397656e-03   2.7521788e-04   1.8242849e-02   8.2992708e-06   1.0027839e-08   1.7006591e-06   2.4930740e-03  -6.7388700e-04   4.9076605e-02  -1.2494007e-03  -1.6545402e-04  -1.6130290e-04   6.2154180e-06   4.5412369e-07   2.4085132e-03   1.5610021e-06   2.7375033e-08   2.6018626e-08
   1.0000000e+00  -8.7288548e-02   2.5907696e-02   1.5956742e-01  -2.1133277e-03   2.2536431e-04  -1.1042259e-03   7.6192906e-03   6.7120871e-04   2.5461762e-02   4.4661540e-06   5.0789072e-08   1.2193148e-06  -1.6161160e-03   9.3180040e-03   2.4501330e-02   7.6751780e-04   1.2522521e-04   1.9986730e-04   2.6118309e-06   8.6825199e-05   6.0031517e-04   5.8908357e-07   1.5681353e-08   3.9946938e-08
   1.0000000e+00  -9.2952422e-02   6.2173479e-02   2.2434001e-01  -3.5388284e-03   1.3895560e-04  -1.2235772e-03   8.6401528e-03   3.8655415e-03   5.0328440e-02   1.2523306e-05   1.9308659e-08   1.4971412e-06  -5.6638740e-03   3.6265783e-02   6.4772590e-02  -1.4255007e-03  -8.6408710e-05  -1.1935130e-04   3.2079469e-05   1.3152070e-03   4.1954884e-03   2.0320522e-06   7.4664652e-09   1.4244733e-08
   1.0000000e+00  -8.5255287e-02   2.1416964e-02   1.8980988e-01  -3.1937373e-03   3.2677596e-05  -1.4428743e-03   7.2684640e-03   4.5868635e-04   3.6027791e-02   1.0199958e-05   1.0678253e-09   2.0818862e-06   7.6971350e-03  -4.0756515e-02  -3.4530130e-02   3.4509110e-04  -1.0627800e-04  -2.1929710e-04   5.9245887e-05   1.6610935e-03   1.1923299e-03   1.1908787e-07   1.1295014e-08   4.8091218e-08
   1.0000000e+00  -9.6704857e-02   5.4585564e-02   1.7987290e-01  -3.0230661e-03   3.4657756e-04  -1.4723159e-03   9.3518294e-03   2.9795838e-03   3.2354260e-02   9.1389286e-06   1.2011601e-07   2.1677141e-06  -1.1449570e-02   3.3168600e-02  -9.9369800e-03   1.7067120e-04   3.1389996e-04  -2.9441600e-05   1.3109265e-04   1.1001560e-03   9.8743572e-05   2.9128659e-08   9.8533187e-08   8.6680781e-10
   1.0000000e+00  -8.3026485e-02   2.8187982e-02   1.7936696e-01  -4.2789985e-03   1.5794541e-04  -1.4419515e-03   6.8933972e-03   7.9456233e-04   3.2172506e-02   1.8309828e-05   2.4946753e-08   2.0792241e-06   1.3678372e-02  -2.6397582e-02  -5.0594000e-04  -1.2559324e-03  -1.8863215e-04   3.0364400e-05   1.8709786e-04   6.9683234e-04   2.5597528e-07   1.5773662e-06   3.5582088e-08   9.2199679e-10
   1.0000000e+00  -9.2977050e-02   9.3531085e-03   1.4427754e-01  -3.6666886e-03   3.8958517e-04  -1.4273795e-03   8.6447318e-03   8.7480639e-05   2.0816009e-02   1.3444605e-05   1.5177660e-07   2.0374122e-06  -9.9505650e-03  -1.8834874e-02  -3.5089420e-02   6.1230990e-04   2.3163976e-04   1.4572000e-05   9.9013744e-05   3.5475246e-04   1.2312674e-03   3.7492341e-07   5.3656978e-08   2.1234318e-10
   1.0000000e+00  -1.0028079e-01  -1.6743853e-02   1.7791761e-01  -3.4060478e-03   7.2438298e-05  -1.5602668e-03   1.0056237e-02   2.8035661e-04   3.1654676e-02   1.1601162e-05   5.2473070e-09   2.4344325e-06  -7.3037400e-03  -2.6096962e-02   3.3640070e-02   2.6064080e-04  -3.1714687e-04  -1.3288730e-04   5.3344618e-05   6.8105140e-04   1.1316543e-03   6.7933627e-08   1.0058214e-07   1.7659035e-08
   1.0000000e+00  -1.0098196e-01  -5.5253891e-03   1.6779949e-01  -3.4473087e-03   2.2937804e-04  -1.5542356e-03   1.0197356e-02   3.0529925e-05   2.8156669e-02   1.1883937e-05   5.2614285e-08   2.4156483e-06  -7.0117000e-04   1.1218464e-02  -1.0118120e-02  -4.1260900e-05   1.5693974e-04   6.0312000e-06   4.9163937e-07   1.2585393e-04   1.0237635e-04   1.7024619e-09   2.4630083e-08   3.6375373e-11
   1.0000000e+00  -1.1369071e-01   2.5112200e-04   1.5574173e-01  -3.4022505e-03   5.7863041e-05  -1.6719877e-03   1.2925578e-02   6.3062259e-08   2.4255486e-02   1.1575308e-05   3.3481315e-09   2.7955429e-06  -1.2708750e-02   5.7765111e-03  -1.2057760e-02   4.5058200e-05  -1.7151500e-04  -1.1775210e-04   1.6151233e-04   3.3368080e-05   1.4538958e-04   2.0302414e-09   2.9417395e-08   1.3865557e-08
   1.0000000e+00  -1.1294916e-01  -2.1298165e-03   1.6449623e-01  -3.9545667e-03   2.7221096e-04  -1.6641196e-03   1.2757513e-02   4.5361183e-06   2.7059010e-02   1.5638598e-05   7.4098807e-08   2.7692940e-06   7.4155000e-04  -2.3809385e-03   8.7545000e-03  -5.5231620e-04   2.1434792e-04   7.8681000e-06   5.4989640e-07   5.6688681e-06   7.6641270e-05   3.0505318e-07   4.5945030e-08   6.1906998e-11
   1.0000000e+00  -1.2148823e-01   1.5491420e-02   2.0567881e-01  -4.2422203e-03   8.4455860e-05  -1.7799958e-03   1.4759390e-02   2.3998409e-04   4.2303773e-02   1.7996433e-05   7.1327923e-09   3.1683850e-06  -8.5390700e-03   1.7621237e-02   4.1182580e-02  -2.8765360e-04  -1.8775510e-04  -1.1587620e-04   7.2915716e-05   3.1050798e-04   1.6960049e-03   8.2744594e-08   3.5251978e-08   1.3427294e-08
   1.0000000e+00  -1.0419910e-01  -4.1567011e-03   1.8396252e-01  -3.5850949e-03   2.0148985e-04  -1.5994199e-03   1.0857452e-02   1.7278164e-05   3.3842209e-02   1.2852905e-05   4.0598160e-08   2.5581440e-06   1.7289130e-02  -1.9648121e-02  -2.1716290e-02   6.5712540e-04   1.1703399e-04   1.8057590e-04   2.9891402e-04   3.8604866e-04   4.7159725e-04   4.3181379e-07   1.3696955e-08   3.2607656e-08
   1.0000000e+00  -1.1619025e-01   2.1798663e-02   2.0480768e-01  -3.9004353e-03  -4.7057030e-05  -1.7460802e-03   1.3500174e-02   4.7518171e-04   4.1946186e-02   1.5213396e-05   2.2143641e-09   3.0487961e-06  -1.1991150e-02   2.5955364e-02   2.0845160e-02  -3.1534040e-04  -2.4854688e-04  -1.4666030e-04   1.4378768e-04   6.7368093e-04   4.3452070e-04   9.9439568e-08   6.1775552e-08   2.1509244e-08
   1.0000000e+00  -1.0437063e-01  -7.6987574e-03   2.0436710e-01  -4.0861025e-03   2.0036703e-04  -1.5221913e-03   1.0893228e-02   5.9270866e-05   4.1765912e-02   1.6696234e-05   4.0146947e-08   2.3170664e-06   1.1819620e-02  -2.9497420e-02  -4.4058000e-04  -1.8566720e-04   2.4742406e-04   2.2388890e-04   1.3970342e-04   8.7009781e-04   1.9411074e-07   3.4472309e-08   6.1218665e-08   5.0126240e-08
   1.0000000e+00  -1.1452777e-01   1.4397835e-02   2.3513901e-01  -4.6049242e-03   2.7306889e-05  -1.8485453e-03   1.3116610e-02   2.0729765e-04   5.5290354e-02   2.1205327e-05   7.4566619e-10   3.4171197e-06  -1.0157140e-02   2.2096592e-02   3.0771910e-02  -5.1882170e-04  -1.7306014e-04  -3.2635400e-04   1.0316749e-04   4.8825940e-04   9.4691045e-04   2.6917596e-07   2.9949812e-08   1.0650693e-07
   1.0000000e+00  -9.2557270e-02  -2.9051562e-02   2.4364062e-01  -4.9327243e-03  -4.3997270e-05  -1.5924219e-03   8.5668482e-03   8.4399325e-04   5.9360752e-02   2.4331769e-05   1.9357598e-09   2.5358075e-06   2.1970500e-02  -4.3449397e-02   8.5016100e-03  -3.2780010e-04  -7.1304159e-05   2.5612340e-04   4.8270287e-04   1.8878501e-03   7.2277373e-05   1.0745291e-07   5.0842831e-09   6.5599196e-08
   1.0000000e+00  -1.0537737e-01   9.4630664e-03   2.3108151e-01  -4.4099289e-03   9.6812763e-05  -1.7690042e-03   1.1104390e-02   8.9549626e-05   5.3398664e-02   1.9447473e-05   9.3727111e-09   3.1293759e-06  -1.2820100e-02   3.8514628e-02  -1.2559110e-02   5.2279540e-04   1.4081003e-04  -1.7658230e-04   1.6435496e-04   1.4833766e-03   1.5773124e-04   2.7331503e-07   1.9827465e-08   3.1181309e-08
   1.0000000e+00  -1.1162702e-01  -1.8422048e-02   2.5262150e-01  -5.0788895e-03   1.1854363e-04  -1.7933558e-03   1.2460592e-02   3.3937185e-04   6.3817622e-02   2.5795119e-05   1.4052592e-08   3.2161250e-06  -6.2496500e-03  -2.7885114e-02   2.1539990e-02  -6.6896060e-04   2.1730867e-05  -2.4351600e-05   3.9058125e-05   7.7757961e-04   4.6397117e-04   4.4750828e-07   4.7223058e-10   5.9300042e-10
   1.0000000e+00  -1.2135754e-01   1.1353075e-03   1.8605930e-01  -4.2848381e-03   3.2198136e-04  -1.9113301e-03   1.4727653e-02   1.2889231e-06   3.4618063e-02   1.8359838e-05   1.0367200e-07   3.6531828e-06  -9.7305200e-03   1.9557355e-02  -6.6562200e-02   7.9405140e-04   2.0343773e-04  -1.1797430e-04   9.4683019e-05   3.8249015e-04   4.4305265e-03   6.3051763e-07   4.1386910e-08   1.3917935e-08
   1.0000000e+00  -1.0802242e-01  -1.9088520e-02   2.3346249e-01  -4.7336637e-03   1.4747916e-05  -1.8468281e-03   1.1668843e-02   3.6437160e-04   5.4504734e-02   2.2407572e-05   2.1750103e-10   3.4107740e-06   1.3335120e-02  -2.0223827e-02   4.7403190e-02  -4.4882560e-04  -3.0723344e-04   6.4502000e-05   1.7782543e-04   4.0900320e-04   2.2470624e-03   2.0144442e-07   9.4392389e-08   4.1605080e-09
   1.0000000e+00  -1.0324246e-01  -1.5979100e-02   2.3162617e-01  -5.2534826e-03   1.2920775e-04  -1.8166639e-03   1.0659006e-02   2.5533164e-04   5.3650683e-02   2.7599079e-05   1.6694643e-08   3.3002677e-06   4.7799600e-03   3.1094200e-03  -1.8363200e-03  -5.1981890e-04   1.1445983e-04   3.0164200e-05   2.2848018e-05   9.6684927e-06   3.3720711e-06   2.7021169e-07   1.3101054e-08   9.0987896e-10
   1.0000000e+00  -1.0435234e-01  -3.0690926e-02   2.2197973e-01  -4.5655924e-03   1.1605167e-04  -1.7930761e-03   1.0889411e-02   9.4193294e-04   4.9275001e-02   2.0844634e-05   1.3467990e-08   3.2151219e-06  -1.1098800e-03  -1.4711826e-02  -9.6464400e-03   6.8789020e-04  -1.3156080e-05   2.3587800e-05   1.2318336e-06   2.1643782e-04   9.3053805e-05   4.7319293e-07   1.7308244e-10   5.5638431e-10
   1.0000000e+00  -9.7529396e-02  -3.6423304e-02   2.1544173e-01  -4.6984611e-03  -6.5050233e-05  -1.8243313e-03   9.5119831e-03   1.3266571e-03   4.6415139e-02   2.2075537e-05   4.2315328e-09   3.3281847e-06   6.8229440e-03  -5.7323780e-03  -6.5380000e-03  -1.3286870e-04  -1.8110190e-04  -3.1255200e-05   4.6552565e-05   3.2860158e-05   4.2745444e-05   1.7654091e-08   3.2797899e-08   9.7688753e-10
   1.0000000e+00  -1.0357955e-01  -4.6820135e-02   2.3010592e-01  -4.4091996e-03   3.7057912e-05  -1.7541522e-03   1.0728723e-02   2.1921250e-03   5.2948734e-02   1.9441041e-05   1.3732888e-09   3.0770499e-06  -6.0501540e-03  -1.0396831e-02   1.4664190e-02   2.8926150e-04   1.0210814e-04   7.0179100e-05   3.6604363e-05   1.0809409e-04   2.1503847e-04   8.3672215e-08   1.0426073e-08   4.9251061e-09
   1.0000000e+00  -9.4401373e-02  -2.1362017e-02   2.3412591e-01  -5.0054215e-03   8.1950116e-05  -1.8138468e-03   8.9116192e-03   4.5633577e-04   5.4814942e-02   2.5054244e-05   6.7158215e-09   3.2900402e-06   9.1781770e-03   2.5458118e-02   4.0199900e-03  -5.9622190e-04   4.4892204e-05  -5.9694600e-05   8.4238933e-05   6.4811577e-04   1.6160320e-05   3.5548055e-07   2.0153100e-09   3.5634453e-09
   1.0000000e+00  -9.8671999e-02  -4.9397936e-02   2.1221978e-01  -4.3259129e-03   9.3829191e-05  -1.8188491e-03   9.7361634e-03   2.4401561e-03   4.5037235e-02   1.8713522e-05   8.8039171e-09   3.3082120e-06  -4.2706260e-03  -2.8035919e-02  -2.1906130e-02   6.7950860e-04   1.1879075e-05  -5.0023000e-06   1.8238246e-05   7.8601275e-04   4.7987853e-04   4.6173194e-07   1.4111242e-10   2.5023005e-11
   1.0000000e+00  -9.3159968e-02  -5.4330325e-02   2.2473239e-01  -4.7641628e-03   4.0218085e-05  -1.7062937e-03   8.6787796e-03   2.9517842e-03   5.0504647e-02   2.2697247e-05   1.6174944e-09   2.9114382e-06   5.5120310e-03  -4.9323890e-03   1.2512610e-02  -4.3824990e-04  -5.3611106e-05   1.1255540e-04   3.0382486e-05   2.4328461e-05   1.5656541e-04   1.9206297e-07   2.8741507e-09   1.2668718e-08
   1.0000000e+00  -1.0039737e-01  -4.8975059e-02   2.0552654e-01  -4.4789319e-03   1.5427518e-04  -1.7730385e-03   1.0079632e-02   2.3985564e-03   4.2241159e-02   2.0060831e-05   2.3800831e-08   3.1436655e-06  -7.2374020e-03   5.3552660e-03  -1.9205850e-02   2.8523090e-04   1.1405710e-04  -6.6744800e-05   5.2379988e-05   2.8678874e-05   3.6886467e-04   8.1356666e-08   1.3009021e-08   4.4548683e-09
   1.0000000e+00  -1.0739500e-01  -5.0789895e-02   2.2922535e-01  -4.4712716e-03   6.8614015e-05  -1.8453134e-03   1.1533686e-02   2.5796134e-03   5.2544261e-02   1.9992270e-05   4.7078831e-09   3.4051815e-06  -6.9976300e-03  -1.8148360e-03   2.3698810e-02   7.6603000e-06  -8.5661165e-05  -7.2274900e-05   4.8966826e-05   3.2936297e-06   5.6163360e-04   5.8680196e-11   7.3378352e-09   5.2236612e-09
   1.0000000e+00  -1.1433751e-01  -6.7572200e-02   2.1303168e-01  -4.6536331e-03   6.5087841e-05  -1.8488888e-03   1.3073066e-02   4.5660022e-03   4.5382497e-02   2.1656301e-05   4.2364270e-09   3.4183898e-06  -6.9425100e-03  -1.6782305e-02  -1.6193670e-02  -1.8236150e-04  -3.5261740e-06  -3.5754000e-06   4.8198445e-05   2.8164576e-04   2.6223495e-04   3.3255717e-08   1.2433903e-11   1.2783485e-11
   1.0000000e+00  -1.0220879e-01  -6.5502390e-02   2.2680927e-01  -4.3943773e-03   4.7903396e-05  -1.7474189e-03   1.0446637e-02   4.2905631e-03   5.1442445e-02   1.9310552e-05   2.2947353e-09   3.0534728e-06   1.2128720e-02   2.0698100e-03   1.3777590e-02   2.5925580e-04  -1.7184445e-05   1.0146990e-04   1.4710585e-04   4.2841134e-06   1.8982199e-04   6.7213570e-08   2.9530515e-10   1.0296141e-08
   1.0000000e+00  -9.6789486e-02  -7.5773153e-02   2.1817758e-01  -4.7754023e-03   8.4340405e-05  -1.7549772e-03   9.3682046e-03   5.7415707e-03   4.7601456e-02   2.2804467e-05   7.1133039e-09   3.0799450e-06   5.4193040e-03  -1.0270763e-02  -8.6316900e-03  -3.8102500e-04   3.6437009e-05  -7.5583000e-06   2.9368856e-05   1.0548857e-04   7.4506072e-05   1.4518005e-07   1.3276556e-09   5.7127899e-11
   1.0000000e+00  -8.4069399e-02  -5.4894046e-02   2.1429642e-01  -4.9016149e-03   8.7168667e-05  -1.7175360e-03   7.0676638e-03   3.0133563e-03   4.5922956e-02   2.4025829e-05   7.5983765e-09   2.9499299e-06   1.2720087e-02   2.0879107e-02  -3.8811600e-03  -1.2621260e-04   2.8282620e-06   3.7441200e-05   1.6180061e-04   4.3593711e-04   1.5063403e-05   1.5929620e-08   7.9990659e-12   1.4018435e-09
   1.0000000e+00  -8.9717683e-02  -5.2001526e-02   2.1178118e-01  -4.4953776e-03  -6.7213455e-06  -1.5858699e-03   8.0492626e-03   2.7041587e-03   4.4851268e-02   2.0208420e-05   4.5176485e-11   2.5149833e-06  -5.6482840e-03   2.8925200e-03  -2.5152400e-03   4.0623730e-04  -9.3890012e-05   1.3166610e-04   3.1903112e-05   8.3666720e-06   6.3264323e-06   1.6502874e-07   8.8153344e-09   1.7335962e-08
   1.0000000e+00  -8.6944767e-02  -5.2421624e-02   2.2112710e-01  -4.7725562e-03  -5.0872750e-05  -1.6956261e-03   7.5593925e-03   2.7480267e-03   4.8897194e-02   2.2777293e-05   2.5880367e-09   2.8751479e-06   2.7729160e-03  -4.2009800e-04   9.3459200e-03  -2.7717860e-04  -4.4151405e-05  -1.0975620e-04   7.6890631e-06   1.7648233e-07   8.7346221e-05   7.6827976e-08   1.9493465e-09   1.2046423e-08
   1.0000000e+00  -9.8239969e-02  -6.5037497e-02   2.0339208e-01  -4.6426930e-03   2.3734215e-04  -1.8627965e-03   9.6510915e-03   4.2298760e-03   4.1368338e-02   2.1554598e-05   5.6331296e-08   3.4700108e-06  -1.1295202e-02  -1.2615873e-02  -1.7735020e-02   1.2986320e-04   2.8821490e-04  -1.6717040e-04   1.2758159e-04   1.5916025e-04   3.1453093e-04   1.6864451e-08   8.3067829e-08   2.7945943e-08
   1.0000000e+00  -9.2498545e-02  -9.2845347e-02   2.3428149e-01  -5.2961926e-03  -3.4669008e-05  -1.7040718e-03   8.5559808e-03   8.6202585e-03   5.4887817e-02   2.8049656e-05   1.2019401e-09   2.9038607e-06   5.7414240e-03  -2.7807850e-02   3.0889410e-02  -6.5349960e-04  -2.7201116e-04   1.5872470e-04   3.2963950e-05   7.7327652e-04   9.5415565e-04   4.2706173e-07   7.3990070e-08   2.5193530e-08
   1.0000000e+00  -1.0286899e-01  -5.4115767e-02   1.7614552e-01  -4.7820364e-03   3.7700417e-04  -1.7264845e-03   1.0582029e-02   2.9285162e-03   3.1027244e-02   2.2867872e-05   1.4213214e-07   2.9807487e-06  -1.0370445e-02   3.8729580e-02  -5.8135970e-02   5.1415620e-04   4.1167318e-04  -2.2412700e-05   1.0754613e-04   1.4999804e-03   3.3797910e-03   2.6435660e-07   1.6947481e-07   5.0232912e-10
   1.0000000e+00  -1.0256525e-01  -8.3140731e-02   1.9264633e-01  -4.7704295e-03  -6.5494279e-05  -1.7702446e-03   1.0519631e-02   6.9123812e-03   3.7112608e-02   2.2756998e-05   4.2895006e-09   3.1337659e-06   3.0374000e-04  -2.9024964e-02   1.6500810e-02   1.1606900e-05  -4.4249845e-04  -4.3760100e-05   9.2257988e-08   8.4244854e-04   2.7227673e-04   1.3472013e-10   1.9580488e-07   1.9149464e-09
   1.0000000e+00  -8.9975716e-02  -9.9951447e-02   1.9944722e-01  -5.1053391e-03   1.8088936e-04  -1.6412023e-03   8.0956295e-03   9.9902918e-03   3.9779194e-02   2.6064487e-05   3.2720961e-08   2.6935450e-06   1.2589534e-02  -1.6810716e-02   6.8008900e-03  -3.3490960e-04   2.4638364e-04   1.2904230e-04   1.5849637e-04   2.8260017e-04   4.6252105e-05   1.1216444e-07   6.0704898e-08   1.6651915e-08
   1.0000000e+00  -1.0072798e-01  -7.3208216e-02   2.3014663e-01  -5.1492125e-03  -6.9813651e-05  -1.8057812e-03   1.0146126e-02   5.3594429e-03   5.2967471e-02   2.6514389e-05   4.8739459e-09   3.2608457e-06  -1.0752264e-02   2.6743231e-02   3.0699410e-02  -4.3873400e-05  -2.5070301e-04  -1.6457890e-04   1.1561118e-04   7.1520040e-04   9.4245377e-04   1.9248752e-09   6.2852000e-08   2.7086214e-08
   1.0000000e+00  -1.0258608e-01  -1.0349483e-01   2.2257187e-01  -5.4303470e-03   2.4295036e-04  -1.7724001e-03   1.0523904e-02   1.0711180e-02   4.9538237e-02   2.9488669e-05   5.9024877e-08   3.1414021e-06  -1.8581000e-03  -3.0286614e-02  -7.5747600e-03  -2.8113450e-04   3.1276401e-04   3.3381100e-05   3.4525356e-06   9.1727899e-04   5.7376989e-05   7.9036607e-08   9.7821327e-08   1.1142978e-09
   1.0000000e+00  -1.1445121e-01  -7.2966379e-02   2.3028192e-01  -5.0741284e-03  -5.8051844e-05  -1.9512788e-03   1.3099079e-02   5.3240925e-03   5.3029763e-02   2.5746779e-05   3.3700166e-09   3.8074890e-06  -1.1865130e-02   3.0528451e-02   7.7100500e-03   3.5621860e-04  -3.0100220e-04  -1.7887870e-04   1.4078131e-04   9.3198632e-04   5.9444871e-05   1.2689169e-07   9.0602327e-08   3.1997589e-08
   1.0000000e+00  -1.4198256e-01  -1.3723024e-01   8.0460819e-02  -4.2193581e-03   1.2140391e-03  -1.9339577e-03   2.0159047e-02   1.8832139e-02   6.4739434e-03   1.7802983e-05   1.4738909e-06   3.7401924e-06  -2.7531350e-02  -6.4263861e-02  -1.4982110e-01   8.5477030e-04   1.2720909e-03   1.7321100e-05   7.5797523e-04   4.1298438e-03   2.2446362e-02   7.3063227e-07   1.6182154e-06   3.0002051e-10
   1.0000000e+00  -1.7580674e-01  -1.4785808e-01   2.4088753e-02  -1.7593186e-03   2.1568738e-03  -1.8997555e-03   3.0908010e-02   2.1862012e-02   5.8026802e-04   3.0952019e-06   4.6521046e-06   3.6090710e-06  -3.3824180e-02  -1.0627840e-02  -5.6372066e-02   2.4600395e-03   9.4283470e-04   3.4202200e-05   1.1440752e-03   1.1295098e-04   3.1778098e-03   6.0517943e-06   8.8893727e-07   1.1697905e-09
   1.0000000e+00  -1.1723948e-01  -1.4294796e-01   1.1760429e-01  -3.4060578e-03   8.7381181e-04  -1.6778260e-03   1.3745096e-02   2.0434119e-02   1.3830769e-02   1.1601230e-05   7.6354708e-07   2.8151001e-06   5.8567260e-02   4.9101200e-03   9.3515537e-02  -1.6467392e-03  -1.2830620e-03   2.2192950e-04   3.4301239e-03   2.4109278e-05   8.7451557e-03   2.7117500e-06   1.6462481e-06   4.9252703e-08
   1.0000000e+00  -1.5134537e-01  -1.1547741e-01   9.4563384e-02  -2.9504691e-03   1.7517682e-03  -1.9422821e-03   2.2905421e-02   1.3335032e-02   8.9422336e-03   8.7052679e-06   3.0686918e-06   3.7724598e-06  -3.4105890e-02   2.7470550e-02  -2.3040906e-02   4.5558870e-04   8.7795639e-04  -2.6445610e-04   1.1632117e-03   7.5463112e-04   5.3088335e-04   2.0756106e-07   7.7080742e-07   6.9937029e-08
   1.0000000e+00  -1.3715767e-01  -1.2748893e-01   1.8004703e-01  -4.2804103e-03   1.1340268e-03  -1.8380605e-03   1.8812226e-02   1.6253427e-02   3.2416933e-02   1.8321912e-05   1.2860168e-06   3.3784664e-06   1.4187700e-02  -1.2011520e-02   8.5483646e-02  -1.3299412e-03  -6.1774140e-04   1.0422160e-04   2.0129083e-04   1.4427661e-04   7.3074537e-03   1.7687436e-06   3.8160444e-07   1.0862142e-08
   1.0000000e+00  -1.4462358e-01  -9.5520208e-02   2.0239100e-01  -4.4924826e-03   1.6071477e-03  -1.9372495e-03   2.0915980e-02   9.1241101e-03   4.0962117e-02   2.0182400e-05   2.5829237e-06   3.7529356e-06  -7.4659100e-03   3.1968722e-02   2.2343970e-02  -2.1207230e-04   4.7312090e-04  -9.9189000e-05   5.5739812e-05   1.0219992e-03   4.9925300e-04   4.4974660e-08   2.2384339e-07   9.8384577e-09
   1.0000000e+00  -1.2539762e-01  -1.2745309e-01   2.2476861e-01  -4.7298563e-03   9.6010247e-04  -1.8937743e-03   1.5724563e-02   1.6244290e-02   5.0520928e-02   2.2371541e-05   9.2179675e-07   3.5863811e-06   1.9225960e-02  -3.1932882e-02   2.2377610e-02  -2.3737370e-04  -6.4704523e-04   4.3475200e-05   3.6963754e-04   1.0197090e-03   5.0075743e-04   5.6346273e-08   4.1866753e-07   1.8900930e-09
   1.0000000e+00  -1.1969638e-01  -1.5068906e-01   1.9897499e-01  -5.1442786e-03   1.2206659e-03  -1.8511885e-03   1.4327223e-02   2.2707193e-02   3.9591047e-02   2.6463602e-05   1.4900252e-06   3.4268989e-06   5.7012400e-03  -2.3235970e-02  -2.5793620e-02  -4.1442230e-04   2.6056343e-04   4.2585800e-05   3.2504138e-05   5.3991030e-04   6.6531083e-04   1.7174584e-07   6.7893301e-08   1.8135504e-09
   1.0000000e+00  -1.2343881e-01  -1.3257155e-01   1.7182244e-01  -5.0310550e-03   1.0065426e-03  -2.0488529e-03   1.5237140e-02   1.7575216e-02   2.9522951e-02   2.5311514e-05   1.0131280e-06   4.1977982e-06  -3.7424300e-03   1.8117510e-02  -2.7152550e-02   1.1322360e-04  -2.1412330e-04  -1.9766440e-04   1.4005782e-05   3.2824417e-04   7.3726097e-04   1.2819584e-08   4.5848788e-08   3.9071215e-08
   1.0000000e+00  -1.2162474e-01  -1.2830079e-01   1.6546307e-01  -5.1605013e-03   1.3084235e-03  -1.8841189e-03   1.4792577e-02   1.6461093e-02   2.7378028e-02   2.6630774e-05   1.7119721e-06   3.5499040e-06   1.8140700e-03   4.2707600e-03  -6.3593700e-03  -1.2944630e-04   3.0188090e-04   1.6473400e-04   3.2908500e-06   1.8239391e-05   4.0441587e-05   1.6756345e-08   9.1132078e-08   2.7137291e-08
   1.0000000e+00  -1.2498943e-01  -1.3986602e-01   1.4549404e-01  -4.2809407e-03   1.0619465e-03  -1.8885204e-03   1.5622358e-02   1.9562504e-02   2.1168516e-02   1.8326453e-05   1.1277304e-06   3.5665093e-06  -3.3646900e-03  -1.1565230e-02  -1.9969030e-02   8.7956060e-04  -2.4647700e-04  -4.4015000e-06   1.1321139e-05   1.3375454e-04   3.9876216e-04   7.7362685e-07   6.0750912e-08   1.9373202e-11
   1.0000000e+00  -1.4283527e-01  -1.6429856e-01   1.7398778e-01  -4.1621963e-03   9.3250553e-04  -1.9108737e-03   2.0401914e-02   2.6994017e-02   3.0271748e-02   1.7323878e-05   8.6956656e-07   3.6514383e-06  -1.7845840e-02  -2.4432540e-02   2.8493740e-02   1.1874440e-04  -1.2944097e-04  -2.2353300e-05   3.1847401e-04   5.9694901e-04   8.1189322e-04   1.4100233e-08   1.6754965e-08   4.9967002e-10
   1.0000000e+00  -1.5757752e-01  -1.2618768e-01   1.5222509e-01  -4.3410299e-03   9.1966940e-04  -2.2931588e-03   2.4830675e-02   1.5923331e-02   2.3172478e-02   1.8844541e-05   8.4579181e-07   5.2585773e-06  -1.4742250e-02   3.8110880e-02  -2.1762690e-02  -1.7883360e-04  -1.2836130e-05  -3.8228510e-04   2.1733394e-04   1.4524392e-03   4.7361468e-04   3.1981456e-08   1.6476623e-10   1.4614190e-07
   1.0000000e+00  -1.3092961e-01  -1.4495255e-01   1.7539307e-01  -4.4610682e-03   8.7506859e-04  -1.8793210e-03   1.7142563e-02   2.1011242e-02   3.0762729e-02   1.9901129e-05   7.6574504e-07   3.5318474e-06   2.6647910e-02  -1.8764870e-02   2.3167980e-02  -1.2003830e-04  -4.4600810e-05   4.1383780e-04   7.1011111e-04   3.5212035e-04   5.3675530e-04   1.4409193e-08   1.9892323e-09   1.7126172e-07
   1.0000000e+00  -1.2474020e-01  -1.3983926e-01   1.4204341e-01  -4.5547054e-03   1.1468344e-03  -1.7909135e-03   1.5560117e-02   1.9555019e-02   2.0176330e-02   2.0745341e-05   1.3152291e-06   3.2073712e-06   6.1894100e-03   5.1132900e-03  -3.3349660e-02  -9.3637200e-05   2.7176581e-04   8.8407500e-05   3.8308796e-05   2.6145735e-05   1.1121998e-03   8.7679252e-09   7.3856655e-08   7.8158861e-09
   1.0000000e+00  -1.0830884e-01  -1.4114685e-01   1.8187539e-01  -4.0939961e-03   8.6955163e-04  -1.6914802e-03   1.1730805e-02   1.9922433e-02   3.3078657e-02   1.6760804e-05   7.5612004e-07   2.8611053e-06   1.6431360e-02  -1.3075900e-03   3.9831980e-02   4.6070930e-04  -2.7728277e-04   9.9433300e-05   2.6998959e-04   1.7097916e-06   1.5865866e-03   2.1225306e-07   7.6885735e-08   9.8869811e-09
   1.0000000e+00  -1.0006172e-01  -1.6687415e-01   1.4130661e-01  -3.8811371e-03   9.5985593e-04  -1.5841113e-03   1.0012348e-02   2.7846982e-02   1.9967558e-02   1.5063225e-05   9.2132341e-07   2.5094086e-06   8.2471200e-03  -2.5727300e-02  -4.0568780e-02   2.1285900e-04   9.0304300e-05   1.0736890e-04   6.8014988e-05   6.6189397e-04   1.6458259e-03   4.5308954e-08   8.1548666e-09   1.1528081e-08
   1.0000000e+00  -1.1969328e-01  -1.4085835e-01   1.8683920e-01  -3.7547378e-03   8.8230628e-04  -1.8122797e-03   1.4326481e-02   1.9841075e-02   3.4908887e-02   1.4098056e-05   7.7846437e-07   3.2843577e-06  -1.9631560e-02   2.6015800e-02   4.5532590e-02   1.2639930e-04  -7.7549650e-05  -2.2816840e-04   3.8539815e-04   6.7682185e-04   2.0732168e-03   1.5976783e-08   6.0139482e-09   5.2060819e-08
   1.0000000e+00  -8.8423546e-02  -1.6982060e-01   1.3913233e-01  -3.8329304e-03   7.5770089e-04  -1.3007032e-03   7.8187235e-03   2.8839036e-02   1.9357805e-02   1.4691355e-05   5.7411064e-07   1.6918288e-06   3.1269734e-02  -2.8962250e-02  -4.7706870e-02  -7.8192600e-05  -1.2460539e-04   5.1157650e-04   9.7779626e-04   8.3881193e-04   2.2759454e-03   6.1140827e-09   1.5526503e-08   2.6171052e-07
   1.0000000e+00  -9.9685958e-02  -1.4763255e-01   1.4257621e-01  -3.4601597e-03   8.5065272e-04  -1.4691468e-03   9.9372902e-03   2.1795370e-02   2.0327976e-02   1.1972705e-05   7.2361005e-07   2.1583923e-06  -1.1262412e-02   2.2188050e-02   3.4438800e-03   3.7277070e-04   9.2951830e-05  -1.6844360e-04   1.2684192e-04   4.9230956e-04   1.1860309e-05   1.3895799e-07   8.6400427e-09   2.8373246e-08
   1.0000000e+00  -1.0250292e-01  -1.8234427e-01   1.9005740e-01  -4.6445251e-03   1.0349765e-03  -1.5811868e-03   1.0506849e-02   3.3249433e-02   3.6121815e-02   2.1571613e-05   1.0711764e-06   2.5001517e-06  -2.8169620e-03  -3.4711720e-02   4.7481190e-02  -1.1843654e-03   1.8432378e-04  -1.1204000e-04   7.9352749e-06   1.2049035e-03   2.2544634e-03   1.4027214e-06   3.3975256e-08   1.2552962e-08
   1.0000000e+00  -1.0331173e-01  -1.3158388e-01   1.9519770e-01  -3.9177556e-03   8.9770568e-04  -1.5975203e-03   1.0673314e-02   1.7314317e-02   3.8102142e-02   1.5348809e-05   8.0587549e-07   2.5520711e-06  -8.0881000e-04   5.0760390e-02   5.1403000e-03   7.2676950e-04  -1.3727082e-04  -1.6333500e-05   6.5417362e-07   2.5766172e-03   2.6422684e-05   5.2819391e-07   1.8843278e-08   2.6678322e-10
   1.0000000e+00  -9.4404165e-02  -1.5800711e-01   2.2381106e-01  -4.6441681e-03   8.6664046e-04  -1.5068415e-03   8.9121464e-03   2.4966247e-02   5.0091391e-02   2.1568297e-05   7.5106569e-07   2.2705713e-06   8.9075650e-03  -2.6423230e-02   2.8613360e-02  -7.2641250e-04  -3.1065220e-05   9.0678800e-05   7.9344714e-05   6.9818708e-04   8.1872437e-04   5.2767512e-07   9.6504789e-10   8.2226448e-09
   1.0000000e+00  -1.1185582e-01  -1.3264733e-01   1.6952211e-01  -3.4731667e-03   9.8372827e-04  -1.5389320e-03   1.2511724e-02   1.7595314e-02   2.8737746e-02   1.2062887e-05   9.6772131e-07   2.3683117e-06  -1.7451655e-02   2.5359780e-02  -5.4288950e-02   1.1710014e-03   1.1708781e-04  -3.2090500e-05   3.0456026e-04   6.4311844e-04   2.9472901e-03   1.3712443e-06   1.3709555e-08   1.0298002e-09
   1.0000000e+00  -9.6230197e-02  -1.5092408e-01   1.8448588e-01  -4.2984440e-03   7.7244039e-04  -1.4748329e-03   9.2602508e-03   2.2778078e-02   3.4035040e-02   1.8476621e-05   5.9666416e-07   2.1751321e-06   1.5625623e-02  -1.8276750e-02   1.4963770e-02  -8.2527730e-04  -2.1128788e-04   6.4099100e-05   2.4416009e-04   3.3403959e-04   2.2391441e-04   6.8108262e-07   4.4642568e-08   4.1086946e-09
   1.0000000e+00  -1.3079187e-01  -1.0501391e-01   1.7784218e-01  -4.0887712e-03   1.1073028e-03  -1.8182308e-03   1.7106513e-02   1.1027921e-02   3.1627841e-02   1.6718050e-05   1.2261195e-06   3.3059632e-06  -3.4561673e-02   4.5910170e-02  -6.6437000e-03   2.0967280e-04   3.3486241e-04  -3.4339790e-04   1.1945092e-03   2.1077437e-03   4.4138750e-05   4.3962683e-08   1.1213283e-07   1.1792212e-07
   1.0000000e+00  -1.0305933e-01  -1.2007259e-01   2.1833296e-01  -4.3133640e-03   1.0948505e-03  -1.5228725e-03   1.0621226e-02   1.4417427e-02   4.7669281e-02   1.8605109e-05   1.1986976e-06   2.3191407e-06   2.7732540e-02  -1.5058680e-02   4.0490780e-02  -2.2459280e-04  -1.2452300e-05   2.9535830e-04   7.6909377e-04   2.2676384e-04   1.6395033e-03   5.0441926e-08   1.5505978e-10   8.7236525e-08
   1.0000000e+00  -1.0975790e-01  -1.1921054e-01   2.1145261e-01  -4.5579363e-03   1.2716721e-03  -1.6622959e-03   1.2046797e-02   1.4211153e-02   4.4712206e-02   2.0774783e-05   1.6171499e-06   2.7632277e-06  -6.6985700e-03   8.6205000e-04  -6.8803500e-03  -2.4457230e-04   1.7682160e-04  -1.3942340e-04   4.4870840e-05   7.4313020e-07   4.7339216e-05   5.9815610e-08   3.1265878e-08   1.9438884e-08
   1.0000000e+00  -7.9724300e-02  -1.6755176e-01   1.8564991e-01  -4.5513588e-03   8.3046423e-04  -1.4418473e-03   6.3559640e-03   2.8073592e-02   3.4465889e-02   2.0714867e-05   6.8967084e-07   2.0789236e-06   3.0033600e-02  -4.8341220e-02  -2.5802700e-02   6.5775000e-06  -4.4120787e-04   2.2044860e-04   9.0201713e-04   2.3368736e-03   6.6577933e-04   4.3263506e-11   1.9466438e-07   4.8597585e-08
   1.0000000e+00  -1.1716913e-01  -1.2574345e-01   1.5452696e-01  -4.0422781e-03   1.3987635e-03  -1.8019822e-03   1.3728605e-02   1.5811415e-02   2.3878581e-02   1.6340012e-05   1.9565393e-06   3.2471398e-06  -3.7444830e-02   4.1808310e-02  -3.1122950e-02   5.0908070e-04   5.6829927e-04  -3.6013490e-04   1.4021153e-03   1.7479348e-03   9.6863802e-04   2.5916316e-07   3.2296406e-07   1.2969715e-07
   1.0000000e+00  -1.1601330e-01  -1.8562582e-01   1.7083822e-01  -5.3821478e-03   1.0521822e-03  -1.8258358e-03   1.3459086e-02   3.4456945e-02   2.9185697e-02   2.8967515e-05   1.1070874e-06   3.3336764e-06   1.1558300e-03  -5.9882370e-02   1.6311260e-02  -1.3398697e-03  -3.4658130e-04  -2.3853600e-05   1.3359430e-06   3.5858982e-03   2.6605720e-04   1.7952508e-06   1.2011860e-07   5.6899423e-10
   1.0000000e+00  -1.1300480e-01  -1.9056638e-01   1.5375601e-01  -4.8922862e-03   1.1550531e-03  -1.6644558e-03   1.2770085e-02   3.6315545e-02   2.3640911e-02   2.3934464e-05   1.3341477e-06   2.7704131e-06   3.0085000e-03  -4.9405600e-03  -1.7082210e-02   4.8986160e-04   1.0287090e-04   1.6138000e-04   9.0510722e-06   2.4409133e-05   2.9180190e-04   2.3996439e-07   1.0582422e-08   2.6043504e-08
   1.0000000e+00  -1.1594093e-01  -2.1538176e-01   1.6471077e-01  -4.1873087e-03   9.6003050e-04  -1.7802608e-03   1.3442299e-02   4.6389303e-02   2.7129638e-02   1.7533554e-05   9.2165856e-07   3.1693285e-06  -2.9361300e-03  -2.4815380e-02   1.0954760e-02   7.0497750e-04  -1.9502260e-04  -1.1580500e-04   8.6208594e-06   6.1580308e-04   1.2000677e-04   4.9699328e-07   3.8033815e-08   1.3410798e-08
   1.0000000e+00  -1.2170578e-01  -2.1443017e-01   1.9111535e-01  -4.4377478e-03   8.9783824e-04  -2.0114660e-03   1.4812297e-02   4.5980298e-02   3.6525077e-02   1.9693606e-05   8.0611351e-07   4.0459955e-06  -5.7648500e-03   9.5159000e-04   2.6404580e-02  -2.5043910e-04  -6.2192260e-05  -2.3120520e-04   3.3233496e-05   9.0552353e-07   6.9720184e-04   6.2719743e-08   3.8678772e-09   5.3455845e-08
   1.0000000e+00  -1.4825138e-01  -2.0820426e-01   1.9255308e-01  -4.2307086e-03   8.7607546e-04  -2.1765859e-03   2.1978472e-02   4.3349014e-02   3.7076689e-02   1.7898895e-05   7.6750821e-07   4.7375262e-06  -2.6545600e-02   6.2259100e-03   1.4377300e-03   2.0703920e-04  -2.1762780e-05  -1.6511990e-04   7.0466888e-04   3.8761955e-05   2.0670676e-06   4.2865230e-08   4.7361859e-10   2.7264581e-08
   1.0000000e+00  -1.3945479e-01  -2.1315804e-01   1.9175476e-01  -4.1166809e-03   6.4844387e-04  -2.0247282e-03   1.9447638e-02   4.5436350e-02   3.6769888e-02   1.6947062e-05   4.2047945e-07   4.0995243e-06   8.7965900e-03  -4.9537800e-03  -7.9832000e-04   1.1402770e-04  -2.2763159e-04   1.5185770e-04   7.7379996e-05   2.4539936e-05   6.3731482e-07   1.3002316e-08   5.1816141e-08   2.3060761e-08
   1.0000000e+00  -1.2064485e-01  -2.0911550e-01   1.6858442e-01  -4.8228040e-03   1.0173638e-03  -1.9858941e-03   1.4555180e-02   4.3729292e-02   2.8420707e-02   2.3259438e-05   1.0350291e-06   3.9437754e-06   1.8809940e-02   4.0425400e-03  -2.3170340e-02  -7.0612310e-04   3.6891993e-04   3.8834100e-05   3.5381384e-04   1.6342130e-05   5.3686466e-04   4.9860983e-07   1.3610191e-07   1.5080873e-09
   1.0000000e+00  -1.2084760e-01  -2.3474672e-01   1.6907313e-01  -4.0047745e-03   1.0163241e-03  -1.9404145e-03   1.4604142e-02   5.5106023e-02   2.8585723e-02   1.6038219e-05   1.0329147e-06   3.7652084e-06  -2.0275000e-04  -2.5631220e-02   4.8871000e-04   8.1802950e-04  -1.0397000e-06   4.5479600e-05   4.1107563e-08   6.5695944e-04   2.3883746e-07   6.6917226e-07   1.0809761e-12   2.0683940e-09
   1.0000000e+00  -1.2761696e-01  -2.6037148e-01   1.8686921e-01  -5.5280665e-03   1.0382694e-03  -2.0017796e-03   1.6286088e-02   6.7793308e-02   3.4920102e-02   3.0559519e-05   1.0780033e-06   4.0071216e-06  -6.7693600e-03  -2.5624760e-02   1.7796080e-02  -1.5232920e-03   2.1945300e-05  -6.1365100e-05   4.5824235e-05   6.5662833e-04   3.1670046e-04   2.3204185e-06   4.8159619e-10   3.7656755e-09
   1.0000000e+00  -1.1919239e-01  -2.3646888e-01   1.8146328e-01  -4.2910912e-03   1.0697570e-03  -1.8749527e-03   1.4206826e-02   5.5917531e-02   3.2928922e-02   1.8413464e-05   1.1443800e-06   3.5154476e-06   8.4245700e-03   2.3902600e-02  -5.4059300e-03   1.2369753e-03   3.1487600e-05   1.2682690e-04   7.0973380e-05   5.7133429e-04   2.9224079e-05   1.5301079e-06   9.9146895e-10   1.6085063e-08
   1.0000000e+00  -1.4074859e-01  -2.7900250e-01   1.8742609e-01  -5.3130242e-03   9.7593349e-04  -2.2188695e-03   1.9810166e-02   7.7842395e-02   3.5128539e-02   2.8228226e-05   9.5244618e-07   4.9233819e-06  -2.1556200e-02  -4.2533620e-02   5.9628100e-03  -1.0219330e-03  -9.3823510e-05  -3.4391680e-04   4.6466976e-04   1.8091088e-03   3.5555103e-05   1.0443471e-06   8.8028510e-09   1.1827877e-07
   1.0000000e+00  -1.8449970e-01  -2.2230896e-01   1.6708633e-01  -4.3261124e-03   1.3547985e-03  -2.5451886e-03   3.4040139e-02   4.9421274e-02   2.7917842e-02   1.8715248e-05   1.8354790e-06   6.4779850e-06  -4.3751110e-02   5.6693540e-02  -2.0339760e-02   9.8691180e-04   3.7886501e-04  -3.2631910e-04   1.9141596e-03   3.2141575e-03   4.1370584e-04   9.7399490e-07   1.4353870e-07   1.0648416e-07
   1.0000000e+00  -1.6443222e-01  -2.6718811e-01   2.4523385e-01  -6.7335071e-03   1.3758896e-03  -2.2968475e-03   2.7037955e-02   7.1389486e-02   6.0139641e-02   4.5340118e-05   1.8930722e-06   5.2755084e-06   2.0067480e-02  -4.4879150e-02   7.8147520e-02  -2.4073947e-03   2.1091100e-05   2.4834110e-04   4.0270375e-04   2.0141381e-03   6.1070349e-03   5.7955492e-06   4.4483450e-10   6.1673302e-08
   1.0000000e+00  -1.8964426e-01  -1.9243093e-01   2.0255743e-01  -5.3109173e-03   1.3708014e-03  -2.5918921e-03   3.5964945e-02   3.7029663e-02   4.1029512e-02   2.8205843e-05   1.8790965e-06   6.7179047e-06  -2.5212040e-02   7.4757180e-02  -4.2676420e-02   1.4225898e-03  -5.0882000e-06  -2.9504460e-04   6.3564696e-04   5.5886360e-03   1.8212768e-03   2.0237617e-06   2.5889779e-11   8.7051316e-08
   1.0000000e+00  -1.8672172e-01  -3.4455711e-01   2.1630271e-01  -6.2702442e-03   9.0342077e-04  -2.3045046e-03   3.4865001e-02   1.1871960e-01   4.6786862e-02   3.9315962e-05   8.1616909e-07   5.3107415e-06   2.9225400e-03  -1.5212618e-01   1.3745280e-02  -9.5932690e-04  -4.6738063e-04   2.8738750e-04   8.5412401e-06   2.3142375e-02   1.8893272e-04   9.2030810e-07   2.1844465e-07   8.2591575e-08
   1.0000000e+00  -2.6740395e-01  -4.9229334e-01   2.4663576e-01  -6.8030181e-03   1.6550277e-03  -3.2123931e-03   7.1504872e-02   2.4235273e-01   6.0829198e-02   4.6281055e-05   2.7391167e-06   1.0319469e-05  -8.0682230e-02  -1.4773623e-01   3.0333050e-02  -5.3277390e-04   7.5160693e-04  -9.0788850e-04   6.5096222e-03   2.1825994e-02   9.2009392e-04   2.8384803e-07   5.6491298e-07   8.2426153e-07
   1.0000000e+00  -2.1725348e-01  -2.9061483e-01   3.1302484e-01  -6.7961339e-03   1.2546573e-03  -2.5514776e-03   4.7199075e-02   8.4456979e-02   9.7984550e-02   4.6187436e-05   1.5741649e-06   6.5100379e-06   5.0150470e-02   2.0167851e-01   6.6389080e-02   6.8842000e-06  -4.0037040e-04   6.6091550e-04   2.5150696e-03   4.0674221e-02   4.4075099e-03   4.7392210e-11   1.6029646e-07   4.3680930e-07
   1.0000000e+00  -2.2900227e-01  -2.7730596e-01   3.0613570e-01  -7.7007710e-03   1.4028375e-03  -2.6734111e-03   5.2442040e-02   7.6898595e-02   9.3719067e-02   5.9301874e-05   1.9679531e-06   7.1471269e-06  -1.1748790e-02   1.3308870e-02  -6.8891400e-03  -9.0463710e-04   1.4818020e-04  -1.2193350e-04   1.3803407e-04   1.7712602e-04   4.7460250e-05   8.1836828e-07   2.1957372e-08   1.4867778e-08
   1.0000000e+00  -2.4029026e-01  -2.0112535e-01   2.9699055e-01  -7.6578656e-03   1.3176459e-03  -2.9687687e-03   5.7739409e-02   4.0451406e-02   8.8203387e-02   5.8642906e-05   1.7361907e-06   8.8135876e-06  -1.1287990e-02   7.6180610e-02  -9.1451500e-03   4.2905400e-05  -8.5191600e-05  -2.9535760e-04   1.2741872e-04   5.8034853e-03   8.3633769e-05   1.8408733e-09   7.2576087e-09   8.7236112e-08
   1.0000000e+00  -2.2413191e-01  -2.2878140e-01   3.2837725e-01  -7.3656390e-03   1.1133090e-03  -2.7456914e-03   5.0235113e-02   5.2340929e-02   1.0783162e-01   5.4252638e-05   1.2394569e-06   7.5388213e-06   1.6158350e-02  -2.7656050e-02   3.1386700e-02   2.9222660e-04  -2.0433690e-04   2.2307730e-04   2.6109227e-04   7.6485710e-04   9.8512494e-04   8.5396386e-08   4.1753569e-08   4.9763482e-08
   1.0000000e+00  -2.3145381e-01  -2.1403544e-01   3.7575152e-01  -8.4713443e-03   1.0811607e-03  -2.8218528e-03   5.3570866e-02   4.5811170e-02   1.4118920e-01   7.1763674e-05   1.1689085e-06   7.9628532e-06  -7.3219000e-03   1.4745960e-02   4.7374270e-02  -1.1057053e-03  -3.2148300e-05  -7.6161400e-05   5.3610220e-05   2.1744334e-04   2.2443215e-03   1.2225842e-06   1.0335132e-09   5.8005588e-09
   1.0000000e+00  -2.3480118e-01  -2.1267766e-01   3.4353429e-01  -7.5367626e-03   1.0726685e-03  -2.9856395e-03   5.5131594e-02   4.5231787e-02   1.1801581e-01   5.6802790e-05   1.1506177e-06   8.9140432e-06  -3.3473700e-03   1.3577800e-03  -3.2217230e-02   9.3458170e-04  -8.4922000e-06  -1.6378670e-04   1.1204886e-05   1.8435665e-06   1.0379499e-03   8.7344295e-07   7.2117461e-11   2.6826083e-08
   1.0000000e+00  -2.3375611e-01  -2.5086539e-01   3.8094492e-01  -8.3914181e-03   1.1208234e-03  -2.9071374e-03   5.4641919e-02   6.2933444e-02   1.4511903e-01   7.0415898e-05   1.2562451e-06   8.4514479e-06   1.0450700e-03  -3.8187730e-02   3.7410630e-02  -8.5465550e-04   4.8154900e-05   7.8502100e-05   1.0921713e-06   1.4583027e-03   1.3995552e-03   7.3043602e-07   2.3188944e-09   6.1625797e-09
   1.0000000e+00  -2.6028517e-01  -2.1598580e-01   3.4385756e-01  -8.3511483e-03   6.5303669e-04  -3.6080466e-03   6.7748370e-02   4.6649866e-02   1.1823802e-01   6.9741678e-05   4.2645692e-07   1.3018000e-05  -2.6529060e-02   3.4879590e-02  -3.7087360e-02   4.0269800e-05  -4.6778671e-04  -7.0090920e-04   7.0379102e-04   1.2165858e-03   1.3754723e-03   1.6216568e-09   2.1882441e-07   4.9127371e-07
   1.0000000e+00  -2.6837728e-01  -2.3707198e-01   3.4042619e-01  -8.0836460e-03   8.9878795e-04  -3.8203512e-03   7.2026364e-02   5.6203124e-02   1.1588999e-01   6.5345333e-05   8.0781978e-07   1.4595083e-05  -8.0921100e-03  -2.1086180e-02  -3.4313700e-03   2.6750230e-04   2.4575126e-04  -2.1230460e-04   6.5482244e-05   4.4462699e-04   1.1774300e-05   7.1557481e-08   6.0393682e-08   4.5073243e-08
   1.0000000e+00  -2.6233999e-01  -2.6609330e-01   4.0065751e-01  -1.0599017e-02   1.2947510e-03  -3.6911133e-03   6.8822270e-02   7.0805644e-02   1.6052644e-01   1.1233916e-04   1.6763802e-06   1.3624317e-05   6.0372900e-03  -2.9021320e-02   6.0231320e-02  -2.5153710e-03   3.9596305e-04   1.2923790e-04   3.6448871e-05   8.4223701e-04   3.6278119e-03   6.3270913e-06   1.5678674e-07   1.6702435e-08
   1.0000000e+00  -2.8027197e-01  -2.0667823e-01   2.3628194e-01  -7.1878398e-03   1.0478923e-03  -3.7944453e-03   7.8552377e-02   4.2715891e-02   5.5829155e-02   5.1665041e-05   1.0980783e-06   1.4397815e-05  -1.7931980e-02   5.9415070e-02  -1.6437557e-01   3.4111772e-03  -2.4685870e-04  -1.0333200e-04   3.2155591e-04   3.5301505e-03   2.7019328e-02   1.1636130e-05   6.0939218e-08   1.0677502e-08
   1.0000000e+00  -2.5848406e-01  -2.7883836e-01   3.0681764e-01  -8.4903619e-03   1.1481118e-03  -3.6577882e-03   6.6814009e-02   7.7750831e-02   9.4137064e-02   7.2086245e-05   1.3181607e-06   1.3379415e-05   2.1787910e-02  -7.2160130e-02   7.0535700e-02  -1.3025221e-03   1.0021950e-04   1.3665710e-04   4.7471302e-04   5.2070844e-03   4.9752850e-03   1.6965638e-06   1.0043948e-08   1.8675163e-08
   1.0000000e+00  -3.2625973e-01  -2.2131654e-01   3.3417266e-01  -8.9451840e-03   9.1008104e-04  -4.9962670e-03   1.0644541e-01   4.8981011e-02   1.1167137e-01   8.0016317e-05   8.2824750e-07   2.4962684e-05  -6.7775670e-02   5.7521820e-02   2.7355020e-02  -4.5482210e-04  -2.3803076e-04  -1.3384788e-03   4.5935414e-03   3.3087598e-03   7.4829712e-04   2.0686314e-07   5.6658643e-08   1.7915255e-06
   1.0000000e+00  -2.8300498e-01  -2.9094809e-01   4.4968258e-01  -1.1436296e-02   9.7980638e-04  -4.2362892e-03   8.0091819e-02   8.4650791e-02   2.0221442e-01   1.3078887e-04   9.6002054e-07   1.7946146e-05   4.3254750e-02  -6.9631550e-02   1.1550992e-01  -2.4911120e-03   6.9725340e-05   7.5997780e-04   1.8709734e-03   4.8485528e-03   1.3342542e-02   6.2056390e-06   4.8616230e-09   5.7756626e-07
   1.0000000e+00  -3.0038049e-01  -2.3103589e-01   3.9934152e-01  -1.0697480e-02   1.1639814e-03  -4.1808913e-03   9.0228439e-02   5.3377582e-02   1.5947365e-01   1.1443608e-04   1.3548527e-06   1.7479852e-05  -1.7375510e-02   5.9912200e-02  -5.0341060e-02   7.3881600e-04   1.8417502e-04   5.5397900e-05   3.0190835e-04   3.5894717e-03   2.5342223e-03   5.4584908e-07   3.3920438e-08   3.0689273e-09
   1.0000000e+00  -3.1024665e-01  -2.6435819e-01   4.0682881e-01  -1.0104782e-02   9.6495227e-04  -4.1311363e-03   9.6252984e-02   6.9885253e-02   1.6550968e-01   1.0210662e-04   9.3113288e-07   1.7066287e-05  -9.8661600e-03  -3.3322300e-02   7.4872900e-03   5.9269800e-04  -1.9902913e-04   4.9755000e-05   9.7341113e-05   1.1103757e-03   5.6059512e-05   3.5129092e-07   3.9612595e-08   2.4755600e-09
   1.0000000e+00  -3.2295121e-01  -2.3940964e-01   3.6792965e-01  -1.0030736e-02   1.1280079e-03  -4.5026805e-03   1.0429748e-01   5.7316976e-02   1.3537223e-01   1.0061566e-04   1.2724018e-06   2.0274132e-05  -1.2704560e-02   2.4948550e-02  -3.8899160e-02   7.4046000e-05   1.6305563e-04  -3.7154420e-04   1.6140584e-04   6.2243015e-04   1.5131446e-03   5.4828101e-09   2.6587138e-08   1.3804509e-07
   1.0000000e+00  -3.0887908e-01  -2.2804751e-01   3.4163015e-01  -8.3720862e-03   9.0273391e-04  -4.4896301e-03   9.5406286e-02   5.2005667e-02   1.1671116e-01   7.0091827e-05   8.1492851e-07   2.0156778e-05   1.4072130e-02   1.1362130e-02  -2.6299500e-02   1.6586498e-03  -2.2527399e-04   1.3050400e-05   1.9802484e-04   1.2909800e-04   6.9166370e-04   2.7511192e-06   5.0748371e-08   1.7031294e-10
   1.0000000e+00  -2.9246594e-01  -2.5323825e-01   3.6386085e-01  -9.4457468e-03   9.1347562e-04  -4.2745441e-03   8.5536326e-02   6.4129611e-02   1.3239472e-01   8.9222133e-05   8.3443771e-07   1.8271727e-05   1.6413140e-02  -2.5190740e-02   2.2230700e-02  -1.0736606e-03   1.0741710e-05   2.1508600e-04   2.6939116e-04   6.3457338e-04   4.9420402e-04   1.1527471e-06   1.1538433e-10   4.6261987e-08
   1.0000000e+00  -3.0029477e-01  -2.3494075e-01   3.5613582e-01  -8.4648444e-03   9.4812836e-04  -4.2173101e-03   9.0176949e-02   5.5197156e-02   1.2683272e-01   7.1653591e-05   8.9894739e-07   1.7785704e-05  -7.8288300e-03   1.8297500e-02  -7.7250300e-03   9.8090240e-04   3.4652740e-05   5.7234000e-05   6.1290579e-05   3.3479851e-04   5.9676089e-05   9.6216952e-07   1.2008124e-09   3.2757308e-09
   1.0000000e+00  -2.8897232e-01  -2.6465197e-01   3.7492009e-01  -9.2062103e-03   9.0456835e-04  -4.2175728e-03   8.3505002e-02   7.0040665e-02   1.4056507e-01   8.4754308e-05   8.1824390e-07   1.7787920e-05   1.1322450e-02  -2.9711220e-02   1.8784270e-02  -7.4136590e-04  -4.3560010e-05  -2.6270000e-07   1.2819787e-04   8.8275659e-04   3.5284880e-04   5.4962340e-07   1.8974745e-09   6.9011290e-14
   1.0000000e+00  -2.8947919e-01  -2.4540861e-01   3.7492238e-01  -8.8581811e-03   1.0347528e-03  -4.2362457e-03   8.3798201e-02   6.0225386e-02   1.4056679e-01   7.8467372e-05   1.0707134e-06   1.7945778e-05  -5.0687000e-04   1.9243360e-02   2.2900000e-06   3.4802920e-04   1.3018445e-04  -1.8672900e-05   2.5691720e-07   3.7030690e-04   5.2441000e-12   1.2112432e-07   1.6947991e-08   3.4867719e-10
   1.0000000e+00  -2.8540470e-01  -2.5417850e-01   3.6644503e-01  -9.5795498e-03   7.6559330e-04  -4.3581638e-03   8.1455843e-02   6.4606710e-02   1.3428196e-01   9.1767774e-05   5.8613310e-07   1.8993592e-05   4.0744900e-03  -8.7698900e-03  -8.4773500e-03  -7.2136870e-04  -2.6915950e-04  -1.2191810e-04   1.6601469e-05   7.6910971e-05   7.1865463e-05   5.2037280e-07   7.2446836e-08   1.4864023e-08
   1.0000000e+00  -2.9493399e-01  -2.3713993e-01   3.5165934e-01  -8.4351831e-03   8.9652930e-04  -4.1999625e-03   8.6986058e-02   5.6235346e-02   1.2366429e-01   7.1152314e-05   8.0376479e-07   1.7639685e-05  -9.5292900e-03   1.7038570e-02  -1.4785690e-02   1.1443667e-03   1.3093600e-04   1.5820130e-04   9.0807368e-05   2.9031287e-04   2.1861663e-04   1.3095751e-06   1.7144236e-08   2.5027651e-08
   1.0000000e+00  -2.6983320e-01  -2.4858190e-01   3.5846226e-01  -9.4267522e-03   5.7319322e-04  -4.1733328e-03   7.2809956e-02   6.1792961e-02   1.2849519e-01   8.8863657e-05   3.2855047e-07   1.7416707e-05   2.5100790e-02  -1.1441970e-02   6.8029200e-03  -9.9156910e-04  -3.2333608e-04   2.6629700e-05   6.3004966e-04   1.3091868e-04   4.6279721e-05   9.8320928e-07   1.0454622e-07   7.0914092e-10
   1.0000000e+00  -2.7115443e-01  -2.5508749e-01   4.1365654e-01  -8.5971828e-03   1.1122435e-03  -3.8639416e-03   7.3524725e-02   6.5069628e-02   1.7111173e-01   7.3911552e-05   1.2370856e-06   1.4930045e-05  -1.3212300e-03  -6.5055900e-03   5.5194280e-02   8.2956940e-04   5.3905028e-04   3.0939120e-04   1.7456487e-06   4.2322701e-05   3.0464085e-03   6.8818539e-07   2.9057520e-07   9.5722915e-08
   1.0000000e+00  -2.9395320e-01  -2.9436172e-01   2.7624392e-01  -8.2417926e-03   4.9331154e-04  -4.4535854e-03   8.6408484e-02   8.6648822e-02   7.6310703e-02   6.7927145e-05   2.4335628e-07   1.9834423e-05  -2.2798770e-02  -3.9274230e-02  -1.3741262e-01   3.5539020e-04  -6.1893196e-04  -5.8964380e-04   5.1978391e-04   1.5424651e-03   1.8882228e-02   1.2630219e-07   3.8307677e-07   3.4767981e-07
   1.0000000e+00  -2.8528193e-01  -3.0367471e-01   2.6193167e-01  -7.8895323e-03   6.3801957e-04  -4.4402642e-03   8.1385780e-02   9.2218329e-02   6.8608200e-02   6.2244720e-05   4.0706897e-07   1.9715946e-05   8.6712700e-03  -9.3129900e-03  -1.4312250e-02   3.5226030e-04   1.4470803e-04   1.3321200e-05   7.5190923e-05   8.6731783e-05   2.0484050e-04   1.2408732e-07   2.0940414e-08   1.7745437e-10
   1.0000000e+00  -2.7845504e-01  -2.8305659e-01   3.0393321e-01  -9.1365988e-03   6.8755653e-04  -4.5324582e-03   7.7537209e-02   8.0121033e-02   9.2375396e-02   8.3477438e-05   4.7273398e-07   2.0543177e-05   6.8268900e-03   2.0618120e-02   4.2001540e-02  -1.2470665e-03   4.9536960e-05  -9.2194000e-05   4.6606427e-05   4.2510687e-04   1.7641294e-03   1.5551749e-06   2.4539104e-09   8.4997336e-09
   1.0000000e+00  -2.8459910e-01  -3.1993544e-01   3.6808224e-01  -1.0968880e-02   9.9714284e-04  -4.6014519e-03   8.0996648e-02   1.0235869e-01   1.3548454e-01   1.2031633e-04   9.9429384e-07   2.1173360e-05  -6.1440600e-03  -3.6878850e-02   6.4149030e-02  -1.8322812e-03   3.0958631e-04  -6.8993700e-05   3.7749473e-05   1.3600496e-03   4.1150980e-03   3.3572544e-06   9.5843683e-08   4.7601306e-09
   1.0000000e+00  -2.7601853e-01  -2.7569251e-01   3.9372529e-01  -1.1871284e-02   9.9760182e-04  -4.4903275e-03   7.6186229e-02   7.6006360e-02   1.5501960e-01   1.4092738e-04   9.9520939e-07   2.0163041e-05   8.5805700e-03   4.4242930e-02   2.5643050e-02  -9.0240400e-04   4.5898000e-07   1.1112440e-04   7.3626182e-05   1.9574369e-03   6.5756601e-04   8.1433298e-07   2.1066264e-13   1.2348632e-08
   1.0000000e+00  -2.6374464e-01  -3.0918065e-01   3.4807261e-01  -1.0018377e-02   6.4022345e-04  -4.1060536e-03   6.9561235e-02   9.5592674e-02   1.2115454e-01   1.0036788e-04   4.0988607e-07   1.6859676e-05   1.2273890e-02  -3.3488140e-02  -4.5652680e-02   1.8529070e-03  -3.5737837e-04   3.8427390e-04   1.5064838e-04   1.1214555e-03   2.0841672e-03   3.4332644e-06   1.2771930e-07   1.4766643e-07
   1.0000000e+00  -2.7255688e-01  -2.7914137e-01   3.7101196e-01  -1.1298627e-02   8.2687795e-04  -4.3569085e-03   7.4287253e-02   7.7919904e-02   1.3764987e-01   1.2765897e-04   6.8372714e-07   1.8982652e-05  -8.8122400e-03   3.0039280e-02   2.2939350e-02  -1.2802500e-03   1.8665450e-04  -2.5085490e-04   7.7655574e-05   9.0235834e-04   5.2621378e-04   1.6390401e-06   3.4839902e-08   6.2928181e-08
   1.0000000e+00  -2.9222438e-01  -2.5943709e-01   3.0864393e-01  -9.4044135e-03   1.1705190e-03  -4.5683369e-03   8.5395088e-02   6.7307604e-02   9.5261076e-02   8.8442993e-05   1.3701147e-06   2.0869702e-05  -1.9667500e-02   1.9704280e-02  -6.2368030e-02   1.8942135e-03   3.4364105e-04  -2.1142840e-04   3.8681056e-04   3.8825865e-04   3.8897712e-03   3.5880448e-06   1.1808917e-07   4.4701968e-08
   1.0000000e+00  -2.4747480e-01  -3.8563003e-01   2.5984894e-01  -8.4815068e-03   1.0520807e-03  -3.9201332e-03   6.1243777e-02   1.4871052e-01   6.7521472e-02   7.1935958e-05   1.1068738e-06   1.5367444e-05   4.4749580e-02  -1.2619294e-01  -4.8794990e-02   9.2290670e-04  -1.1843830e-04   6.4820370e-04   2.0025249e-03   1.5924658e-02   2.3809510e-03   8.5175678e-07   1.4027631e-08   4.2016804e-07
   1.0000000e+00  -2.7565685e-01  -3.0025494e-01   3.7499111e-01  -1.0382980e-02   1.1448762e-03  -4.4371491e-03   7.5986699e-02   9.0153029e-02   1.4061833e-01   1.0780627e-04   1.3107415e-06   1.9688292e-05  -2.8182050e-02   8.5375090e-02   1.1514217e-01  -1.9014732e-03   9.2795500e-05  -5.1701590e-04   7.9422794e-04   7.2889060e-03   1.3257719e-02   3.6156003e-06   8.6110048e-09   2.6730544e-07
   1.0000000e+00  -2.9988381e-01  -3.1550016e-01   1.0483801e-01  -6.8801066e-03   1.0971557e-03  -4.5200229e-03   8.9930300e-02   9.9540351e-02   1.0991008e-02   4.7335867e-05   1.2037506e-06   2.0430607e-05  -2.4226960e-02  -1.5245220e-02  -2.7015310e-01   3.5028734e-03  -4.7720500e-05  -8.2873800e-05   5.8694559e-04   2.3241673e-04   7.2982697e-02   1.2270122e-05   2.2772461e-09   6.8680667e-09
   1.0000000e+00  -3.3397353e-01  -3.1150336e-01   8.5676563e-02  -5.6839200e-03   1.5516065e-03  -4.7928045e-03   1.1153832e-01   9.7034343e-02   7.3404734e-03   3.2306947e-05   2.4074827e-06   2.2970975e-05  -3.4089720e-02   3.9968000e-03  -1.9161447e-02   1.1961866e-03   4.5445080e-04  -2.7278160e-04   1.1621090e-03   1.5974410e-05   3.6716105e-04   1.4308624e-06   2.0652553e-07   7.4409801e-08
   1.0000000e+00  -2.6134842e-01  -3.8566580e-01   1.1334586e-01  -6.4563902e-03   7.5286418e-04  -4.1280777e-03   6.8302997e-02   1.4873811e-01   1.2847284e-02   4.1684974e-05   5.6680447e-07   1.7041025e-05   7.2625110e-02  -7.4162440e-02   2.7669297e-02  -7.7247020e-04  -7.9874232e-04   6.6472680e-04   5.2744066e-03   5.5000675e-03   7.6559000e-04   5.9671021e-07   6.3798929e-07   4.4186172e-07
   1.0000000e+00  -2.8161288e-01  -3.3984286e-01   1.3333337e-01  -5.8053299e-03   1.2323166e-03  -4.2429072e-03   7.9305814e-02   1.1549317e-01   1.7777788e-02   3.3701855e-05   1.5186042e-06   1.8002262e-05  -2.0264460e-02   4.5822940e-02   1.9987510e-02   6.5106030e-04   4.7945242e-04  -1.1482950e-04   4.1064834e-04   2.0997418e-03   3.9950056e-04   4.2387951e-07   2.2987462e-07   1.3185814e-08
   1.0000000e+00  -2.5730849e-01  -3.5666745e-01   1.9883405e-01  -6.6988799e-03   8.9017972e-04  -4.0417094e-03   6.6207659e-02   1.2721167e-01   3.9534979e-02   4.4874992e-05   7.9241993e-07   1.6335415e-05   2.4304390e-02  -1.6824590e-02   6.5500680e-02  -8.9355000e-04  -3.4213688e-04   2.0119780e-04   5.9070337e-04   2.8306683e-04   4.2903391e-03   7.9843160e-07   1.1705764e-07   4.0480555e-08
   1.0000000e+00  -2.7773722e-01  -3.4399849e-01   1.7461887e-01  -6.2243334e-03   9.6694977e-04  -4.2080584e-03   7.7137963e-02   1.1833496e-01   3.0491750e-02   3.8742326e-05   9.3499186e-07   1.7707755e-05  -2.0428730e-02   1.2668960e-02  -2.4215180e-02   4.7454650e-04   7.6770050e-05  -1.6634900e-04   4.1733301e-04   1.6050255e-04   5.8637494e-04   2.2519438e-07   5.8936406e-09   2.7671990e-08
   1.0000000e+00  -2.6670758e-01  -3.6513764e-01   2.0070841e-01  -6.8004448e-03   8.4734637e-04  -3.9956283e-03   7.1132933e-02   1.3332550e-01   4.0283866e-02   4.6246049e-05   7.1799587e-07   1.5965046e-05   1.1029640e-02  -2.1139150e-02   2.6089540e-02  -5.7611140e-04  -1.1960340e-04   2.1243010e-04   1.2165296e-04   4.4686366e-04   6.8066410e-04   3.3190435e-07   1.4304973e-08   4.5126547e-08
   1.0000000e+00  -2.9296538e-01  -3.3690494e-01   1.5117270e-01  -5.9229659e-03   9.2553517e-04  -4.2790484e-03   8.5828714e-02   1.1350494e-01   2.2853185e-02   3.5081525e-05   8.5661535e-07   1.8310255e-05  -2.6257800e-02   2.8232700e-02  -4.9535710e-02   8.7747890e-04   7.8188800e-05  -2.8342010e-04   6.8947206e-04   7.9708535e-04   2.4537866e-03   7.6996922e-07   6.1134884e-09   8.0326953e-08
   1.0000000e+00  -2.9069643e-01  -3.3039196e-01   1.8411993e-01  -6.3595168e-03   1.0221336e-03  -4.3216993e-03   8.4504414e-02   1.0915885e-01   3.3900149e-02   4.0443454e-05   1.0447571e-06   1.8677085e-05   2.2689500e-03   6.5129800e-03   3.2947230e-02  -4.3655090e-04   9.6598430e-05  -4.2650900e-05   5.1481341e-06   4.2418908e-05   1.0855200e-03   1.9057669e-07   9.3312567e-09   1.8190993e-09
   1.0000000e+00  -2.7616011e-01  -3.4974450e-01   1.7567530e-01  -6.8952593e-03   8.3056611e-04  -4.4627047e-03   7.6264406e-02   1.2232122e-01   3.0861811e-02   4.7544601e-05   6.8984006e-07   1.9915733e-05   1.4536320e-02  -1.9352540e-02  -8.4446300e-03  -5.3574250e-04  -1.9156749e-04  -1.4100540e-04   2.1130460e-04   3.7452080e-04   7.1311776e-05   2.8702003e-07   3.6698103e-08   1.9882523e-08
   1.0000000e+00  -2.9193232e-01  -3.6904163e-01   1.7837138e-01  -6.3528101e-03   9.0608099e-04  -4.4004472e-03   8.5224479e-02   1.3619172e-01   3.1816349e-02   4.0358196e-05   8.2098276e-07   1.9363936e-05  -1.5772210e-02  -1.9297130e-02   2.6960800e-03   5.4244920e-04   7.5514880e-05   6.2257500e-05   2.4876261e-04   3.7237923e-04   7.2688474e-06   2.9425113e-07   5.7024971e-09   3.8759963e-09
   1.0000000e+00  -2.9353371e-01  -3.2529426e-01   1.8168521e-01  -6.5742237e-03   7.0549393e-04  -4.6596345e-03   8.6162039e-02   1.0581636e-01   3.3009516e-02   4.3220417e-05   4.9772169e-07   2.1712194e-05  -1.6013900e-03   4.3747370e-02   3.3138300e-03  -2.2141360e-04  -2.0058706e-04  -2.5918730e-04   2.5644499e-06   1.9138324e-03   1.0981469e-05   4.9023982e-08   4.0235169e-08   6.7178056e-08
   1.0000000e+00  -2.7196974e-01  -3.6992234e-01   2.3533766e-01  -7.3302479e-03   7.1203384e-04  -4.3534577e-03   7.3967539e-02   1.3684254e-01   5.5383814e-02   5.3732534e-05   5.0699219e-07   1.8952594e-05   2.1563970e-02  -4.4628080e-02   5.3652450e-02  -7.5602420e-04   6.5399100e-06   3.0617680e-04   4.6500480e-04   1.9916655e-03   2.8785854e-03   5.7157259e-07   4.2770423e-11   9.3744233e-08
   1.0000000e+00  -2.9097259e-01  -3.3709783e-01   1.8545747e-01  -6.8729075e-03   7.1452673e-04  -4.5234425e-03   8.4665048e-02   1.1363495e-01   3.4394473e-02   4.7236858e-05   5.1054845e-07   2.0461532e-05  -1.9002850e-02   3.2824510e-02  -4.9880190e-02   4.5734040e-04   2.4928900e-06  -1.6998480e-04   3.6110831e-04   1.0774485e-03   2.4880334e-03   2.0916024e-07   6.2145006e-12   2.8894832e-08
   1.0000000e+00  -2.8604554e-01  -3.6056074e-01   1.7485046e-01  -6.6049663e-03   6.5969289e-04  -4.5676300e-03   8.1822051e-02   1.3000405e-01   3.0572683e-02   4.3625580e-05   4.3519471e-07   2.0863244e-05   4.9270500e-03  -2.3462910e-02  -1.0607010e-02   2.6794120e-04  -5.4833840e-05  -4.4187500e-05   2.4275822e-05   5.5050815e-04   1.1250866e-04   7.1792487e-08   3.0067500e-09   1.9525352e-09
   1.0000000e+00  -3.0674282e-01  -3.1940370e-01   1.6990249e-01  -6.1156756e-03   7.1772280e-04  -4.6643796e-03   9.4091158e-02   1.0201872e-01   2.8866856e-02   3.7401488e-05   5.1512602e-07   2.1756437e-05  -2.0697280e-02   4.1157040e-02  -4.9479700e-03   4.8929070e-04   5.8029910e-05  -9.6749600e-05   4.2837740e-04   1.6939019e-03   2.4482407e-05   2.3940539e-07   3.3674705e-09   9.3604851e-09
   1.0000000e+00  -2.8571113e-01  -3.6036752e-01   2.2769053e-01  -7.6637417e-03   5.8629142e-04  -4.5311790e-03   8.1630850e-02   1.2986475e-01   5.1842977e-02   5.8732937e-05   3.4373763e-07   2.0531583e-05   2.1031690e-02  -4.0963820e-02   5.7788040e-02  -1.5480661e-03  -1.3143138e-04   1.3320060e-04   4.4233198e-04   1.6780345e-03   3.3394576e-03   2.3965086e-06   1.7274208e-08   1.7742400e-08
   1.0000000e+00  -3.0373388e-01  -3.4544749e-01   2.0206349e-01  -6.9271933e-03   1.1575049e-03  -4.7583324e-03   9.2254270e-02   1.1933397e-01   4.0829654e-02   4.7986007e-05   1.3398176e-06   2.2641727e-05  -1.8022750e-02   1.4920030e-02  -2.5627040e-02   7.3654840e-04   5.7121348e-04  -2.2715340e-04   3.2481952e-04   2.2260730e-04   6.5674518e-04   5.4250355e-07   3.2628484e-07   5.1598667e-08
   1.0000000e+00  -2.8478919e-01  -3.6123703e-01   1.8877968e-01  -7.0009035e-03   7.6848467e-04  -4.5646208e-03   8.1104883e-02   1.3049219e-01   3.5637768e-02   4.9012650e-05   5.9056869e-07   2.0835763e-05   1.8944690e-02  -1.5789540e-02  -1.3283810e-02  -7.3710200e-05  -3.8902023e-04   1.9371160e-04   3.5890128e-04   2.4930957e-04   1.7645961e-04   5.4331936e-09   1.5133674e-07   3.7524184e-08
   1.0000000e+00  -2.7218530e-01  -3.5808548e-01   1.4207895e-01  -6.6290477e-03   1.0780307e-03  -4.5480648e-03   7.4084838e-02   1.2822521e-01   2.0186428e-02   4.3944273e-05   1.1621502e-06   2.0684893e-05   1.2603890e-02   3.1515500e-03  -4.6700730e-02   3.7185580e-04   3.0954603e-04   1.6556000e-05   1.5885804e-04   9.9322674e-06   2.1809582e-03   1.3827674e-07   9.5818745e-08   2.7410114e-10
   1.0000000e+00  -2.5461240e-01  -3.7743826e-01   2.2368583e-01  -7.5765219e-03   6.9649040e-04  -4.4325882e-03   6.4827474e-02   1.4245964e-01   5.0035351e-02   5.7403684e-05   4.8509888e-07   1.9647838e-05   1.7572900e-02  -1.9352780e-02   8.1606880e-02  -9.4747420e-04  -3.8154030e-04   1.1547660e-04   3.0880681e-04   3.7453009e-04   6.6596829e-03   8.9770736e-07   1.4557300e-07   1.3334845e-08
   1.0000000e+00  -2.7037218e-01  -3.6133888e-01   2.2344155e-01  -7.4587448e-03   1.1258895e-03  -4.3392228e-03   7.3101116e-02   1.3056579e-01   4.9926126e-02   5.5632874e-05   1.2676272e-06   1.8828855e-05  -1.5759780e-02   1.6099380e-02  -2.4428000e-04   1.1777710e-04   4.2939910e-04   9.3365400e-05   2.4837067e-04   2.5919004e-04   5.9672718e-08   1.3871445e-08   1.8438359e-07   8.7170979e-09
   1.0000000e+00  -2.6875305e-01  -3.8001666e-01   2.1612228e-01  -6.6589398e-03   7.4332289e-04  -4.4249204e-03   7.2228202e-02   1.4441266e-01   4.6708840e-02   4.4341479e-05   5.5252892e-07   1.9579921e-05   1.6191300e-03  -1.8677780e-02  -7.3192700e-03   7.9980500e-04  -3.8256661e-04  -8.5697600e-05   2.6215820e-06   3.4885947e-04   5.3571713e-05   6.3968804e-07   1.4635721e-07   7.3440786e-09
   1.0000000e+00  -2.7061551e-01  -3.8128700e-01   2.0817753e-01  -7.2259616e-03   9.6725369e-04  -4.3762902e-03   7.3232754e-02   1.4537978e-01   4.3337884e-02   5.2214521e-05   9.3557970e-07   1.9151916e-05  -1.8624600e-03  -1.2703400e-03  -7.9447500e-03  -5.6702180e-04   2.2393080e-04   4.8630200e-05   3.4687573e-06   1.6137637e-06   6.3119053e-05   3.2151372e-07   5.0145003e-08   2.3648964e-09
   1.0000000e+00  -2.7048806e-01  -3.8108766e-01   1.9596333e-01  -6.8831477e-03   7.2276698e-04  -4.4547853e-03   7.3163791e-02   1.4522780e-01   3.8401627e-02   4.7377722e-05   5.2239211e-07   1.9845112e-05   1.2745000e-04   1.9934000e-04  -1.2214200e-02   3.4281390e-04  -2.4448671e-04  -7.8495100e-05   1.6243503e-08   3.9736436e-08   1.4918668e-04   1.1752137e-07   5.9773751e-08   6.1614807e-09
   1.0000000e+00  -2.5570320e-01  -4.0404832e-01   1.6240511e-01  -6.8522742e-03   8.3533373e-04  -4.1165884e-03   6.5384126e-02   1.6325504e-01   2.6375420e-02   4.6953662e-05   6.9778244e-07   1.6946300e-05   1.4784860e-02  -2.2960660e-02  -3.3558220e-02   3.0873500e-05   1.1256675e-04   3.3819690e-04   2.1859209e-04   5.2719191e-04   1.1261541e-03   9.5317300e-10   1.2671273e-08   1.1437714e-07
   1.0000000e+00  -2.5817200e-01  -3.9621350e-01   1.6622167e-01  -6.5254997e-03   6.9983936e-04  -4.0616073e-03   6.6652782e-02   1.5698514e-01   2.7629644e-02   4.2582146e-05   4.8977513e-07   1.6496654e-05  -2.4688000e-03   7.8348200e-03   3.8165600e-03   3.2677450e-04  -1.3549437e-04   5.4981100e-05   6.0949734e-06   6.1384404e-05   1.4566130e-05   1.0678157e-07   1.8358724e-08   3.0229214e-09
   1.0000000e+00  -2.6771643e-01  -4.2505298e-01   2.1208533e-01  -7.3621050e-03   9.3097260e-04  -4.3348843e-03   7.1672087e-02   1.8067004e-01   4.4980187e-02   5.4200590e-05   8.6670998e-07   1.8791222e-05  -9.5444300e-03  -2.8839480e-02   4.5863660e-02  -8.3660530e-04   2.3113324e-04  -2.7327700e-04   9.1096144e-05   8.3171561e-04   2.1034753e-03   6.9990843e-07   5.3422575e-08   7.4680319e-08
   1.0000000e+00  -2.7802198e-01  -3.8043201e-01   2.2410611e-01  -6.7488854e-03   9.8738705e-04  -4.4468423e-03   7.7296221e-02   1.4472851e-01   5.0223549e-02   4.5547454e-05   9.7493319e-07   1.9774406e-05  -1.0305550e-02   4.4620970e-02   1.2020780e-02   6.1321960e-04   5.6414450e-05  -1.1195800e-04   1.0620436e-04   1.9910310e-03   1.4449915e-04   3.7603828e-07   3.1825902e-09   1.2534594e-08
   1.0000000e+00  -2.5304074e-01  -4.3191261e-01   2.4750584e-01  -7.6717532e-03   5.6581580e-04  -4.2039073e-03   6.4029616e-02   1.8654850e-01   6.1259141e-02   5.8855797e-05   3.2014752e-07   1.7672837e-05   2.4981240e-02  -5.1480600e-02   2.3399730e-02  -9.2286780e-04  -4.2157125e-04   2.4293500e-04   6.2406235e-04   2.6502522e-03   5.4754736e-04   8.5168498e-07   1.7772232e-07   5.9017414e-08
