   1.0000000e+00   0.0000000e+00   0.0000000e+00   0.0000000e+00   0.0000000e+00   0.0000000e+00  -0.0000000e+00   0.0000000e+00   0.0000000e+00   0.0000000e+00   0.0000000e+00   0.0000000e+00   0.0000000e+00   0.0000000e+00   0.0000000e+00   0.0000000e+00   0.0000000e+00   0.0000000e+00   0.0000000e+00   0.0000000e+00   0.0000000e+00   0.0000000e+00   0.0000000e+00   0.0000000e+00   0.0000000e+00
   1.0000000e+00   1.4865179e-02  -1.0382859e-01  -6.5884573e-03  -3.0452027e-04  -2.9593937e-04  -2.2667749e-05   2.2097355e-04   1.0780376e-02   4.3407770e-05   9.2732595e-08   8.7580111e-08   5.1382684e-10   1.4865179e-02  -1.0382859e-01  -6.5884573e-03  -3.0452027e-04  -2.9593937e-04  -2.2667749e-05   2.2097355e-04   1.0780376e-02   4.3407770e-05   9.2732595e-08   8.7580111e-08   5.1382684e-10
   1.0000000e+00   8.6525180e-03  -3.0123860e-02  -3.8102112e-02  -5.9984726e-04  -1.3807830e-04   3.5981304e-05   7.4866068e-05   9.0744694e-04   1.4517709e-03   3.5981674e-07   1.9065617e-08   1.2946542e-09  -6.2126610e-03   7.3704730e-02  -3.1513655e-02  -2.9532699e-04   1.5786107e-04   5.8649053e-05   3.8597157e-05   5.4323872e-03   9.9311043e-04   8.7218031e-08   2.4920117e-08   3.4397114e-09
   1.0000000e+00  -1.4678515e-03  -7.6697574e-02  -9.1015653e-02   5.6552237e-05   1.0628338e-05   3.5223520e-05   2.1545880e-06   5.8825179e-03   8.2838491e-03   3.1981555e-09   1.1296157e-10   1.2406964e-09  -1.0120370e-02  -4.6573714e-02  -5.2913541e-02   6.5639950e-04   1.4870664e-04  -7.5778400e-07   1.0242188e-04   2.1691108e-03   2.7998428e-03   4.3086030e-07   2.2113664e-08   5.7423659e-13
   1.0000000e+00  -4.5687040e-03  -8.5908046e-02  -6.4995065e-02  -1.4624114e-03  -1.4026136e-04   9.8540939e-05   2.0873056e-05   7.3801924e-03   4.2243585e-03   2.1386471e-06   1.9673249e-08   9.7103167e-09  -3.1008525e-03  -9.2104720e-03   2.6020588e-02  -1.5189636e-03  -1.5088970e-04   6.3317419e-05   9.6152862e-06   8.4832794e-05   6.7707100e-04   2.3072505e-06   2.2767701e-08   4.0090955e-09
   1.0000000e+00  -1.6910573e-02  -6.7289433e-02  -6.5719940e-02   2.9102627e-04  -1.6753066e-04  -3.5633666e-05   2.8596748e-04   4.5278678e-03   4.3191105e-03   8.4696290e-08   2.8066522e-08   1.2697582e-09  -1.2341869e-02   1.8618613e-02  -7.2487500e-04   1.7534377e-03  -2.7269300e-05  -1.3417461e-04   1.5232173e-04   3.4665275e-04   5.2544377e-07   3.0745437e-06   7.4361472e-10   1.8002825e-08
   1.0000000e+00  -1.8206078e-02  -8.6926733e-02  -3.8805829e-02  -2.2047023e-03   1.7931161e-04   2.7295946e-04   3.3146128e-04   7.5562569e-03   1.5058924e-03   4.8607122e-06   3.2152653e-08   7.4506867e-08  -1.2955050e-03  -1.9637300e-02   2.6914111e-02  -2.4957286e-03   3.4684227e-04   3.0859313e-04   1.6783332e-06   3.8562355e-04   7.2436937e-04   6.2286611e-06   1.2029956e-07   9.5229717e-08
   1.0000000e+00  -3.6590435e-02  -6.9412103e-02  -5.0342598e-02  -6.0105462e-04   1.4980533e-04  -7.6272846e-05   1.3388599e-03   4.8180400e-03   2.5343772e-03   3.6126666e-07   2.2441637e-08   5.8175470e-09  -1.8384357e-02   1.7514630e-02  -1.1536769e-02   1.6036477e-03  -2.9506280e-05  -3.4923231e-04   3.3798458e-04   3.0676226e-04   1.3309704e-04   2.5716859e-06   8.7062056e-10   1.2196320e-07
   1.0000000e+00  -1.8364484e-02  -9.2101717e-02  -1.0712843e-01  -7.3056673e-04  -6.9632355e-05   1.5382743e-04   3.3725427e-04   8.4827263e-03   1.1476501e-02   5.3372775e-07   4.8486649e-09   2.3662878e-08   1.8225951e-02  -2.2689614e-02  -5.6785832e-02  -1.2951211e-04  -2.1943768e-04   2.3010028e-04   3.3218529e-04   5.1481858e-04   3.2246307e-03   1.6773387e-08   4.8152898e-08   5.2946137e-08
   1.0000000e+00  -2.7257769e-02  -1.1135044e-01  -3.0380229e-02  -2.1142913e-03   5.1762255e-05   3.7999680e-05   7.4298597e-04   1.2398920e-02   9.2295831e-04   4.4702277e-06   2.6793310e-09   1.4439757e-09  -8.8932850e-03  -1.9248723e-02   7.6748201e-02  -1.3837246e-03   1.2139461e-04  -1.1582775e-04   7.9090518e-05   3.7051334e-04   5.8902864e-03   1.9146937e-06   1.4736651e-08   1.3416068e-08
   1.0000000e+00  -2.2860157e-02  -8.3912733e-02  -6.0218233e-02  -5.9251348e-04  -7.5068966e-05   1.5443190e-04   5.2258678e-04   7.0413468e-03   3.6262356e-03   3.5107222e-07   5.6353497e-09   2.3849212e-08   4.3976120e-03   2.7437707e-02  -2.9838004e-02   1.5217778e-03  -1.2683122e-04   1.1643222e-04   1.9338991e-05   7.5282777e-04   8.9030648e-04   2.3158077e-06   1.6086159e-08   1.3556462e-08
   1.0000000e+00  -1.6250108e-02  -1.4737104e-01  -2.5935992e-02  -1.8193609e-03   1.8045687e-04   2.0508945e-04   2.6406601e-04   2.1718223e-02   6.7267568e-04   3.3100741e-06   3.2564682e-08   4.2061683e-08   6.6100490e-03  -6.3458307e-02   3.4282241e-02  -1.2268474e-03   2.5552584e-04   5.0657550e-05   4.3692748e-05   4.0269567e-03   1.1752720e-03   1.5051546e-06   6.5293453e-08   2.5661874e-09
   1.0000000e+00  -2.4329955e-02  -1.1561847e-01  -2.3264633e-02  -1.8548630e-03   7.1227461e-05  -1.8727826e-04   5.9194671e-04   1.3367631e-02   5.4124315e-04   3.4405167e-06   5.0733512e-09   3.5073147e-08  -8.0798470e-03   3.1752570e-02   2.6713590e-03  -3.5502100e-05  -1.0922941e-04  -3.9236771e-04   6.5283928e-05   1.0082257e-03   7.1361589e-06   1.2603991e-09   1.1931064e-08   1.5395242e-07
   1.0000000e+00  -1.2647712e-02  -1.3254164e-01  -5.8704074e-02  -2.9760647e-04  -2.0447687e-05   8.2168690e-05   1.5996462e-04   1.7567286e-02   3.4461683e-03   8.8569611e-08   4.1810790e-10   6.7516936e-09   1.1682243e-02  -1.6923170e-02  -3.5439441e-02   1.5572565e-03  -9.1675148e-05   2.6944695e-04   1.3647480e-04   2.8639368e-04   1.2559540e-03   2.4250479e-06   8.4043328e-09   7.2601659e-08
   1.0000000e+00  -7.3382708e-03  -1.7566082e-01  -8.4636844e-03  -2.4666641e-03  -1.5149822e-04   1.3470212e-04   5.3850218e-05   3.0856724e-02   7.1633954e-05   6.0844318e-06   2.2951711e-08   1.8144661e-08   5.3094412e-03  -4.3119180e-02   5.0240390e-02  -2.1690576e-03  -1.3105053e-04   5.2533430e-05   2.8190166e-05   1.8592637e-03   2.5240967e-03   4.7048110e-06   1.7174242e-08   2.7597613e-09
   1.0000000e+00  -2.7945442e-02  -1.1318527e-01   6.3348617e-03  -1.1442162e-03  -3.7839636e-05  -2.2748672e-04   7.8094773e-04   1.2810905e-02   4.0130473e-05   1.3092307e-06   1.4318381e-09   5.1750208e-08  -2.0607171e-02   6.2475550e-02   1.4798546e-02   1.3224479e-03   1.1365858e-04  -3.6218884e-04   4.2465550e-04   3.9031943e-03   2.1899697e-04   1.7488684e-06   1.2918274e-08   1.3118076e-07
   1.0000000e+00  -2.3214635e-02  -1.5772681e-01  -4.1636624e-02  -5.8285403e-04   3.6030765e-05  -1.1237720e-04   5.3891928e-04   2.4877747e-02   1.7336085e-03   3.3971882e-07   1.2982160e-09   1.2628635e-08   4.7308070e-03  -4.4541540e-02  -4.7971486e-02   5.6136217e-04   7.3870401e-05   1.1510952e-04   2.2380535e-05   1.9839488e-03   2.3012634e-03   3.1512749e-07   5.4568361e-09   1.3250202e-08
   1.0000000e+00  -2.6899946e-02  -1.7000584e-01   4.6152343e-03  -2.1731840e-03  -8.2520065e-05  -1.0671027e-05   7.2360709e-04   2.8901986e-02   2.1300388e-05   4.7227287e-06   6.8095611e-09   1.1387082e-10  -3.6853110e-03  -1.2279030e-02   4.6251858e-02  -1.5903300e-03  -1.1855083e-04   1.0170617e-04   1.3581517e-05   1.5077458e-04   2.1392344e-03   2.5291494e-06   1.4054299e-08   1.0344146e-08
   1.0000000e+00  -3.0661916e-02  -1.4403543e-01   1.0604545e-03  -1.0726236e-03   8.8926570e-06  -2.5425306e-04   9.4015309e-04   2.0746205e-02   1.1245637e-06   1.1505214e-06   7.9079349e-11   6.4644619e-08  -3.7619700e-03   2.5970410e-02  -3.5547798e-03   1.1005604e-03   9.1412722e-05  -2.4358203e-04   1.4152418e-05   6.7446220e-04   1.2636459e-05   1.2112332e-06   8.3562857e-09   5.9332207e-08
   1.0000000e+00  -1.1556550e-02  -1.9228692e-01   3.2686277e-03  -1.5737067e-03  -2.2087586e-04   3.1193292e-05   1.3355385e-04   3.6974260e-02   1.0683927e-05   2.4765528e-06   4.8786146e-08   9.7302147e-10   1.9105366e-02  -4.8251490e-02   2.2081732e-03  -5.0108310e-04  -2.2976852e-04   2.8544635e-04   3.6501501e-04   2.3282063e-03   4.8760289e-06   2.5108427e-07   5.2793571e-08   8.1479620e-08
   1.0000000e+00  -2.7570406e-02  -1.7044407e-01   2.8779969e-02  -2.2342517e-03  -1.1387062e-04  -1.8782209e-04   7.6012729e-04   2.9051181e-02   8.2828662e-04   4.9918807e-06   1.2966518e-08   3.5277137e-08  -1.6013856e-02   2.1842850e-02   2.5511341e-02  -6.6054500e-04   1.0700524e-04  -2.1901538e-04   2.5644358e-04   4.7711010e-04   6.5082853e-04   4.3631970e-07   1.1450121e-08   4.7967738e-08
   1.0000000e+00  -1.9850798e-02  -1.5629942e-01  -4.5567740e-03  -4.0273160e-04  -1.6843876e-04  -2.7702741e-04   3.9405418e-04   2.4429509e-02   2.0764189e-05   1.6219274e-07   2.8371616e-08   7.6744186e-08   7.7196080e-03   1.4144650e-02  -3.3336743e-02   1.8315201e-03  -5.4568140e-05  -8.9205320e-05   5.9592348e-05   2.0007112e-04   1.1113384e-03   3.3544659e-06   2.9776819e-09   7.9575891e-09
   1.0000000e+00  -1.0540352e-02  -1.8069760e-01   4.4746384e-03  -2.5812622e-03  -2.0685248e-04  -3.6587994e-05   1.1109902e-04   3.2651623e-02   2.0022389e-05   6.6629145e-06   4.2787948e-08   1.3386813e-09   9.3104460e-03  -2.4398180e-02   9.0314124e-03  -2.1785306e-03  -3.8413720e-05   2.4043942e-04   8.6684405e-05   5.9527119e-04   8.1566410e-05   4.7459956e-06   1.4756139e-09   5.7811113e-08
   1.0000000e+00  -1.7204375e-02  -1.5181422e-01   6.3520411e-02  -2.1616374e-03  -3.9928343e-04  -1.4356502e-04   2.9599052e-04   2.3047557e-02   4.0348426e-03   4.6726762e-06   1.5942726e-07   2.0610915e-08  -6.6640230e-03   2.8883380e-02   5.9045773e-02   4.1962480e-04  -1.9243095e-04  -1.0697703e-04   4.4409203e-05   8.3424964e-04   3.4864033e-03   1.7608497e-07   3.7029671e-08   1.1444084e-08
   1.0000000e+00  -4.7796161e-03  -2.0517082e-01  -4.9496765e-03  -6.9181573e-04  -1.0226358e-04  -2.3638525e-04   2.2844730e-05   4.2095065e-02   2.4499297e-05   4.7860900e-07   1.0457840e-08   5.5877986e-08   1.2424759e-02  -5.3356600e-02  -6.8470087e-02   1.4698217e-03   2.9701985e-04  -9.2820230e-05   1.5437463e-04   2.8469268e-03   4.6881529e-03   2.1603757e-06   8.8220791e-08   8.6155951e-09
   1.0000000e+00  -9.5865576e-03  -2.1935433e-01   4.6888117e-02  -2.5520758e-03  -3.4002817e-04  -7.8831632e-05   9.1902087e-05   4.8116322e-02   2.1984955e-03   6.5130909e-06   1.1561916e-07   6.2144262e-09  -4.8069415e-03  -1.4183510e-02   5.1837793e-02  -1.8602601e-03  -2.3776459e-04   1.5755362e-04   2.3106687e-05   2.0117196e-04   2.6871568e-03   3.4605675e-06   5.6532000e-08   2.4823143e-08
   1.0000000e+00  -1.5368183e-02  -1.9366445e-01   1.9563269e-03  -8.9209244e-04  -4.0762479e-04  -2.5211287e-04   2.3618105e-04   3.7505919e-02   3.8272149e-06   7.9582892e-07   1.6615797e-07   6.3560899e-08  -5.7816254e-03   2.5689880e-02  -4.4931790e-02   1.6599834e-03  -6.7596620e-05  -1.7328124e-04   3.3427192e-05   6.5996993e-04   2.0188658e-03   2.7555448e-06   4.5693030e-09   3.0026387e-08
   1.0000000e+00  -1.3088284e-03  -2.4272274e-01   3.9344218e-03  -1.5697727e-03  -4.9477764e-04  -5.6259045e-05   1.7130318e-06   5.8914329e-02   1.5479675e-05   2.4641863e-06   2.4480491e-07   3.1650801e-09   1.4059355e-02  -4.9058290e-02   1.9780949e-03  -6.7768026e-04  -8.7152850e-05   1.9585383e-04   1.9766545e-04   2.4067158e-03   3.9128594e-06   4.5925053e-07   7.5956193e-09   3.8358721e-08
   1.0000000e+00  -1.3232629e-02  -2.2938867e-01   2.1512765e-02  -2.4816416e-03  -3.4320684e-04  -7.5675577e-05   1.7510247e-04   5.2619162e-02   4.6279906e-04   6.1585450e-06   1.1779094e-07   5.7267930e-09  -1.1923801e-02   1.3334070e-02   1.7578343e-02  -9.1186890e-04   1.5157080e-04  -1.9416532e-05   1.4217702e-04   1.7779742e-04   3.0899815e-04   8.3150489e-07   2.2973707e-08   3.7700171e-10
   1.0000000e+00  -1.6367024e-02  -1.9701426e-01   3.6649983e-02  -9.9155422e-04  -1.8082316e-04  -2.4103507e-04   2.6787947e-04   3.8814619e-02   1.3432213e-03   9.8317977e-07   3.2697015e-08   5.8097905e-08  -3.1343950e-03   3.2374410e-02   1.5137218e-02   1.4900874e-03   1.6238368e-04  -1.6535949e-04   9.8244320e-06   1.0481024e-03   2.2913537e-04   2.2203604e-06   2.6368460e-08   2.7343762e-08
   1.0000000e+00  -4.6884646e-03  -2.3811657e-01   9.0061846e-03  -1.7742409e-03  -3.2258223e-04  -1.7090699e-05   2.1981700e-05   5.6699501e-02   8.1111361e-05   3.1479308e-06   1.0405930e-07   2.9209199e-10   1.1678559e-02  -4.1102310e-02  -2.7643798e-02  -7.8268668e-04  -1.4175907e-04   2.2394437e-04   1.3638875e-04   1.6893999e-03   7.6417959e-04   6.1259844e-07   2.0095634e-08   5.0151081e-08
   1.0000000e+00  -1.3364683e-02  -2.1512576e-01   4.8091279e-02  -2.7451799e-03  -3.7525326e-04  -9.7147749e-05   1.7861475e-04   4.6279093e-02   2.3127711e-03   7.5360127e-06   1.4081501e-07   9.4376851e-09  -8.6762184e-03   2.2990810e-02   3.9085094e-02  -9.7093900e-04  -5.2671030e-05  -8.0057050e-05   7.5276766e-05   5.2857734e-04   1.5276446e-03   9.4272254e-07   2.7742374e-09   6.4091313e-09
   1.0000000e+00  -7.3955405e-03  -1.9636056e-01  -2.8619656e-02  -9.6086907e-04  -5.3523296e-04  -6.8098374e-05   5.4694019e-05   3.8557470e-02   8.1908471e-04   9.2326937e-07   2.8647432e-07   4.6373885e-09   5.9691425e-03   1.8765200e-02  -7.6710935e-02   1.7843108e-03  -1.5997970e-04   2.9049375e-05   3.5630662e-05   3.5213273e-04   5.8845675e-03   3.1837651e-06   2.5593504e-08   8.4386619e-10
   1.0000000e+00  -1.5247825e-02  -2.5921599e-01  -2.2806426e-02  -2.3187467e-03  -3.4419853e-04  -2.1160603e-04   2.3249617e-04   6.7192929e-02   5.2013307e-04   5.3765863e-06   1.1847263e-07   4.4777112e-08  -7.8522845e-03  -6.2855430e-02   5.8132300e-03  -1.3578776e-03   1.9103443e-04  -1.4350766e-04   6.1658372e-05   3.9508051e-03   3.3793643e-05   1.8438317e-06   3.6494153e-08   2.0594447e-08
   1.0000000e+00  -1.9861332e-02  -2.1264738e-01  -1.2673098e-03  -2.0070133e-03  -3.6078167e-04  -2.1034403e-04   3.9447251e-04   4.5218908e-02   1.6060741e-06   4.0281024e-06   1.3016341e-07   4.4244611e-08  -4.6135070e-03   4.6568610e-02   2.1539116e-02   3.1173340e-04  -1.6583140e-05   1.2620000e-06   2.1284447e-05   2.1686354e-03   4.6393353e-04   9.7177713e-08   2.7500053e-10   1.5926440e-12
   1.0000000e+00  -1.1007201e-02  -2.3618711e-01  -2.9358728e-02  -6.8227062e-04  -4.2306389e-04  -2.7378923e-04   1.2115847e-04   5.5784351e-02   8.6193491e-04   4.6549320e-07   1.7898306e-07   7.4960542e-08   8.8541310e-03  -2.3539730e-02  -2.8091418e-02   1.3247427e-03  -6.2282220e-05  -6.3445200e-05   7.8395636e-05   5.5411889e-04   7.8912778e-04   1.7549432e-06   3.8790749e-09   4.0252934e-09
   1.0000000e+00  -4.1369844e-03  -2.7740457e-01  -1.4042946e-02  -2.4493284e-03  -4.8040913e-04  -7.5766882e-05   1.7114640e-05   7.6953295e-02   1.9720433e-04   5.9992096e-06   2.3079293e-07   5.7406204e-09   6.8702166e-03  -4.1217460e-02   1.5315782e-02  -1.7670578e-03  -5.7345240e-05   1.9802235e-04   4.7199876e-05   1.6988790e-03   2.3457318e-04   3.1224932e-06   3.2884766e-09   3.9212850e-08
   1.0000000e+00  -2.8733843e-02  -2.2749011e-01   1.2288511e-02  -1.5739170e-03  -3.8157273e-04  -3.0651619e-04   8.2563373e-04   5.1751750e-02   1.5100750e-04   2.4772147e-06   1.4559775e-07   9.3952175e-08  -2.4596859e-02   4.9914460e-02   2.6331457e-02   8.7541140e-04   9.8836400e-05  -2.3074931e-04   6.0500545e-04   2.4914533e-03   6.9334563e-04   7.6634512e-07   9.7686340e-09   5.3245243e-08
   1.0000000e+00  -1.2111874e-02  -2.5253658e-01  -1.9783886e-02  -5.3569410e-04  -3.1504629e-04  -2.5442593e-04   1.4669749e-04   6.3774724e-02   3.9140215e-04   2.8696817e-07   9.9254165e-08   6.4732554e-08   1.6621969e-02  -2.5046470e-02  -3.2072397e-02   1.0382229e-03   6.6526440e-05   5.2090260e-05   2.7628985e-04   6.2732566e-04   1.0286386e-03   1.0779068e-06   4.4257672e-09   2.7133952e-09
   1.0000000e+00  -1.2419855e-02  -2.9962480e-01   3.1906955e-02  -2.3729937e-03  -4.4292645e-04  -1.0269761e-04   1.5425280e-04   8.9775021e-02   1.0180538e-03   5.6310991e-06   1.9618384e-07   1.0546799e-08  -3.0798100e-04  -4.7088220e-02   5.1690841e-02  -1.8372996e-03  -1.2788016e-04   1.5172832e-04   9.4852296e-08   2.2173005e-03   2.6719430e-03   3.3756698e-06   1.6353335e-08   2.3021483e-08
   1.0000000e+00  -2.3304849e-02  -2.6310477e-01   4.0628412e-02  -1.2894239e-03  -4.2953156e-04  -2.8730994e-04   5.4311599e-04   6.9224120e-02   1.6506679e-03   1.6626140e-06   1.8449736e-07   8.2547002e-08  -1.0884994e-02   3.6520030e-02   8.7214570e-03   1.0835698e-03   1.3394890e-05  -1.8461233e-04   1.1848309e-04   1.3337126e-03   7.6063812e-05   1.1741235e-06   1.7942308e-10   3.4081712e-08
   1.0000000e+00  -6.8484475e-03  -3.1071263e-01   7.4373096e-03  -1.5130680e-03  -5.1315784e-04  -1.1279080e-04   4.6901233e-05   9.6542338e-02   5.5313574e-05   2.2893748e-06   2.6333097e-07   1.2721765e-08   1.6456401e-02  -4.7607860e-02  -3.3191102e-02  -2.2364410e-04  -8.3626280e-05   1.7451914e-04   2.7081315e-04   2.2665083e-03   1.1016493e-03   5.0016683e-08   6.9933547e-09   3.0456930e-08
   1.0000000e+00  -2.1344392e-02  -2.9174840e-01   7.2889142e-03  -2.3316369e-03  -5.0493153e-04  -1.9408487e-04   4.5558307e-04   8.5117129e-02   5.3128270e-05   5.4365306e-06   2.5495585e-07   3.7668937e-08  -1.4495944e-02   1.8964230e-02  -1.4839540e-04  -8.1856890e-04   8.2263100e-06  -8.1294070e-05   2.1013241e-04   3.5964202e-04   2.2021195e-08   6.7005504e-07   6.7672176e-11   6.6087258e-09
   1.0000000e+00  -1.6413472e-02  -2.8362226e-01   3.0966623e-03  -6.7407827e-04  -6.2758729e-04  -4.4726769e-04   2.6940206e-04   8.0441586e-02   9.5893174e-06   4.5438151e-07   3.9386581e-07   2.0004839e-07   4.9309200e-03   8.1261400e-03  -4.1922519e-03   1.6575586e-03  -1.2265576e-04  -2.5318282e-04   2.4313972e-05   6.6034151e-05   1.7574976e-05   2.7475006e-06   1.5044435e-08   6.4101540e-08
   1.0000000e+00  -6.2529709e-03  -3.2384579e-01   2.4143874e-05  -2.4068521e-03  -7.7994168e-04  -1.7003238e-04   3.9099645e-05   1.0487610e-01   5.8292665e-10   5.7929370e-06   6.0830902e-07   2.8911010e-08   1.0160501e-02  -4.0223530e-02  -3.0725184e-03  -1.7327738e-03  -1.5235439e-04   2.7723531e-04   1.0323578e-04   1.6179324e-03   9.4403695e-06   3.0025051e-06   2.3211860e-08   7.6859417e-08
   1.0000000e+00  -1.0172081e-02  -3.1036907e-01   1.2643053e-01  -2.8177727e-03  -9.9100604e-04  -2.7885168e-04   1.0347123e-04   9.6328960e-02   1.5984679e-02   7.9398430e-06   9.8209297e-07   7.7758259e-08  -3.9191101e-03   1.3476720e-02   1.2640639e-01  -4.1092060e-04  -2.1106436e-04  -1.0881930e-04   1.5359424e-05   1.8162198e-04   1.5978574e-02   1.6885574e-07   4.4548164e-08   1.1841640e-08
   1.0000000e+00  -6.9370795e-03  -3.2718950e-01   2.8714143e-02  -1.2213354e-03  -9.3278258e-04  -1.2912021e-04   4.8123072e-05   1.0705297e-01   8.2450201e-04   1.4916602e-06   8.7008334e-07   1.6672029e-08   3.2350015e-03  -1.6820430e-02  -9.7716387e-02   1.5964373e-03   5.8223460e-05   1.4973147e-04   1.0465235e-05   2.8292687e-04   9.5484923e-03   2.5486121e-06   3.3899713e-09   2.2419513e-08
   1.0000000e+00  -1.6021515e-02  -3.7567142e-01   3.2657220e-02  -2.0839899e-03  -1.1209773e-03  -1.3791264e-04   2.5668894e-04   1.4112902e-01   1.0664940e-03   4.3430139e-06   1.2565901e-06   1.9019896e-08  -9.0844355e-03  -4.8481920e-02   3.9430770e-03  -8.6265450e-04  -1.8819472e-04  -8.7924300e-06   8.2526968e-05   2.3504966e-03   1.5547856e-05   7.4417279e-07   3.5417253e-08   7.7306825e-11
   1.0000000e+00  -2.5103567e-02  -3.3280039e-01   4.3250878e-02  -6.4346573e-04  -1.1311039e-03  -2.1486202e-04   6.3018908e-04   1.1075610e-01   1.8706384e-03   4.1404815e-07   1.2793960e-06   4.6165688e-08  -9.0820520e-03   4.2871030e-02   1.0593658e-02   1.4405242e-03  -1.0126600e-05  -7.6949380e-05   8.2483669e-05   1.8379252e-03   1.1222559e-04   2.0751099e-06   1.0254803e-10   5.9212071e-09
   1.0000000e+00  -1.2657143e-02  -3.7455612e-01   8.8354817e-02  -2.0328584e-03  -1.4992133e-03  -7.3834109e-05   1.6020327e-04   1.4029229e-01   7.8065737e-03   4.1325133e-06   2.2476405e-06   5.4514757e-09   1.2446424e-02  -4.1755730e-02   4.5103939e-02  -1.3893927e-03  -3.6810940e-04   1.4102791e-04   1.5491347e-04   1.7435410e-03   2.0343653e-03   1.9304120e-06   1.3550453e-07   1.9888872e-08
   1.0000000e+00  -1.4723145e-02  -3.2622067e-01   1.3945379e-01  -1.6944658e-03  -1.6460773e-03  -3.0285615e-04   2.1677100e-04   1.0641993e-01   1.9447360e-02   2.8712143e-06   2.7095705e-06   9.1721848e-08  -2.0660020e-03   4.8335450e-02   5.1098973e-02   3.3839260e-04  -1.4686400e-04  -2.2902204e-04   4.2683643e-06   2.3363157e-03   2.6111050e-03   1.1450955e-07   2.1569034e-08   5.2451095e-08
   1.0000000e+00  -1.0753849e-02  -3.7556840e-01   9.6952166e-02  -9.9344617e-04  -1.4760263e-03  -2.6455982e-04   1.1564527e-04   1.4105162e-01   9.3997225e-03   9.8693529e-07   2.1786536e-06   6.9991898e-08   3.9692960e-03  -4.9347730e-02  -4.2501624e-02   7.0101963e-04   1.7005100e-04   3.8296330e-05   1.5755311e-05   2.4351985e-03   1.8063880e-03   4.9142852e-07   2.8917343e-08   1.4666089e-09
   1.0000000e+00  -2.3468431e-02  -3.8169374e-01   1.4579036e-01  -2.3581446e-03  -1.4843373e-03  -2.3332916e-04   5.5076725e-04   1.4569011e-01   2.1254829e-02   5.5608460e-06   2.2032572e-06   5.4442497e-08  -1.2714582e-02  -6.1253400e-03   4.8838194e-02  -1.3646984e-03  -8.3110000e-06   3.1230660e-05   1.6166060e-04   3.7519790e-05   2.3851692e-03   1.8624018e-06   6.9072721e-11   9.7535412e-10
   1.0000000e+00  -3.1264373e-02  -3.6698549e-01   1.0482551e-01  -4.1488878e-04  -1.5031683e-03  -4.0131083e-04   9.7746102e-04   1.3467835e-01   1.0988388e-02   1.7213270e-07   2.2595149e-06   1.6105038e-07  -7.7959420e-03   1.4708250e-02  -4.0964850e-02   1.9432558e-03  -1.8831000e-05  -1.6798167e-04   6.0776712e-05   2.1633262e-04   1.6781189e-03   3.7762432e-06   3.5460656e-10   2.8217841e-08
   1.0000000e+00  -2.7711320e-02  -4.0590370e-01   1.0467753e-01  -1.6557374e-03  -1.4001946e-03  -2.1051637e-04   7.6791726e-04   1.6475781e-01   1.0957385e-02   2.7414663e-06   1.9605449e-06   4.4317142e-08   3.5530530e-03  -3.8918210e-02  -1.4798000e-04  -1.2408486e-03   1.0297370e-04   1.9079446e-04   1.2624186e-05   1.5146271e-03   2.1898080e-08   1.5397053e-06   1.0603583e-08   3.6402526e-08
   1.0000000e+00  -2.9529473e-02  -3.9657926e-01   1.6968988e-01  -2.3900910e-03  -1.6136591e-03  -2.1552822e-04   8.7198978e-04   1.5727511e-01   2.8794655e-02   5.7125350e-06   2.6038957e-06   4.6452414e-08  -1.8181530e-03   9.3244400e-03   6.5012350e-02  -7.3435360e-04  -2.1346450e-04  -5.0118500e-06   3.3056803e-06   8.6945181e-05   4.2266057e-03   5.3927521e-07   4.5567093e-08   2.5118640e-11
   1.0000000e+00  -4.0277313e-02  -3.7262030e-01   1.0433087e-01  -3.1270443e-04  -1.6638395e-03  -3.4880636e-04   1.6222619e-03   1.3884589e-01   1.0884930e-02   9.7784061e-08   2.7683619e-06   1.2166588e-07  -1.0747840e-02   2.3958960e-02  -6.5359010e-02   2.0773866e-03  -5.0180400e-05  -1.3327814e-04   1.1551606e-04   5.7403176e-04   4.2718002e-03   4.3155350e-06   2.5180725e-09   1.7763063e-08
   1.0000000e+00  -3.8891587e-02  -4.2287547e-01   1.2203950e-01  -1.7448788e-03  -1.7750207e-03  -2.6569858e-04   1.5125555e-03   1.7882366e-01   1.4893640e-02   3.0446020e-06   3.1506985e-06   7.0595735e-08   1.3857260e-03  -5.0255170e-02   1.7708630e-02  -1.4321744e-03  -1.1118120e-04   8.3107780e-05   1.9202365e-06   2.5255821e-03   3.1359558e-04   2.0511234e-06   1.2361259e-08   6.9069031e-09
   1.0000000e+00  -4.7163881e-02  -3.8143494e-01   1.1404572e-01  -7.2664103e-04  -2.1653445e-03  -3.8280520e-04   2.2244317e-03   1.4549261e-01   1.3006426e-02   5.2800719e-07   4.6887168e-06   1.4653982e-07  -8.2722940e-03   4.1440530e-02  -7.9937800e-03   1.0182378e-03  -3.9032380e-04  -1.1710662e-04   6.8430848e-05   1.7173175e-03   6.3900519e-05   1.0368082e-06   1.5235267e-07   1.3713960e-08
   1.0000000e+00  -3.3173615e-02  -4.2574663e-01   5.7256434e-02  -1.0295916e-03  -2.3369104e-03  -1.8876704e-04   1.1004887e-03   1.8126019e-01   3.2782992e-03   1.0600589e-06   5.4611502e-06   3.5632995e-08   1.3990266e-02  -4.4311690e-02  -5.6789286e-02  -3.0295057e-04  -1.7156590e-04   1.9403816e-04   1.9572754e-04   1.9635259e-03   3.2250230e-03   9.1779048e-08   2.9434858e-08   3.7650808e-08
   1.0000000e+00  -4.2570202e-02  -4.2901772e-01   9.4221826e-02  -1.6196016e-03  -2.4651373e-03  -1.8440143e-04   1.8122221e-03   1.8405620e-01   8.8777525e-03   2.6231093e-06   6.0769019e-06   3.4003887e-08  -9.3965870e-03  -3.2710900e-03   3.6965392e-02  -5.9001000e-04  -1.2822690e-04   4.3656100e-06   8.8295847e-05   1.0700030e-05   1.3664402e-03   3.4811180e-07   1.6442138e-08   1.9058551e-11
   1.0000000e+00  -3.7530140e-02  -4.1332471e-01  -1.6452080e-02   5.7508150e-04  -2.3829819e-03  -1.7757343e-04   1.4085114e-03   1.7083732e-01   2.7067094e-04   3.3071873e-07   5.6786027e-06   3.1532323e-08   5.0400620e-03   1.5693010e-02  -1.1067391e-01   2.1946831e-03   8.2155400e-05   6.8280000e-06   2.5402225e-05   2.4627056e-04   1.2248713e-02   4.8166339e-06   6.7495097e-09   4.6621584e-11
   1.0000000e+00  -4.7921266e-02  -4.6838224e-01   5.2757959e-02  -1.6698259e-03  -2.6842408e-03  -3.9636099e-05   2.2964477e-03   2.1938192e-01   2.7834022e-03   2.7883185e-06   7.2051487e-06   1.5710203e-09  -1.0391126e-02  -5.5057530e-02   6.9210039e-02  -2.2449074e-03  -3.0125890e-04   1.3793733e-04   1.0797550e-04   3.0313316e-03   4.7900295e-03   5.0396092e-06   9.0756925e-08   1.9026707e-08
   1.0000000e+00  -5.8438692e-02  -4.2176607e-01   3.7043331e-02  -1.8839805e-04  -2.4893586e-03  -6.5939549e-05   3.4150807e-03   1.7788662e-01   1.3722084e-03   3.5493825e-08   6.1969062e-06   4.3480241e-09  -1.0517426e-02   4.6616170e-02  -1.5714628e-02   1.4814279e-03   1.9488220e-04  -2.6303450e-05   1.1061625e-04   2.1730673e-03   2.4694953e-04   2.1946285e-06   3.7979072e-08   6.9187148e-10
   1.0000000e+00  -4.4866452e-02  -4.8003761e-01   6.2390151e-02  -1.6251148e-03  -2.8101146e-03   1.5820899e-05   2.0129985e-03   2.3043611e-01   3.8925309e-03   2.6409981e-06   7.8967441e-06   2.5030085e-10   1.3572240e-02  -5.8271540e-02   2.5346820e-02  -1.4367168e-03  -3.2075600e-04   8.1760448e-05   1.8420570e-04   3.3955724e-03   6.4246128e-04   2.0641550e-06   1.0288441e-07   6.6847709e-09
   1.0000000e+00  -6.4669622e-02  -4.2123403e-01   2.9085478e-02  -3.4861517e-04  -2.7952986e-03  -1.5520241e-04   4.1821600e-03   1.7743811e-01   8.4596503e-04   1.2153254e-07   7.8136943e-06   2.4087788e-08  -1.9803170e-02   5.8803580e-02  -3.3304673e-02   1.2764996e-03   1.4816000e-05  -1.7102331e-04   3.9216554e-04   3.4578610e-03   1.1092012e-03   1.6294513e-06   2.1951386e-10   2.9248972e-08
   1.0000000e+00  -5.5124551e-02  -4.6960774e-01  -1.1281990e-02   2.2410369e-05  -2.8231304e-03  -1.8307517e-04   3.0387161e-03   2.2053143e-01   1.2728330e-04   5.0222464e-10   7.9700653e-06   3.3516518e-08   9.5450710e-03  -4.8373710e-02  -4.0367468e-02   3.7102554e-04  -2.7831800e-05  -2.7872760e-05   9.1108380e-05   2.3400158e-03   1.6295325e-03   1.3765995e-07   7.7460909e-10   7.7689075e-10
   1.0000000e+00  -6.3278836e-02  -4.6109928e-01   1.6491162e-02  -1.4056423e-03  -2.9256982e-03  -1.4369377e-04   4.0042111e-03   2.1261255e-01   2.7195842e-04   1.9758303e-06   8.5597100e-06   2.0647900e-08  -8.1542850e-03   8.5084600e-03   2.7773152e-02  -1.4280527e-03  -1.0256780e-04   3.9381400e-05   6.6492364e-05   7.2393892e-05   7.7134797e-04   2.0393344e-06   1.0520154e-08   1.5508947e-09
   1.0000000e+00  -7.1057788e-02  -4.6094061e-01  -7.7834571e-03  -8.7493002e-05  -2.7510647e-03  -9.3414795e-05   5.0492092e-03   2.1246625e-01   6.0582204e-05   7.6550254e-09   7.5683570e-06   8.7263239e-09  -7.7789520e-03   1.5867000e-04  -2.4274619e-02   1.3181493e-03   1.7463350e-04   5.0278975e-05   6.0512094e-05   2.5176169e-08   5.8925713e-04   1.7375176e-06   3.0496859e-08   2.5279753e-09
   1.0000000e+00  -7.4426677e-02  -4.9493029e-01   5.1898191e-03  -1.4409808e-03  -2.7676825e-03  -1.3457016e-04   5.5393302e-03   2.4495599e-01   2.6934222e-05   2.0764257e-06   7.6600664e-06   1.8109128e-08  -3.3688890e-03  -3.3989680e-02   1.2973276e-02  -1.3534878e-03  -1.6617800e-05  -4.1155365e-05   1.1349413e-05   1.1552983e-03   1.6830590e-04   1.8319292e-06   2.7615128e-10   1.6937641e-09
   1.0000000e+00  -8.2525429e-02  -4.4103799e-01   1.8051114e-02  -8.0971908e-04  -2.8812785e-03  -2.9347589e-04   6.8104464e-03   1.9451451e-01   3.2584272e-04   6.5564499e-07   8.3017658e-06   8.6128098e-08  -8.0987520e-03   5.3892300e-02   1.2861295e-02   6.3126172e-04  -1.1359600e-04  -1.5890573e-04   6.5589784e-05   2.9043800e-03   1.6541291e-04   3.9849136e-07   1.2904051e-08   2.5251031e-08
   1.0000000e+00  -5.9989628e-02  -4.7660741e-01  -1.0503678e-02  -3.9716085e-04  -2.7650503e-03  -1.0701780e-04   3.5987555e-03   2.2715462e-01   1.1032725e-04   1.5773674e-07   7.6455032e-06   1.1452810e-08   2.2535801e-02  -3.5569420e-02  -2.8554792e-02   4.1255823e-04   1.1622820e-04   1.8645809e-04   5.0786233e-04   1.2651836e-03   8.1537615e-04   1.7020429e-07   1.3508994e-08   3.4766619e-08
   1.0000000e+00  -6.4870070e-02  -4.9804150e-01   4.7447747e-02  -1.9764007e-03  -2.8349032e-03  -1.4352052e-04   4.2081260e-03   2.4804534e-01   2.2512887e-03   3.9061597e-06   8.0366762e-06   2.0598140e-08  -4.8804420e-03  -2.1434090e-02   5.7951425e-02  -1.5792398e-03  -6.9852900e-05  -3.6502720e-05   2.3818714e-05   4.5942021e-04   3.3583677e-03   2.4939985e-06   4.8794276e-09   1.3324486e-09
   1.0000000e+00  -7.6565766e-02  -4.7536461e-01   2.7581819e-02  -1.8103043e-04  -2.7645411e-03  -2.2572528e-04   5.8623165e-03   2.2597151e-01   7.6075674e-04   3.2772017e-08   7.6426875e-06   5.0951902e-08  -1.1695696e-02   2.2676890e-02  -1.9865928e-02   1.7953703e-03   7.0362100e-05  -8.2204760e-05   1.3678930e-04   5.1424134e-04   3.9465510e-04   3.2233544e-06   4.9508251e-09   6.7576226e-09
   1.0000000e+00  -6.6400960e-02  -5.1996888e-01   2.3905342e-02  -1.1056384e-03  -2.8160315e-03  -1.7856586e-04   4.4090875e-03   2.7036764e-01   5.7146538e-04   1.2224363e-06   7.9300334e-06   3.1885766e-08   1.0164806e-02  -4.4604270e-02  -3.6764770e-03  -9.2460797e-04  -5.1490400e-05   4.7159420e-05   1.0332328e-04   1.9895409e-03   1.3516483e-05   8.5489990e-07   2.6512613e-09   2.2240109e-09
   1.0000000e+00  -6.9300534e-02  -4.7948854e-01   2.3735460e-02  -1.3523614e-03  -3.1130502e-03  -1.1550230e-05   4.8025640e-03   2.2990926e-01   5.6337206e-04   1.8288814e-06   9.6910815e-06   1.3340781e-10  -2.8995740e-03   4.0480340e-02  -1.6988200e-04  -2.4672300e-04  -2.9701870e-04   1.6701563e-04   8.4075294e-06   1.6386579e-03   2.8859894e-08   6.0872239e-08   8.8220108e-08   2.7894221e-08
   1.0000000e+00  -6.2980470e-02  -5.1090603e-01   2.3394179e-02  -2.6117475e-04  -2.6600777e-03  -1.0843512e-04   3.9665396e-03   2.6102497e-01   5.4728761e-04   6.8212250e-08   7.0760134e-06   1.1758175e-08   6.3200640e-03  -3.1417490e-02  -3.4128100e-04   1.0911867e-03   4.5297250e-04  -9.6884890e-05   3.9943209e-05   9.8705868e-04   1.1647272e-07   1.1906883e-06   2.0518409e-07   9.3866819e-09
   1.0000000e+00  -6.0593474e-02  -6.3182240e-01   1.9169593e-01  -3.1419307e-03  -2.6235250e-03   5.2976809e-06   3.6715691e-03   3.9919955e-01   3.6747330e-02   9.8717285e-06   6.8828834e-06   2.8065423e-11   2.3869960e-03  -1.2091637e-01   1.6830175e-01  -2.8807560e-03   3.6552700e-05   1.1373280e-04   5.6977499e-06   1.4620769e-02   2.8325479e-02   8.2987548e-06   1.3360999e-09   1.2935150e-08
   1.0000000e+00  -6.7761921e-02  -5.3561055e-01   1.4117253e-01  -7.9536215e-04  -3.0499486e-03  -4.8546963e-05   4.5916779e-03   2.8687866e-01   1.9929683e-02   6.3260095e-07   9.3021865e-06   2.3568076e-09  -7.1684470e-03   9.6211850e-02  -5.0523400e-02   2.3465685e-03  -4.2642360e-04  -5.3844644e-05   5.1386632e-05   9.2567201e-03   2.5526139e-03   5.5063840e-06   1.8183709e-07   2.8992457e-09
   1.0000000e+00  -5.2880453e-02  -5.6447358e-01   6.1598973e-02  -1.5043274e-03  -3.2146909e-03  -1.5828647e-05   2.7963423e-03   3.1863042e-01   3.7944335e-03   2.2630009e-06   1.0334238e-05   2.5054607e-10   1.4881468e-02  -2.8863030e-02  -7.9573557e-02  -7.0896525e-04  -1.6474230e-04   3.2718316e-05   2.2145809e-04   8.3307450e-04   6.3319510e-03   5.0263173e-07   2.7140025e-08   1.0704882e-09
   1.0000000e+00  -6.4927674e-02  -5.4713034e-01   1.1809933e-01  -2.0728961e-03  -3.2790027e-03  -1.9098630e-05   4.2156029e-03   2.9935161e-01   1.3947452e-02   4.2968982e-06   1.0751859e-05   3.6475767e-10  -1.2047221e-02   1.7343240e-02   5.6500357e-02  -5.6856870e-04  -6.4311800e-05  -3.2699830e-06   1.4513553e-04   3.0078797e-04   3.1922903e-03   3.2327037e-07   4.1360076e-09   1.0692789e-11
   1.0000000e+00  -6.9015661e-02  -5.5666369e-01   6.5453753e-02  -5.9763129e-04  -2.9499265e-03  -5.3559534e-05   4.7631615e-03   3.0987446e-01   4.2841938e-03   3.5716316e-07   8.7020664e-06   2.8686237e-09  -4.0879870e-03  -9.5333500e-03  -5.2645577e-02   1.4752648e-03   3.2907620e-04  -3.4460904e-05   1.6711638e-05   9.0884762e-05   2.7715568e-03   2.1764063e-06   1.0829115e-07   1.1875539e-09
   1.0000000e+00  -7.7942583e-02  -5.9517570e-01   1.2655054e-01  -3.0325847e-03  -2.9599838e-03  -2.8561460e-04   6.0750462e-03   3.5423411e-01   1.6015039e-02   9.1965700e-06   8.7615041e-06   8.1575700e-08  -8.9269220e-03  -3.8512010e-02   6.1096787e-02  -2.4349534e-03  -1.0057300e-05  -2.3205507e-04   7.9689936e-05   1.4831749e-03   3.7328174e-03   5.9289981e-06   1.0114928e-10   5.3849554e-08
   1.0000000e+00  -7.9774645e-02  -5.3653344e-01   9.3416193e-02  -7.5866628e-04  -3.1290827e-03  -4.9400233e-06   6.3639940e-03   2.8786813e-01   8.7265851e-03   5.7557452e-07   9.7911585e-06   2.4403830e-11  -1.8320620e-03   5.8642260e-02  -3.3134347e-02   2.2739184e-03  -1.6909890e-04   2.8067458e-04   3.3564512e-06   3.4389147e-03   1.0978850e-03   5.1707050e-06   2.8594438e-08   7.8778218e-08
   1.0000000e+00  -6.8087147e-02  -5.8835860e-01   1.0745028e-01  -2.7040772e-03  -3.0871408e-03   1.0511413e-04   4.6358596e-03   3.4616584e-01   1.1545563e-02   7.3120335e-06   9.5304383e-06   1.1048980e-08   1.1687498e-02  -5.1825160e-02   1.4034087e-02  -1.9454109e-03   4.1941900e-05   1.1005415e-04   1.3659761e-04   2.6858472e-03   1.9695560e-04   3.7846236e-06   1.7591230e-09   1.2111917e-08
   1.0000000e+00  -7.4067384e-02  -5.7957989e-01   1.2038365e-01  -1.9198118e-03  -3.2429283e-03   5.2685446e-05   5.4859774e-03   3.3591285e-01   1.4492223e-02   3.6856773e-06   1.0516584e-05   2.7757562e-09  -5.9802370e-03   8.7787100e-03   1.2933370e-02   7.8426540e-04  -1.5578750e-04  -5.2428684e-05   3.5763235e-05   7.7065749e-05   1.6727206e-04   6.1507222e-07   2.4269745e-08   2.7487669e-09
   1.0000000e+00  -6.3288598e-02  -5.9897711e-01   7.6917024e-02  -1.4666913e-04  -3.2034950e-03  -8.9779001e-05   4.0054466e-03   3.5877358e-01   5.9162286e-03   2.1511834e-08   1.0262380e-05   8.0602690e-09   1.0778786e-02  -1.9397220e-02  -4.3466626e-02   1.7731427e-03   3.9433300e-05  -1.4246445e-04   1.1618223e-04   3.7625214e-04   1.8893476e-03   3.1440349e-06   1.5549851e-09   2.0296119e-08
   1.0000000e+00  -6.5119033e-02  -6.2164785e-01   1.4205453e-01  -2.8489384e-03  -3.4140938e-03   3.6961059e-05   4.2404885e-03   3.8644605e-01   2.0179489e-02   8.1164500e-06   1.1656036e-05   1.3661199e-09  -1.8304350e-03  -2.2670740e-02   6.5137506e-02  -2.7022693e-03  -2.1059880e-04   1.2674006e-04   3.3504923e-06   5.1396245e-04   4.2428947e-03   7.3022592e-06   4.4351855e-08   1.6063043e-08
   1.0000000e+00  -7.1703668e-02  -5.9601394e-01   1.4333665e-01  -1.9674772e-03  -3.4882417e-03  -1.1780015e-04   5.1414160e-03   3.5523262e-01   2.0545395e-02   3.8709665e-06   1.2167830e-05   1.3876875e-08  -6.5846350e-03   2.5633910e-02   1.2821200e-03   8.8146120e-04  -7.4147900e-05  -1.5476121e-04   4.3357418e-05   6.5709734e-04   1.6438317e-06   7.7697385e-07   5.4979111e-09   2.3951032e-08
   1.0000000e+00  -6.3154300e-02  -6.1421166e-01   9.4560349e-02  -1.1417862e-03  -3.4175358e-03   1.4247468e-04   3.9884656e-03   3.7725596e-01   8.9416596e-03   1.3036757e-06   1.1679551e-05   2.0299034e-08   8.5493680e-03  -1.8197720e-02  -4.8776301e-02   8.2569100e-04   7.0705900e-05   2.6027483e-04   7.3091693e-05   3.3115701e-04   2.3791275e-03   6.8176563e-07   4.9993243e-09   6.7742987e-08
   1.0000000e+00  -6.7894365e-02  -6.4693691e-01   1.6459794e-01  -3.0664877e-03  -3.6962990e-03   1.8508459e-04   4.6096448e-03   4.1852737e-01   2.7092482e-02   9.4033468e-06   1.3662626e-05   3.4256305e-08  -4.7400650e-03  -3.2725250e-02   7.0037591e-02  -1.9247015e-03  -2.7876320e-04   4.2609910e-05   2.2468216e-05   1.0709420e-03   4.9052642e-03   3.7044759e-06   7.7708922e-08   1.8156044e-09
   1.0000000e+00  -6.9298156e-02  -6.1334950e-01   1.7904265e-01  -1.6934906e-03  -3.8371407e-03   9.7087918e-05   4.8022344e-03   3.7619761e-01   3.2056271e-02   2.8679104e-06   1.4723649e-05   9.4260638e-09  -1.4037910e-03   3.3587410e-02   1.4444710e-02   1.3729971e-03  -1.4084170e-04  -8.7996672e-05   1.9706292e-06   1.1281141e-03   2.0864965e-04   1.8851210e-06   1.9836384e-08   7.7434143e-09
   1.0000000e+00  -5.9781610e-02  -6.4863110e-01   1.8303295e-01  -2.1436425e-03  -4.0428059e-03   2.3409897e-04   3.5738409e-03   4.2072230e-01   3.3501061e-02   4.5952032e-06   1.6344280e-05   5.4802328e-08   9.5165460e-03  -3.5281600e-02   3.9903000e-03  -4.5015190e-04  -2.0566520e-04   1.3701105e-04   9.0564648e-05   1.2447913e-03   1.5922494e-05   2.0263673e-07   4.2298174e-08   1.8772028e-08
   1.0000000e+00  -7.1334176e-02  -6.6359728e-01   1.6375317e-01  -2.8202838e-03  -4.0162235e-03   1.9069277e-04   5.0885647e-03   4.4036135e-01   2.6815101e-02   7.9540007e-06   1.6130051e-05   3.6363733e-08  -1.1552566e-02  -1.4966180e-02  -1.9279780e-02  -6.7664130e-04   2.6582400e-05  -4.3406200e-05   1.3346178e-04   2.2398654e-04   3.7170992e-04   4.5784345e-07   7.0662399e-10   1.8840982e-09
   1.0000000e+00  -7.1076027e-02  -5.9116043e-01   1.3087484e-01  -1.4282181e-03  -3.9773424e-03   1.0956073e-04   5.0518016e-03   3.4947065e-01   1.7128224e-02   2.0398069e-06   1.5819253e-05   1.2003554e-08   2.5814900e-04   7.2436850e-02  -3.2878330e-02   1.3920657e-03   3.8881100e-05  -8.1132040e-05   6.6640906e-08   5.2470972e-03   1.0809846e-03   1.9378469e-06   1.5117399e-09   6.5824079e-09
   1.0000000e+00  -5.7824716e-02  -6.4319607e-01   1.0348087e-01  -1.9862722e-03  -4.0318377e-03   4.1998125e-04   3.3436978e-03   4.1370118e-01   1.0708290e-02   3.9452773e-06   1.6255715e-05   1.7638425e-07   1.3251311e-02  -5.2035640e-02  -2.7393970e-02  -5.5805410e-04  -5.4495300e-05   3.1042052e-04   1.7559724e-04   2.7077078e-03   7.5042959e-04   3.1142438e-07   2.9697377e-09   9.6360899e-08
   1.0000000e+00  -6.3220229e-02  -6.3056874e-01   1.4156638e-01  -3.4658089e-03  -4.1302360e-03   3.3107367e-04   3.9967974e-03   3.9761694e-01   2.0041040e-02   1.2011831e-05   1.7058849e-05   1.0960977e-07  -5.3955130e-03   1.2627330e-02   3.8085510e-02  -1.4795367e-03  -9.8398300e-05  -8.8907580e-05   2.9111561e-05   1.5944946e-04   1.4505061e-03   2.1890288e-06   9.6822254e-09   7.9045578e-09
   1.0000000e+00  -7.5539783e-02  -6.0975113e-01   1.4688849e-01  -2.1793894e-03  -4.0834353e-03   2.6357339e-04   5.7062588e-03   3.7179644e-01   2.1576228e-02   4.7497382e-06   1.6674444e-05   6.9470932e-08  -1.2319554e-02   2.0817610e-02   5.3221100e-03   1.2864195e-03   4.6800700e-05  -6.7500280e-05   1.5177141e-04   4.3337289e-04   2.8324855e-05   1.6548751e-06   2.1903055e-09   4.5562878e-09
   1.0000000e+00  -4.4283437e-02  -6.5482894e-01   1.1315067e-01  -1.7080975e-03  -3.9630352e-03   3.7729806e-04   1.9610228e-03   4.2880094e-01   1.2803074e-02   2.9175971e-06   1.5705648e-05   1.4235383e-07   3.1256346e-02  -4.5077810e-02  -3.3737820e-02   4.7129190e-04   1.2040010e-04   1.1372467e-04   9.7695917e-04   2.0320090e-03   1.1382405e-03   2.2211606e-07   1.4496184e-08   1.2933301e-08
   1.0000000e+00  -5.1603121e-02  -6.9560658e-01   1.9442579e-01  -3.6509146e-03  -4.1376022e-03   2.3393185e-04   2.6628821e-03   4.8386851e-01   3.7801388e-02   1.3329177e-05   1.7119752e-05   5.4724110e-08  -7.3196840e-03  -4.0777640e-02   8.1275120e-02  -1.9428171e-03  -1.7456700e-04  -1.4336621e-04   5.3577774e-05   1.6628159e-03   6.6056451e-03   3.7745383e-06   3.0473637e-08   2.0553870e-08
   1.0000000e+00  -6.1558245e-02  -6.3782814e-01   2.0869893e-01  -2.3567773e-03  -4.1230750e-03   8.5207179e-05   3.7894175e-03   4.0682474e-01   4.3555243e-02   5.5543992e-06   1.6999747e-05   7.2602634e-09  -9.9551240e-03   5.7778440e-02   1.4273140e-02   1.2941373e-03   1.4527200e-05  -1.4872467e-04   9.9104494e-05   3.3383481e-03   2.0372253e-04   1.6747914e-06   2.1103954e-10   2.2119028e-08
   1.0000000e+00  -5.4060289e-02  -6.7487736e-01   1.7710379e-01  -2.7660383e-03  -4.3665289e-03   3.4079135e-04   2.9225148e-03   4.5545945e-01   3.1365752e-02   7.6509679e-06   1.9066575e-05   1.1613874e-07   7.4979560e-03  -3.7049220e-02  -3.1595140e-02  -4.0926100e-04  -2.4345390e-04   2.5558417e-04   5.6219344e-05   1.3726447e-03   9.9825287e-04   1.6749457e-07   5.9269801e-08   6.5323268e-08
   1.0000000e+00  -7.4883038e-02  -6.6517239e-01   2.3287467e-01  -3.7361557e-03  -4.1477926e-03   2.0397814e-04   5.6074694e-03   4.4245431e-01   5.4230612e-02   1.3958859e-05   1.7204183e-05   4.1607082e-08  -2.0822749e-02   9.7049700e-03   5.5770880e-02  -9.7011740e-04   2.1873630e-04  -1.3681321e-04   4.3358688e-04   9.4186443e-05   3.1103911e-03   9.4112777e-07   4.7845569e-08   1.8717854e-08
   1.0000000e+00  -5.6833051e-02  -6.7452463e-01   2.3242471e-01  -1.7339851e-03  -4.3088705e-03   3.3561148e-04   3.2299957e-03   4.5498348e-01   5.4021246e-02   3.0067043e-06   1.8566365e-05   1.1263507e-07   1.8049987e-02  -9.3522400e-03  -4.4996000e-04   2.0021706e-03  -1.6107790e-04   1.3163334e-04   3.2580203e-04   8.7464393e-05   2.0246400e-07   4.0086871e-06   2.5946090e-08   1.7327336e-08
   1.0000000e+00  -5.8225801e-02  -7.0654994e-01   2.4396074e-01  -4.2468021e-03  -4.1875556e-03   4.3740212e-04   3.3902439e-03   4.9921282e-01   5.9516843e-02   1.8035328e-05   1.7535622e-05   1.9132061e-07  -1.3927500e-03  -3.2025310e-02   1.1536030e-02  -2.5128170e-03   1.2131490e-04   1.0179064e-04   1.9397526e-06   1.0256205e-03   1.3307999e-04   6.3142493e-06   1.4717305e-08   1.0361334e-08
   1.0000000e+00  -6.8499548e-02  -6.6310124e-01   2.7138722e-01  -3.6414669e-03  -4.2902510e-03   4.4277491e-04   4.6921881e-03   4.3970325e-01   7.3651023e-02   1.3260281e-05   1.8406254e-05   1.9604962e-07  -1.0273747e-02   4.3448700e-02   2.7426480e-02   6.0533520e-04  -1.0269540e-04   5.3727900e-06   1.0554988e-04   1.8877895e-03   7.5221181e-04   3.6643070e-07   1.0546345e-08   2.8866872e-11
   1.0000000e+00  -6.4892535e-02  -7.1150334e-01   2.5637466e-01  -2.1441063e-03  -3.9119814e-03   2.9968469e-04   4.2110411e-03   5.0623700e-01   6.5727966e-02   4.5971918e-06   1.5303598e-05   8.9810913e-08   3.6070130e-03  -4.8402100e-02  -1.5012560e-02   1.4973606e-03   3.7826960e-04  -1.4309022e-04   1.3010543e-05   2.3427633e-03   2.2537696e-04   2.2420888e-06   1.4308789e-07   2.0474811e-08
   1.0000000e+00  -6.3885830e-02  -7.2272447e-01   2.7303318e-01  -4.2201613e-03  -4.2230605e-03   3.6716256e-04   4.0813993e-03   5.2233066e-01   7.4547117e-02   1.7809761e-05   1.7834240e-05   1.3480835e-07   1.0067050e-03  -1.1221130e-02   1.6658520e-02  -2.0760550e-03  -3.1107910e-04   6.7477870e-05   1.0134550e-06   1.2591376e-04   2.7750629e-04   4.3100044e-06   9.6770206e-08   4.5532629e-09
   1.0000000e+00  -6.6199296e-02  -6.6909381e-01   2.9617513e-01  -3.3708300e-03  -4.2595739e-03   1.6861708e-04   4.3823468e-03   4.4768653e-01   8.7719708e-02   1.1362495e-05   1.8143970e-05   2.8431720e-08  -2.3134660e-03   5.3630660e-02   2.3141950e-02   8.4933130e-04  -3.6513400e-05  -1.9854548e-04   5.3521249e-06   2.8762477e-03   5.3554985e-04   7.2136366e-07   1.3332284e-09   3.9420308e-08
   1.0000000e+00  -4.7944189e-02  -7.1821772e-01   2.7450169e-01  -3.2485987e-03  -4.3701612e-03   3.1432021e-04   2.2986453e-03   5.1583669e-01   7.5351178e-02   1.0553394e-05   1.9098309e-05   9.8797194e-08   1.8255107e-02  -4.9123910e-02  -2.1673440e-02   1.2223130e-04  -1.1058730e-04   1.4570313e-04   3.3324893e-04   2.4131585e-03   4.6973800e-04   1.4940491e-08   1.2229551e-08   2.1229402e-08
   1.0000000e+00  -6.0070403e-02  -7.4135699e-01   3.0230143e-01  -4.3662995e-03  -4.2739537e-03   2.5422180e-04   3.6084533e-03   5.4961019e-01   9.1386155e-02   1.9064571e-05   1.8266680e-05   6.4628724e-08  -1.2126214e-02  -2.3139270e-02   2.7799740e-02  -1.1177008e-03   9.6207500e-05  -6.0098410e-05   1.4704507e-04   5.3542582e-04   7.7282554e-04   1.2492551e-06   9.2558831e-09   3.6118189e-09
   1.0000000e+00  -7.7751560e-02  -6.9314849e-01   2.6898076e-01  -2.5763542e-03  -4.2809513e-03   6.6228407e-05   6.0453051e-03   4.8045483e-01   7.2350649e-02   6.6376010e-06   1.8326544e-05   4.3862019e-09  -1.7681157e-02   4.8208500e-02  -3.3320670e-02   1.7899453e-03  -6.9976000e-06  -1.8799339e-04   3.1262331e-04   2.3240595e-03   1.1102670e-03   3.2039042e-06   4.8966406e-11   3.5341516e-08
   1.0000000e+00  -6.2165796e-02  -7.3348414e-01   3.1688228e-01  -4.5186792e-03  -4.4365414e-03   2.8647628e-04   3.8645862e-03   5.3799898e-01   1.0041438e-01   2.0418462e-05   1.9682900e-05   8.2068659e-08   1.5585764e-02  -4.0335650e-02   4.7901520e-02  -1.9423250e-03  -1.5559010e-04   2.2024787e-04   2.4291604e-04   1.6269647e-03   2.2945556e-03   3.7726264e-06   2.4208279e-08   4.8509126e-08
   1.0000000e+00  -7.8518423e-02  -6.9986968e-01   3.3699869e-01  -4.2569429e-03  -4.4510186e-03   1.7291438e-04   6.1651428e-03   4.8981757e-01   1.1356812e-01   1.8121563e-05   1.9811567e-05   2.9899383e-08  -1.6352627e-02   3.3614460e-02   2.0116410e-02   2.6173630e-04  -1.4477200e-05  -1.1356190e-04   2.6740841e-04   1.1299319e-03   4.0466995e-04   6.8505891e-08   2.0958932e-10   1.2896305e-08
   1.0000000e+00  -7.4571952e-02  -7.2672051e-01   2.8258434e-01  -2.5942062e-03  -4.2554044e-03  -9.0332767e-05   5.5609760e-03   5.2812270e-01   7.9853909e-02   6.7299058e-06   1.8108467e-05   8.1600088e-09   3.9464710e-03  -2.6850830e-02  -5.4414350e-02   1.6627367e-03   1.9561420e-04  -2.6324715e-04   1.5574633e-05   7.2096707e-04   2.9609215e-03   2.7646933e-06   3.8264915e-08   6.9299060e-08
   1.0000000e+00  -6.6809486e-02  -7.6534734e-01   3.0504570e-01  -4.9867061e-03  -4.5502362e-03   1.7563704e-04   4.4635074e-03   5.8575655e-01   9.3052879e-02   2.4867238e-05   2.0704649e-05   3.0848370e-08   7.7624660e-03  -3.8626830e-02   2.2461360e-02  -2.3924999e-03  -2.9483180e-04   2.6596981e-04   6.0255878e-05   1.4920320e-03   5.0451269e-04   5.7240558e-06   8.6925790e-08   7.0739938e-08
   1.0000000e+00  -7.8198001e-02  -7.4735843e-01   3.2105525e-01  -4.4642250e-03  -4.6698181e-03   3.3560047e-05   6.1149274e-03   5.5854462e-01   1.0307647e-01   1.9929305e-05   2.1807201e-05   1.1262768e-09  -1.1388515e-02   1.7988910e-02   1.6009550e-02   5.2248110e-04  -1.1958190e-04  -1.4207699e-04   1.2969827e-04   3.2360088e-04   2.5630569e-04   2.7298650e-07   1.4299831e-08   2.0185872e-08
   1.0000000e+00  -7.9917218e-02  -7.6075259e-01   2.5073070e-01  -3.4701104e-03  -4.6028018e-03  -2.3863414e-04   6.3867617e-03   5.7874450e-01   6.2865884e-02   1.2041666e-05   2.1185784e-05   5.6946253e-08  -1.7192170e-03  -1.3394160e-02  -7.0324550e-02   9.9411460e-04   6.7016300e-05  -2.7219419e-04   2.9557071e-06   1.7940352e-04   4.9455423e-03   9.8826384e-07   4.4911845e-09   7.4089675e-08
   1.0000000e+00  -7.5283719e-02  -7.8799721e-01   2.9383504e-01  -4.6757556e-03  -4.5657012e-03   6.2960427e-05   5.6676383e-03   6.2093960e-01   8.6339031e-02   2.1862690e-05   2.0845627e-05   3.9640154e-09   4.6334990e-03  -2.7244620e-02   4.3104340e-02  -1.2056452e-03   3.7100600e-05   3.0159457e-04   2.1469313e-05   7.4226932e-04   1.8579841e-03   1.4535803e-06   1.3764545e-09   9.0959283e-08
   1.0000000e+00  -8.4228438e-02  -7.8826453e-01   3.5656546e-01  -5.1641030e-03  -4.7235363e-03   5.9905356e-06   7.0944298e-03   6.2136097e-01   1.2713893e-01   2.6667960e-05   2.2311795e-05   3.5886517e-11  -8.9447190e-03  -2.6732000e-04   6.2730420e-02  -4.8834740e-04  -1.5783510e-04  -5.6969891e-05   8.0007998e-05   7.1459982e-08   3.9351056e-03   2.3848318e-07   2.4911919e-08   3.2455685e-09
   1.0000000e+00  -7.8430485e-02  -7.8016558e-01   3.0853783e-01  -3.9913043e-03  -4.7023788e-03   1.5509553e-04   6.1513410e-03   6.0865833e-01   9.5195593e-02   1.5930510e-05   2.2112366e-05   2.4054623e-08   5.7979530e-03   8.0989500e-03  -4.8027630e-02   1.1727987e-03   2.1157500e-05   1.4910499e-04   3.3616259e-05   6.5592991e-05   2.3066532e-03   1.3754568e-06   4.4763981e-10   2.2232299e-08
   1.0000000e+00  -7.3633795e-02  -8.1138186e-01   3.2977335e-01  -5.7320102e-03  -4.7485405e-03   2.4077320e-04   5.4219358e-03   6.5834052e-01   1.0875046e-01   3.2855941e-05   2.2548637e-05   5.7971734e-08   4.7966900e-03  -3.1216280e-02   2.1235520e-02  -1.7407059e-03  -4.6161700e-05   8.5677670e-05   2.3008235e-05   9.7445614e-04   4.5094731e-04   3.0300570e-06   2.1309025e-09   7.3406631e-09
   1.0000000e+00  -9.5332045e-02  -7.4203984e-01   3.0492498e-01  -4.2656557e-03  -4.7919012e-03  -3.3150346e-05   9.0881988e-03   5.5062312e-01   9.2979243e-02   1.8195819e-05   2.2962317e-05   1.0989454e-09  -2.1698250e-02   6.9342020e-02  -2.4848370e-02   1.4663545e-03  -4.3360700e-05  -2.7392355e-04   4.7081405e-04   4.8083157e-03   6.1744149e-04   2.1501955e-06   1.8801503e-09   7.5034109e-08
   1.0000000e+00  -7.2858451e-02  -8.3140957e-01   3.2377853e-01  -4.2998795e-03  -5.1003138e-03   1.1569830e-04   5.3083539e-03   6.9124187e-01   1.0483254e-01   1.8488964e-05   2.6013201e-05   1.3386097e-08   2.2473594e-02  -8.9369730e-02   1.8853550e-02  -3.4223800e-05  -3.0841260e-04   1.4884865e-04   5.0506243e-04   7.9869486e-03   3.5545635e-04   1.1712685e-09   9.5118332e-08   2.2155919e-08
   1.0000000e+00  -7.6423638e-02  -8.2762617e-01   3.7191726e-01  -6.0607533e-03  -5.0514650e-03   1.0171184e-04   5.8405724e-03   6.8496508e-01   1.3832245e-01   3.6732731e-05   2.5517299e-05   1.0345298e-08  -3.5651870e-03   3.7834000e-03   4.8138730e-02  -1.7608738e-03   4.8848800e-05  -1.3986460e-05   1.2710558e-05   1.4314116e-05   2.3173373e-03   3.1006765e-06   2.3862053e-09   1.9562106e-10
   1.0000000e+00  -6.9307090e-02  -7.9720044e-01   3.2656562e-01  -4.0669919e-03  -5.0754055e-03   2.0158511e-04   4.8034727e-03   6.3552854e-01   1.0664510e-01   1.6540423e-05   2.5759741e-05   4.0636557e-08   7.1165480e-03   3.0425730e-02  -4.5351640e-02   1.9937614e-03  -2.3940500e-05   9.9873270e-05   5.0645255e-05   9.2572505e-04   2.0567713e-03   3.9750845e-06   5.7314754e-10   9.9746701e-09
   1.0000000e+00  -7.4196601e-02  -8.5402652e-01   3.1922935e-01  -4.5290354e-03  -4.8525303e-03   2.6320263e-04   5.5051356e-03   7.2936130e-01   1.0190738e-01   2.0512162e-05   2.3547050e-05   6.9275624e-08  -4.8895110e-03  -5.6826080e-02  -7.3362700e-03  -4.6204350e-04   2.2287520e-04   6.1617520e-05   2.3907318e-05   3.2292034e-03   5.3820858e-05   2.1348420e-07   4.9673355e-08   3.7967188e-09
   1.0000000e+00  -9.2778348e-02  -8.4650131e-01   3.5616742e-01  -5.6168232e-03  -4.9153138e-03   3.0999591e-05   8.6078219e-03   7.1656447e-01   1.2685523e-01   3.1548703e-05   2.4160310e-05   9.6097464e-10  -1.8581747e-02   7.5252100e-03   3.6938070e-02  -1.0877878e-03  -6.2783500e-05  -2.3220304e-04   3.4528132e-04   5.6628786e-05   1.3644210e-03   1.1832823e-06   3.9417679e-09   5.3918251e-08
   1.0000000e+00  -9.0525290e-02  -8.2216720e-01   3.2930111e-01  -3.8563983e-03  -4.6927072e-03   1.2855611e-04   8.1948281e-03   6.7595890e-01   1.0843922e-01   1.4871808e-05   2.2021501e-05   1.6526673e-08   2.2530580e-03   2.4334110e-02  -2.6866310e-02   1.7604249e-03   2.2260660e-04   9.7556519e-05   5.0762704e-06   5.9214891e-04   7.2179861e-04   3.0990958e-06   4.9553698e-08   9.5172744e-09
   1.0000000e+00  -7.4095771e-02  -8.5586765e-01   3.6783982e-01  -5.8286846e-03  -5.0613227e-03   3.6477419e-04   5.4901833e-03   7.3250943e-01   1.3530613e-01   3.3973564e-05   2.5616987e-05   1.3306021e-07   1.6429519e-02  -3.3700450e-02   3.8538710e-02  -1.9722863e-03  -3.6861550e-04   2.3621808e-04   2.6992909e-04   1.1357203e-03   1.4852322e-03   3.8899132e-06   1.3587739e-07   5.5798981e-08
   1.0000000e+00  -9.1281496e-02  -8.1276751e-01   3.7151412e-01  -4.3217489e-03  -5.0023541e-03   5.8788705e-05   8.3323115e-03   6.6059103e-01   1.3802274e-01   1.8677514e-05   2.5023547e-05   3.4561118e-09  -1.7185725e-02   4.3100140e-02   3.6743000e-03   1.5069357e-03   5.8968600e-05  -3.0598549e-04   2.9534914e-04   1.8576221e-03   1.3500480e-05   2.2708552e-06   3.4772958e-09   9.3627117e-08
   1.0000000e+00  -7.7880118e-02  -8.6590673e-01   3.8323945e-01  -4.2782305e-03  -4.7201229e-03   2.4865535e-04   6.0653128e-03   7.4979447e-01   1.4687248e-01   1.8303256e-05   2.2279560e-05   6.1829483e-08   1.3401378e-02  -5.3139220e-02   1.1725330e-02   4.3518400e-05   2.8223120e-04   1.8986664e-04   1.7959693e-04   2.8237767e-03   1.3748336e-04   1.8938511e-09   7.9654450e-08   3.6049343e-08
   1.0000000e+00  -8.2184757e-02  -8.9289931e-01   4.3817043e-01  -6.3128226e-03  -5.0719078e-03   3.2119397e-04   6.7543343e-03   7.9726918e-01   1.9199333e-01   3.9851729e-05   2.5724249e-05   1.0316557e-07  -4.3046390e-03  -2.6992580e-02   5.4930980e-02  -2.0345921e-03  -3.5178490e-04   7.2538620e-05   1.8529917e-05   7.2859938e-04   3.0174126e-03   4.1395650e-06   1.2375262e-07   5.2618514e-09
   1.0000000e+00  -9.3277340e-02  -8.6100111e-01   3.9829607e-01  -4.6886842e-03  -4.9083868e-03  -8.2605221e-05   8.7006622e-03   7.4132291e-01   1.5863976e-01   2.1983760e-05   2.4092261e-05   6.8236225e-09  -1.1092583e-02   3.1898200e-02  -3.9874360e-02   1.6241384e-03   1.6352100e-04  -4.0379919e-04   1.2304540e-04   1.0174952e-03   1.5899646e-03   2.6378255e-06   2.6739117e-08   1.6305379e-07
   1.0000000e+00  -9.0706747e-02  -9.1599697e-01   3.8801696e-01  -5.0977600e-03  -4.8734971e-03   1.5644633e-04   8.2277140e-03   8.3905045e-01   1.5055716e-01   2.5987157e-05   2.3750974e-05   2.4475454e-08   2.5705930e-03  -5.4995860e-02  -1.0279110e-02  -4.0907580e-04   3.4889700e-05   2.3905155e-04   6.6079484e-06   3.0245446e-03   1.0566010e-04   1.6734301e-07   1.2172912e-09   5.7145644e-08
   1.0000000e+00  -9.8700415e-02  -8.6345426e-01   4.1244168e-01  -5.8296775e-03  -4.9978130e-03   6.6913394e-06   9.7417719e-03   7.4555326e-01   1.7010814e-01   3.3985140e-05   2.4978135e-05   4.4774023e-11  -7.9936680e-03   5.2542710e-02   2.4424720e-02  -7.3191750e-04  -1.2431590e-04  -1.4975499e-04   6.3898728e-05   2.7607364e-03   5.9656695e-04   5.3570323e-07   1.5454443e-08   2.2426557e-08
   1.0000000e+00  -9.7144577e-02  -8.8597651e-01   3.6731608e-01  -3.9622661e-03  -5.0008763e-03   3.7535803e-05   9.4370688e-03   7.8495438e-01   1.3492110e-01   1.5699553e-05   2.5008764e-05   1.4089365e-09   1.5558380e-03  -2.2522250e-02  -4.5125600e-02   1.8674114e-03  -3.0633000e-06   3.0844464e-05   2.4206319e-06   5.0725175e-04   2.0363198e-03   3.4872253e-06   9.3838069e-12   9.5138093e-10
   1.0000000e+00  -9.5265260e-02  -9.1174646e-01   3.9737917e-01  -6.0469831e-03  -5.4589499e-03   1.7455866e-04   9.0754698e-03   8.3128161e-01   1.5791020e-01   3.6566005e-05   2.9800134e-05   3.0470726e-08   1.8793170e-03  -2.5769950e-02   3.0063090e-02  -2.0847170e-03  -4.5807360e-04   1.3702286e-04   3.5318324e-06   6.6409032e-04   9.0378938e-04   4.3460450e-06   2.0983142e-07   1.8775263e-08
   1.0000000e+00  -1.2048771e-01  -8.5691192e-01   4.1080959e-01  -4.9347734e-03  -5.4116673e-03  -2.2922876e-05   1.4517288e-02   7.3429804e-01   1.6876452e-01   2.4351989e-05   2.9286143e-05   5.2545824e-10  -2.5222450e-02   5.4834540e-02   1.3430420e-02   1.1122097e-03   4.7282600e-05  -1.9748154e-04   6.3617198e-04   3.0068268e-03   1.8037618e-04   1.2370104e-06   2.2356443e-09   3.8998957e-08
   1.0000000e+00  -1.0793760e-01  -8.8438027e-01   3.7403721e-01  -4.2082746e-03  -5.1567706e-03  -5.2842406e-05   1.1650525e-02   7.8212846e-01   1.3990383e-01   1.7709575e-05   2.6592283e-05   2.7923199e-09   1.2550110e-02  -2.7468350e-02  -3.6772380e-02   7.2649880e-04   2.5489670e-04  -2.9919530e-05   1.5750526e-04   7.5451025e-04   1.3522079e-03   5.2780051e-07   6.4972328e-08   8.9517828e-10
   1.0000000e+00  -1.0243718e-01  -9.1815515e-01   4.3759370e-01  -6.0794632e-03  -5.3184709e-03  -5.6047947e-06   1.0493376e-02   8.4300888e-01   1.9148825e-01   3.6959873e-05   2.8286133e-05   3.1413724e-11   5.5004200e-03  -3.3774880e-02   6.3556490e-02  -1.8711886e-03  -1.6170030e-04   4.7237611e-05   3.0254620e-05   1.1407425e-03   4.0394274e-03   3.5013468e-06   2.6146987e-08   2.2313919e-09
   1.0000000e+00  -9.3244835e-02  -8.9132392e-01   4.5946581e-01  -4.7083752e-03  -5.3665911e-03   2.6803183e-05   8.6945993e-03   7.9445833e-01   2.1110883e-01   2.2168797e-05   2.8800300e-05   7.1841062e-10   9.1923450e-03   2.6831230e-02   2.1872110e-02   1.3710880e-03  -4.8120200e-05   3.2407978e-05   8.4499207e-05   7.1991490e-04   4.7838920e-04   1.8798823e-06   2.3155536e-09   1.0502770e-09
   1.0000000e+00  -8.6613209e-02  -9.3649155e-01   4.7115044e-01  -5.5435400e-03  -5.2651855e-03   1.3123972e-04   7.5018480e-03   8.7701642e-01   2.2198274e-01   3.0730836e-05   2.7722178e-05   1.7223864e-08   6.6316260e-03  -4.5167630e-02   1.1684630e-02  -8.3516480e-04   1.0140560e-04   1.0443654e-04   4.3978463e-05   2.0401148e-03   1.3653058e-04   6.9750024e-07   1.0283096e-08   1.0906990e-08
   1.0000000e+00  -9.9443549e-02  -9.3846522e-01   5.4772196e-01  -6.1793028e-03  -5.3403364e-03  -1.5144168e-04   9.8890194e-03   8.8071697e-01   2.9999935e-01   3.8183783e-05   2.8519193e-05   2.2934582e-08  -1.2830340e-02  -1.9736700e-03   7.6571520e-02  -6.3576280e-04  -7.5150900e-05  -2.8268140e-04   1.6461762e-04   3.8953733e-06   5.8631977e-03   4.0419434e-07   5.6476578e-09   7.9908774e-08
   1.0000000e+00  -8.1098872e-02  -9.3441102e-01   5.0312110e-01  -4.8316310e-03  -5.3067574e-03  -1.0815699e-04   6.5770270e-03   8.7312395e-01   2.5313084e-01   2.3344658e-05   2.8161674e-05   1.1697934e-08   1.8344677e-02   4.0542000e-03  -4.4600860e-02   1.3476718e-03   3.3579000e-05   4.3284690e-05   3.3652717e-04   1.6436538e-05   1.9892367e-03   1.8162193e-06   1.1275492e-09   1.8735644e-09
   1.0000000e+00  -9.1069267e-02  -9.5952489e-01   4.4946017e-01  -4.7350627e-03  -6.0566600e-03  -7.7721735e-04   8.2936114e-03   9.2068801e-01   2.0201444e-01   2.2420819e-05   3.6683130e-05   6.0406681e-07  -9.9703950e-03  -2.5113870e-02  -5.3660930e-02   9.6568300e-05  -7.4990260e-04  -6.6906036e-04   9.9408776e-05   6.3070647e-04   2.8794954e-03   9.3254366e-09   5.6235391e-07   4.4764177e-07
   1.0000000e+00  -8.6322932e-02  -9.6929603e-01   5.1941637e-01  -4.2327915e-03  -6.1219270e-03  -5.5450359e-04   7.4516486e-03   9.3953479e-01   2.6979337e-01   1.7916524e-05   3.7477990e-05   3.0747423e-07   4.7463350e-03  -9.7711400e-03   6.9956200e-02   5.0227120e-04  -6.5267000e-05   2.2271376e-04   2.2527696e-05   9.5475177e-05   4.8938699e-03   2.5227636e-07   4.2597813e-09   4.9601419e-08
   1.0000000e+00  -6.2488142e-02  -1.0182487e+00   4.9664963e-01  -3.5717274e-03  -6.3972801e-03   1.5242189e-04   3.9047679e-03   1.0368304e+00   2.4666085e-01   1.2757237e-05   4.0925193e-05   2.3232433e-08   2.3834790e-02  -4.8952670e-02  -2.2766740e-02   6.6106410e-04  -2.7535310e-04   7.0692548e-04   5.6809721e-04   2.3963639e-03   5.1832445e-04   4.3700574e-07   7.5819330e-08   4.9974363e-07
   1.0000000e+00  -6.7254190e-02  -1.0411437e+00   5.7281582e-01  -5.9585451e-03  -6.3872638e-03  -9.5107462e-05   4.5231261e-03   1.0839802e+00   3.2811796e-01   3.5504260e-05   4.0797139e-05   9.0454293e-09  -4.7660480e-03  -2.2895000e-02   7.6166190e-02  -2.3868177e-03   1.0016300e-05  -2.4752935e-04   2.2715214e-05   5.2418102e-04   5.8012885e-03   5.6968987e-06   1.0032627e-10   6.1270780e-08
   1.0000000e+00  -7.5090743e-02  -1.0098101e+00   5.6366236e-01  -4.2928557e-03  -6.6816389e-03  -4.2038609e-05   5.6386197e-03   1.0197164e+00   3.1771526e-01   1.8428610e-05   4.4644298e-05   1.7672446e-09  -7.8365530e-03   3.1333600e-02  -9.1534600e-03   1.6656894e-03  -2.9437510e-04   5.3068853e-05   6.1411563e-05   9.8179449e-04   8.3785830e-05   2.7745212e-06   8.6656700e-08   2.8163032e-09
   1.0000000e+00  -6.4344951e-02  -1.0056019e+00   5.9750327e-01  -3.5485922e-03  -6.6218341e-03   9.0735957e-05   4.1402727e-03   1.0112352e+00   3.5701016e-01   1.2592507e-05   4.3848687e-05   8.2330139e-09   1.0745792e-02   4.2082000e-03   3.3840910e-02   7.4426350e-04   5.9804800e-05   1.3277457e-04   1.1547205e-04   1.7708947e-05   1.1452072e-03   5.5392816e-07   3.5766141e-09   1.7629085e-08
   1.0000000e+00  -6.0801438e-02  -9.8150668e-01   6.1063754e-01  -5.2277705e-03  -6.9848732e-03   3.2463578e-04   3.6968149e-03   9.6335536e-01   3.7287821e-01   2.7329584e-05   4.8788454e-05   1.0538839e-07   3.5435130e-03   2.4095220e-02   1.3134270e-02  -1.6791783e-03  -3.6303910e-04   2.3389982e-04   1.2556484e-05   5.8057963e-04   1.7250905e-04   2.8196398e-06   1.3179739e-07   5.4709127e-08
   1.0000000e+00  -5.6214179e-02  -9.8202992e-01   6.9625105e-01  -4.2519131e-03  -6.5160971e-03   1.0204561e-04   3.1600339e-03   9.6438276e-01   4.8476552e-01   1.8078765e-05   4.2459521e-05   1.0413307e-08   4.5872590e-03  -5.2324000e-04   8.5613510e-02   9.7585740e-04   4.6877610e-04  -2.2259017e-04   2.1042945e-05   2.7378010e-07   7.3296731e-03   9.5229767e-07   2.1975103e-07   4.9546384e-08
   1.0000000e+00  -4.9047495e-02  -1.0398120e+00   6.8990590e-01  -3.3761463e-03  -6.9578351e-03   1.9334400e-04   2.4056568e-03   1.0812090e+00   4.7597015e-01   1.1398364e-05   4.8411469e-05   3.7381902e-08   7.1666840e-03  -5.7782080e-02  -6.3451500e-03   8.7576680e-04  -4.4173800e-04   9.1298390e-05   5.1361360e-05   3.3387688e-03   4.0260929e-05   7.6696749e-07   1.9513246e-07   8.3353960e-09
   1.0000000e+00  -5.8380279e-02  -1.0633480e+00   7.4099616e-01  -4.9511567e-03  -6.9533466e-03   1.4824132e-04   3.4082570e-03   1.1307090e+00   5.4907531e-01   2.4513953e-05   4.8349029e-05   2.1975489e-08  -9.3327840e-03  -2.3536000e-02   5.1090260e-02  -1.5750104e-03   4.4885000e-06  -4.5102680e-05   8.7100857e-05   5.5394330e-04   2.6102147e-03   2.4806578e-06   2.0146632e-11   2.0342517e-09
   1.0000000e+00  -5.8540911e-02  -1.0314146e+00   6.8269778e-01  -3.4442292e-03  -7.2234787e-03   8.2184095e-05   3.4270383e-03   1.0638161e+00   4.6607626e-01   1.1862715e-05   5.2178645e-05   6.7542255e-09  -1.6063200e-04   3.1933400e-02  -5.8298380e-02   1.5069275e-03  -2.7013210e-04  -6.6057225e-05   2.5802639e-08   1.0197420e-03   3.3987011e-03   2.2708305e-06   7.2971351e-08   4.3635570e-09
   1.0000000e+00  -6.1824709e-02  -1.0722680e+00   6.9455512e-01  -4.4545875e-03  -7.0791676e-03   7.5483587e-05   3.8222946e-03   1.1497587e+00   4.8240681e-01   1.9843350e-05   5.0114614e-05   5.6977719e-09  -3.2837980e-03  -4.0853400e-02   1.1857340e-02  -1.0103583e-03   1.4431110e-04  -6.7005080e-06   1.0783329e-05   1.6690003e-03   1.4059651e-04   1.0208239e-06   2.0825694e-08   4.4896807e-11
   1.0000000e+00  -8.1626223e-02  -1.0465805e+00   6.7195723e-01  -4.8289221e-03  -7.3172933e-03  -4.7268106e-05   6.6628403e-03   1.0953307e+00   4.5152652e-01   2.3318489e-05   5.3542781e-05   2.2342738e-09  -1.9801514e-02   2.5687500e-02  -2.2597890e-02  -3.7433460e-04  -2.3812570e-04  -1.2275169e-04   3.9209996e-04   6.5984766e-04   5.1066463e-04   1.4012639e-07   5.6703849e-08   1.5067978e-08
   1.0000000e+00  -7.0316839e-02  -1.0310034e+00   7.6907652e-01  -2.7626724e-03  -7.1520940e-03  -1.8253315e-04   4.9444578e-03   1.0629680e+00   5.9147869e-01   7.6323588e-06   5.1152449e-05   3.3318351e-08   1.1309384e-02   1.5577100e-02   9.7119290e-02   2.0662497e-03   1.6519930e-04  -1.3526504e-04   1.2790217e-04   2.4264604e-04   9.4321565e-03   4.2693878e-06   2.7290809e-08   1.8296632e-08
   1.0000000e+00  -4.6415132e-02  -1.0789945e+00   7.6133273e-01  -5.3454853e-03  -7.5767958e-03   1.2708622e-04   2.1543645e-03   1.1642291e+00   5.7962753e-01   2.8574213e-05   5.7407835e-05   1.6150907e-08   2.3901707e-02  -4.7991100e-02  -7.7437900e-03  -2.5828129e-03  -4.2470180e-04   3.0961937e-04   5.7129160e-04   2.3031457e-03   5.9966284e-05   6.6709225e-06   1.8037162e-07   9.5864154e-08
   1.0000000e+00  -6.4927662e-02  -1.0876901e+00   7.9376422e-01  -5.1581623e-03  -7.8078326e-03   1.8496201e-04   4.2156013e-03   1.1830698e+00   6.3006164e-01   2.6606638e-05   6.0962250e-05   3.4210945e-08  -1.8512530e-02  -8.6956000e-03   3.2431490e-02   1.8732300e-04  -2.3103680e-04   5.7875790e-05   3.4271377e-04   7.5613459e-05   1.0518015e-03   3.5089906e-08   5.3378003e-08   3.3496071e-09
   1.0000000e+00  -5.5400291e-02  -1.1311834e+00   7.8299846e-01  -3.7241021e-03  -7.4865903e-03   6.7537027e-04   3.0691922e-03   1.2795759e+00   6.1308659e-01   1.3868936e-05   5.6049034e-05   4.5612500e-07   9.5273710e-03  -4.3493300e-02  -1.0765760e-02   1.4340602e-03   3.2124230e-04   4.9040826e-04   9.0770798e-05   1.8916671e-03   1.1590159e-04   2.0565287e-06   1.0319662e-07   2.4050026e-07
   1.0000000e+00  -5.5973952e-03  -9.9804468e-01   8.3697142e-01  -4.0723823e-03  -7.0707452e-03   1.4425057e-03   3.1330833e-05   9.9609318e-01   7.0052116e-01   1.6584298e-05   4.9995438e-05   2.0808227e-06   4.9802896e-02   1.3313872e-01   5.3972960e-02  -3.4828020e-04   4.1584510e-04   7.6713543e-04   2.4803284e-03   1.7725919e-02   2.9130804e-03   1.2129910e-07   1.7292715e-07   5.8849677e-07
   1.0000000e+00  -1.1747912e-02  -1.1702062e+00   9.2986001e-01  -5.4266756e-03  -7.2569498e-03   1.5351488e-03   1.3801344e-04   1.3693826e+00   8.6463964e-01   2.9448808e-05   5.2663320e-05   2.3566818e-06  -6.1505168e-03  -1.7216152e-01   9.2888590e-02  -1.3542933e-03  -1.8620460e-04   9.2643100e-05   3.7828857e-05   2.9639589e-02   8.6282902e-03   1.8341103e-06   3.4672153e-08   8.5827440e-09
   1.0000000e+00  -2.0480104e-02  -1.0588898e+00   9.1556120e-01  -3.7185231e-03  -7.7544289e-03   1.4179263e-03   4.1943466e-04   1.1212476e+00   8.3825231e-01   1.3827414e-05   6.0131168e-05   2.0105150e-06  -8.7321920e-03   1.1131640e-01  -1.4298810e-02   1.7081525e-03  -4.9747910e-04  -1.1722250e-04   7.6251177e-05   1.2391341e-02   2.0445597e-04   2.9177850e-06   2.4748545e-07   1.3741115e-08
   1.0000000e+00   9.4985045e-03  -1.1436074e+00   9.8571907e-01  -3.9485361e-03  -7.6604860e-03   1.6720943e-03   9.0221588e-05   1.3078379e+00   9.7164208e-01   1.5590937e-05   5.8683046e-05   2.7958993e-06   2.9978608e-02  -8.4717600e-02   7.0157870e-02  -2.3001300e-04   9.3942900e-05   2.5416800e-04   8.9871697e-04   7.1770717e-03   4.9221267e-03   5.2905980e-08   8.8252685e-09   6.4601372e-08
   1.0000000e+00   1.0800413e-02  -1.1070822e+00   1.0341126e+00  -4.6950649e-03  -8.3553989e-03   1.6056649e-03   1.1664892e-04   1.2256310e+00   1.0693889e+00   2.2043634e-05   6.9812691e-05   2.5781598e-06   1.3019085e-03   3.6525200e-02   4.8393530e-02  -7.4652880e-04  -6.9491290e-04  -6.6429400e-05   1.6949657e-06   1.3340902e-03   2.3419337e-03   5.5730525e-07   4.8290394e-07   4.4128652e-09
   1.0000000e+00   2.3567225e-02  -1.1369591e+00   9.9000531e-01  -3.7751125e-03  -8.1236388e-03   1.6835204e-03   5.5541409e-04   1.2926760e+00   9.8011051e-01   1.4251474e-05   6.5993507e-05   2.8342409e-06   1.2766812e-02  -2.9876900e-02  -4.4107290e-02   9.1995240e-04   2.3176010e-04   7.7855500e-05   1.6299149e-04   8.9262915e-04   1.9454530e-03   8.4631242e-07   5.3712744e-08   6.0614789e-09
   1.0000000e+00   3.1415950e-02  -1.1434520e+00   1.0629393e+00  -6.0847207e-03  -8.5155522e-03   1.7422681e-03   9.8696191e-04   1.3074825e+00   1.1298400e+00   3.7023826e-05   7.2514629e-05   3.0354981e-06   7.8487250e-03  -6.4929000e-03   7.2933990e-02  -2.3096082e-03  -3.9191340e-04   5.8747700e-05   6.1602484e-05   4.2157750e-05   5.3193669e-03   5.3342900e-06   1.5359611e-07   3.4512923e-09
   1.0000000e+00   2.8264578e-02  -1.1205190e+00   1.0045353e+00  -3.3859658e-03  -8.2052924e-03   1.8139278e-03   7.9888637e-04   1.2555628e+00   1.0090912e+00   1.1464764e-05   6.7326823e-05   3.2903341e-06  -3.1513720e-03   2.2933000e-02  -5.8404000e-02   2.6987549e-03   3.1025980e-04   7.1659700e-05   9.9311455e-06   5.2592249e-04   3.4110272e-03   7.2832780e-06   9.6261143e-08   5.1351126e-09
   1.0000000e+00   3.4579094e-02  -1.1311232e+00   1.0311914e+00  -4.9849259e-03  -8.2154961e-03   1.8279149e-03   1.1957137e-03   1.2794397e+00   1.0633557e+00   2.4849486e-05   6.7494376e-05   3.3412729e-06   6.3145160e-03  -1.0604200e-02   2.6656100e-02  -1.5989601e-03  -1.0203700e-05   1.3987100e-05   3.9873112e-05   1.1244906e-04   7.1054767e-04   2.5566734e-06   1.0411549e-10   1.9563897e-10
   1.0000000e+00   4.1474340e-02  -1.1146542e+00   1.1157652e+00  -5.4254253e-03  -8.0727555e-03   2.0928068e-03   1.7201209e-03   1.2424540e+00   1.2449320e+00   2.9435240e-05   6.5169381e-05   4.3798403e-06   6.8952460e-03   1.6469000e-02   8.4573800e-02  -4.4049940e-04   1.4274060e-04   2.6489190e-04   4.7544417e-05   2.7122796e-04   7.1527276e-03   1.9403972e-07   2.0374879e-08   7.0167719e-08
   1.0000000e+00   6.6819063e-02  -1.1320914e+00   1.1442673e+00  -5.2643376e-03  -8.0155623e-03   2.2884818e-03   4.4647872e-03   1.2816309e+00   1.3093477e+00   2.7713250e-05   6.4249239e-05   5.2371489e-06   2.5344723e-02  -1.7437200e-02   2.8502100e-02   1.6108770e-04   5.7193200e-05   1.9567500e-04   6.4235498e-04   3.0405594e-04   8.1236970e-04   2.5949247e-08   3.2710621e-09   3.8288706e-08
   1.0000000e+00   6.8330750e-02  -1.1418202e+00   1.1466976e+00  -6.5448723e-03  -8.3506475e-03   2.5807965e-03   4.6690914e-03   1.3037534e+00   1.3149154e+00   4.2835353e-05   6.9733314e-05   6.6605106e-06   1.5116870e-03  -9.7288000e-03   2.4303000e-03  -1.2805347e-03  -3.3508520e-04   2.9231470e-04   2.2851976e-06   9.4649549e-05   5.9063581e-06   1.6397691e-06   1.1228209e-07   8.5447884e-08
   1.0000000e+00   6.6814921e-02  -1.1286593e+00   1.1024700e+00  -4.8879100e-03  -8.0468106e-03   2.6156053e-03   4.4642337e-03   1.2738718e+00   1.2154401e+00   2.3891664e-05   6.4751161e-05   6.8413911e-06  -1.5158290e-03   1.3160900e-02  -4.4227600e-02   1.6569623e-03   3.0383690e-04   3.4808800e-05   2.2977376e-06   1.7320929e-04   1.9560806e-03   2.7455241e-06   9.2316862e-08   1.2116526e-09
   1.0000000e+00   6.5991857e-02  -1.1774943e+00   1.1654059e+00  -6.4558142e-03  -7.8849633e-03   2.7209686e-03   4.3549252e-03   1.3864928e+00   1.3581709e+00   4.1677537e-05   6.2172646e-05   7.4036701e-06  -8.2306400e-04  -4.8835000e-02   6.2935900e-02  -1.5679042e-03   1.6184730e-04   1.0536330e-04   6.7743435e-07   2.3848572e-03   3.9609275e-03   2.4583236e-06   2.6194549e-08   1.1101425e-08
   1.0000000e+00   5.7021696e-02  -1.1283002e+00   1.2111712e+00  -5.5087238e-03  -8.0967924e-03   2.4623903e-03   3.2514738e-03   1.2730613e+00   1.4669357e+00   3.0346038e-05   6.5558047e-05   6.0633660e-06  -8.9701610e-03   4.9194100e-02   4.5765300e-02   9.4709040e-04  -2.1182910e-04  -2.5857830e-04   8.0463788e-05   2.4200595e-03   2.0944627e-03   8.9698023e-07   4.4871568e-08   6.6862737e-08
   1.0000000e+00   6.8293914e-02  -1.1793604e+00   1.1966078e+00  -5.4215858e-03  -7.8669205e-03   2.7318567e-03   4.6640587e-03   1.3908910e+00   1.4318702e+00   2.9393593e-05   6.1888438e-05   7.4630410e-06   1.1272218e-02  -5.1060200e-02  -1.4563400e-02   8.7138000e-05   2.2987190e-04   2.6946640e-04   1.2706290e-04   2.6071440e-03   2.1209262e-04   7.5930310e-09   5.2841090e-08   7.2612141e-08
   1.0000000e+00   6.5348872e-02  -1.1680618e+00   1.2518357e+00  -7.0081028e-03  -8.0557078e-03   2.7408135e-03   4.2704751e-03   1.3643684e+00   1.5670926e+00   4.9113505e-05   6.4894428e-05   7.5120586e-06  -2.9450420e-03   1.1298600e-02   5.5227900e-02  -1.5865170e-03  -1.8878730e-04   8.9568000e-06   8.6732724e-06   1.2765836e-04   3.0501209e-03   2.5170362e-06   3.5640645e-08   8.0224266e-11
   1.0000000e+00   8.4631601e-02  -1.1733364e+00   1.2436270e+00  -5.7767405e-03  -8.1133061e-03   3.0724852e-03   7.1625079e-03   1.3767183e+00   1.5466081e+00   3.3370731e-05   6.5825736e-05   9.4401653e-06   1.9282729e-02  -5.2746000e-03  -8.2087000e-03   1.2313623e-03  -5.7598300e-05   3.3167170e-04   3.7182364e-04   2.7821405e-05   6.7382756e-05   1.5162531e-06   3.3175642e-09   1.1000612e-07
   1.0000000e+00   8.5663597e-02  -1.2033376e+00   1.2972179e+00  -7.6605991e-03  -8.2268163e-03   3.0192602e-03   7.3382519e-03   1.4480214e+00   1.6827743e+00   5.8684779e-05   6.7680506e-05   9.1159322e-06   1.0319960e-03  -3.0001200e-02   5.3590900e-02  -1.8838586e-03  -1.1351020e-04  -5.3225000e-05   1.0650157e-06   9.0007200e-04   2.8719846e-03   3.5489232e-06   1.2884566e-08   2.8329006e-09
   1.0000000e+00   7.2791882e-02  -1.1742505e+00   1.2797473e+00  -6.0383950e-03  -8.4667291e-03   2.9226454e-03   5.2986581e-03   1.3788642e+00   1.6377532e+00   3.6462214e-05   7.1685502e-05   8.5418561e-06  -1.2871715e-02   2.9087100e-02  -1.7470600e-02   1.6222041e-03  -2.3991280e-04  -9.6614800e-05   1.6568105e-04   8.4605939e-04   3.0522186e-04   2.6315461e-06   5.7558152e-08   9.3344196e-09
   1.0000000e+00   8.6317531e-02  -1.2408857e+00   1.2879689e+00  -6.3130593e-03  -8.7554586e-03   3.0461577e-03   7.4507162e-03   1.5397973e+00   1.6588639e+00   3.9854718e-05   7.6658055e-05   9.2790767e-06   1.3525649e-02  -6.6635200e-02   8.2216000e-03  -2.7466430e-04  -2.8872950e-04   1.2351230e-04   1.8294318e-04   4.4402499e-03   6.7594707e-05   7.5440478e-08   8.3364724e-08   1.5255288e-08
   1.0000000e+00   9.1035228e-02  -1.2259742e+00   1.3436703e+00  -8.0748791e-03  -9.1028943e-03   3.1324945e-03   8.2874127e-03   1.5030127e+00   1.8054499e+00   6.5203672e-05   8.2862685e-05   9.8125218e-06   4.7176970e-03   1.4911500e-02   5.5701400e-02  -1.7618198e-03  -3.4743570e-04   8.6336800e-05   2.2256665e-05   2.2235283e-04   3.1026460e-03   3.1040090e-06   1.2071157e-07   7.4540430e-09
   1.0000000e+00   9.6838515e-02  -1.2071519e+00   1.3050871e+00  -6.7307678e-03  -8.9716197e-03   3.2745177e-03   9.3776980e-03   1.4572157e+00   1.7032523e+00   4.5303235e-05   8.0489960e-05   1.0722466e-05   5.8032870e-03   1.8822300e-02  -3.8583200e-02   1.3441113e-03   1.3127460e-04   1.4202320e-04   3.3678140e-05   3.5427898e-04   1.4886633e-03   1.8066352e-06   1.7233021e-08   2.0170589e-08
   1.0000000e+00   1.0427680e-01  -1.2669700e+00   1.3063478e+00  -6.7307269e-03  -9.0387243e-03   3.4021934e-03   1.0873651e-02   1.6052130e+00   1.7065446e+00   4.5302685e-05   8.1698537e-05   1.1574920e-05   7.4382850e-03  -5.9818100e-02   1.2607000e-03   4.0900000e-08  -6.7104600e-05   1.2767570e-04   5.5328084e-05   3.5782051e-03   1.5893645e-06   1.6728100e-15   4.5030273e-09   1.6301084e-08
   1.0000000e+00   8.9875750e-02  -1.2254947e+00   1.3409047e+00  -7.7652983e-03  -8.9091146e-03   3.0956256e-03   8.0776504e-03   1.5018373e+00   1.7980254e+00   6.0299858e-05   7.9372323e-05   9.5828979e-06  -1.4401050e-02   4.1475300e-02   3.4556900e-02  -1.0345714e-03   1.2960970e-04  -3.0656780e-04   2.0739024e-04   1.7202005e-03   1.1941793e-03   1.0703380e-06   1.6798674e-08   9.3983816e-08
   1.0000000e+00   9.9635713e-02  -1.2212479e+00   1.3316782e+00  -6.5530197e-03  -8.6099216e-03   3.2539706e-03   9.9272753e-03   1.4914464e+00   1.7733668e+00   4.2942067e-05   7.4130750e-05   1.0588325e-05   9.7599630e-03   4.2468000e-03  -9.2265000e-03   1.2122786e-03   2.9919300e-04   1.5834500e-04   9.5256878e-05   1.8035310e-05   8.5128302e-05   1.4696194e-06   8.9516451e-08   2.5073139e-08
   1.0000000e+00   9.5912249e-02  -1.2660868e+00   1.3755364e+00  -8.6464139e-03  -9.0372544e-03   3.1276754e-03   9.1991595e-03   1.6029758e+00   1.8921004e+00   7.4760473e-05   8.1671967e-05   9.7823534e-06  -3.7234640e-03  -4.4838900e-02   4.3858200e-02  -2.0933942e-03  -4.2733280e-04  -1.2629520e-04   1.3864184e-05   2.0105270e-03   1.9235417e-03   4.3822993e-06   1.8261332e-07   1.5950478e-08
   1.0000000e+00   1.0380757e-01  -1.2093465e+00   1.3497254e+00  -7.3538553e-03  -9.4371597e-03   3.3065474e-03   1.0776012e-02   1.4625190e+00   1.8217587e+00   5.4079188e-05   8.9059983e-05   1.0933256e-05   7.8953210e-03   5.6740300e-02  -2.5811000e-02   1.2925586e-03  -3.9990530e-04   1.7887200e-04   6.2336094e-05   3.2194616e-03   6.6620772e-04   1.6707077e-06   1.5992425e-07   3.1995192e-08
   1.0000000e+00   1.0726932e-01  -1.2792076e+00   1.3677182e+00  -7.1727857e-03  -9.3097712e-03   3.2875071e-03   1.1506707e-02   1.6363721e+00   1.8706531e+00   5.1448855e-05   8.6671840e-05   1.0807703e-05   3.4617500e-03  -6.9861100e-02   1.7992800e-02   1.8106960e-04   1.2738850e-04  -1.9040300e-05   1.1983713e-05   4.8805733e-03   3.2374085e-04   3.2786200e-08   1.6227830e-08   3.6253302e-10
   1.0000000e+00   1.0966837e-01  -1.2758818e+00   1.4296397e+00  -8.5244108e-03  -9.7823563e-03   3.2813319e-03   1.2027151e-02   1.6278744e+00   2.0438697e+00   7.2665579e-05   9.5694495e-05   1.0767139e-05   2.3990500e-03   3.3258000e-03   6.1921500e-02  -1.3516251e-03  -4.7258510e-04  -6.1752000e-06   5.7554409e-06   1.1060946e-05   3.8342722e-03   1.8268904e-06   2.2333668e-07   3.8133095e-11
   1.0000000e+00   1.1694280e-01  -1.2794626e+00   1.3833321e+00  -6.2304586e-03  -9.5270484e-03   3.2021732e-03   1.3675618e-02   1.6370245e+00   1.9136077e+00   3.8818614e-05   9.0764651e-05   1.0253913e-05   7.2744300e-03  -3.5808000e-03  -4.6307600e-02   2.2939522e-03   2.5530790e-04  -7.9158700e-05   5.2917332e-05   1.2822129e-05   2.1443938e-03   5.2622167e-06   6.5182124e-08   6.2660998e-09
   1.0000000e+00   1.2618581e-01  -1.3172162e+00   1.4099414e+00  -8.5621734e-03  -9.7737596e-03   3.1250195e-03   1.5922859e-02   1.7350585e+00   1.9879348e+00   7.3310813e-05   9.5526377e-05   9.7657469e-06   9.2430100e-03  -3.7753600e-02   2.6609300e-02  -2.3317148e-03  -2.4671120e-04  -7.7153700e-05   8.5433234e-05   1.4253343e-03   7.0805485e-04   5.4368939e-06   6.0866416e-08   5.9526934e-09
   1.0000000e+00   1.2648065e-01  -1.2539759e+00   1.4748139e+00  -7.4167370e-03  -1.0034546e-02   3.2952670e-03   1.5997355e-02   1.5724556e+00   2.1750760e+00   5.5007988e-05   1.0069211e-04   1.0858785e-05   2.9484000e-04   6.3240300e-02   6.4872500e-02   1.1454364e-03  -2.6078640e-04   1.7024750e-04   8.6930626e-08   3.9993355e-03   4.2084413e-03   1.3120245e-06   6.8009546e-08   2.8984211e-08
   1.0000000e+00   1.4083450e-01  -1.3286352e+00   1.4514129e+00  -7.7504164e-03  -1.0082486e-02   3.5103961e-03   1.9834356e-02   1.7652715e+00   2.1065994e+00   6.0068954e-05   1.0165652e-04   1.2322881e-05   1.4353850e-02  -7.4659300e-02  -2.3401000e-02  -3.3367940e-04  -4.7940000e-05   2.1512910e-04   2.0603301e-04   5.5740111e-03   5.4760680e-04   1.1134194e-07   2.2982436e-09   4.6280530e-08
   1.0000000e+00   1.3318165e-01  -1.2495305e+00   1.4079935e+00  -6.9606335e-03  -1.0133628e-02   3.2215729e-03   1.7737352e-02   1.5613265e+00   1.9824457e+00   4.8450419e-05   1.0269042e-04   1.0378532e-05  -7.6528500e-03   7.9104700e-02  -4.3419400e-02   7.8978290e-04  -5.1142000e-05  -2.8882320e-04   5.8566113e-05   6.2575536e-03   1.8852443e-03   6.2375703e-07   2.6155042e-09   8.3418841e-08
   1.0000000e+00   1.6477174e-01  -1.3194814e+00   1.4325085e+00  -7.2008335e-03  -1.0062599e-02   3.7153305e-03   2.7149726e-02   1.7410312e+00   2.0520806e+00   5.1852003e-05   1.0125590e-04   1.3803681e-05   3.1590090e-02  -6.9950900e-02   2.4515000e-02  -2.4020000e-04   7.1029000e-05   4.9375760e-04   9.9793379e-04   4.8931284e-03   6.0098523e-04   5.7696040e-08   5.0451188e-09   2.4379657e-07
   1.0000000e+00   1.4516686e-01  -1.3173926e+00   1.4507415e+00  -8.3814806e-03  -1.0408785e-02   3.4536984e-03   2.1073417e-02   1.7355233e+00   2.1046509e+00   7.0249217e-05   1.0834281e-04   1.1928033e-05  -1.9604880e-02   2.0888000e-03   1.8233000e-02  -1.1806471e-03  -3.4618600e-04  -2.6163210e-04   3.8435132e-04   4.3630854e-06   3.3244229e-04   1.3939276e-06   1.1984475e-07   6.8451356e-08
   1.0000000e+00   1.5444513e-01  -1.2921424e+00   1.3908202e+00  -6.7341283e-03  -1.0294123e-02   3.6137199e-03   2.3853298e-02   1.6696320e+00   1.9343808e+00   4.5348484e-05   1.0596897e-04   1.3058972e-05   9.2782700e-03   2.5250200e-02  -5.9921300e-02   1.6473523e-03   1.1466200e-04   1.6002150e-04   8.6086294e-05   6.3757260e-04   3.5905622e-03   2.7137696e-06   1.3147374e-08   2.5606880e-08
   1.0000000e+00   1.5368887e-01  -1.3690836e+00   1.4519930e+00  -8.5194569e-03  -1.0348526e-02   3.4333208e-03   2.3620269e-02   1.8743899e+00   2.1082837e+00   7.2581146e-05   1.0709199e-04   1.1787692e-05  -7.5626000e-04  -7.6941200e-02   6.1172800e-02  -1.7853286e-03  -5.4403000e-05  -1.8039910e-04   5.7192919e-07   5.9199483e-03   3.7421115e-03   3.1873982e-06   2.9596864e-09   3.2543835e-08
   1.0000000e+00   1.5371146e-01  -1.3123569e+00   1.4859367e+00  -7.5428409e-03  -1.0358646e-02   3.6459546e-03   2.3627213e-02   1.7222806e+00   2.2080079e+00   5.6894449e-05   1.0730155e-04   1.3292985e-05   2.2590000e-05   5.6726700e-02   3.3943700e-02   9.7661600e-04  -1.0120000e-05   2.1263380e-04   5.1030810e-10   3.2179185e-03   1.1521748e-03   9.5377881e-07   1.0241440e-10   4.5213133e-08
   1.0000000e+00   1.4978879e-01  -1.3986884e+00   1.4971298e+00  -7.7355677e-03  -9.4987079e-03   3.0565187e-03   2.2436682e-02   1.9563292e+00   2.2413976e+00   5.9839008e-05   9.0225452e-05   9.3423066e-06  -3.9226700e-03  -8.6331500e-02   1.1193100e-02  -1.9272680e-04   8.5993810e-04  -5.8943590e-04   1.5387340e-05   7.4531279e-03   1.2528549e-04   3.7143619e-08   7.3949354e-07   3.4743468e-07
   1.0000000e+00   1.5477388e-01  -1.3706275e+00   1.4755230e+00  -8.5324004e-03  -1.0213074e-02   3.5021663e-03   2.3954954e-02   1.8786197e+00   2.1771681e+00   7.2801857e-05   1.0430688e-04   1.2265169e-05   4.9850900e-03   2.8060900e-02  -2.1606800e-02  -7.9683270e-04  -7.1436610e-04   4.4564760e-04   2.4851122e-05   7.8741411e-04   4.6685381e-04   6.3494235e-07   5.1031892e-07   1.9860178e-07
   1.0000000e+00   1.5825963e-01  -1.3285646e+00   1.4930108e+00  -7.4126896e-03  -1.0348697e-02   3.2723643e-03   2.5046110e-02   1.7650839e+00   2.2290812e+00   5.4947967e-05   1.0709553e-04   1.0708368e-05   3.4857500e-03   4.2062900e-02   1.7487800e-02   1.1197108e-03  -1.3562300e-04  -2.2980200e-04   1.2150453e-05   1.7692876e-03   3.0582315e-04   1.2537523e-06   1.8393598e-08   5.2808959e-08
   1.0000000e+00   1.6588637e-01  -1.3828973e+00   1.4697577e+00  -7.1112116e-03  -1.0161607e-02   3.7424683e-03   2.7518288e-02   1.9124049e+00   2.1601877e+00   5.0569330e-05   1.0325826e-04   1.4006069e-05   7.6267400e-03  -5.4332700e-02  -2.3253100e-02   3.0147800e-04   1.8709000e-04   4.7010400e-04   5.8167163e-05   2.9520423e-03   5.4070666e-04   9.0888984e-08   3.5002668e-08   2.2099777e-07
   1.0000000e+00   1.4021200e-01  -1.3991087e+00   1.5922765e+00  -8.8759199e-03  -1.0049097e-02   2.8034308e-03   1.9659405e-02   1.9575052e+00   2.5353445e+00   7.8781954e-05   1.0098435e-04   7.8592243e-06  -2.5674370e-02  -1.6211400e-02   1.2251880e-01  -1.7647083e-03   1.1251000e-04  -9.3903750e-04   6.5917327e-04   2.6280949e-04   1.5010856e-02   3.1141954e-06   1.2658500e-08   8.8179143e-07
   1.0000000e+00   1.7658237e-01  -1.3682025e+00   1.5246912e+00  -6.9025750e-03  -1.0008836e-02   4.0069343e-03   3.1181333e-02   1.8719781e+00   2.3246833e+00   4.7645542e-05   1.0017680e-04   1.6055522e-05   3.6370370e-02   3.0906200e-02  -6.7585300e-02   1.9733449e-03   4.0261000e-05   1.2035035e-03   1.3228038e-03   9.5519320e-04   4.5677728e-03   3.8940901e-06   1.6209481e-09   1.4484207e-06
   1.0000000e+00   6.1477717e-02  -1.5100846e+00   1.7081933e+00  -1.0406344e-02  -1.0001980e-02   4.1806987e-05   3.7795097e-03   2.2803555e+00   2.9179244e+00   1.0829200e-04   1.0003960e-04   1.7478242e-09  -1.1510465e-01  -1.4188210e-01   1.8350210e-01  -3.5037690e-03   6.8560000e-06  -3.9651273e-03   1.3249081e-02   2.0130530e-02   3.3673021e-02   1.2276397e-05   4.7004736e-11   1.5722235e-05
   1.0000000e+00   3.3746096e-01  -1.4166699e+00   1.6000780e+00  -2.9422309e-03  -2.2053075e-02   1.6735785e-02   1.1387990e-01   2.0069536e+00   2.5602496e+00   8.6567227e-06   4.8633812e-04   2.8008650e-04   2.7598324e-01   9.3414700e-02  -1.0811530e-01   7.4641131e-03  -1.2051095e-02   1.6693978e-02   7.6166750e-02   8.7263062e-03   1.1688918e-02   5.5712984e-05   1.4522889e-04   2.7868890e-04
