   1.0000000e+00   0.0000000e+00   0.0000000e+00   0.0000000e+00   0.0000000e+00   0.0000000e+00  -0.0000000e+00   0.0000000e+00   0.0000000e+00   0.0000000e+00   0.0000000e+00   0.0000000e+00   0.0000000e+00   0.0000000e+00   0.0000000e+00   0.0000000e+00   0.0000000e+00   0.0000000e+00   0.0000000e+00   0.0000000e+00   0.0000000e+00   0.0000000e+00   0.0000000e+00   0.0000000e+00   0.0000000e+00
   1.0000000e+00   1.7906065e-02  -6.0587983e-02   1.5216071e-01  -2.1413457e-03   6.0812348e-04   1.4566808e-04   3.2062716e-04   3.6709037e-03   2.3152882e-02   4.5853614e-06   3.6981417e-07   2.1219190e-08   1.7906065e-02  -6.0587983e-02   1.5216071e-01  -2.1413457e-03   6.0812348e-04   1.4566808e-04   3.2062716e-04   3.6709037e-03   2.3152882e-02   4.5853614e-06   3.6981417e-07   2.1219190e-08
   1.0000000e+00  -4.3078129e-03  -2.7795827e-02   5.9591014e-02  -5.7507285e-04   3.2140292e-04   2.0898522e-04   1.8557252e-05   7.7260800e-04   3.5510889e-03   3.3070878e-07   1.0329984e-07   4.3674822e-08  -2.2213878e-02   3.2792156e-02  -9.2569696e-02   1.5662729e-03  -2.8672056e-04   6.3317140e-05   4.9345637e-04   1.0753255e-03   8.5691486e-03   2.4532106e-06   8.2208680e-08   4.0090602e-09
   1.0000000e+00   5.1613383e-03  -8.4595313e-02   1.7680558e-01  -1.9720901e-03  -9.0583645e-05   2.5139345e-04   2.6639413e-05   7.1563670e-03   3.1260213e-02   3.8891394e-06   8.2053967e-09   6.3198667e-08   9.4691512e-03  -5.6799486e-02   1.1721457e-01  -1.3970173e-03  -4.1198657e-04   4.2408230e-05   8.9664824e-05   3.2261816e-03   1.3739254e-02   1.9516572e-06   1.6973293e-07   1.7984580e-09
   1.0000000e+00  -3.0826586e-03  -3.1589894e-02   1.1308498e-01   7.9085673e-04  -1.8723709e-04  -2.1523100e-04   9.5027840e-06   9.9792140e-04   1.2788213e-02   6.2545437e-07   3.5057728e-08   4.6324383e-08  -8.2439969e-03   5.3005419e-02  -6.3720600e-02   2.7629468e-03  -9.6653445e-05  -4.6662445e-04   6.7963485e-05   2.8095744e-03   4.0603149e-03   7.6338752e-06   9.3418884e-09   2.1773838e-07
   1.0000000e+00   1.3268661e-02  -7.8659436e-02   6.5436910e-02   4.1722361e-04   2.2041550e-04   4.0666159e-04   1.7605736e-04   6.1873069e-03   4.2819892e-03   1.7407554e-07   4.8582993e-08   1.6537365e-07   1.6351320e-02  -4.7069542e-02  -4.7648070e-02  -3.7363312e-04   4.0765259e-04   6.2189259e-04   2.6736565e-04   2.2155418e-03   2.2703386e-03   1.3960171e-07   1.6618063e-07   3.8675039e-07
   1.0000000e+00  -6.6922817e-03  -3.6596552e-02   1.9326424e-02   1.6745476e-03   9.4880741e-04  -1.2658435e-04   4.4786634e-05   1.3393076e-03   3.7351066e-04   2.8041097e-06   9.0023550e-07   1.6023598e-08  -1.9960943e-02   4.2062884e-02  -4.6110486e-02   1.2573240e-03   7.2839191e-04  -5.3324594e-04   3.9843923e-04   1.7692862e-03   2.1261769e-03   1.5808636e-06   5.3055477e-07   2.8435123e-07
   1.0000000e+00  -7.7836704e-03  -4.5376593e-02  -4.3378814e-03   3.4530115e-03   1.3715738e-04   1.4197382e-04   6.0585525e-05   2.0590352e-03   1.8817215e-05   1.1923288e-05   1.8812147e-08   2.0156566e-08  -1.0913887e-03  -8.7800410e-03  -2.3664305e-02   1.7784639e-03  -8.1165003e-04   2.6855817e-04   1.1911293e-06   7.7089120e-05   5.5999935e-04   3.1629338e-06   6.5877577e-07   7.2123491e-08
   1.0000000e+00  -8.2269779e-04  -6.0191164e-02   7.8450848e-02   1.5121209e-03   4.9448902e-04   1.7463750e-04   6.7683165e-07   3.6229762e-03   6.1545356e-03   2.2865096e-06   2.4451939e-07   3.0498256e-08   6.9609726e-03  -1.4814571e-02   8.2788729e-02  -1.9408906e-03   3.5733164e-04   3.2663680e-05   4.8455140e-05   2.1947151e-04   6.8539737e-03   3.7670563e-06   1.2768590e-07   1.0669160e-09
   1.0000000e+00  -4.8779829e-03  -3.5285930e-02   5.0663306e-02   2.2907889e-03   3.4274910e-04   2.9819482e-05   2.3794717e-05   1.2450969e-03   2.5667706e-03   5.2477138e-06   1.1747695e-07   8.8920151e-10  -4.0552851e-03   2.4905234e-02  -2.7787542e-02   7.7866800e-04  -1.5173992e-04  -1.4481802e-04   1.6445337e-05   6.2027068e-04   7.7214749e-04   6.0632385e-07   2.3025003e-08   2.0972258e-08
   1.0000000e+00  -1.7162065e-02  -9.8443448e-02   1.1263644e-01   1.6596999e-03   3.7131712e-04  -3.7769884e-04   2.9453648e-04   9.6911125e-03   1.2686968e-02   2.7546038e-06   1.3787640e-07   1.4265641e-07  -1.2284082e-02  -6.3157518e-02   6.1973134e-02  -6.3108900e-04   2.8568020e-05  -4.0751832e-04   1.5089867e-04   3.9888721e-03   3.8406693e-03   3.9827333e-07   8.1613177e-10   1.6607118e-07
   1.0000000e+00  -2.1649734e-02  -7.7254847e-02   9.4814073e-02  -2.2355162e-04   1.2399720e-03  -4.4129693e-05   4.6871098e-04   5.9683114e-03   8.9897084e-03   4.9975327e-08   1.5375306e-06   1.9474298e-09  -4.4876690e-03   2.1188601e-02  -1.7822367e-02  -1.8832515e-03   8.6865488e-04   3.3356915e-04   2.0139173e-05   4.4895681e-04   3.1763677e-04   3.5466363e-06   7.5456130e-07   1.1126838e-07
   1.0000000e+00  -3.6983997e-02  -9.7279936e-02   1.7334110e-01   1.7586773e-03   1.2427294e-03  -2.8460669e-04   1.3678160e-03   9.4633859e-03   3.0047137e-02   3.0929458e-06   1.5443764e-06   8.1000968e-08  -1.5334263e-02  -2.0025089e-02   7.8527027e-02   1.9822289e-03   2.7574000e-06  -2.4047700e-04   2.3513962e-04   4.0100419e-04   6.1664940e-03   3.9292315e-06   7.6032548e-12   5.7829186e-08
   1.0000000e+00  -2.9429125e-02  -6.3671088e-02   1.3751946e-01  -8.3340062e-05   1.0382184e-03  -2.5651621e-04   8.6607340e-04   4.0540074e-03   1.8911602e-02   6.9455659e-09   1.0778974e-06   6.5800566e-08   7.5548720e-03   3.3608848e-02  -3.5821640e-02  -1.8420174e-03  -2.0451100e-04   2.8090480e-05   5.7076091e-05   1.1295547e-03   1.2831899e-03   3.3930280e-06   4.1824749e-08   7.8907507e-10
   1.0000000e+00  -1.5816130e-02  -7.5121835e-02   2.0955182e-01  -3.8607230e-05   1.0325608e-03  -5.4562678e-04   2.5014997e-04   5.6432901e-03   4.3911965e-02   1.4905182e-09   1.0661818e-06   2.9770858e-07   1.3612995e-02  -1.1450747e-02   7.2032360e-02   4.4732832e-05  -5.6576000e-06  -2.8911057e-04   1.8531363e-04   1.3111961e-04   5.1886609e-03   2.0010263e-09   3.2008438e-11   8.3584922e-08
   1.0000000e+00  -2.1039923e-02  -4.5976081e-02  -6.7249495e-02  -3.7319690e-04   1.2379235e-03  -1.1613673e-03   4.4267836e-04   2.1138000e-03   4.5224946e-03   1.3927593e-07   1.5324546e-06   1.3487740e-06  -5.2237930e-03   2.9145754e-02  -2.7680131e-01  -3.3458967e-04   2.0536270e-04  -6.1574052e-04   2.7288013e-05   8.4947498e-04   7.6618968e-02   1.1195025e-07   4.2173839e-08   3.7913639e-07
   1.0000000e+00  -1.8620697e-02  -6.7909524e-02   1.2441277e-01  -1.0729141e-03   1.5272021e-03  -4.2518396e-04   3.4673036e-04   4.6117034e-03   1.5478537e-02   1.1511447e-06   2.3323463e-06   1.8078140e-07   2.4192260e-03  -2.1933443e-02   1.9166226e-01  -6.9971720e-04   2.8927860e-04   7.3618334e-04   5.8526544e-06   4.8107592e-04   3.6734424e-02   4.8960416e-07   8.3682108e-08   5.4196591e-07
   1.0000000e+00  -2.3045896e-02  -6.6051639e-02   1.7527638e-01  -4.5643991e-04   1.1559155e-03  -1.5517973e-04   5.3111332e-04   4.3628190e-03   3.0721809e-02   2.0833739e-07   1.3361406e-06   2.4080749e-08  -4.4251990e-03   1.8578850e-03   5.0863610e-02   6.1647419e-04  -3.7128660e-04   2.7000423e-04   1.9582386e-05   3.4517367e-06   2.5871068e-03   3.8004043e-07   1.3785374e-07   7.2902284e-08
   1.0000000e+00   2.2085283e-02  -1.2591221e-01   2.5516978e-01  -1.9110824e-03   1.6114963e-03   7.6573893e-06   4.8775973e-04   1.5853885e-02   6.5111617e-02   3.6522359e-06   2.5969203e-06   5.8635611e-11   4.5131179e-02  -5.9860571e-02   7.9893400e-02  -1.4546425e-03   4.5558080e-04   1.6283712e-04   2.0368233e-03   3.5832880e-03   6.3829554e-03   2.1159848e-06   2.0755387e-07   2.6515927e-08
   1.0000000e+00  -6.8340004e-03  -5.8347709e-02   1.9707485e-01  -9.9172003e-04   1.9676177e-03  -5.8328713e-04   4.6703561e-05   3.4044551e-03   3.8838497e-02   9.8350862e-07   3.8715194e-06   3.4022388e-07  -2.8919283e-02   6.7564501e-02  -5.8094930e-02   9.1936237e-04   3.5612140e-04  -5.9094452e-04   8.3632495e-04   4.5649618e-03   3.3750209e-03   8.4522717e-07   1.2682245e-07   3.4921542e-07
   1.0000000e+00   5.2566806e-03  -6.6822616e-02   1.9228163e-01  -9.5210709e-04   1.1001279e-03  -4.2532507e-05   2.7632691e-05   4.4652620e-03   3.6972225e-02   9.0650791e-07   1.2102814e-06   1.8090142e-09   1.2090681e-02  -8.4749070e-03  -4.7932200e-03   3.9612940e-05  -8.6748980e-04   5.4075462e-04   1.4618457e-04   7.1824049e-05   2.2974958e-05   1.5691850e-09   7.5253855e-07   2.9241556e-07
   1.0000000e+00   4.5373722e-03  -6.4812149e-02   2.0390622e-01  -8.4430790e-04   1.0029375e-03  -1.5770036e-04   2.0587746e-05   4.2006147e-03   4.1577747e-02   7.1285583e-07   1.0058836e-06   2.4869404e-08  -7.1930840e-04   2.0104670e-03   1.1624590e-02   1.0779919e-04  -9.7190400e-05  -1.1516785e-04   5.1740457e-07   4.0419776e-06   1.3513109e-04   1.1620665e-08   9.4459739e-09   1.3263634e-08
   1.0000000e+00  -6.5966658e-03  -8.0640560e-02   1.9510562e-01  -1.4106447e-03   2.0631433e-03  -2.5228826e-04   4.3516000e-05   6.5028999e-03   3.8066203e-02   1.9899185e-06   4.2565603e-06   6.3649366e-08  -1.1134038e-02  -1.5828411e-02  -8.8006000e-03  -5.6633680e-04   1.0602058e-03  -9.4587900e-05   1.2396680e-04   2.5053859e-04   7.7450560e-05   3.2073737e-07   1.1240363e-06   8.9468708e-09
   1.0000000e+00   1.1080761e-02  -9.5026409e-02   1.6585138e-01   1.9090340e-03   1.0598537e-03   2.5009701e-04   1.2278326e-04   9.0300184e-03   2.7506680e-02   3.6444108e-06   1.1232899e-06   6.2548514e-08   1.7677427e-02  -1.4385849e-02  -2.9254240e-02   3.3196787e-03  -1.0032896e-03   5.0238527e-04   3.1249142e-04   2.0695265e-04   8.5581056e-04   1.1020267e-05   1.0065900e-06   2.5239096e-07
   1.0000000e+00   6.4140580e-03  -1.0955938e-01   1.8082914e-01  -7.7215729e-04   1.2951873e-03   2.3718640e-04   4.1140140e-05   1.2003258e-02   3.2699178e-02   5.9622688e-07   1.6775101e-06   5.6257388e-08  -4.6667030e-03  -1.4532971e-02   1.4977760e-02  -2.6811913e-03   2.3533360e-04  -1.2910610e-05   2.1778117e-05   2.1120725e-04   2.2433329e-04   7.1887867e-06   5.5381903e-08   1.6668385e-10
   1.0000000e+00  -1.2786674e-02  -4.8536053e-02   1.4634021e-01   7.2620451e-04   1.9549560e-03  -4.7562618e-04   1.6349903e-04   2.3557484e-03   2.1415457e-02   5.2737299e-07   3.8218530e-06   2.2622026e-07  -1.9200732e-02   6.1023327e-02  -3.4488930e-02   1.4983618e-03   6.5976870e-04  -7.1281258e-04   3.6866811e-04   3.7238464e-03   1.1894863e-03   2.2450881e-06   4.3529474e-07   5.0810177e-07
   1.0000000e+00   2.3596139e-03  -9.2005354e-02   2.1443622e-01  -1.2740606e-03   1.8736192e-03   2.5454101e-04   5.5677778e-06   8.4649852e-03   4.5982892e-02   1.6232304e-06   3.5104489e-06   6.4791126e-08   1.5146288e-02  -4.3469301e-02   6.8096010e-02  -2.0002651e-03  -8.1336800e-05   7.3016719e-04   2.2941004e-04   1.8895801e-03   4.6370666e-03   4.0010605e-06   6.6156750e-09   5.3314413e-07
   1.0000000e+00   1.9102124e-02  -5.9398469e-02   1.4721001e-01   1.1381679e-03   9.7192279e-04   3.0395464e-04   3.6489114e-04   3.5281781e-03   2.1670787e-02   1.2954262e-06   9.4463391e-07   9.2388423e-08   1.6742510e-02   3.2606885e-02  -6.7226210e-02   2.4122285e-03  -9.0169641e-04   4.9413630e-05   2.8031164e-04   1.0632089e-03   4.5193633e-03   5.8188463e-06   8.1305642e-07   2.4417068e-09
   1.0000000e+00   1.0689004e-02  -1.1970831e-01   1.9961015e-01   7.3135558e-04   1.0841287e-03   2.3271968e-04   1.1425481e-04   1.4330079e-02   3.9844212e-02   5.3488098e-07   1.1753350e-06   5.4158449e-08  -8.4131200e-03  -6.0309841e-02   5.2400140e-02  -4.0681232e-04   1.1220591e-04  -7.1234960e-05   7.0780588e-05   3.6372769e-03   2.7457747e-03   1.6549626e-07   1.2590166e-08   5.0744195e-09
   1.0000000e+00   1.9188620e-02  -7.5732616e-02   1.7179697e-01  -9.0684502e-05   1.0989647e-03   3.0406238e-04   3.6820314e-04   5.7354291e-03   2.9514199e-02   8.2236789e-09   1.2077234e-06   9.2453931e-08   8.4996160e-03   4.3975694e-02  -2.7813180e-02  -8.2204008e-04   1.4836000e-05   7.1342700e-05   7.2243472e-05   1.9338617e-03   7.7357298e-04   6.7574990e-07   2.2010690e-10   5.0897808e-09
   1.0000000e+00  -8.3600720e-03  -1.1541622e-01   1.8213327e-01   9.1856204e-04   1.5093910e-03  -1.5853883e-04   6.9890804e-05   1.3320904e-02   3.3172528e-02   8.4375622e-07   2.2782612e-06   2.5134561e-08  -2.7548692e-02  -3.9683604e-02   1.0336300e-02   1.0092465e-03   4.1042630e-04  -4.6260121e-04   7.5893043e-04   1.5747884e-03   1.0683910e-04   1.0185786e-06   1.6844975e-07   2.1399988e-07
   1.0000000e+00   2.2323106e-02  -1.1553086e-01   1.6285226e-01   7.8681349e-04   1.1863470e-03   9.9454733e-04   4.9832106e-04   1.3347380e-02   2.6520859e-02   6.1907547e-07   1.4074192e-06   9.8912439e-07   3.0683178e-02  -1.1464000e-04  -1.9281010e-02  -1.3174855e-04  -3.2304400e-04   1.1530862e-03   9.4145741e-04   1.3142330e-08   3.7175735e-04   1.7357680e-08   1.0435743e-07   1.3296077e-06
   1.0000000e+00   4.3033938e-03  -7.7532676e-02   1.2340529e-01   2.0471971e-03   1.6456041e-03   7.2042083e-04   1.8519198e-05   6.0113158e-03   1.5228866e-02   4.1910160e-06   2.7080129e-06   5.1900617e-07  -1.8019712e-02   3.7998184e-02  -3.9446970e-02   1.2603836e-03   4.5925710e-04  -2.7412650e-04   3.2471003e-04   1.4438620e-03   1.5560634e-03   1.5885668e-06   2.1091708e-07   7.5145338e-08
   1.0000000e+00   6.9525423e-04  -1.2409325e-01   2.2136199e-01   2.2259772e-04   2.1443805e-03   4.7818650e-04   4.8337844e-07   1.5399135e-02   4.9001131e-02   4.9549745e-08   4.5983677e-06   2.2866233e-07  -3.6081396e-03  -4.6560574e-02   9.7956700e-02  -1.8245994e-03   4.9877640e-04  -2.4223433e-04   1.3018671e-05   2.1678871e-03   9.5955151e-03   3.3291629e-06   2.4877790e-07   5.8677471e-08
   1.0000000e+00   1.1587063e-02  -5.0903129e-02   1.1409377e-01   1.2387223e-03   1.9673147e-03   7.0602858e-04   1.3426003e-04   2.5911285e-03   1.3017388e-02   1.5344329e-06   3.8703271e-06   4.9847636e-07   1.0891809e-02   7.3190121e-02  -1.0726822e-01   1.0161246e-03  -1.7706580e-04   2.2784208e-04   1.1863150e-04   5.3567938e-03   1.1506471e-02   1.0325092e-06   3.1352298e-08   5.1912013e-08
   1.0000000e+00   6.1134056e-03  -1.1941667e-01   2.2052620e-01   2.4705149e-04   1.8742892e-03   1.1005530e-03   3.7373728e-05   1.4260341e-02   4.8631805e-02   6.1034439e-08   3.5129600e-06   1.2112169e-06  -5.4736574e-03  -6.8513541e-02   1.0643243e-01  -9.9167081e-04  -9.3025500e-05   3.9452442e-04   2.9960925e-05   4.6941053e-03   1.1327862e-02   9.8341100e-07   8.6537437e-09   1.5564952e-07
   1.0000000e+00  -1.6399242e-02  -6.8668667e-02   1.8496006e-01   1.7182949e-03   2.0080515e-03   7.9515317e-04   2.6893514e-04   4.7153858e-03   3.4210224e-02   2.9525374e-06   4.0322708e-06   6.3226856e-07  -2.2512648e-02   5.0748003e-02  -3.5566140e-02   1.4712434e-03   1.3376230e-04  -3.0539983e-04   5.0681930e-04   2.5753598e-03   1.2649503e-03   2.1645572e-06   1.7892353e-08   9.3269056e-08
   1.0000000e+00  -1.3852087e-03  -1.1397816e-01   2.2452922e-01  -1.2900268e-04   1.2025599e-03   6.9378154e-04   1.9188031e-06   1.2991021e-02   5.0413371e-02   1.6641691e-08   1.4461503e-06   4.8133283e-07   1.5014033e-02  -4.5309493e-02   3.9569160e-02  -1.8472976e-03  -8.0549160e-04  -1.0137163e-04   2.2542120e-04   2.0529502e-03   1.5657184e-03   3.4125083e-06   6.4881672e-07   1.0276207e-08
   1.0000000e+00   1.2503982e-02  -8.5378012e-02   2.4615797e-01   6.6893465e-04   2.2659761e-03   7.1853829e-04   1.5634957e-04   7.2894049e-03   6.0593746e-02   4.4747357e-07   5.1346477e-06   5.1629727e-07   1.3889191e-02   2.8600148e-02   2.1628750e-02   7.9793733e-04   1.0634162e-03   2.4756750e-05   1.9290962e-04   8.1796847e-04   4.6780283e-04   6.3670398e-07   1.1308540e-06   6.1289667e-10
   1.0000000e+00   3.0602494e-02  -1.6306010e-01   2.8554135e-01  -3.3716221e-04   1.7812725e-03   1.3997531e-03   9.3651264e-04   2.6588596e-02   8.1533863e-02   1.1367836e-07   3.1729317e-06   1.9593087e-06   1.8098512e-02  -7.7682088e-02   3.9383380e-02  -1.0060969e-03  -4.8470360e-04   6.8121481e-04   3.2755614e-04   6.0345068e-03   1.5510506e-03   1.0122309e-06   2.3493758e-07   4.6405362e-07
   1.0000000e+00   1.3904784e-02  -1.1133427e-01   2.3277520e-01   5.6497238e-04   1.9891525e-03   7.1201317e-04   1.9334302e-04   1.2395320e-02   5.4184294e-02   3.1919379e-07   3.9567277e-06   5.0696275e-07  -1.6697710e-02   5.1725830e-02  -5.2766150e-02   9.0213459e-04   2.0788000e-04  -6.8773993e-04   2.7881352e-04   2.6755615e-03   2.7842666e-03   8.1384682e-07   4.3214094e-08   4.7298621e-07
   1.0000000e+00   1.3695595e-02  -1.4478511e-01   1.1567940e-01   1.8951894e-03   1.7909824e-03   4.5133059e-04   1.8756932e-04   2.0962728e-02   1.3381724e-02   3.5917429e-06   3.2076180e-06   2.0369930e-07  -2.0918900e-04  -3.3450840e-02  -1.1709580e-01   1.3302170e-03  -1.9817010e-04  -2.6068258e-04   4.3760038e-08   1.1189587e-03   1.3711426e-02   1.7694773e-06   3.9271389e-08   6.7955408e-08
   1.0000000e+00   2.9644843e-02  -2.0273289e-01   1.3261553e-01  -1.3776015e-04   1.5182666e-03   9.0968647e-04   8.7881672e-04   4.1100625e-02   1.7586879e-02   1.8977859e-08   2.3051335e-06   8.2752947e-07   1.5949248e-02  -5.7947780e-02   1.6936130e-02  -2.0329496e-03  -2.7271580e-04   4.5835588e-04   2.5437851e-04   3.3579452e-03   2.8683250e-04   4.1328839e-06   7.4373908e-08   2.1009011e-07
   1.0000000e+00  -1.3752070e-02  -1.7322040e-01   1.2154399e-01   1.1907986e-03   2.1965793e-03  -7.9534896e-05   1.8911943e-04   3.0005307e-02   1.4772942e-02   1.4180013e-06   4.8249606e-06   6.3257997e-09  -4.3396913e-02   2.9512490e-02  -1.1071540e-02   1.3285588e-03   6.7831270e-04  -9.8922137e-04   1.8832921e-03   8.7098707e-04   1.2257900e-04   1.7650684e-06   4.6010812e-07   9.7855891e-07
   1.0000000e+00  -1.4213164e-02  -1.8071478e-01   1.2266928e-01   1.2397903e-03   1.8024144e-03  -8.3321286e-05   2.0201403e-04   3.2657832e-02   1.5047752e-02   1.5370800e-06   3.2486977e-06   6.9424367e-09  -4.6109400e-04  -7.4943800e-03   1.1252900e-03   4.8991700e-05  -3.9416490e-04  -3.7863900e-06   2.1260768e-07   5.6165732e-05   1.2662776e-06   2.4001867e-09   1.5536597e-07   1.4336749e-11
   1.0000000e+00  -2.6726972e-02  -9.7801004e-02   1.8277420e-02   1.1796276e-03   2.1673324e-03   2.8555855e-04   7.1433103e-04   9.5650364e-03   3.3406408e-04   1.3915213e-06   4.6973297e-06   8.1543685e-08  -1.2513808e-02   8.2913776e-02  -1.0439186e-01  -6.0162700e-05   3.6491800e-04   3.6887984e-04   1.5659539e-04   6.8746943e-03   1.0897660e-02   3.6195505e-09   1.3316515e-07   1.3607233e-07
   1.0000000e+00   1.4025107e-02  -2.1724155e-01   1.9947053e-01   1.4460435e-03   2.0749958e-03   6.1125171e-04   1.9670363e-04   4.7193891e-02   3.9788492e-02   2.0910418e-06   4.3056076e-06   3.7362865e-07   4.0752079e-02  -1.1944055e-01   1.8119311e-01   2.6641590e-04  -9.2336600e-05   3.2569316e-04   1.6607319e-03   1.4266044e-02   3.2830943e-02   7.0977432e-08   8.5260477e-09   1.0607603e-07
   1.0000000e+00  -2.7605598e-02  -9.0795881e-02  -1.8689160e-02   6.1666192e-04   2.3591227e-03   2.8057276e-04   7.6206904e-04   8.2438920e-03   3.4928470e-04   3.8027192e-07   5.5654599e-06   7.8721074e-08  -4.1630705e-02   1.2644567e-01  -2.1815969e-01  -8.2938158e-04   2.8412690e-04  -3.3067895e-04   1.7331156e-03   1.5988507e-02   4.7593650e-02   6.8787381e-07   8.0728095e-08   1.0934857e-07
   1.0000000e+00   9.3897084e-03  -1.9648559e-01   1.9920934e-01   8.4601605e-04   1.8998323e-03   4.6225612e-04   8.8166624e-05   3.8606587e-02   3.9684361e-02   7.1574316e-07   3.6093628e-06   2.1368072e-07   3.6995306e-02  -1.0568971e-01   2.1789850e-01   2.2935413e-04  -4.5929040e-04   1.8168336e-04   1.3686527e-03   1.1170315e-02   4.7479756e-02   5.2603317e-08   2.1094767e-07   3.3008843e-08
   1.0000000e+00  -3.3989553e-03  -1.6560774e-01   1.6636413e-01   1.6215345e-04   1.9489850e-03   9.5281220e-04   1.1552897e-05   2.7425924e-02   2.7677024e-02   2.6293741e-08   3.7985425e-06   9.0785109e-07  -1.2788664e-02   3.0877850e-02  -3.2845210e-02  -6.8386260e-04   4.9152700e-05   4.9055608e-04   1.6354992e-04   9.5344162e-04   1.0788078e-03   4.6766806e-07   2.4159879e-09   2.4064527e-07
   1.0000000e+00   2.5741247e-02  -1.6436060e-01   1.3717298e-01   8.0178535e-04   1.8457020e-03   1.1944437e-03   6.6261180e-04   2.7014407e-02   1.8816426e-02   6.4285975e-07   3.4066159e-06   1.4266958e-06   2.9140202e-02   1.2471400e-03  -2.9191150e-02   6.3963190e-04  -1.0328300e-04   2.4163150e-04   8.4915139e-04   1.5553582e-06   8.5212324e-04   4.0912897e-07   1.0667378e-08   5.8385782e-08
   1.0000000e+00   1.9738062e-02  -1.9052168e-01   1.5789291e-01  -1.6764347e-03   2.1226053e-03   1.2738142e-03   3.8959109e-04   3.6298511e-02   2.4930171e-02   2.8104333e-06   4.5054533e-06   1.6226026e-06  -6.0031850e-03  -2.6161080e-02   2.0719930e-02  -2.4782200e-03   2.7690330e-04   7.9370500e-05   3.6038230e-05   6.8440211e-04   4.2931550e-04   6.1415746e-06   7.6675438e-08   6.2996763e-09
   1.0000000e+00  -2.5263143e-04  -1.5525666e-01   1.4224562e-01  -5.8155477e-05   2.6794133e-03   9.3084633e-04   6.3822639e-08   2.4104630e-02   2.0233816e-02   3.3820595e-09   7.1792556e-06   8.6647489e-07  -1.9990693e-02   3.5265020e-02  -1.5647290e-02   1.6182792e-03   5.5680800e-04  -3.4296787e-04   3.9962782e-04   1.2436216e-03   2.4483768e-04   2.6188276e-06   3.1003515e-07   1.1762696e-07
   1.0000000e+00  -4.8648644e-02  -2.1117043e-01   2.5335618e-01  -6.2665110e-04   2.7596932e-03   9.5682757e-04   2.3666906e-03   4.4592951e-02   6.4189354e-02   3.9269160e-07   7.6159066e-06   9.1551900e-07  -4.8396013e-02  -5.5913770e-02   1.1111056e-01  -5.6849562e-04   8.0279900e-05   2.5981240e-05   2.3421740e-03   3.1263497e-03   1.2345557e-02   3.2318727e-07   6.4448623e-09   6.7502483e-10
   1.0000000e+00  -4.6353891e-02  -1.6642702e-01   2.4351217e-01  -1.1819133e-03   3.6115571e-03   7.8349033e-04   2.1486832e-03   2.7697953e-02   5.9298177e-02   1.3969190e-06   1.3043345e-05   6.1385710e-07   2.2947530e-03   4.4743410e-02  -9.8440100e-03  -5.5526220e-04   8.5186390e-04  -1.7333724e-04   5.2658913e-06   2.0019727e-03   9.6904533e-05   3.0831611e-07   7.2567210e-07   3.0045799e-08
   1.0000000e+00  -8.2164895e-03  -1.9953925e-01   2.8502375e-01  -6.6360941e-04   2.5069503e-03   1.2595587e-03   6.7510700e-05   3.9815912e-02   8.1238538e-02   4.4037745e-07   6.2847998e-06   1.5864881e-06   3.8137402e-02  -3.3112230e-02   4.1511580e-02   5.1830389e-04  -1.1046068e-03   4.7606837e-04   1.4544614e-03   1.0964198e-03   1.7232113e-03   2.6863892e-07   1.2201562e-06   2.2664109e-07
   1.0000000e+00   2.4696098e-02  -1.3295458e-01   1.9665305e-01  -6.5403001e-04   2.7973851e-03   1.4063666e-03   6.0989726e-04   1.7676920e-02   3.8672422e-02   4.2775525e-07   7.8253634e-06   1.9778670e-06   3.2912587e-02   6.6584670e-02  -8.8370700e-02   9.5794000e-06   2.9043480e-04   1.4680790e-04   1.0832384e-03   4.4335183e-03   7.8093806e-03   9.1764904e-11   8.4352373e-08   2.1552560e-08
   1.0000000e+00   2.9914598e-02  -1.9255841e-01   2.3874726e-01  -5.3408972e-04   2.9088538e-03   1.5361705e-03   8.9488317e-04   3.7078741e-02   5.7000254e-02   2.8525183e-07   8.4614304e-06   2.3598198e-06   5.2185000e-03  -5.9603830e-02   4.2094210e-02   1.1994029e-04   1.1146870e-04   1.2980390e-04   2.7232742e-05   3.5526166e-03   1.7719225e-03   1.4385673e-08   1.2425271e-08   1.6849052e-08
   1.0000000e+00   6.7946798e-02  -1.2803197e-01   8.6060412e-02  -3.1242775e-04   2.0051452e-03   1.5481929e-03   4.6167674e-03   1.6392185e-02   7.4063945e-03   9.7611099e-08   4.0206073e-06   2.3969013e-06   3.8032200e-02   6.4526440e-02  -1.5268685e-01   2.2166197e-04  -9.0370860e-04   1.2022400e-05   1.4464482e-03   4.1636615e-03   2.3313274e-02   4.9134029e-08   8.1668923e-07   1.4453810e-10
   1.0000000e+00   1.1483408e-01  -2.2333646e-01   2.5546471e-01  -4.1549960e-05   1.9194159e-03   1.9682377e-03   1.3186866e-02   4.9879174e-02   6.5262218e-02   1.7263992e-09   3.6841574e-06   3.8739596e-06   4.6887282e-02  -9.5304490e-02   1.6940430e-01   2.7087779e-04  -8.5729300e-05   4.2004480e-04   2.1984172e-03   9.0829458e-03   2.8697816e-02   7.3374777e-08   7.3495129e-09   1.7643763e-07
   1.0000000e+00   5.6401575e-02  -1.5981521e-01   2.0704293e-01   4.2592201e-06   3.1885845e-03   1.2541372e-03   3.1811377e-03   2.5540901e-02   4.2866775e-02   1.8140956e-11   1.0167071e-05   1.5728601e-06  -5.8432505e-02   6.3521250e-02  -4.8421780e-02   4.5809180e-05   1.2691686e-03  -7.1410050e-04   3.4143576e-03   4.0349492e-03   2.3446688e-03   2.0984810e-09   1.6107889e-06   5.0993952e-07
   1.0000000e+00   8.3612117e-02  -2.2568332e-01   2.5711913e-01   9.4861160e-04   2.0872632e-03   2.0965174e-03   6.9909861e-03   5.0932961e-02   6.6110247e-02   8.9986397e-07   4.3566677e-06   4.3953852e-06   2.7210542e-02  -6.5868110e-02   5.0076200e-02   9.4435238e-04  -1.1013213e-03   8.4238020e-04   7.4041360e-04   4.3386079e-03   2.5076258e-03   8.9180142e-07   1.2129086e-06   7.0960440e-07
   1.0000000e+00   6.7896283e-02  -1.4145654e-01   1.7405190e-01   3.7020096e-04   2.4732390e-03   1.7939196e-03   4.6099052e-03   2.0009953e-02   3.0294064e-02   1.3704875e-07   6.1169112e-06   3.2181475e-06  -1.5715834e-02   8.4226780e-02  -8.3067230e-02  -5.7841064e-04   3.8597580e-04  -3.0259780e-04   2.4698744e-04   7.0941505e-03   6.9001647e-03   3.3455887e-07   1.4897732e-07   9.1565429e-08
   1.0000000e+00   8.6325150e-02  -2.3278295e-01   2.9088951e-01  -5.6787103e-04   1.5681786e-03   1.9391334e-03   7.4520315e-03   5.4187902e-02   8.4616707e-02   3.2247751e-07   2.4591841e-06   3.7602383e-06   1.8428867e-02  -9.1326410e-02   1.1683761e-01  -9.3807199e-04  -9.0506040e-04   1.4521380e-04   3.3962314e-04   8.3405132e-03   1.3651027e-02   8.7997906e-07   8.1913433e-07   2.1087048e-08
   1.0000000e+00   5.8987927e-02  -1.9611649e-01   1.8763578e-01   7.6417458e-04   2.0333628e-03   1.3813650e-03   3.4795755e-03   3.8461678e-02   3.5207186e-02   5.8396279e-07   4.1345643e-06   1.9081693e-06  -2.7337223e-02   3.6666460e-02  -1.0325373e-01   1.3320456e-03   4.6518420e-04  -5.5776840e-04   7.4732376e-04   1.3444293e-03   1.0661333e-02   1.7743455e-06   2.1639634e-07   3.1110559e-07
   1.0000000e+00   6.8047797e-02  -2.4698552e-01   2.2775322e-01   1.7881903e-03   2.0586060e-03   1.6292995e-03   4.6305027e-03   6.1001847e-02   5.1871529e-02   3.1976245e-06   4.2378587e-06   2.6546169e-06   9.0598700e-03  -5.0869030e-02   4.0117440e-02   1.0240157e-03   2.5243200e-05   2.4793450e-04   8.2081244e-05   2.5876582e-03   1.6094090e-03   1.0486082e-06   6.3721915e-10   6.1471516e-08
   1.0000000e+00   6.6807147e-02  -2.0400613e-01   2.1999096e-01   9.0319494e-04   2.1591215e-03   2.2946773e-03   4.4631949e-03   4.1618501e-02   4.8396022e-02   8.1576110e-07   4.6618057e-06   5.2655439e-06  -1.2406500e-03   4.2979390e-02  -7.7622600e-03  -8.8499536e-04   1.0051550e-04   6.6537780e-04   1.5392124e-06   1.8472280e-03   6.0252680e-05   7.8321679e-07   1.0103366e-08   4.4272762e-07
   1.0000000e+00   6.2523987e-02  -2.2584352e-01   2.3590083e-01   1.8470143e-03   2.0326970e-03   2.1340184e-03   3.9092490e-03   5.1005296e-02   5.5649202e-02   3.4114618e-06   4.1318571e-06   4.5540345e-06  -4.2831600e-03  -2.1837390e-02   1.5909870e-02   9.4381936e-04  -1.2642450e-04  -1.6065890e-04   1.8345460e-05   4.7687160e-04   2.5312396e-04   8.9079498e-07   1.5983154e-08   2.5811282e-08
   1.0000000e+00   7.4571121e-02  -2.1947672e-01   2.2812762e-01   2.7955598e-04   2.2356852e-03   1.8998739e-03   5.5608521e-03   4.8170031e-02   5.2042211e-02   7.8151546e-08   4.9982883e-06   3.6095208e-06   1.2047134e-02   6.3668000e-03  -7.7732100e-03  -1.5674583e-03   2.0298820e-04  -2.3414450e-04   1.4513344e-04   4.0536142e-05   6.0422794e-05   2.4569256e-06   4.1204209e-08   5.4823647e-08
   1.0000000e+00   8.2161671e-02  -2.3863797e-01   2.6573990e-01   1.1964501e-03   1.7064849e-03   2.0372184e-03   6.7505402e-03   5.6948081e-02   7.0617694e-02   1.4314928e-06   2.9120907e-06   4.1502588e-06   7.5905500e-03  -1.9161250e-02   3.7612280e-02   9.1689412e-04  -5.2920030e-04   1.3734450e-04   5.7616449e-05   3.6715350e-04   1.4146836e-03   8.4069483e-07   2.8005296e-07   1.8863512e-08
   1.0000000e+00   6.6688697e-02  -2.3310597e-01   2.2633190e-01   9.0948262e-06   2.5082813e-03   1.8259671e-03   4.4473823e-03   5.4338393e-02   5.1226129e-02   8.2715864e-11   6.2914751e-06   3.3341559e-06  -1.5472974e-02   5.5320000e-03  -3.9408000e-02  -1.1873553e-03   8.0179640e-04  -2.1125130e-04   2.3941292e-04   3.0603024e-05   1.5529905e-03   1.4098125e-06   6.4287747e-07   4.4627112e-08
   1.0000000e+00   7.1808846e-02  -2.8491443e-01   3.4589663e-01   1.8332897e-03   2.3893836e-03   1.5792074e-03   5.1565104e-03   8.1176232e-02   1.1964448e-01   3.3609511e-06   5.7091540e-06   2.4938960e-06   5.1201490e-03  -5.1808460e-02   1.1956473e-01   1.8241949e-03  -1.1889770e-04  -2.4675970e-04   2.6215926e-05   2.6841165e-03   1.4295725e-02   3.3276869e-06   1.4136663e-08   6.0890350e-08
   1.0000000e+00   7.4212236e-02  -2.5153803e-01   2.8332358e-01   1.0993464e-04   2.6708994e-03   1.8056033e-03   5.5074560e-03   6.3271381e-02   8.0272251e-02   1.2085625e-08   7.1337036e-06   3.2602033e-06   2.4033900e-03   3.3376400e-02  -6.2573050e-02  -1.7233551e-03   2.8151580e-04   2.2639590e-04   5.7762835e-06   1.1139841e-03   3.9153866e-03   2.9699527e-06   7.9251146e-08   5.1255104e-08
   1.0000000e+00   6.6782936e-02  -2.3254218e-01   2.5156238e-01   2.5456047e-03   2.2660366e-03   1.5943397e-03   4.4599605e-03   5.4075865e-02   6.3283631e-02   6.4801033e-06   5.1349219e-06   2.5419191e-06  -7.4293000e-03   1.8995850e-02  -3.1761200e-02   2.4356701e-03  -4.0486280e-04  -2.1126360e-04   5.5194498e-05   3.6084232e-04   1.0087738e-03   5.9324886e-06   1.6391389e-07   4.4632309e-08
   1.0000000e+00   8.3567706e-02  -2.5064692e-01   2.5525606e-01   4.5819101e-04   2.1482274e-03   2.1290295e-03   6.9835615e-03   6.2823879e-02   6.5155656e-02   2.0993900e-07   4.6148810e-06   4.5327666e-06   1.6784770e-02  -1.8104740e-02   3.6936800e-03  -2.0874137e-03  -1.1780920e-04   5.3468980e-04   2.8172850e-04   3.2778161e-04   1.3643272e-05   4.3572959e-06   1.3879008e-08   2.8589318e-07
   1.0000000e+00   9.8493823e-02  -2.3232490e-01   1.9434571e-01   3.3506156e-03   1.3866421e-03   1.8728077e-03   9.7010332e-03   5.3974859e-02   3.7770255e-02   1.1226625e-05   1.9227763e-06   3.5074087e-06   1.4926117e-02   1.8322020e-02  -6.0910350e-02   2.8924246e-03  -7.6158530e-04  -2.5622180e-04   2.2278897e-04   3.3569642e-04   3.7100707e-03   8.3661200e-06   5.8001217e-07   6.5649611e-08
   1.0000000e+00   1.2318570e-01  -2.9456190e-01   3.8811765e-01   7.9047364e-04   1.8161447e-03   2.1919288e-03   1.5174717e-02   8.6766713e-02   1.5063531e-01   6.2484858e-07   3.2983816e-06   4.8045519e-06   2.4691877e-02  -6.2237000e-02   1.9377194e-01  -2.5601420e-03   4.2950260e-04   3.1912110e-04   6.0968879e-04   3.8734442e-03   3.7547565e-02   6.5543269e-06   1.8447248e-07   1.0183828e-07
   1.0000000e+00   1.1522647e-01  -2.7685116e-01   3.7216685e-01   1.3498244e-03   2.4155772e-03   1.8554662e-03   1.3277139e-02   7.6646565e-02   1.3850816e-01   1.8220259e-06   5.8350132e-06   3.4427548e-06  -7.9592300e-03   1.7710740e-02  -1.5950800e-02   5.5935076e-04   5.9943250e-04  -3.3646260e-04   6.3349342e-05   3.1367031e-04   2.5442802e-04   3.1287327e-07   3.5931932e-07   1.1320708e-07
   1.0000000e+00   1.2589833e-01  -2.7212816e-01   3.0758105e-01   1.1886526e-03   2.0979365e-03   1.8668491e-03   1.5850389e-02   7.4053735e-02   9.4606102e-02   1.4128950e-06   4.4013376e-06   3.4851256e-06   1.0671860e-02   4.7230000e-03  -6.4585800e-02  -1.6117180e-04  -3.1764070e-04   1.1382900e-05   1.1388860e-04   2.2306729e-05   4.1713256e-03   2.5976349e-08   1.0089561e-07   1.2957041e-10
   1.0000000e+00   1.3114074e-01  -3.0436919e-01   3.4226527e-01   2.8642264e-04   2.1727586e-03   2.0754791e-03   1.7197894e-02   9.2640604e-02   1.1714552e-01   8.2037929e-08   4.7208799e-06   4.3076135e-06   5.2424100e-03  -3.2241030e-02   3.4684220e-02  -9.0222996e-04   7.4822100e-05   2.0863000e-04   2.7482863e-05   1.0394840e-03   1.2029951e-03   8.1401890e-07   5.5983466e-09   4.3526477e-08
   1.0000000e+00   1.3415101e-01  -2.7232196e-01   2.7231757e-01   1.3609134e-03   1.7729300e-03   2.1252139e-03   1.7996493e-02   7.4159250e-02   7.4156859e-02   1.8520853e-06   3.1432808e-06   4.5165341e-06   3.0102700e-03   3.2047230e-02  -6.9947700e-02   1.0744908e-03  -3.9982860e-04   4.9734800e-05   9.0617255e-06   1.0270250e-03   4.8926807e-03   1.1545304e-06   1.5986291e-07   2.4735503e-09
   1.0000000e+00   1.2324701e-01  -3.4213399e-01   3.1432095e-01   1.3945250e-03   1.9341446e-03   1.7703444e-03   1.5189825e-02   1.1705567e-01   9.8797660e-02   1.9447000e-06   3.7409153e-06   3.1341193e-06  -1.0904000e-02  -6.9812030e-02   4.2003380e-02   3.3611600e-05   1.6121460e-04  -3.5486950e-04   1.1889722e-04   4.8737195e-03   1.7642839e-03   1.1297397e-09   2.5990147e-08   1.2593236e-07
   1.0000000e+00   1.3735803e-01  -3.1162380e-01   3.0274850e-01  -1.0793946e-05   1.3810706e-03   2.0874270e-03   1.8867228e-02   9.7109393e-02   9.1656654e-02   1.1650927e-10   1.9073560e-06   4.3573515e-06   1.4111020e-02   3.0510190e-02  -1.1572450e-02  -1.4053189e-03  -5.5307400e-04   3.1708260e-04   1.9912089e-04   9.3087169e-04   1.3392160e-04   1.9749213e-06   3.0589085e-07   1.0054138e-07
   1.0000000e+00   1.2441864e-01  -3.0834122e-01   2.9400629e-01   2.2388693e-03   1.6171550e-03   2.3567575e-03   1.5479998e-02   9.5074308e-02   8.6439699e-02   5.0125357e-06   2.6151903e-06   5.5543059e-06  -1.2939390e-02   3.2825800e-03  -8.7422100e-03   2.2496632e-03   2.3608440e-04   2.6933050e-04   1.6742781e-04   1.0775331e-05   7.6426236e-05   5.0609847e-06   5.5735844e-08   7.2538918e-08
   1.0000000e+00   1.2251648e-01  -3.0397185e-01   3.0161993e-01   7.9412158e-04   2.0408568e-03   2.1798088e-03   1.5010288e-02   9.2398886e-02   9.0974582e-02   6.3062908e-07   4.1650965e-06   4.7515664e-06  -1.9021600e-03   4.3693700e-03   7.6136400e-03  -1.4447477e-03   4.2370180e-04  -1.7694870e-04   3.6182127e-06   1.9091394e-05   5.7967514e-05   2.0872960e-06   1.7952322e-07   3.1310842e-08
   1.0000000e+00   1.1565589e-01  -2.3234236e-01   2.8654510e-01   1.4625618e-03   2.3924889e-03   1.9993692e-03   1.3376285e-02   5.3982972e-02   8.2108094e-02   2.1390870e-06   5.7240031e-06   3.9974772e-06  -6.8605900e-03   7.1629490e-02  -1.5074830e-02   6.6844022e-04   3.5163210e-04  -1.8043960e-04   4.7067695e-05   5.1307838e-03   2.2725050e-04   4.4681233e-07   1.2364513e-07   3.2558449e-08
   1.0000000e+00   1.0431538e-01  -2.8189135e-01   2.2858200e-01   7.2083118e-04   2.4217327e-03   1.9791209e-03   1.0881699e-02   7.9462733e-02   5.2249731e-02   5.1959759e-07   5.8647893e-06   3.9169195e-06  -1.1340510e-02  -4.9548990e-02  -5.7963100e-02  -7.4173062e-04   2.9243800e-05  -2.0248300e-05   1.2860717e-04   2.4551024e-03   3.3597210e-03   5.5016431e-07   8.5519984e-10   4.0999365e-10
   1.0000000e+00   1.2566339e-01  -3.0004556e-01   3.5899226e-01   3.2072821e-04   2.2948231e-03   2.1613163e-03   1.5791288e-02   9.0027338e-02   1.2887544e-01   1.0286658e-07   5.2662131e-06   4.6712881e-06   2.1348010e-02  -1.8154210e-02   1.3041026e-01  -4.0010297e-04  -1.2690960e-04   1.8219540e-04   4.5573753e-04   3.2957534e-04   1.7006836e-02   1.6008239e-07   1.6106047e-08   3.3195164e-08
   1.0000000e+00   1.1132664e-01  -3.1559233e-01   2.7194483e-01   9.9524597e-04   2.3198237e-03   2.1365604e-03   1.2393621e-02   9.9598519e-02   7.3953991e-02   9.9051454e-07   5.3815820e-06   4.5648903e-06  -1.4336750e-02  -1.5546770e-02  -8.7047430e-02   6.7451776e-04   2.5000600e-05  -2.4755900e-05   2.0554240e-04   2.4170206e-04   7.5772551e-03   4.5497421e-07   6.2503000e-10   6.1285458e-10
   1.0000000e+00   1.2850202e-01  -3.3477924e-01   6.0322617e-01   1.8196896e-03   3.1501463e-03   2.3477755e-03   1.6512769e-02   1.1207714e-01   3.6388181e-01   3.3112702e-06   9.9234217e-06   5.5120498e-06   1.7175380e-02  -1.9186910e-02   3.3128134e-01   8.2444363e-04   8.3032260e-04   2.1121510e-04   2.9499368e-04   3.6813752e-04   1.0974733e-01   6.7970730e-07   6.8943562e-07   4.4611818e-08
   1.0000000e+00   1.5466291e-01  -3.3106828e-01   6.4449836e-01   6.1907489e-03   3.1560353e-03   2.6327258e-03   2.3920616e-02   1.0960621e-01   4.1537814e-01   3.8325372e-05   9.9605588e-06   6.9312451e-06   2.6160890e-02   3.7109600e-03   4.1272190e-02   4.3710593e-03   5.8890000e-06   2.8495030e-04   6.8439217e-04   1.3771224e-05   1.7033937e-03   1.9106159e-05   3.4680321e-11   8.1196673e-08
   1.0000000e+00   1.3678270e-01  -3.4885347e-01   6.1489146e-01   3.1952623e-03   3.5625592e-03   2.4773194e-03   1.8709507e-02   1.2169874e-01   3.7809151e-01   1.0209701e-05   1.2691828e-05   6.1371114e-06  -1.7880210e-02  -1.7785190e-02  -2.9606900e-02  -2.9954866e-03   4.0652390e-04  -1.5540640e-04   3.1970191e-04   3.1631298e-04   8.7656853e-04   8.9729400e-06   1.6526168e-07   2.4151149e-08
   1.0000000e+00   1.4941048e-01  -2.8597289e-01   6.0256039e-01   6.1957972e-03   3.1513844e-03   2.2506028e-03   2.2323492e-02   8.1780494e-02   3.6307902e-01   3.8387903e-05   9.9312236e-06   5.0652130e-06   1.2627780e-02   6.2880580e-02  -1.2331070e-02   3.0005349e-03  -4.1117480e-04  -2.2671660e-04   1.5946083e-04   3.9539673e-03   1.5205529e-04   9.0032097e-06   1.6906472e-07   5.1400417e-08
   1.0000000e+00   1.1531535e-01  -3.2560642e-01   4.6537587e-01   5.2698719e-03   4.0216479e-03   2.5340773e-03   1.3297630e-02   1.0601954e-01   2.1657470e-01   2.7771550e-05   1.6173652e-05   6.4215478e-06  -3.4095130e-02  -3.9633530e-02  -1.3718452e-01  -9.2592530e-04   8.7026350e-04   2.8347450e-04   1.1624779e-03   1.5708167e-03   1.8819593e-02   8.5733766e-07   7.5735856e-07   8.0357792e-08
   1.0000000e+00   1.3140319e-01  -2.7994136e-01   4.8114438e-01   5.2031438e-03   4.5690574e-03   3.9275173e-03   1.7266798e-02   7.8367165e-02   2.3149991e-01   2.7072705e-05   2.0876286e-05   1.5425392e-05   1.6087840e-02   4.5665060e-02   1.5768510e-02  -6.6728100e-05   5.4740950e-04   1.3934400e-03   2.5881860e-04   2.0852977e-03   2.4864591e-04   4.4526393e-09   2.9965716e-07   1.9416750e-06
   1.0000000e+00   1.5358537e-01  -4.3165612e-01   5.7511940e-01   5.7573567e-03   2.7431533e-03   2.7637825e-03   2.3588466e-02   1.8632701e-01   3.3076232e-01   3.3147156e-05   7.5248900e-06   7.6384937e-06   2.2182180e-02  -1.5171476e-01   9.3975020e-02   5.5421290e-04  -1.8259041e-03  -1.1637348e-03   4.9204911e-04   2.3017368e-02   8.8313044e-03   3.0715194e-07   3.3339258e-06   1.3542787e-06
   1.0000000e+00   1.6083309e-01  -4.5236444e-01   5.1470250e-01   4.4132264e-03   2.4216220e-03   3.0042671e-03   2.5867283e-02   2.0463359e-01   2.6491866e-01   1.9476567e-05   5.8642531e-06   9.0256208e-06   7.2477200e-03  -2.0708320e-02  -6.0416900e-02  -1.3441303e-03  -3.2153130e-04   2.4048460e-04   5.2529445e-05   4.2883452e-04   3.6502018e-03   1.8066863e-06   1.0338238e-07   5.7832843e-08
   1.0000000e+00   1.5804067e-01  -4.6608145e-01   5.0112560e-01   3.3278924e-03   2.5497218e-03   2.7474743e-03   2.4976853e-02   2.1723192e-01   2.5112687e-01   1.1074868e-05   6.5010813e-06   7.5486150e-06  -2.7924200e-03  -1.3717010e-02  -1.3576900e-02  -1.0853340e-03   1.2809980e-04  -2.5679280e-04   7.7976095e-06   1.8815636e-04   1.8433221e-04   1.1779499e-06   1.6409559e-08   6.5942542e-08
   1.0000000e+00   1.4691467e-01  -4.1431740e-01   4.2162860e-01   4.6260796e-03   2.5132489e-03   2.6346437e-03   2.1583920e-02   1.7165891e-01   1.7777068e-01   2.1400612e-05   6.3164200e-06   6.9413474e-06  -1.1126000e-02   5.1764050e-02  -7.9497000e-02   1.2981872e-03  -3.6472900e-05  -1.1283060e-04   1.2378788e-04   2.6795169e-03   6.3197730e-03   1.6852900e-06   1.3302724e-09   1.2730744e-08
   1.0000000e+00   1.5426964e-01  -4.4893211e-01   4.2193550e-01   4.5797019e-03   2.2978099e-03   2.6736747e-03   2.3799122e-02   2.0154004e-01   1.7802957e-01   2.0973669e-05   5.2799303e-06   7.1485364e-06   7.3549700e-03  -3.4614710e-02   3.0690000e-04  -4.6377700e-05  -2.1543900e-04   3.9031000e-05   5.4095584e-05   1.1981781e-03   9.4187610e-08   2.1508911e-09   4.6413963e-08   1.5234190e-09
   1.0000000e+00   1.6054962e-01  -4.0987987e-01   4.2552013e-01   3.7414275e-03   2.7165777e-03   3.1203711e-03   2.5776180e-02   1.6800151e-01   1.8106738e-01   1.3998280e-05   7.3797944e-06   9.7367158e-06   6.2799800e-03   3.9052240e-02   3.5846300e-03  -8.3827440e-04   4.1876780e-04   4.4669640e-04   3.9438149e-05   1.5250774e-03   1.2849572e-05   7.0270397e-07   1.7536647e-07   1.9953767e-07
   1.0000000e+00   1.5626773e-01  -4.3417906e-01   3.7335056e-01   6.1292306e-03   2.5385312e-03   3.0163475e-03   2.4419603e-02   1.8851146e-01   1.3939064e-01   3.7567468e-05   6.4441407e-06   9.0983522e-06  -4.2818900e-03  -2.4299190e-02  -5.2169570e-02   2.3878031e-03  -1.7804650e-04  -1.0402360e-04   1.8334582e-05   5.9045063e-04   2.7216640e-03   5.7016036e-06   3.1700556e-08   1.0820909e-08
   1.0000000e+00   1.6769813e-01  -4.5426388e-01   3.8883417e-01   4.7967921e-03   2.8558188e-03   3.0879377e-03   2.8122663e-02   2.0635567e-01   1.5119201e-01   2.3009214e-05   8.1557010e-06   9.5353592e-06   1.1430400e-02  -2.0084820e-02   1.5483610e-02  -1.3324385e-03   3.1728760e-04   7.1590200e-05   1.3065404e-04   4.0339999e-04   2.3974218e-04   1.7753924e-06   1.0067142e-07   5.1251567e-09
   1.0000000e+00   1.6249301e-01  -4.2538581e-01   4.2139213e-01   4.6209890e-03   2.9429963e-03   2.8746565e-03   2.6403978e-02   1.8095309e-01   1.7757133e-01   2.1353539e-05   8.6612272e-06   8.2636500e-06  -5.2051200e-03   2.8878070e-02   3.2557960e-02  -1.7580310e-04   8.7177500e-05  -2.1328120e-04   2.7093274e-05   8.3394293e-04   1.0600208e-03   3.0906730e-08   7.5999165e-09   4.5488870e-08
   1.0000000e+00   1.7174156e-01  -4.9972948e-01   5.0535635e-01   2.8331369e-03   2.6837304e-03   3.2823418e-03   2.9495163e-02   2.4972955e-01   2.5538504e-01   8.0266647e-06   7.2024089e-06   1.0773768e-05   9.2485500e-03  -7.4343670e-02   8.3964220e-02  -1.7878521e-03  -2.5926590e-04   4.0768530e-04   8.5535677e-05   5.5269813e-03   7.0499902e-03   3.1964151e-06   6.7218807e-08   1.6620730e-07
   1.0000000e+00   1.6912259e-01  -4.5125252e-01   4.3887981e-01   3.5368544e-03   2.7725937e-03   3.2522403e-03   2.8602450e-02   2.0362884e-01   1.9261549e-01   1.2509339e-05   7.6872758e-06   1.0577067e-05  -2.6189700e-03   4.8476960e-02  -6.6476540e-02   7.0371750e-04   8.8863300e-05  -3.0101500e-05   6.8590039e-06   2.3500157e-03   4.4191304e-03   4.9521832e-07   7.8966861e-09   9.0610030e-10
   1.0000000e+00   1.5197290e-01  -4.4489391e-01   3.9968275e-01   5.0340545e-03   3.2050485e-03   2.7564409e-03   2.3095762e-02   1.9793059e-01   1.5974630e-01   2.5341705e-05   1.0272336e-05   7.5979664e-06  -1.7149690e-02   6.3586100e-03  -3.9197060e-02   1.4972001e-03   4.3245480e-04  -4.9579940e-04   2.9411187e-04   4.0431921e-05   1.5364095e-03   2.2416081e-06   1.8701715e-07   2.4581705e-07
   1.0000000e+00   1.5874174e-01  -4.8638580e-01   4.1330555e-01   4.9840471e-03   3.1260415e-03   3.1692297e-03   2.5198940e-02   2.3657115e-01   1.7082148e-01   2.4840725e-05   9.7721355e-06   1.0044017e-05   6.7688400e-03  -4.1491890e-02   1.3622800e-02  -5.0007400e-05  -7.9007000e-05   4.1278880e-04   4.5817195e-05   1.7215769e-03   1.8558068e-04   2.5007401e-09   6.2421060e-09   1.7039459e-07
   1.0000000e+00   1.5559444e-01  -4.0765269e-01   3.9440678e-01   4.0059120e-03   3.3113199e-03   3.1579668e-03   2.4209630e-02   1.6618072e-01   1.5555671e-01   1.6047331e-05   1.0964839e-05   9.9727543e-06  -3.1473000e-03   7.8733110e-02  -1.8898770e-02  -9.7813510e-04   1.8527840e-04  -1.1262900e-05   9.9054973e-06   6.1989026e-03   3.5716351e-04   9.5674827e-07   3.4328086e-08   1.2685292e-10
   1.0000000e+00   1.4775147e-01  -4.8060714e-01   4.1359312e-01   4.6960551e-03   3.3900568e-03   2.8237782e-03   2.1830497e-02   2.3098322e-01   1.7105927e-01   2.2052934e-05   1.1492485e-05   7.9737233e-06  -7.8429700e-03  -7.2954450e-02   1.9186340e-02   6.9014310e-04   7.8736900e-05  -3.3418860e-04   6.1512178e-05   5.3223518e-03   3.6811564e-04   4.7629750e-07   6.1994994e-09   1.1168202e-07
   1.0000000e+00   1.4743535e-01  -4.5421252e-01   4.1448984e-01   2.9899354e-03   4.1662782e-03   3.2970019e-03   2.1737182e-02   2.0630901e-01   1.7180183e-01   8.9397137e-06   1.7357874e-05   1.0870222e-05  -3.1612000e-04   2.6394620e-02   8.9672000e-04  -1.7061197e-03   7.7622140e-04   4.7322370e-04   9.9931854e-08   6.9667596e-04   8.0410676e-07   2.9108444e-06   6.0251966e-07   2.2394067e-07
   1.0000000e+00   1.7249861e-01  -4.6262413e-01   4.4162121e-01   5.5837469e-03   3.8082894e-03   3.8237895e-03   2.9755770e-02   2.1402109e-01   1.9502929e-01   3.1178229e-05   1.4503068e-05   1.4621366e-05   2.5063260e-02  -8.4116100e-03   2.7131370e-02   2.5938115e-03  -3.5798880e-04   5.2678760e-04   6.2816700e-04   7.0755183e-05   7.3611124e-04   6.7278581e-06   1.2815598e-07   2.7750518e-07
   1.0000000e+00   1.4563796e-01  -4.8379715e-01   3.6278223e-01   4.7026976e-03   3.5720273e-03   2.9792629e-03   2.1210415e-02   2.3405968e-01   1.3161095e-01   2.2115365e-05   1.2759379e-05   8.8760074e-06  -2.6860650e-02  -2.1173020e-02  -7.8838980e-02  -8.8104930e-04  -2.3626210e-04  -8.4452660e-04   7.2149452e-04   4.4829678e-04   6.2155848e-03   7.7624787e-07   5.5819780e-08   7.1322518e-07
   1.0000000e+00   1.5793518e-01  -4.7753917e-01   3.3908876e-01   4.1595493e-03   3.3227583e-03   3.0860738e-03   2.4943521e-02   2.2804366e-01   1.1498119e-01   1.7301850e-05   1.1040723e-05   9.5238515e-06   1.2297220e-02   6.2579800e-03  -2.3693470e-02  -5.4314830e-04  -2.4926900e-04   1.0681090e-04   1.5122162e-04   3.9162314e-05   5.6138052e-04   2.9501008e-07   6.2135034e-08   1.1408568e-08
   1.0000000e+00   1.5522299e-01  -5.0841840e-01   3.2244060e-01   5.1028244e-03   3.2229686e-03   2.8421166e-03   2.4094177e-02   2.5848927e-01   1.0396794e-01   2.6038817e-05   1.0387527e-05   8.0776268e-06  -2.7121900e-03  -3.0879230e-02  -1.6648160e-02   9.4327510e-04  -9.9789700e-05  -2.4395720e-04   7.3559746e-06   9.5352685e-04   2.7716123e-04   8.8976791e-07   9.9579842e-09   5.9515115e-08
   1.0000000e+00   1.5655594e-01  -5.4402929e-01   3.6494501e-01   4.2187051e-03   3.5251417e-03   2.9534680e-03   2.4509762e-02   2.9596787e-01   1.3318486e-01   1.7797473e-05   1.2426624e-05   8.7229732e-06   1.3329500e-03  -3.5610890e-02   4.2504410e-02  -8.8411930e-04   3.0217310e-04   1.1135140e-04   1.7767557e-06   1.2681355e-03   1.8066249e-03   7.8166694e-07   9.1308582e-08   1.2399134e-08
   1.0000000e+00   1.6068226e-01  -4.4728845e-01   3.5272552e-01   4.1535879e-03   3.5529846e-03   2.9386466e-03   2.5818789e-02   2.0006696e-01   1.2441529e-01   1.7252292e-05   1.2623700e-05   8.6356438e-06   4.1263200e-03   9.6740840e-02  -1.2219490e-02  -6.5117200e-05   2.7842900e-05  -1.4821400e-05   1.7026517e-05   9.3587901e-03   1.4931594e-04   4.2402497e-09   7.7522708e-10   2.1967390e-10
   1.0000000e+00   1.7521293e-01  -5.0150002e-01   3.9268760e-01   4.3314410e-03   2.9959641e-03   3.3258003e-03   3.0699571e-02   2.5150227e-01   1.5420355e-01   1.8761381e-05   8.9758009e-06   1.1060948e-05   1.4530670e-02  -5.4211570e-02   3.9962080e-02   1.7785310e-04  -5.5702050e-04   3.8715370e-04   2.1114037e-04   2.9388943e-03   1.5969678e-03   3.1631725e-08   3.1027184e-07   1.4988799e-07
   1.0000000e+00   1.6127275e-01  -4.4799803e-01   3.6378756e-01   3.5274452e-03   3.6694382e-03   2.9303988e-03   2.6008900e-02   2.0070223e-01   1.3234139e-01   1.2442870e-05   1.3464777e-05   8.5872371e-06  -1.3940180e-02   5.3501990e-02  -2.8900040e-02  -8.0399580e-04   6.7347410e-04  -3.9540150e-04   1.9432862e-04   2.8624629e-03   8.3521231e-04   6.4640925e-07   4.5356736e-07   1.5634235e-07
   1.0000000e+00   1.6182758e-01  -4.6342713e-01   3.4272979e-01   5.1147828e-03   3.0265961e-03   2.8723228e-03   2.6188166e-02   2.1476470e-01   1.1746371e-01   2.6161003e-05   9.1602840e-06   8.2502383e-06   5.5483000e-04  -1.5429100e-02  -2.1057770e-02   1.5873376e-03  -6.4284210e-04  -5.8076000e-05   3.0783633e-07   2.3805713e-04   4.4342968e-04   2.5196407e-06   4.1324597e-07   3.3728218e-09
   1.0000000e+00   1.6667644e-01  -4.8582310e-01   3.4748020e-01   4.0353849e-03   3.3094512e-03   3.1752035e-03   2.7781036e-02   2.3602408e-01   1.2074249e-01   1.6284331e-05   1.0952467e-05   1.0081917e-05   4.8488600e-03  -2.2395970e-02   4.7504100e-03  -1.0793979e-03   2.8285510e-04   3.0288070e-04   2.3511443e-05   5.0157947e-04   2.2566395e-05   1.1650998e-06   8.0007008e-08   9.1736718e-08
   1.0000000e+00   1.6542422e-01  -4.9230208e-01   3.4482478e-01   5.8470136e-03   3.5562590e-03   2.9938490e-03   2.7365173e-02   2.4236134e-01   1.1890413e-01   3.4187568e-05   1.2646978e-05   8.9631318e-06  -1.2522200e-03  -6.4789800e-03  -2.6554200e-03   1.8116287e-03   2.4680780e-04  -1.8135450e-04   1.5680549e-06   4.1977182e-05   7.0512554e-06   3.2819985e-06   6.0914090e-08   3.2889455e-08
   1.0000000e+00   1.5591399e-01  -4.4756441e-01   2.7588047e-01   5.4786912e-03   3.8319689e-03   3.0167937e-03   2.4309172e-02   2.0031390e-01   7.6110034e-02   3.0016057e-05   1.4683986e-05   9.1010442e-06  -9.5102300e-03   4.4737670e-02  -6.8944310e-02  -3.6832240e-04   2.7570990e-04   2.2944700e-05   9.0444475e-05   2.0014591e-03   4.7533179e-03   1.3566139e-07   7.6015949e-08   5.2645926e-10
   1.0000000e+00   1.6473585e-01  -4.5825703e-01   3.1473570e-01   5.2769025e-03   3.9778911e-03   3.0939743e-03   2.7137900e-02   2.0999951e-01   9.9058561e-02   2.7845700e-05   1.5823618e-05   9.5726770e-06   8.8218600e-03  -1.0692620e-02   3.8855230e-02  -2.0178870e-04   1.4592220e-04   7.7180600e-05   7.7825214e-05   1.1433212e-04   1.5097289e-03   4.0718679e-08   2.1293288e-08   5.9568450e-09
   1.0000000e+00   1.5545139e-01  -4.0826611e-01   3.1094471e-01   4.5102932e-03   4.4061147e-03   2.9644023e-03   2.4165135e-02   1.6668122e-01   9.6686613e-02   2.0342745e-05   1.9413847e-05   8.7876810e-06  -9.2844600e-03   4.9990920e-02  -3.7909900e-03  -7.6660930e-04   4.2822360e-04  -1.2957200e-04   8.6201197e-05   2.4990921e-03   1.4371605e-05   5.8768982e-07   1.8337545e-07   1.6788903e-08
   1.0000000e+00   1.1606877e-01  -3.9523063e-01   2.1116132e-01   4.5218657e-03   7.1727466e-03   2.3099122e-03   1.3471959e-02   1.5620725e-01   4.4589103e-02   2.0447269e-05   5.1448294e-05   5.3356944e-06  -3.9382620e-02   1.3035480e-02  -9.9783390e-02   1.1572500e-05   2.7666319e-03  -6.5449010e-04   1.5509908e-03   1.6992374e-04   9.9567249e-03   1.3392276e-10   7.6542521e-06   4.2835729e-07
   1.0000000e+00   1.6339357e-01  -5.5057521e-01   4.1368851e-01   2.0867551e-03   5.4195569e-03   2.8730201e-03   2.6697459e-02   3.0313306e-01   1.7113818e-01   4.3545468e-06   2.9371597e-05   8.2542445e-06   4.7324800e-02  -1.5534458e-01   2.0252719e-01  -2.4351106e-03  -1.7531897e-03   5.6310790e-04   2.2396367e-03   2.4131939e-02   4.1017263e-02   5.9297636e-06   3.0736741e-06   3.1709051e-07
   1.0000000e+00   1.6984262e-01  -4.8132986e-01   3.3911236e-01   3.9711183e-03   4.9945640e-03   2.8077370e-03   2.8846516e-02   2.3167843e-01   1.1499719e-01   1.5769781e-05   2.4945670e-05   7.8833871e-06   6.4490500e-03   6.9245350e-02  -7.4576150e-02   1.8843632e-03  -4.2499290e-04  -6.5283100e-05   4.1590246e-05   4.7949185e-03   5.5616021e-03   3.5508247e-06   1.8061897e-07   4.2618831e-09
   1.0000000e+00   2.0648286e-01  -5.4837513e-01   1.2392643e-01   6.6804984e-03   3.8057099e-03   3.2016929e-03   4.2635171e-02   3.0071528e-01   1.5357760e-02   4.4629059e-05   1.4483428e-05   1.0250837e-05   3.6640240e-02  -6.7045270e-02  -2.1518593e-01   2.7093801e-03  -1.1888541e-03   3.9395590e-04   1.3425072e-03   4.4950682e-03   4.6304984e-02   7.3407405e-06   1.4133741e-06   1.5520125e-07
   1.0000000e+00   1.9999047e-01  -4.9731929e-01   1.6206186e-01   3.6702290e-03   4.0200694e-03   3.3268208e-03   3.9996188e-02   2.4732648e-01   2.6264046e-02   1.3470581e-05   1.6160958e-05   1.1067737e-05  -6.4923900e-03   5.1055840e-02   3.8135430e-02  -3.0102694e-03   2.1435950e-04   1.2512790e-04   4.2151128e-05   2.6066988e-03   1.4543110e-03   9.0617219e-06   4.5949995e-08   1.5656991e-08
   1.0000000e+00   1.9391009e-01  -4.8990942e-01   1.7711117e-01   5.9466709e-03   3.4571031e-03   3.1305539e-03   3.7601123e-02   2.4001124e-01   3.1368367e-02   3.5362895e-05   1.1951562e-05   9.8003677e-06  -6.0803800e-03   7.4098700e-03   1.5049310e-02   2.2764419e-03  -5.6296630e-04  -1.9626690e-04   3.6971021e-05   5.4906173e-05   2.2648173e-04   5.1821877e-06   3.1693105e-07   3.8520696e-08
   1.0000000e+00   1.9535730e-01  -5.1465242e-01   2.0792994e-01   4.4825816e-03   3.6353268e-03   3.0960529e-03   3.8164475e-02   2.6486711e-01   4.3234860e-02   2.0093538e-05   1.3215601e-05   9.5855436e-06   1.4472100e-03  -2.4743000e-02   3.0818770e-02  -1.4640893e-03   1.7822370e-04  -3.4501000e-05   2.0944168e-06   6.1221605e-04   9.4979658e-04   2.1435575e-06   3.1763687e-08   1.1903190e-09
   1.0000000e+00   2.0139190e-01  -5.0278374e-01   2.2225254e-01   5.1397501e-03   3.7545318e-03   3.1576773e-03   4.0558697e-02   2.5279149e-01   4.9396192e-02   2.6417031e-05   1.4096509e-05   9.9709259e-06   6.0346000e-03   1.1868680e-02   1.4322600e-02   6.5716850e-04   1.1920500e-04   6.1624400e-05   3.6416397e-05   1.4086556e-04   2.0513687e-04   4.3187044e-07   1.4209832e-08   3.7975667e-09
   1.0000000e+00   1.9386167e-01  -5.5564584e-01   2.4990159e-01   5.2658078e-03   3.6695101e-03   2.7794610e-03   3.7582347e-02   3.0874230e-01   6.2450805e-02   2.7728732e-05   1.3465304e-05   7.7254035e-06  -7.5302300e-03  -5.2862100e-02   2.7649050e-02   1.2605770e-04  -8.5021700e-05  -3.7821630e-04   5.6704364e-05   2.7944016e-03   7.6446997e-04   1.5890544e-08   7.2286895e-09   1.4304757e-07
   1.0000000e+00   2.0161969e-01  -5.8362463e-01   2.6375879e-01   4.7230310e-03   3.7500369e-03   3.1724656e-03   4.0650499e-02   3.4061771e-01   6.9568699e-02   2.2307022e-05   1.4062777e-05   1.0064538e-05   7.7580200e-03  -2.7978790e-02   1.3857200e-02  -5.4277680e-04   8.0526800e-05   3.9300460e-04   6.0186874e-05   7.8281269e-04   1.9202199e-04   2.9460665e-07   6.4845655e-09   1.5445262e-07
   1.0000000e+00   1.9711128e-01  -5.4629402e-01   2.6383064e-01   4.8335186e-03   4.1126925e-03   2.9763044e-03   3.8852857e-02   2.9843716e-01   6.9606607e-02   2.3362902e-05   1.6914240e-05   8.8583879e-06  -4.5084100e-03   3.7330610e-02   7.1850000e-05   1.1048760e-04   3.6265560e-04  -1.9616120e-04   2.0325761e-05   1.3935744e-03   5.1624225e-09   1.2207510e-08   1.3151908e-07   3.8479216e-08
   1.0000000e+00   1.8702470e-01  -5.4838108e-01   2.4988489e-01   5.5088040e-03   4.0396838e-03   2.7914368e-03   3.4978238e-02   3.0072181e-01   6.2442458e-02   3.0346922e-05   1.6319045e-05   7.7921194e-06  -1.0086580e-02  -2.0870600e-03  -1.3945750e-02   6.7528540e-04  -7.3008700e-05  -1.8486760e-04   1.0173910e-04   4.3558194e-06   1.9448394e-04   4.5601037e-07   5.3302703e-09   3.4176030e-08
   1.0000000e+00   2.0667064e-01  -5.5512313e-01   2.6309585e-01   4.4543722e-03   4.0960819e-03   3.5050830e-03   4.2712753e-02   3.0816169e-01   6.9219426e-02   1.9841432e-05   1.6777887e-05   1.2285607e-05   1.9645940e-02  -6.7420500e-03   1.3210960e-02  -1.0544318e-03   5.6398100e-05   7.1364620e-04   3.8596296e-04   4.5455238e-05   1.7452946e-04   1.1118264e-06   3.1807457e-09   5.0929090e-07
   1.0000000e+00   2.0768680e-01  -5.1456697e-01   2.5199664e-01   5.4292195e-03   3.7546712e-03   3.1738794e-03   4.3133807e-02   2.6477917e-01   6.3502307e-02   2.9476424e-05   1.4097556e-05   1.0073510e-05   1.0161600e-03   4.0556160e-02  -1.1099210e-02   9.7484730e-04  -3.4141070e-04  -3.3120360e-04   1.0325811e-06   1.6448021e-03   1.2319246e-04   9.5032726e-07   1.1656127e-07   1.0969582e-07
   1.0000000e+00   2.0517866e-01  -5.9050990e-01   3.0793673e-01   4.8584990e-03   4.1569144e-03   2.7388016e-03   4.2098283e-02   3.4870194e-01   9.4825030e-02   2.3605013e-05   1.7279937e-05   7.5010342e-06  -2.5081400e-03  -7.5942930e-02   5.5940090e-02  -5.7072050e-04   4.0224320e-04  -4.3507780e-04   6.2907663e-06   5.7673286e-03   3.1292937e-03   3.2572189e-07   1.6179959e-07   1.8929269e-07
   1.0000000e+00   1.9734431e-01  -5.2155134e-01   2.5879426e-01   6.2234968e-03   4.3465704e-03   3.0629017e-03   3.8944777e-02   2.7201580e-01   6.6974469e-02   3.8731912e-05   1.8892674e-05   9.3813668e-06  -7.8343500e-03   6.8958560e-02  -4.9142470e-02   1.3649978e-03   1.8965600e-04   3.2410010e-04   6.1377040e-05   4.7552830e-03   2.4149824e-03   1.8632190e-06   3.5969398e-08   1.0504087e-07
   1.0000000e+00   2.0968915e-01  -5.7571891e-01   3.3574953e-01   4.6442280e-03   3.9272964e-03   3.1268253e-03   4.3969540e-02   3.3145226e-01   1.1272775e-01   2.1568854e-05   1.5423657e-05   9.7770365e-06   1.2344840e-02  -5.4167570e-02   7.6955270e-02  -1.5792688e-03  -4.1927400e-04   6.3923600e-05   1.5239507e-04   2.9341256e-03   5.9221136e-03   2.4940899e-06   1.7579069e-07   4.0862266e-09
   1.0000000e+00   2.0071457e-01  -5.0960446e-01   2.8778703e-01   4.9677837e-03   4.0406473e-03   2.9897658e-03   4.0286339e-02   2.5969671e-01   8.2821375e-02   2.4678875e-05   1.6326831e-05   8.9386995e-06  -8.9745800e-03   6.6114450e-02  -4.7962500e-02   3.2355570e-04   1.1335090e-04  -1.3705950e-04   8.0543086e-05   4.3711205e-03   2.3004014e-03   1.0468829e-07   1.2848427e-08   1.8785307e-08
   1.0000000e+00   2.0955992e-01  -6.1033502e-01   3.2768201e-01   4.7895857e-03   3.6364588e-03   3.0441250e-03   4.3915360e-02   3.7250884e-01   1.0737550e-01   2.2940131e-05   1.3223833e-05   9.2666970e-06   8.8453500e-03  -1.0073056e-01   3.9894980e-02  -1.7819800e-04  -4.0418850e-04   5.4359200e-05   7.8240217e-05   1.0146646e-02   1.5916094e-03   3.1754527e-08   1.6336834e-07   2.9549226e-09
   1.0000000e+00   2.0133792e-01  -5.4361089e-01   2.7876627e-01   3.5091935e-03   4.0641508e-03   2.9547948e-03   4.0536958e-02   2.9551280e-01   7.7710633e-02   1.2314439e-05   1.6517322e-05   8.7308123e-06  -8.2220000e-03   6.6724130e-02  -4.8915740e-02  -1.2803922e-03   4.2769200e-04  -8.9330200e-05   6.7601284e-05   4.4521095e-03   2.3927496e-03   1.6394042e-06   1.8292045e-07   7.9798846e-09
   1.0000000e+00   2.0141182e-01  -6.0385788e-01   2.8660974e-01   5.3049423e-03   3.5085970e-03   2.9746015e-03   4.0566721e-02   3.6464434e-01   8.2145143e-02   2.8142413e-05   1.2310253e-05   8.8482541e-06   7.3900000e-05  -6.0246990e-02   7.8434700e-03   1.7957488e-03  -5.5555380e-04   1.9806700e-05   5.4612100e-09   3.6296998e-03   6.1520022e-05   3.2247138e-06   3.0864002e-07   3.9230536e-10
   1.0000000e+00   2.0860428e-01  -6.0870314e-01   2.8070208e-01   4.5157776e-03   3.7811446e-03   3.3976367e-03   4.3515746e-02   3.7051951e-01   7.8793658e-02   2.0392247e-05   1.4297054e-05   1.1543935e-05   7.1924600e-03  -4.8452600e-03  -5.9076600e-03  -7.8916470e-04   2.7254760e-04   4.2303520e-04   5.1731481e-05   2.3476544e-05   3.4900447e-05   6.2278092e-07   7.4282194e-08   1.7895878e-07
   1.0000000e+00   2.1253981e-01  -5.6593370e-01   2.7217496e-01   6.0037944e-03   3.6403982e-03   3.3596843e-03   4.5173171e-02   3.2028095e-01   7.4079209e-02   3.6045547e-05   1.3252499e-05   1.1287479e-05   3.9355300e-03   4.2769440e-02  -8.5271200e-03   1.4880168e-03  -1.4074640e-04  -3.7952400e-05   1.5488396e-05   1.8292250e-03   7.2711775e-05   2.2141940e-06   1.9809549e-08   1.4403847e-09
   1.0000000e+00   2.1299459e-01  -5.6485561e-01   2.7064748e-01   5.3388249e-03   3.7641932e-03   3.3823414e-03   4.5366695e-02   3.1906186e-01   7.3250058e-02   2.8503051e-05   1.4169150e-05   1.1440233e-05   4.5478000e-04   1.0780900e-03  -1.5274800e-03  -6.6496950e-04   1.2379500e-04   2.2657100e-05   2.0682485e-07   1.1622780e-06   2.3331952e-06   4.4218444e-07   1.5325202e-08   5.1334418e-10
   1.0000000e+00   2.2064354e-01  -5.4143831e-01   2.5775726e-01   5.2824607e-03   3.5310991e-03   3.3992067e-03   4.8683572e-02   2.9315544e-01   6.6438805e-02   2.7904391e-05   1.2468661e-05   1.1554606e-05   7.6489500e-03   2.3417300e-02  -1.2890220e-02  -5.6364200e-05  -2.3309410e-04   1.6865300e-05   5.8506436e-05   5.4836994e-04   1.6615777e-04   3.1769230e-09   5.4332859e-08   2.8443834e-10
   1.0000000e+00   2.0126874e-01  -5.7816164e-01   3.0722623e-01   6.7814923e-03   4.4412414e-03   2.8053026e-03   4.0509106e-02   3.3427088e-01   9.4387956e-02   4.5988638e-05   1.9724625e-05   7.8697227e-06  -1.9374800e-02  -3.6723330e-02   4.9468970e-02   1.4990316e-03   9.1014230e-04  -5.9390410e-04   3.7538288e-04   1.3486030e-03   2.4471790e-03   2.2470957e-06   8.2835901e-07   3.5272208e-07
   1.0000000e+00   2.2775210e-01  -5.4604639e-01   3.2372755e-01   5.1276603e-03   3.5170710e-03   3.1067995e-03   5.1871019e-02   2.9816666e-01   1.0479953e-01   2.6292900e-05   1.2369788e-05   9.6522031e-06   2.6483360e-02   3.2115250e-02   1.6501320e-02  -1.6538320e-03  -9.2417040e-04   3.0149690e-04   7.0136836e-04   1.0313893e-03   2.7229356e-04   2.7351603e-06   8.5409093e-07   9.0900381e-08
   1.0000000e+00   2.1997393e-01  -6.1460745e-01   3.5433401e-01   4.3327758e-03   3.9871667e-03   3.2435041e-03   4.8388530e-02   3.7774232e-01   1.2555259e-01   1.8772946e-05   1.5897498e-05   1.0520319e-05  -7.7781700e-03  -6.8561060e-02   3.0606460e-02  -7.9488450e-04   4.7009570e-04   1.3670460e-04   6.0499929e-05   4.7006189e-03   9.3675539e-04   6.3184137e-07   2.2098997e-07   1.8688148e-08
   1.0000000e+00   2.0026034e-01  -5.3930129e-01   2.8102101e-01   4.2226727e-03   4.1496154e-03   2.9239879e-03   4.0104204e-02   2.9084588e-01   7.8972808e-02   1.7830965e-05   1.7219308e-05   8.5497052e-06  -1.9713590e-02   7.5306160e-02  -7.3313000e-02  -1.1010310e-04   1.6244870e-04  -3.1951620e-04   3.8862563e-04   5.6710177e-03   5.3747960e-03   1.2122693e-08   2.6389580e-08   1.0209060e-07
   1.0000000e+00   1.9637556e-01  -6.0146557e-01   2.8931820e-01   4.2175470e-03   4.3216914e-03   2.9696279e-03   3.8563361e-02   3.6176083e-01   8.3705021e-02   1.7787703e-05   1.8677017e-05   8.8186899e-06  -3.8847800e-03  -6.2164280e-02   8.2971900e-03  -5.1257000e-06   1.7207600e-04   4.5640000e-05   1.5091516e-05   3.8643977e-03   6.8843362e-05   2.6272800e-11   2.9610150e-08   2.0830096e-09
   1.0000000e+00   1.4858809e-01  -5.2816947e-01   1.1995586e-01   4.7331506e-03   5.2041565e-03   2.9856378e-03   2.2078420e-02   2.7896299e-01   1.4389408e-02   2.2402715e-05   2.7083245e-05   8.9140331e-06  -4.7787470e-02   7.3296100e-02  -1.6936234e-01   5.1560360e-04   8.8246510e-04   1.6009900e-05   2.2836423e-03   5.3723183e-03   2.8683602e-02   2.6584707e-07   7.7874465e-07   2.5631690e-10
   1.0000000e+00   2.0935728e-01  -6.3642228e-01   2.8235085e-01   4.4707078e-03   4.0750991e-03   3.7718686e-03   4.3830471e-02   4.0503332e-01   7.9722002e-02   1.9987228e-05   1.6606433e-05   1.4226993e-05   6.0769190e-02  -1.0825281e-01   1.6239499e-01  -2.6244280e-04  -1.1290574e-03   7.8623080e-04   3.6928945e-03   1.1718671e-02   2.6372133e-02   6.8876223e-08   1.2747706e-06   6.1815887e-07
   1.0000000e+00   1.9050162e-01  -5.4040318e-01   2.2978070e-01   4.6594054e-03   4.9125584e-03   2.9855049e-03   3.6290867e-02   2.9203560e-01   5.2799170e-02   2.1710059e-05   2.4133230e-05   8.9132395e-06  -1.8855660e-02   9.6019100e-02  -5.2570150e-02   1.8869760e-04   8.3745930e-04  -7.8636370e-04   3.5553591e-04   9.2196676e-03   2.7636207e-03   3.5606784e-08   7.0133808e-07   6.1836787e-07
   1.0000000e+00   2.1543143e-01  -6.2906275e-01   2.8541816e-01   3.9754906e-03   4.0536089e-03   3.4256172e-03   4.6410701e-02   3.9571994e-01   8.1463526e-02   1.5804526e-05   1.6431745e-05   1.1734853e-05   2.4929810e-02  -8.8659570e-02   5.5637460e-02  -6.8391480e-04  -8.5894950e-04   4.4011230e-04   6.2149543e-04   7.8605194e-03   3.0955270e-03   4.6773945e-07   7.3779424e-07   1.9369884e-07
   1.0000000e+00   2.3121788e-01  -5.8218202e-01   2.4901869e-01   3.1163251e-03   4.1534700e-03   3.8277730e-03   5.3461708e-02   3.3893590e-01   6.2010308e-02   9.7114821e-06   1.7251313e-05   1.4651846e-05   1.5786450e-02   4.6880730e-02  -3.6399470e-02  -8.5916550e-04   9.9861100e-05   4.0215580e-04   2.4921200e-04   2.1978028e-03   1.3249214e-03   7.3816536e-07   9.9722393e-09   1.6172929e-07
   1.0000000e+00   2.1765041e-01  -6.6926264e-01   3.0462449e-01   4.1443299e-03   3.8617091e-03   3.2194774e-03   4.7371701e-02   4.4791248e-01   9.2796080e-02   1.7175470e-05   1.4912797e-05   1.0365035e-05  -1.3567470e-02  -8.7080620e-02   5.5605800e-02   1.0280048e-03  -2.9176090e-04  -6.0829560e-04   1.8407624e-04   7.5830344e-03   3.0920050e-03   1.0567939e-06   8.5124423e-08   3.7002354e-07
   1.0000000e+00   2.3352974e-01  -7.0210754e-01   3.1962460e-01   1.8358101e-03   4.1154427e-03   3.4675436e-03   5.4536139e-02   4.9295500e-01   1.0215988e-01   3.3701987e-06   1.6936869e-05   1.2023859e-05   1.5879330e-02  -3.2844900e-02   1.5000110e-02  -2.3085198e-03   2.5373360e-04   2.4806620e-04   2.5215312e-04   1.0787875e-03   2.2500330e-04   5.3292637e-06   6.4380740e-08   6.1536840e-08
   1.0000000e+00   2.1266570e-01  -6.8008342e-01   3.4210149e-01   3.7902430e-03   4.3086511e-03   3.0794321e-03   4.5226700e-02   4.6251346e-01   1.1703343e-01   1.4365942e-05   1.8564474e-05   9.4829021e-06  -2.0864040e-02   2.2024120e-02   2.2476890e-02   1.9544329e-03   1.9320840e-04  -3.8811150e-04   4.3530817e-04   4.8506186e-04   5.0521058e-04   3.8198080e-06   3.7329486e-08   1.5063054e-07
   1.0000000e+00   2.1896726e-01  -7.1190377e-01   3.7253612e-01   2.3667620e-03   4.5273174e-03   3.3091249e-03   4.7946661e-02   5.0680698e-01   1.3878316e-01   5.6015624e-06   2.0496603e-05   1.0950308e-05   6.3015600e-03  -3.1820350e-02   3.0434630e-02  -1.4234810e-03   2.1866630e-04   2.2969280e-04   3.9709658e-05   1.0125347e-03   9.2626670e-04   2.0262982e-06   4.7814951e-08   5.2758782e-08
   1.0000000e+00   2.1090521e-01  -6.2733487e-01   3.3315951e-01   3.1300429e-03   4.3048393e-03   3.3666685e-03   4.4481008e-02   3.9354904e-01   1.1099526e-01   9.7971686e-06   1.8531641e-05   1.1334457e-05  -8.0620500e-03   8.4568900e-02  -3.9376610e-02   7.6328090e-04  -2.2247810e-04   5.7543600e-05   6.4996650e-05   7.1518988e-03   1.5505174e-03   5.8259773e-07   4.9496505e-08   3.3112659e-09
   1.0000000e+00   2.1932243e-01  -6.6584282e-01   3.6409555e-01   2.1029314e-03   4.6635217e-03   3.6037818e-03   4.8102328e-02   4.4334666e-01   1.3256557e-01   4.4223205e-06   2.1748435e-05   1.2987243e-05   8.4172200e-03  -3.8507950e-02   3.0936040e-02  -1.0271115e-03   3.5868240e-04   2.3711330e-04   7.0849593e-05   1.4828622e-03   9.5703857e-04   1.0549580e-06   1.2865306e-07   5.6222717e-08
   1.0000000e+00   2.2376117e-01  -6.6308386e-01   3.7111222e-01   3.2944118e-03   4.2193244e-03   3.3328146e-03   5.0069061e-02   4.3968021e-01   1.3772428e-01   1.0853149e-05   1.7802698e-05   1.1107653e-05   4.4387400e-03   2.7589600e-03   7.0166700e-03   1.1914804e-03  -4.4419730e-04  -2.7096720e-04   1.9702413e-05   7.6118603e-06   4.9233658e-05   1.4196255e-06   1.9731124e-07   7.3423223e-08
   1.0000000e+00   2.0296342e-01  -7.0660257e-01   3.1019075e-01   2.9907296e-03   4.2297158e-03   3.4255012e-03   4.1194150e-02   4.9928719e-01   9.6218301e-02   8.9444635e-06   1.7890496e-05   1.1734058e-05  -2.0797750e-02  -4.3518710e-02  -6.0921470e-02  -3.0368220e-04   1.0391400e-05   9.2686600e-05   4.3254641e-04   1.8938781e-03   3.7114255e-03   9.2222879e-08   1.0798119e-10   8.5908058e-09
   1.0000000e+00   1.7232015e-01  -6.5788226e-01   2.8203456e-01   3.9178905e-03   5.4610540e-03   3.0533425e-03   2.9694234e-02   4.3280907e-01   7.9543493e-02   1.5349866e-05   2.9823111e-05   9.3229004e-06  -3.0643270e-02   4.8720310e-02  -2.8156190e-02   9.2716090e-04   1.2313382e-03  -3.7215870e-04   9.3901000e-04   2.3736686e-03   7.9277104e-04   8.5962733e-07   1.5161938e-06   1.3850210e-07
   1.0000000e+00   1.8951765e-01  -7.1066730e-01   3.1336709e-01   4.1895784e-03   4.8639869e-03   3.1744570e-03   3.5916940e-02   5.0504801e-01   9.8198933e-02   1.7552567e-05   2.3658369e-05   1.0077177e-05   1.7197500e-02  -5.2785040e-02   3.1332530e-02   2.7168790e-04  -5.9706710e-04   1.2111450e-04   2.9575401e-04   2.7862604e-03   9.8172744e-04   7.3814315e-08   3.5648912e-07   1.4668722e-08
   1.0000000e+00   1.8867221e-01  -6.3487184e-01   2.8006122e-01   3.7563839e-03   5.1732154e-03   3.2158100e-03   3.5597203e-02   4.0306225e-01   7.8434287e-02   1.4110420e-05   2.6762158e-05   1.0341434e-05  -8.4544000e-04   7.5795460e-02  -3.3305870e-02  -4.3319450e-04   3.0922850e-04   4.1353000e-05   7.1476879e-07   5.7449518e-03   1.1092810e-03   1.8765747e-07   9.5622265e-08   1.7100706e-09
   1.0000000e+00   2.0735186e-01  -6.9304809e-01   2.9050630e-01   4.3308403e-03   3.9675556e-03   3.6758565e-03   4.2994794e-02   4.8031566e-01   8.4393910e-02   1.8756178e-05   1.5741497e-05   1.3511921e-05   1.8679650e-02  -5.8176250e-02   1.0445080e-02   5.7445640e-04  -1.2056598e-03   4.6004650e-04   3.4892932e-04   3.3844761e-03   1.0909970e-04   3.3000016e-07   1.4536156e-06   2.1164278e-07
   1.0000000e+00   2.1189744e-01  -6.7319384e-01   2.5701831e-01   3.7469758e-03   4.3307575e-03   4.1629299e-03   4.4900525e-02   4.5318995e-01   6.6058412e-02   1.4039828e-05   1.8755461e-05   1.7329985e-05   4.5455800e-03   1.9854250e-02  -3.3487990e-02  -5.8386450e-04   3.6320190e-04   4.8707340e-04   2.0662298e-05   3.9419124e-04   1.1214455e-03   3.4089775e-07   1.3191562e-07   2.3724050e-07
   1.0000000e+00   2.1045389e-01  -6.7108686e-01   2.8018758e-01   4.1629728e-03   3.9858834e-03   3.6745736e-03   4.4290840e-02   4.5035757e-01   7.8505080e-02   1.7330343e-05   1.5887266e-05   1.3502491e-05  -1.4435500e-03   2.1069800e-03   2.3169270e-02   4.1599700e-04  -3.4487410e-04  -4.8835630e-04   2.0838366e-06   4.4393647e-06   5.3681507e-04   1.7305350e-07   1.1893814e-07   2.3849188e-07
   1.0000000e+00   2.2161546e-01  -7.0842936e-01   3.0199367e-01   4.2194925e-03   3.8427821e-03   3.7486321e-03   4.9113412e-02   5.0187216e-01   9.1200177e-02   1.7804117e-05   1.4766974e-05   1.4052243e-05   1.1161570e-02  -3.7342500e-02   2.1806090e-02   5.6519700e-05  -1.4310130e-04   7.4058500e-05   1.2458064e-04   1.3944623e-03   4.7550556e-04   3.1944765e-09   2.0477982e-08   5.4846614e-09
   1.0000000e+00   2.4878269e-01  -7.2219324e-01   3.3115075e-01   3.5855631e-03   3.7343110e-03   3.9952941e-03   6.1892827e-02   5.2156308e-01   1.0966082e-01   1.2856263e-05   1.3945079e-05   1.5962375e-05   2.7167230e-02  -1.3763880e-02   2.9157080e-02  -6.3392940e-04  -1.0847110e-04   2.4666200e-04   7.3805839e-04   1.8944439e-04   8.5013531e-04   4.0186648e-07   1.1765980e-08   6.0842142e-08
   1.0000000e+00   2.3070527e-01  -7.0235751e-01   3.0527608e-01   4.3468239e-03   3.9029802e-03   3.5186745e-03   5.3224922e-02   4.9330607e-01   9.3193485e-02   1.8894878e-05   1.5233254e-05   1.2381070e-05  -1.8077420e-02   1.9835730e-02  -2.5874670e-02   7.6126080e-04   1.6866920e-04  -4.7661960e-04   3.2679311e-04   3.9345618e-04   6.6949855e-04   5.7951801e-07   2.8449299e-08   2.2716624e-07
   1.0000000e+00   2.5729462e-01  -7.5082511e-01   3.7190027e-01   3.9741814e-03   3.9977295e-03   4.0602474e-03   6.6200521e-02   5.6373835e-01   1.3830981e-01   1.5794118e-05   1.5981841e-05   1.6485609e-05   2.6589350e-02  -4.8467600e-02   6.6624190e-02  -3.7264250e-04   9.4749300e-05   5.4157290e-04   7.0699353e-04   2.3491082e-03   4.4387827e-03   1.3886243e-07   8.9774299e-09   2.9330121e-07
   1.0000000e+00   2.5149145e-01  -6.9038512e-01   3.4324240e-01   4.1188388e-03   4.5702798e-03   4.2848334e-03   6.3247949e-02   4.7663161e-01   1.1781535e-01   1.6964833e-05   2.0887457e-05   1.8359797e-05  -5.8031700e-03   6.0439990e-02  -2.8657870e-02   1.4465740e-04   5.7255030e-04   2.2458600e-04   3.3676782e-05   3.6529924e-03   8.2127351e-04   2.0925763e-08   3.2781385e-07   5.0438871e-08
   1.0000000e+00   2.5267872e-01  -7.2876545e-01   4.1125500e-01   3.1451127e-03   4.3402543e-03   4.1244557e-03   6.3846536e-02   5.3109908e-01   1.6913068e-01   9.8917339e-06   1.8837807e-05   1.7011135e-05   1.1872700e-03  -3.8380330e-02   6.8012600e-02  -9.7372610e-04  -2.3002550e-04  -1.6037770e-04   1.4096101e-06   1.4730497e-03   4.6257138e-03   9.4814252e-07   5.2911731e-08   2.5721007e-08
   1.0000000e+00   2.2683803e-01  -7.0397951e-01   3.4978748e-01   4.2083615e-03   4.5975591e-03   3.9559874e-03   5.1455492e-02   4.9558715e-01   1.2235128e-01   1.7710307e-05   2.1137550e-05   1.5649836e-05  -2.5840690e-02   2.4785940e-02  -6.1467520e-02   1.0632488e-03   2.5730480e-04  -1.6846830e-04   6.6774126e-04   6.1434282e-04   3.7782560e-03   1.1304980e-06   6.6205760e-08   2.8381568e-08
   1.0000000e+00   1.9428622e-01  -7.1478210e-01   4.2280150e-01   2.1656912e-03   6.5055068e-03   3.9312937e-03   3.7747135e-02   5.1091345e-01   1.7876111e-01   4.6902184e-06   4.2321619e-05   1.5455070e-05  -3.2551810e-02  -1.0802590e-02   7.3014020e-02  -2.0426703e-03   1.9079477e-03  -2.4693700e-05   1.0596203e-03   1.1669595e-04   5.3310471e-03   4.1725020e-06   3.6402644e-06   6.0977882e-10
   1.0000000e+00   2.2914218e-01  -7.4601451e-01   4.5585572e-01   4.3202352e-03   4.9821215e-03   4.4859650e-03   5.2506139e-02   5.5653765e-01   2.0780444e-01   1.8664432e-05   2.4821535e-05   2.0123882e-05   3.4855960e-02  -3.1232410e-02   3.3054220e-02   2.1545440e-03  -1.5233853e-03   5.5467130e-04   1.2149379e-03   9.7546343e-04   1.0925815e-03   4.6420598e-06   2.3207028e-06   3.0766025e-07
   1.0000000e+00   2.4011063e-01  -7.4943176e-01   3.7023520e-01   3.6433678e-03   4.9898598e-03   4.8843396e-03   5.7653115e-02   5.6164796e-01   1.3707410e-01   1.3274129e-05   2.4898701e-05   2.3856773e-05   1.0968450e-02  -3.4172500e-03  -8.5620520e-02  -6.7686740e-04   7.7383000e-06   3.9837460e-04   1.2030690e-04   1.1677598e-05   7.3308734e-03   4.5814948e-07   5.9881287e-11   1.5870232e-07
   1.0000000e+00   2.2856471e-01  -6.9284479e-01   2.7520734e-01   5.9394888e-03   4.6907180e-03   4.3866265e-03   5.2241827e-02   4.8003390e-01   7.5739080e-02   3.5277527e-05   2.2002835e-05   1.9242492e-05  -1.1545920e-02   5.6586970e-02  -9.5027860e-02   2.2961210e-03  -2.9914180e-04  -4.9771310e-04   1.3330827e-04   3.2020852e-03   9.0302942e-03   5.2721716e-06   8.9485817e-08   2.4771833e-07
   1.0000000e+00   2.2860469e-01  -6.8189435e-01   2.4390987e-01   7.1757904e-03   4.2332512e-03   4.3710260e-03   5.2260104e-02   4.6497990e-01   5.9492025e-02   5.1491968e-05   1.7920416e-05   1.9105868e-05   3.9980000e-05   1.0950440e-02  -3.1297470e-02   1.2363016e-03  -4.5746680e-04  -1.5600500e-05   1.5984004e-09   1.1991214e-04   9.7953163e-04   1.5284416e-06   2.0927587e-07   2.4337560e-10
   1.0000000e+00   2.2511703e-01  -6.9759877e-01   2.3528658e-01   7.0295607e-03   4.2661682e-03   4.0374871e-03   5.0677677e-02   4.8664404e-01   5.5359775e-02   4.9414724e-05   1.8200191e-05   1.6301302e-05  -3.4876600e-03  -1.5704420e-02  -8.6232900e-03  -1.4622970e-04   3.2917000e-05  -3.3353890e-04   1.2163772e-05   2.4662881e-04   7.4361130e-05   2.1383125e-08   1.0835289e-09   1.1124820e-07
   1.0000000e+00   2.2415102e-01  -6.7075406e-01   2.1742449e-01   8.0829060e-03   4.3471364e-03   4.0685337e-03   5.0243680e-02   4.4991101e-01   4.7273409e-02   6.5333369e-05   1.8897595e-05   1.6552966e-05  -9.6601000e-04   2.6844710e-02  -1.7862090e-02   1.0533453e-03   8.0968200e-05   3.1046600e-05   9.3317532e-07   7.2063845e-04   3.1905426e-04   1.1095363e-06   6.5558494e-09   9.6389137e-10
   1.0000000e+00   2.3354776e-01  -7.4592603e-01   2.6744637e-01   7.3915412e-03   4.2583253e-03   4.0689150e-03   5.4544556e-02   5.5640564e-01   7.1527561e-02   5.4634881e-05   1.8133334e-05   1.6556069e-05   9.3967400e-03  -7.5171970e-02   5.0021880e-02  -6.9136480e-04  -8.8811100e-05   3.8130000e-07   8.8298723e-05   5.6508251e-03   2.5021885e-03   4.7798529e-07   7.8874115e-09   1.4538969e-13
   1.0000000e+00   2.3004381e-01  -7.2392460e-01   2.4885063e-01   7.1921781e-03   4.5301388e-03   3.8456250e-03   5.2920155e-02   5.2406683e-01   6.1926636e-02   5.1727426e-05   2.0522158e-05   1.4788832e-05  -3.5039500e-03   2.2001430e-02  -1.8595740e-02  -1.9936310e-04   2.7181350e-04  -2.2329000e-04   1.2277666e-05   4.8406292e-04   3.4580155e-04   3.9745646e-08   7.3882579e-08   4.9858424e-08
   1.0000000e+00   2.3317593e-01  -7.4366274e-01   2.6287287e-01   8.1435196e-03   4.0168834e-03   3.6986025e-03   5.4371014e-02   5.5303427e-01   6.9102146e-02   6.6316911e-05   1.6135352e-05   1.3679660e-05   3.1321200e-03  -1.9738140e-02   1.4022240e-02   9.5134150e-04  -5.1325540e-04  -1.4702250e-04   9.8101757e-06   3.8959417e-04   1.9662321e-04   9.0505065e-07   2.6343111e-07   2.1615616e-08
   1.0000000e+00   2.4289092e-01  -7.1520217e-01   2.5952846e-01   6.6775194e-03   4.2271451e-03   4.0306000e-03   5.8995999e-02   5.1151414e-01   6.7355022e-02   4.4589265e-05   1.7868756e-05   1.6245736e-05   9.7149900e-03   2.8460570e-02  -3.3444100e-03  -1.4660002e-03   2.1026170e-04   3.3199750e-04   9.4381031e-05   8.1000404e-04   1.1185078e-05   2.1491566e-06   4.4209982e-08   1.1022234e-07
   1.0000000e+00   2.2839225e-01  -7.4547493e-01   2.6677210e-01   8.8606226e-03   4.5963755e-03   3.6594737e-03   5.2163020e-02   5.5573287e-01   7.1167353e-02   7.8510633e-05   2.1126668e-05   1.3391748e-05  -1.4498670e-02  -3.0272760e-02   7.2436400e-03   2.1831032e-03   3.6923040e-04  -3.7112630e-04   2.1021143e-04   9.1644000e-04   5.2470320e-05   4.7659396e-06   1.3633109e-07   1.3773473e-07
   1.0000000e+00   2.3230260e-01  -7.4185041e-01   2.7427282e-01   7.0766160e-03   4.6951760e-03   3.8009916e-03   5.3964498e-02   5.5034203e-01   7.5225580e-02   5.0078494e-05   2.2044678e-05   1.4447537e-05   3.9103500e-03   3.6245200e-03   7.5007200e-03  -1.7840066e-03   9.8800500e-05   1.4151790e-04   1.5290837e-05   1.3137145e-05   5.6260801e-05   3.1826795e-06   9.7615388e-09   2.0027316e-08
   1.0000000e+00   2.3749982e-01  -7.1019998e-01   3.0073802e-01   7.6229327e-03   4.6297809e-03   3.8185144e-03   5.6406165e-02   5.0438401e-01   9.0443357e-02   5.8109103e-05   2.1434871e-05   1.4581052e-05   5.1972200e-03   3.1650430e-02   2.6465200e-02   5.4631670e-04  -6.5395100e-05   1.7522800e-05   2.7011096e-05   1.0017497e-03   7.0040681e-04   2.9846194e-07   4.2765191e-09   3.0704852e-10
   1.0000000e+00   2.1806494e-01  -7.0941647e-01   2.4823363e-01   6.1280916e-03   4.4426656e-03   3.5561517e-03   4.7552318e-02   5.0327173e-01   6.1619935e-02   3.7553507e-05   1.9737278e-05   1.2646215e-05  -1.9434880e-02   7.8351000e-04  -5.2504390e-02  -1.4948411e-03  -1.8711530e-04  -2.6236270e-04   3.7771456e-04   6.1388792e-07   2.7567110e-03   2.2345499e-06   3.5012135e-08   6.8834186e-08
   1.0000000e+00   2.1234663e-01  -6.9553317e-01   1.8241385e-01   7.2798771e-03   5.2974711e-03   3.7968521e-03   4.5091091e-02   4.8376639e-01   3.3274813e-02   5.2996611e-05   2.8063200e-05   1.4416086e-05  -5.7183100e-03   1.3883300e-02  -6.5819780e-02   1.1517855e-03   8.5480550e-04   2.4070040e-04   3.2699069e-05   1.9274602e-04   4.3322434e-03   1.3266098e-06   7.3069244e-07   5.7936683e-08
   1.0000000e+00   2.1793848e-01  -7.2976429e-01   2.1537253e-01   8.9779534e-03   4.7211417e-03   3.9893065e-03   4.7497181e-02   5.3255592e-01   4.6385327e-02   8.0603647e-05   2.2289179e-05   1.5914566e-05   5.5918500e-03  -3.4231120e-02   3.2958680e-02   1.6980763e-03  -5.7632940e-04   1.9245440e-04   3.1268786e-05   1.1717696e-03   1.0862746e-03   2.8834631e-06   3.3215558e-07   3.7038696e-08
   1.0000000e+00   2.3467435e-01  -7.6451780e-01   2.9012750e-01   6.0224153e-03   4.7825749e-03   4.1797626e-03   5.5072051e-02   5.8448747e-01   8.4173966e-02   3.6269486e-05   2.2873023e-05   1.7470415e-05   1.6735870e-02  -3.4753510e-02   7.4754970e-02  -2.9555381e-03   6.1433200e-05   1.9045610e-04   2.8008934e-04   1.2078065e-03   5.5883055e-03   8.7352055e-06   3.7740381e-09   3.6273526e-08
   1.0000000e+00   2.3678925e-01  -7.9185935e-01   3.3374229e-01   5.7905096e-03   4.3266983e-03   4.2437829e-03   5.6069149e-02   6.2704123e-01   1.1138392e-01   3.3530001e-05   1.8720318e-05   1.8009693e-05   2.1149000e-03  -2.7341550e-02   4.3614790e-02  -2.3190570e-04  -4.5587660e-04   6.4020300e-05   4.4728020e-06   7.4756036e-04   1.9022499e-03   5.3780254e-08   2.0782347e-07   4.0985988e-09
   1.0000000e+00   2.3585796e-01  -7.7333689e-01   3.4243931e-01   4.4473774e-03   4.8189538e-03   4.2835339e-03   5.5628977e-02   5.9804995e-01   1.1726468e-01   1.9779166e-05   2.3222316e-05   1.8348663e-05  -9.3129000e-04   1.8522460e-02   8.6970200e-03  -1.3431322e-03   4.9225550e-04   3.9751000e-05   8.6730106e-07   3.4308152e-04   7.5638157e-05   1.8040041e-06   2.4231548e-07   1.5801420e-09
   1.0000000e+00   2.2113313e-01  -7.3133415e-01   2.6609480e-01   6.0865250e-03   4.4778803e-03   4.0926862e-03   4.8899861e-02   5.3484964e-01   7.0806443e-02   3.7045787e-05   2.0051412e-05   1.6750080e-05  -1.4724830e-02   4.2002740e-02  -7.6344510e-02   1.6391476e-03  -3.4107350e-04  -1.9084770e-04   2.1682062e-04   1.7642302e-03   5.8284842e-03   2.6868049e-06   1.1633113e-07   3.6422845e-08
   1.0000000e+00   2.0743917e-01  -7.3364421e-01   2.2976102e-01   5.1595124e-03   4.6366389e-03   3.9301020e-03   4.3031009e-02   5.3823383e-01   5.2790126e-02   2.6620568e-05   2.1498420e-05   1.5445702e-05  -1.3693960e-02  -2.3100600e-03  -3.6333780e-02  -9.2701260e-04   1.5875860e-04  -1.6258420e-04   1.8752454e-04   5.3363772e-06   1.3201436e-03   8.5935236e-07   2.5204293e-08   2.6433622e-08
   1.0000000e+00   1.7852802e-01  -6.9667905e-01   2.1050698e-01   6.4619161e-03   4.8952039e-03   3.7380884e-03   3.1872254e-02   4.8536170e-01   4.4313189e-02   4.1756360e-05   2.3963021e-05   1.3973305e-05  -2.8911150e-02   3.6965160e-02  -1.9254040e-02   1.3024037e-03   2.5856500e-04  -1.9201360e-04   8.3585459e-04   1.3664231e-03   3.7071806e-04   1.6962554e-06   6.6855859e-08   3.6869223e-08
   1.0000000e+00   1.7691058e-01  -7.0896100e-01   1.7390041e-01   6.4248135e-03   4.8372193e-03   3.1289965e-03   3.1297353e-02   5.0262570e-01   3.0241353e-02   4.1278229e-05   2.3398691e-05   9.7906191e-06  -1.6174400e-03  -1.2281950e-02  -3.6606570e-02  -3.7102600e-05  -5.7984600e-05  -6.0909190e-04   2.6161122e-06   1.5084630e-04   1.3400410e-03   1.3766029e-09   3.3622138e-09   3.7099294e-07
   1.0000000e+00   1.2601049e-01  -6.5571056e-01   4.9224769e-02   6.6215144e-03   5.1751957e-03   2.4801568e-03   1.5878644e-02   4.2995634e-01   2.4230779e-03   4.3844453e-05   2.6782651e-05   6.1511778e-06  -5.0900090e-02   5.3250440e-02  -1.2467564e-01   1.9670090e-04   3.3797640e-04  -6.4883970e-04   2.5908192e-03   2.8356094e-03   1.5544015e-02   3.8691244e-08   1.1422805e-07   4.2099296e-07
   1.0000000e+00   1.7588827e-01  -7.7055585e-01   2.7165133e-01   5.5365859e-03   4.5088286e-03   3.8253348e-03   3.0936684e-02   5.9375632e-01   7.3794445e-02   3.0653783e-05   2.0329535e-05   1.4633186e-05   4.9877780e-02  -1.1484529e-01   2.2242656e-01  -1.0849285e-03  -6.6636710e-04   1.3451780e-03   2.4877929e-03   1.3189441e-02   4.9473575e-02   1.1770699e-06   4.4404511e-07   1.8095039e-06
   1.0000000e+00   1.7707138e-01  -7.0850828e-01   2.7510186e-01   7.1091896e-03   4.5774716e-03   3.4674173e-03   3.1354274e-02   5.0198398e-01   7.5681033e-02   5.0540577e-05   2.0953246e-05   1.2022983e-05   1.1831100e-03   6.2047570e-02   3.4505300e-03   1.5726037e-03   6.8643000e-05  -3.5791750e-04   1.3997493e-06   3.8499009e-03   1.1906157e-05   2.4730824e-06   4.7118614e-09   1.2810494e-07
   1.0000000e+00   1.9120161e-01  -8.0278049e-01   2.8449185e-01   5.6057625e-03   4.6326414e-03   3.7175814e-03   3.6558056e-02   6.4445652e-01   8.0935613e-02   3.1424573e-05   2.1461366e-05   1.3820411e-05   1.4130230e-02  -9.4272210e-02   9.3899900e-03  -1.5034271e-03   5.5169800e-05   2.5016410e-04   1.9966340e-04   8.8872496e-03   8.8171912e-05   2.2602930e-06   3.0437068e-09   6.2582077e-08
   1.0000000e+00   1.8622720e-01  -7.3000744e-01   2.0205965e-01   4.9314158e-03   4.8442297e-03   3.5210437e-03   3.4680570e-02   5.3291086e-01   4.0828102e-02   2.4318862e-05   2.3466561e-05   1.2397749e-05  -4.9744100e-03   7.2773050e-02  -8.2432200e-02  -6.7434670e-04   2.1158830e-04  -1.9653770e-04   2.4744755e-05   5.2959168e-03   6.7950676e-03   4.5474347e-07   4.4769609e-08   3.8627068e-08
