   1.0000000e+00   0.0000000e+00   0.0000000e+00   0.0000000e+00   0.0000000e+00   0.0000000e+00  -0.0000000e+00   0.0000000e+00   0.0000000e+00   0.0000000e+00   0.0000000e+00   0.0000000e+00   0.0000000e+00   0.0000000e+00   0.0000000e+00   0.0000000e+00   0.0000000e+00   0.0000000e+00   0.0000000e+00   0.0000000e+00   0.0000000e+00   0.0000000e+00   0.0000000e+00   0.0000000e+00   0.0000000e+00
   1.0000000e+00  -3.5572040e-03   9.3769017e-03  -3.5953386e-02   1.8140726e-04   1.8463274e-05  -8.8120342e-05   1.2653700e-05   8.7926285e-05   1.2926460e-03   3.2908594e-08   3.4089249e-10   7.7651947e-09  -3.5572040e-03   9.3769017e-03  -3.5953386e-02   1.8140726e-04   1.8463274e-05  -8.8120342e-05   1.2653700e-05   8.7926285e-05   1.2926460e-03   3.2908594e-08   3.4089249e-10   7.7651947e-09
   1.0000000e+00  -2.5658992e-02   2.6810517e-02  -9.1140273e-02   5.0272758e-04  -4.4100393e-05  -6.4585206e-04   6.5838387e-04   7.1880382e-04   8.3065494e-03   2.5273502e-07   1.9448447e-09   4.1712488e-07  -2.2101788e-02   1.7433615e-02  -5.5186887e-02   3.2132032e-04  -6.2563667e-05  -5.5773172e-04   4.8848903e-04   3.0393094e-04   3.0455925e-03   1.0324675e-07   3.9142124e-09   3.1106467e-07
   1.0000000e+00  -1.1236093e-02   3.9518352e-02  -5.8807736e-02   3.2708924e-04  -1.8784905e-04  -2.0717033e-04   1.2624979e-04   1.5617001e-03   3.4583498e-03   1.0698737e-07   3.5287266e-08   4.2919546e-08   1.4422899e-02   1.2707835e-02   3.2332537e-02  -1.7563834e-04  -1.4374866e-04   4.3868173e-04   2.0802002e-04   1.6148907e-04   1.0453929e-03   3.0848826e-08   2.0663676e-08   1.9244166e-07
   1.0000000e+00   2.6889939e-02   5.4072359e-02  -1.2877764e-01   8.1135413e-04  -7.0852952e-04   5.5643604e-04   7.2306882e-04   2.9238200e-03   1.6583681e-02   6.5829552e-07   5.0201408e-07   3.0962107e-07   3.8126032e-02   1.4554007e-02  -6.9969904e-02   4.8426489e-04  -5.2068047e-04   7.6360637e-04   1.4535943e-03   2.1181912e-04   4.8957875e-03   2.3451248e-07   2.7110815e-07   5.8309469e-07
   1.0000000e+00   4.8205772e-03   3.0671248e-02  -2.7667537e-02  -1.6392831e-05  -5.6212242e-04   1.0231906e-04   2.3237965e-05   9.4072545e-04   7.6549260e-04   2.6872491e-10   3.1598162e-07   1.0469190e-08  -2.2069362e-02  -2.3401111e-02   1.0111010e-01  -8.2774696e-04   1.4640710e-04  -4.5411698e-04   4.8705673e-04   5.4761200e-04   1.0223253e-02   6.8516503e-07   2.1435039e-08   2.0622223e-07
   1.0000000e+00  -1.3618353e-02   1.7402440e-02  -3.2633150e-02  -2.2008524e-04  -3.6243259e-04   8.2676235e-05   1.8545954e-04   3.0284492e-04   1.0649225e-03   4.8437513e-08   1.3135738e-07   6.8353598e-09  -1.8438930e-02  -1.3268808e-02  -4.9656130e-03  -2.0369241e-04   1.9968983e-04  -1.9642825e-05   3.3999415e-04   1.7606127e-04   2.4657312e-05   4.1490597e-08   3.9876028e-08   3.8584057e-10
   1.0000000e+00   1.0951436e-02   4.3828327e-02  -9.0633403e-02   6.8473261e-04  -3.0760064e-04   4.6763595e-04   1.1993395e-04   1.9209222e-03   8.2144137e-03   4.6885875e-07   9.4618154e-08   2.1868338e-07   2.4569789e-02   2.6425887e-02  -5.8000253e-02   9.0481785e-04   5.4831950e-05   3.8495972e-04   6.0367453e-04   6.9832750e-04   3.3640293e-03   8.1869534e-07   3.0065427e-09   1.4819398e-07
   1.0000000e+00  -1.0163613e-02   2.1222973e-02  -1.0255046e-01   4.3263427e-04  -2.0336945e-04  -1.2006414e-04   1.0329903e-04   4.5041458e-04   1.0516597e-02   1.8717241e-07   4.1359133e-08   1.4415398e-08  -2.1115049e-02  -2.2605354e-02  -1.1917057e-02  -2.5209834e-04   1.0423119e-04  -5.8770009e-04   4.4584529e-04   5.1100203e-04   1.4201625e-04   6.3553573e-08   1.0864141e-08   3.4539140e-07
   1.0000000e+00   3.5396348e-02   8.5752619e-02  -1.8034922e-01   1.5426432e-03  -5.8939022e-04   1.1050435e-03   1.2529015e-03   7.3535117e-03   3.2525841e-02   2.3797480e-06   3.4738083e-07   1.2211211e-06   4.5559961e-02   6.4529646e-02  -7.7798760e-02   1.1100089e-03  -3.8602077e-04   1.2251076e-03   2.0757100e-03   4.1640752e-03   6.0526471e-03   1.2321198e-06   1.4901203e-07   1.5008887e-06
   1.0000000e+00   1.2857699e-02   2.3347157e-02  -9.2063898e-02   5.6779441e-04   1.1715908e-04   2.7262409e-04   1.6532042e-04   5.4508974e-04   8.4757613e-03   3.2239049e-07   1.3726250e-08   7.4323894e-08  -2.2538649e-02  -6.2405462e-02   8.8285322e-02  -9.7484879e-04   7.0654930e-04  -8.3241941e-04   5.0799070e-04   3.8944417e-03   7.7942981e-03   9.5033016e-07   4.9921191e-07   6.9292207e-07
   1.0000000e+00  -6.6346865e-03  -4.8413077e-02  -1.3937427e-02  -1.2739506e-03   1.0905071e-04   2.0628076e-04   4.4019065e-05   2.3438260e-03   1.9425187e-04   1.6229501e-06   1.1892057e-08   4.2551752e-08  -1.9492386e-02  -7.1760234e-02   7.8126471e-02  -1.8417450e-03  -8.1083700e-06  -6.6343330e-05   3.7995309e-04   5.1495312e-03   6.1037455e-03   3.3920247e-06   6.5745664e-11   4.4014374e-09
   1.0000000e+00   1.1483053e-02  -2.1917532e-02  -4.4131434e-02  -6.9935058e-04  -1.3123662e-04   2.8863197e-04   1.3186051e-04   4.8037821e-04   1.9475835e-03   4.8909123e-07   1.7223050e-08   8.3308414e-08   1.8117740e-02   2.6495545e-02  -3.0194007e-02   5.7460002e-04  -2.4028733e-04   8.2351210e-05   3.2825248e-04   7.0201390e-04   9.1167806e-04   3.3016518e-07   5.7738001e-08   6.7817218e-09
   1.0000000e+00   1.6298341e-02  -3.7049628e-02  -1.2970140e-02  -6.6780008e-04   2.6384470e-04   2.4825789e-04   2.6563592e-04   1.3726749e-03   1.6822453e-04   4.4595695e-07   6.9614026e-08   6.1631980e-08   4.8152880e-03  -1.5132096e-02   3.1161294e-02   3.1550500e-05   3.9508132e-04  -4.0374080e-05   2.3186999e-05   2.2898033e-04   9.7102624e-04   9.9543405e-10   1.5608925e-07   1.6300663e-09
   1.0000000e+00   4.0111955e-03  -1.1059537e-02  -8.3168987e-02  -6.5875561e-04   1.9223831e-04  -1.1208285e-04   1.6089689e-05   1.2231336e-04   6.9170804e-03   4.3395895e-07   3.6955568e-08   1.2562565e-08  -1.2287146e-02   2.5990091e-02  -7.0198847e-02   9.0444700e-06  -7.1606390e-05  -3.6034074e-04   1.5097394e-04   6.7548483e-04   4.9278781e-03   8.1802438e-11   5.1274751e-09   1.2984545e-07
   1.0000000e+00  -2.8706390e-02  -1.7687469e-02  -3.0817023e-02  -1.8111464e-03   4.9504766e-04  -4.8023293e-04   8.2405683e-04   3.1284656e-04   9.4968891e-04   3.2802513e-06   2.4507219e-07   2.3062367e-07  -3.2717586e-02  -6.6279320e-03   5.2351964e-02  -1.1523908e-03   3.0280935e-04  -3.6815008e-04   1.0704404e-03   4.3929483e-05   2.7407281e-03   1.3280045e-06   9.1693502e-08   1.3553448e-07
   1.0000000e+00  -2.0822969e-02  -1.5404647e-02  -6.8557785e-02  -4.8899540e-04   7.5542940e-04  -4.3779011e-04   4.3359604e-04   2.3730315e-04   4.7001699e-03   2.3911650e-07   5.7067358e-07   1.9166018e-07   7.8834210e-03   2.2828220e-03  -3.7740762e-02   1.3221510e-03   2.6038174e-04   4.2442820e-05   6.2148327e-05   5.2112763e-06   1.4243651e-03   1.7480833e-06   6.7798651e-08   1.8013930e-09
   1.0000000e+00   1.4577491e-03  -1.0392194e-01  -5.4297832e-02   3.9853934e-04   8.4838152e-04  -5.2297992e-04   2.1250324e-06   1.0799770e-02   2.9482546e-03   1.5883361e-07   7.1975120e-07   2.7350800e-07   2.2280718e-02  -8.8517293e-02   1.4259953e-02   8.8753474e-04   9.2952120e-05  -8.5189810e-05   4.9643040e-04   7.8353112e-03   2.0334626e-04   7.8771791e-07   8.6400966e-09   7.2573037e-09
   1.0000000e+00  -1.0621871e-03  -2.2280918e-01  -6.8249603e-02   1.6237087e-03   1.3603890e-03  -9.2428851e-04   1.1282414e-06   4.9643931e-02   4.6580083e-03   2.6364299e-06   1.8506582e-06   8.5430925e-07  -2.5199362e-03  -1.1888724e-01  -1.3951771e-02   1.2251694e-03   5.1200748e-04  -4.0130859e-04   6.3500785e-06   1.4134176e-02   1.9465191e-04   1.5010400e-06   2.6215166e-07   1.6104858e-07
   1.0000000e+00  -2.5490117e-02  -2.8442040e-01   1.4585143e-01   3.3754638e-04   2.3623862e-03  -1.5332381e-03   6.4974606e-04   8.0894964e-02   2.1272640e-02   1.1393756e-07   5.5808686e-06   2.3508191e-06  -2.4427930e-02  -6.1611220e-02   2.1410103e-01  -1.2861623e-03   1.0019972e-03  -6.0894959e-04   5.9672376e-04   3.7959424e-03   4.5839252e-02   1.6542135e-06   1.0039984e-06   3.7081960e-07
   1.0000000e+00   2.0865819e-03  -2.1661016e-01   1.6963813e-01  -7.9248330e-04   2.0521052e-03  -6.6534091e-04   4.3538240e-06   4.6919961e-02   2.8777095e-02   6.2802978e-07   4.2111358e-06   4.4267853e-07   2.7576699e-02   6.7810240e-02   2.3786700e-02  -1.1300297e-03  -3.1028100e-04   8.6789719e-04   7.6047432e-04   4.5982286e-03   5.6580710e-04   1.2769671e-06   9.6274299e-08   7.5324553e-07
   1.0000000e+00   2.1431084e-02  -1.2816315e-01   1.0900308e-01  -2.1613695e-03   1.7593212e-03  -1.0997090e-04   4.5929136e-04   1.6425793e-02   1.1881671e-02   4.6715181e-06   3.0952111e-06   1.2093599e-08   1.9344502e-02   8.8447010e-02  -6.0635050e-02  -1.3688862e-03  -2.9278400e-04   5.5537001e-04   3.7420976e-04   7.8228736e-03   3.6766093e-03   1.8738494e-06   8.5722471e-08   3.0843585e-07
   1.0000000e+00   2.4209647e-02  -1.1687794e-01   6.9496232e-02  -1.5139149e-03   2.0609405e-03  -2.3658104e-04   5.8610701e-04   1.3660453e-02   4.8297263e-03   2.2919383e-06   4.2474757e-06   5.5970588e-08   2.7785630e-03   1.1285210e-02  -3.9506848e-02   6.4745460e-04   3.0161930e-04  -1.2661014e-04   7.7204123e-06   1.2735596e-04   1.5607910e-03   4.1919746e-07   9.0974202e-08   1.6030128e-08
   1.0000000e+00   2.7353549e-02  -6.5361131e-02  -3.7789557e-02  -1.7481900e-04   1.9522136e-03   1.0481055e-04   7.4821664e-04   4.2720774e-03   1.4280506e-03   3.0561683e-08   3.8111379e-06   1.0985251e-08   3.1439020e-03   5.1516809e-02  -1.0728579e-01   1.3390959e-03  -1.0872690e-04   3.4139159e-04   9.8841198e-06   2.6539816e-03   1.1510241e-02   1.7931778e-06   1.1821539e-08   1.1654822e-07
   1.0000000e+00   3.3116341e-02  -6.6470611e-02  -4.3008460e-02   5.3625543e-04   1.5132658e-03  -1.7968253e-04   1.0966920e-03   4.4183421e-03   1.8497276e-03   2.8756989e-07   2.2899734e-06   3.2285812e-08   5.7627920e-03  -1.1094800e-03  -5.2189030e-03   7.1107443e-04  -4.3894780e-04  -2.8449308e-04   3.3209772e-05   1.2309459e-06   2.7236949e-05   5.0562684e-07   1.9267517e-07   8.0936313e-08
   1.0000000e+00   1.7659026e-02  -7.4657100e-02  -4.0855707e-02   4.6454564e-04   1.8324227e-03  -3.6224594e-04   3.1184120e-04   5.5736826e-03   1.6691888e-03   2.1580265e-07   3.3577730e-06   1.3122212e-07  -1.5457315e-02  -8.1864890e-03   2.1527530e-03  -7.1709790e-05   3.1915690e-04  -1.8256341e-04   2.3892859e-04   6.7018602e-05   4.6343455e-06   5.1422940e-09   1.0186113e-07   3.3329399e-08
   1.0000000e+00  -2.3852108e-02  -9.8219573e-02  -1.1220037e-01   1.7192728e-04   1.7296224e-03  -7.8531167e-04   5.6892306e-04   9.6470845e-03   1.2588923e-02   2.9558990e-08   2.9915936e-06   6.1671442e-07  -4.1511134e-02  -2.3562473e-02  -7.1344663e-02  -2.9261836e-04  -1.0280030e-04  -4.2306573e-04   1.7231742e-03   5.5519013e-04   5.0900609e-03   8.5625505e-08   1.0567902e-08   1.7898461e-07
   1.0000000e+00  -4.1541635e-02  -1.2487425e-01  -1.1314675e-01  -2.6521779e-04   8.4705192e-04  -7.7041388e-04   1.7257074e-03   1.5593578e-02   1.2802187e-02   7.0340476e-08   7.1749696e-07   5.9353755e-07  -1.7689527e-02  -2.6654677e-02  -9.4638000e-04  -4.3714507e-04  -8.8257048e-04   1.4897790e-05   3.1291937e-04   7.1047181e-04   8.9563510e-07   1.9109581e-07   7.7893065e-07   2.2194415e-10
   1.0000000e+00  -2.2410338e-03  -1.1112096e-01  -9.1548550e-02  -1.5989453e-04   1.2827793e-03  -6.2600144e-05   5.0222325e-06   1.2347868e-02   8.3811370e-03   2.5566261e-08   1.6455227e-06   3.9187780e-09   3.9300601e-02   1.3753290e-02   2.1598200e-02   1.0532326e-04   4.3572738e-04   7.0781374e-04   1.5445373e-03   1.8915299e-04   4.6648224e-04   1.1092989e-08   1.8985835e-07   5.0100028e-07
   1.0000000e+00  -3.8680919e-03  -9.2530501e-02  -1.4307580e-01   1.7492865e-04   1.7749598e-03   1.1224112e-04   1.4962135e-05   8.5618936e-03   2.0470685e-02   3.0600033e-08   3.1504823e-06   1.2598069e-08  -1.6270581e-03   1.8590459e-02  -5.1527250e-02   3.3482318e-04   4.9218050e-04   1.7484126e-04   2.6473181e-06   3.4560517e-04   2.6550575e-03   1.1210656e-07   2.4224164e-07   3.0569468e-08
   1.0000000e+00   5.7444566e-03  -9.7622863e-02  -8.8690317e-02   8.7995054e-05   1.4592177e-03   5.8341609e-05   3.2998782e-05   9.5302234e-03   7.8659723e-03   7.7431295e-09   2.1293163e-06   3.4037433e-09   9.6125485e-03  -5.0923620e-03   5.4385483e-02  -8.6933596e-05  -3.1574210e-04  -5.3899511e-05   9.2401089e-05   2.5932151e-05   2.9577808e-03   7.5574501e-09   9.9693074e-08   2.9051573e-09
   1.0000000e+00   6.1033725e-03  -9.3901063e-02  -1.4263904e-01   6.1576475e-04   1.2472431e-03   7.1075886e-05   3.7251156e-05   8.8174096e-03   2.0345896e-02   3.7916623e-07   1.5556154e-06   5.0517816e-09   3.5891590e-04   3.7218000e-03  -5.3948723e-02   5.2776970e-04  -2.1197460e-04   1.2734277e-05   1.2882062e-07   1.3851795e-05   2.9104647e-03   2.7854085e-07   4.4933231e-08   1.6216181e-10
   1.0000000e+00   1.1707483e-02  -9.4585148e-02  -1.0431978e-01   4.5116362e-04   1.0714993e-03   1.9373876e-04   1.3706516e-04   8.9463502e-03   1.0882616e-02   2.0354861e-07   1.1481107e-06   3.7534707e-08   5.6041105e-03  -6.8408500e-04   3.8319260e-02  -1.6460113e-04  -1.7574380e-04   1.2266287e-04   3.1406054e-05   4.6797229e-07   1.4683657e-03   2.7093532e-08   3.0885883e-08   1.5046181e-08
   1.0000000e+00  -3.3535875e-03  -1.0337450e-01  -1.2779376e-01   2.6662485e-04   1.0507571e-03  -7.6461465e-05   1.1246549e-05   1.0686287e-02   1.6331245e-02   7.1088811e-08   1.1040905e-06   5.8463556e-09  -1.5061070e-02  -8.7893520e-03  -2.3473980e-02  -1.8453877e-04  -2.0742200e-05  -2.7020022e-04   2.2683584e-04   7.7252709e-05   5.5102774e-04   3.4054558e-08   4.3023886e-10   7.3008162e-08
   1.0000000e+00  -4.1703472e-03  -8.8877718e-02  -1.2327223e-01   2.6222512e-04   1.3526394e-03   9.6759825e-05   1.7391796e-05   7.8992488e-03   1.5196043e-02   6.8762014e-08   1.8296333e-06   9.3624637e-09  -8.1675970e-04   1.4496782e-02   4.5215300e-03  -4.3997300e-06   3.0188230e-04   1.7322129e-04   6.6709641e-07   2.1015669e-04   2.0444234e-05   1.9357624e-11   9.1132923e-08   3.0005615e-08
   1.0000000e+00  -6.7777578e-03  -1.4488605e-01  -5.0998709e-02  -7.7721740e-04   1.0889615e-03  -1.8055404e-04   4.5938001e-05   2.0991967e-02   2.6008683e-03   6.0406689e-07   1.1858371e-06   3.2599761e-08  -2.6074106e-03  -5.6008332e-02   7.2273521e-02  -1.0394425e-03  -2.6367790e-04  -2.7731387e-04   6.7985900e-06   3.1369333e-03   5.2234618e-03   1.0804408e-06   6.9526035e-08   7.6902980e-08
   1.0000000e+00  -4.4884515e-03  -7.9550960e-02  -1.1900944e-01   1.4134493e-04   9.1568938e-04   1.8945611e-04   2.0146197e-05   6.3283552e-03   1.4163247e-02   1.9978389e-08   8.3848704e-07   3.5893618e-08   2.2893063e-03   6.5335090e-02  -6.8010731e-02   9.1856233e-04  -1.7327212e-04   3.7001015e-04   5.2409233e-06   4.2686740e-03   4.6254595e-03   8.4375675e-07   3.0023228e-08   1.3690751e-07
   1.0000000e+00  -7.4080866e-03  -8.9919566e-02  -1.4711687e-01   3.6274991e-05   1.3345786e-03  -3.6638083e-05   5.4879747e-05   8.0855283e-03   2.1643373e-02   1.3158750e-09   1.7811000e-06   1.3423491e-09  -2.9196351e-03  -1.0368606e-02  -2.8107430e-02  -1.0506994e-04   4.1888922e-04  -2.2609419e-04   8.5242691e-06   1.0750799e-04   7.9002762e-04   1.1039692e-08   1.7546818e-07   5.1118584e-08
   1.0000000e+00  -2.9133151e-02  -1.2368948e-01  -9.4744902e-02  -8.9866758e-04   1.4724591e-03  -4.2251849e-04   8.4874049e-04   1.5299087e-02   8.9765965e-03   8.0760342e-07   2.1681358e-06   1.7852187e-07  -2.1725064e-02  -3.3769914e-02   5.2371968e-02  -9.3494257e-04   1.3788050e-04  -3.8588041e-04   4.7197842e-04   1.1404071e-03   2.7428230e-03   8.7411761e-07   1.9011032e-08   1.4890369e-07
   1.0000000e+00  -1.2293889e-01  -9.1009872e-02  -2.1187741e-01  -1.3980056e-03   9.8956798e-04  -1.5027113e-03   1.5113971e-02   8.2827968e-03   4.4892037e-02   1.9544197e-06   9.7924479e-07   2.2581413e-06  -9.3805739e-02   3.2679608e-02  -1.1713251e-01  -4.9933802e-04  -4.8289112e-04  -1.0801928e-03   8.7995167e-03   1.0679568e-03   1.3720024e-02   2.4933846e-07   2.3318383e-07   1.1668165e-06
   1.0000000e+00  -1.2257720e-01  -9.5909035e-02  -1.3069943e-01  -1.6769251e-03   9.2095226e-04  -1.4230384e-03   1.5025170e-02   9.1985430e-03   1.7082341e-02   2.8120778e-06   8.4815307e-07   2.0250383e-06   3.6169000e-04  -4.8991630e-03   8.1177980e-02  -2.7891950e-04  -6.8615720e-05   7.9672900e-05   1.3081966e-07   2.4001798e-05   6.5898644e-03   7.7796087e-08   4.7081170e-09   6.3477710e-09
   1.0000000e+00  -4.9431212e-02  -1.3223487e-01  -1.0565310e-01  -1.0912436e-03   1.0476303e-03  -4.2791691e-04   2.4434447e-03   1.7486061e-02   1.1162578e-02   1.1908126e-06   1.0975292e-06   1.8311288e-07   7.3145988e-02  -3.6325835e-02   2.5046330e-02   5.8568150e-04   1.2667804e-04   9.9512149e-04   5.3503356e-03   1.3195663e-03   6.2731865e-04   3.4302282e-07   1.6047326e-08   9.9026678e-07
   1.0000000e+00  -4.4260195e-02  -9.5654598e-02  -1.4659451e-01  -7.6642313e-04   8.0019199e-04  -5.5709769e-04   1.9589649e-03   9.1498021e-03   2.1489950e-02   5.8740441e-07   6.4030722e-07   3.1035784e-07   5.1710170e-03   3.6580272e-02  -4.0941410e-02   3.2482047e-04  -2.4743831e-04  -1.2918078e-04   2.6739417e-05   1.3381163e-03   1.6761991e-03   1.0550834e-07   6.1225717e-08   1.6687674e-08
   1.0000000e+00  -4.0818080e-02  -1.1892047e-01  -1.1308185e-01  -7.2189531e-04   3.5315860e-04  -5.3580113e-04   1.6661157e-03   1.4142078e-02   1.2787505e-02   5.2113284e-07   1.2472100e-07   2.8708285e-07   3.4421150e-03  -2.3265872e-02   3.3512660e-02   4.4527820e-05  -4.4703339e-04   2.1296560e-05   1.1848156e-05   5.4130080e-04   1.1230984e-03   1.9827268e-09   1.9983885e-07   4.5354347e-10
   1.0000000e+00  -6.8274850e-02  -9.8171319e-02  -1.4402944e-01  -1.4741173e-03   8.5008663e-04  -7.6961062e-04   4.6614551e-03   9.6376079e-03   2.0744480e-02   2.1730218e-06   7.2264728e-07   5.9230051e-07  -2.7456770e-02   2.0749151e-02  -3.0947590e-02  -7.5222199e-04   4.9692803e-04  -2.3380949e-04   7.5387422e-04   4.3052727e-04   9.5775333e-04   5.6583792e-07   2.4693747e-07   5.4666878e-08
   1.0000000e+00  -6.5175011e-02  -1.2727208e-01  -1.1583584e-01  -9.5396009e-04   6.2598514e-04  -7.6667675e-04   4.2477821e-03   1.6198182e-02   1.3417942e-02   9.1003985e-07   3.9185740e-07   5.8779324e-07   3.0998390e-03  -2.9100761e-02   2.8193600e-02   5.2015721e-04  -2.2410149e-04   2.9338700e-06   9.6090018e-06   8.4685429e-04   7.9487908e-04   2.7056352e-07   5.0221478e-08   8.6075932e-12
   1.0000000e+00  -9.2988806e-02  -1.0756955e-01  -1.4008041e-01  -9.2641950e-04   5.4795000e-04  -1.0579062e-03   8.6469180e-03   1.1571208e-02   1.9622521e-02   8.5825309e-07   3.0024920e-07   1.1191655e-06  -2.7813795e-02   1.9702530e-02  -2.4244570e-02   2.7540590e-05  -7.8035140e-05  -2.9122945e-04   7.7360719e-04   3.8818969e-04   5.8779917e-04   7.5848410e-10   6.0894831e-09   8.4814593e-08
   1.0000000e+00  -1.1331850e-01  -7.7034060e-02  -1.4141287e-01  -8.8632147e-04   5.4500421e-04  -1.2788683e-03   1.2841082e-02   5.9342464e-03   1.9997600e-02   7.8556575e-07   2.9702959e-07   1.6355041e-06  -2.0329694e-02   3.0535490e-02  -1.3324600e-03   4.0098030e-05  -2.9457900e-06  -2.2096210e-04   4.1329646e-04   9.3241615e-04   1.7754497e-06   1.6078520e-09   8.6776787e-12   4.8824250e-08
   1.0000000e+00  -1.6725226e-01  -7.5553820e-02  -1.3308303e-01  -2.2156250e-03  -3.1767440e-04  -1.7999221e-03   2.7973318e-02   5.7083797e-03   1.7711093e-02   4.9089941e-06   1.0091702e-07   3.2397196e-06  -5.3933760e-02   1.4802400e-03   8.3298400e-03  -1.3293035e-03  -8.6267861e-04  -5.2105380e-04   2.9088505e-03   2.1911105e-06   6.9386234e-05   1.7670479e-06   7.4421438e-07   2.7149706e-07
   1.0000000e+00  -1.6805807e-01  -1.1799959e-01  -8.6306263e-02  -2.2756261e-03  -7.1816227e-04  -1.9448069e-03   2.8243515e-02   1.3923903e-02   7.4487710e-03   5.1784741e-06   5.1575705e-07   3.7822739e-06  -8.0581000e-04  -4.2445770e-02   4.6776767e-02  -6.0001100e-05  -4.0048787e-04  -1.4488480e-04   6.4932976e-07   1.8016434e-03   2.1880659e-03   3.6001320e-09   1.6039053e-07   2.0991605e-08
   1.0000000e+00  -1.2593717e-01  -1.7011043e-01  -1.0053907e-01  -2.1821106e-03  -3.6170191e-05  -1.3884709e-03   1.5860171e-02   2.8937558e-02   1.0108105e-02   4.7616067e-06   1.3082827e-09   1.9278514e-06   4.2120900e-02  -5.2110840e-02  -1.4232807e-02   9.3515500e-05   6.8199208e-04   5.5633600e-04   1.7741702e-03   2.7155396e-03   2.0257280e-04   8.7451487e-09   4.6511320e-07   3.0950974e-07
   1.0000000e+00  -1.3162597e-01  -1.1673628e-01  -1.3446368e-01  -1.7542099e-03  -6.7885821e-05  -1.5149835e-03   1.7325396e-02   1.3627359e-02   1.8080481e-02   3.0772524e-06   4.6084847e-09   2.2951750e-06  -5.6888000e-03   5.3374150e-02  -3.3924610e-02   4.2790070e-04  -3.1715630e-05  -1.2651260e-04   3.2362445e-05   2.8487999e-03   1.1508792e-03   1.8309901e-07   1.0058812e-09   1.6005438e-08
   1.0000000e+00  -1.3373079e-01  -1.5485685e-01  -7.1594791e-02  -1.2526596e-03  -3.5181935e-04  -1.9159880e-03   1.7883924e-02   2.3980644e-02   5.1258141e-03   1.5691561e-06   1.2377686e-07   3.6710100e-06  -2.1048200e-03  -3.8120570e-02   6.2868889e-02   5.0155030e-04  -2.8393353e-04  -4.0100450e-04   4.4302672e-06   1.4531779e-03   3.9524972e-03   2.5155270e-07   8.0618249e-08   1.6080461e-07
   1.0000000e+00  -1.3667959e-01  -1.0892825e-01  -1.6567826e-01  -2.7986792e-04  -4.1437666e-04  -1.6234491e-03   1.8681310e-02   1.1865364e-02   2.7449286e-02   7.8326053e-08   1.7170802e-07   2.6355870e-06  -2.9488000e-03   4.5928600e-02  -9.4083469e-02   9.7279168e-04  -6.2557310e-05   2.9253890e-04   8.6954214e-06   2.1094363e-03   8.8516991e-03   9.4632365e-07   3.9134170e-09   8.5579008e-08
   1.0000000e+00  -1.0409082e-01  -1.2383814e-01  -1.0804702e-01  -5.1919625e-04  -7.7568087e-04  -1.2261252e-03   1.0834899e-02   1.5335885e-02   1.1674159e-02   2.6956475e-07   6.0168081e-07   1.5033830e-06   3.2588770e-02  -1.4909890e-02   5.7631240e-02  -2.3932833e-04  -3.6130421e-04   3.9732390e-04   1.0620279e-03   2.2230482e-04   3.3213598e-03   5.7278050e-08   1.3054073e-07   1.5786628e-07
   1.0000000e+00  -1.1534478e-01  -1.1378840e-01  -1.4043075e-01  -3.9574706e-04  -6.0063630e-04  -1.5080278e-03   1.3304418e-02   1.2947800e-02   1.9720796e-02   1.5661574e-07   3.6076396e-07   2.2741478e-06  -1.1253960e-02   1.0049740e-02  -3.2383730e-02   1.2344919e-04   1.7504457e-04  -2.8190260e-04   1.2665162e-04   1.0099727e-04   1.0487060e-03   1.5239703e-08   3.0640601e-08   7.9469076e-08
   1.0000000e+00  -1.1725027e-01  -1.7419169e-01  -8.2709890e-02  -1.5714479e-03  -8.5066956e-04  -1.4725849e-03   1.3747626e-02   3.0342745e-02   6.8409259e-03   2.4694485e-06   7.2363870e-07   2.1685063e-06  -1.9054900e-03  -6.0403290e-02   5.7720860e-02  -1.1757008e-03  -2.5003326e-04   3.5442900e-05   3.6308921e-06   3.6485574e-03   3.3316977e-03   1.3822725e-06   6.2516631e-08   1.2561992e-09
   1.0000000e+00  -1.3926572e-01  -2.8685646e-01  -4.6021605e-02  -2.3059576e-03  -8.1111282e-04  -1.9210649e-03   1.9394941e-02   8.2286629e-02   2.1179881e-03   5.3174405e-06   6.5790401e-07   3.6904904e-06  -2.2015450e-02  -1.1266477e-01   3.6688285e-02  -7.3450970e-04   3.9556740e-05  -4.4848000e-04   4.8468004e-04   1.2693350e-02   1.3460303e-03   5.3950450e-07   1.5647357e-09   2.0113431e-07
   1.0000000e+00  -1.4281153e-01  -2.8114959e-01   1.1038023e-01  -2.9421347e-03   7.0882201e-04  -2.1283366e-03   2.0395133e-02   7.9045092e-02   1.2183795e-02   8.6561566e-06   5.0242864e-07   4.5298167e-06  -3.5458100e-03   5.7068700e-03   1.5640183e-01  -6.3617710e-04   1.5199348e-03  -2.0727170e-04   1.2572769e-05   3.2568365e-05   2.4461534e-02   4.0472130e-07   2.3102019e-06   4.2961558e-08
   1.0000000e+00  -1.4597343e-01  -1.9461098e-01   1.5496950e-01  -5.2303343e-03  -2.2968507e-04  -1.6665704e-03   2.1308242e-02   3.7873434e-02   2.4015546e-02   2.7356397e-05   5.2755231e-08   2.7774569e-06  -3.1619000e-03   8.6538610e-02   4.4589270e-02  -2.2881996e-03  -9.3850708e-04   4.6176620e-04   9.9976116e-06   7.4889310e-03   1.9882030e-03   5.2358574e-06   8.8079554e-07   2.1322802e-07
   1.0000000e+00  -1.5719718e-01  -1.9249982e-01  -3.1491851e-02  -3.6972071e-03  -6.3841000e-04  -2.1874930e-03   2.4710953e-02   3.7056181e-02   9.9173668e-04   1.3669340e-05   4.0756733e-07   4.7851256e-06  -1.1223750e-02   2.1111600e-03  -1.8646135e-01   1.5331272e-03  -4.0872493e-04  -5.2092260e-04   1.2597256e-04   4.4569965e-06   3.4767835e-02   2.3504790e-06   1.6705607e-07   2.7136036e-07
   1.0000000e+00  -1.4892567e-01  -1.9490357e-01   3.2896476e-02  -4.1115090e-03  -4.7629093e-04  -1.7020054e-03   2.2178855e-02   3.7987402e-02   1.0821781e-03   1.6904506e-05   2.2685305e-07   2.8968224e-06   8.2715100e-03  -2.4037500e-03   6.4388327e-02  -4.1430190e-04   1.6211907e-04   4.8548760e-04   6.8417878e-05   5.7780141e-06   4.1458567e-03   1.7164606e-07   2.6282593e-08   2.3569821e-07
   1.0000000e+00  -1.4690759e-01  -1.7495243e-01   3.5257545e-02  -3.2236365e-03  -6.8776637e-04  -1.5575637e-03   2.1581840e-02   3.0608353e-02   1.2430945e-03   1.0391832e-05   4.7302258e-07   2.4260047e-06   2.0180800e-03   1.9951140e-02   2.3610690e-03   8.8787250e-04  -2.1147544e-04   1.4444170e-04   4.0726469e-06   3.9804799e-04   5.5746468e-06   7.8831758e-07   4.4721862e-08   2.0863405e-08
   1.0000000e+00  -1.3455921e-01  -2.2730068e-01   3.0679972e-02  -2.9369673e-03  -6.7658045e-04  -1.6661042e-03   1.8106181e-02   5.1665599e-02   9.4126068e-04   8.6257769e-06   4.5776111e-07   2.7759032e-06   1.2348380e-02  -5.2348250e-02  -4.5775730e-03   2.8666920e-04   1.1185920e-05  -1.0854050e-04   1.5248249e-04   2.7403393e-03   2.0954175e-05   8.2179230e-08   1.2512481e-10   1.1781040e-08
   1.0000000e+00  -1.4254896e-01  -2.0051191e-01   3.1803454e-02  -2.3327195e-03  -6.7646698e-04  -1.5885843e-03   2.0320206e-02   4.0205026e-02   1.0114597e-03   5.4415803e-06   4.5760758e-07   2.5236001e-06  -7.9897500e-03   2.6788770e-02   1.1234820e-03   6.0424780e-04   1.1347000e-07   7.7519900e-05   6.3836105e-05   7.1763820e-04   1.2622118e-06   3.6511540e-07   1.2875441e-14   6.0093349e-09
   1.0000000e+00  -1.2722828e-01  -2.1464482e-01   6.2864604e-02  -3.0716265e-03  -7.3051365e-04  -1.6083012e-03   1.6187035e-02   4.6072399e-02   3.9519584e-03   9.4348894e-06   5.3365019e-07   2.5866327e-06   1.5320680e-02  -1.4132910e-02   3.1061150e-02  -7.3890700e-04  -5.4046670e-05  -1.9716900e-05   2.3472324e-04   1.9973915e-04   9.6479504e-04   5.4598355e-07   2.9210425e-09   3.8875615e-10
   1.0000000e+00  -1.1121443e-01  -1.9273013e-01   2.6603833e-02  -2.0810217e-03  -5.3856359e-04  -1.1963045e-03   1.2368649e-02   3.7144903e-02   7.0776393e-04   4.3306513e-06   2.9005074e-07   1.4311445e-06   1.6013850e-02   2.1914690e-02  -3.6260771e-02   9.9060480e-04   1.9195006e-04   4.1199670e-04   2.5644339e-04   4.8025364e-04   1.3148435e-03   9.8129787e-07   3.6844826e-08   1.6974128e-07
   1.0000000e+00  -1.1814536e-01  -2.4270139e-01   2.9784779e-02  -2.6274951e-03  -5.1957769e-04  -1.4474839e-03   1.3958326e-02   5.8903965e-02   8.8713306e-04   6.9037305e-06   2.6996098e-07   2.0952096e-06  -6.9309300e-03  -4.9971260e-02   3.1809460e-03  -5.4647340e-04   1.8985900e-05  -2.5117940e-04   4.8037791e-05   2.4971268e-03   1.0118417e-05   2.9863318e-07   3.6046440e-10   6.3091091e-08
   1.0000000e+00  -1.0944937e-01  -1.8810942e-01  -2.9097183e-02  -1.7305704e-03  -4.8638128e-04  -1.1374180e-03   1.1979165e-02   3.5385154e-02   8.4664606e-04   2.9948739e-06   2.3656675e-07   1.2937197e-06   8.6959900e-03   5.4591970e-02  -5.8881962e-02   8.9692470e-04   3.3196410e-05   3.1006590e-04   7.5620242e-05   2.9802832e-03   3.4670854e-03   8.0447392e-07   1.1020016e-09   9.6140862e-08
   1.0000000e+00  -1.1195186e-01  -1.9857002e-01  -6.8531071e-03  -1.8544093e-03  -3.5463521e-04  -1.3840809e-03   1.2533219e-02   3.9430053e-02   4.6965077e-05   3.4388339e-06   1.2576613e-07   1.9156799e-06  -2.5024900e-03  -1.0460600e-02   2.2244076e-02  -1.2383890e-04   1.3174607e-04  -2.4666290e-04   6.2624562e-06   1.0942415e-04   4.9479891e-04   1.5336073e-08   1.7357027e-08   6.0842586e-08
   1.0000000e+00  -1.2571132e-01  -2.1792653e-01  -7.1486810e-02  -1.3073900e-03  -1.9281600e-04  -1.4257890e-03   1.5803336e-02   4.7491972e-02   5.1103640e-03   1.7092686e-06   3.7178010e-08   2.0328743e-06  -1.3759460e-02  -1.9356510e-02  -6.4633703e-02   5.4701930e-04   1.6181921e-04  -4.1708100e-05   1.8932274e-04   3.7467448e-04   4.1775156e-03   2.9923011e-07   2.6185457e-08   1.7395656e-09
   1.0000000e+00  -1.3307380e-01  -1.9868590e-01  -1.3581353e-01  -4.1668190e-04  -3.5353965e-04  -1.4922930e-03   1.7708636e-02   3.9476087e-02   1.8445315e-02   1.7362381e-07   1.2499028e-07   2.2269384e-06  -7.3624800e-03   1.9240630e-02  -6.4326720e-02   8.9070810e-04  -1.6072365e-04  -6.6504000e-05   5.4206112e-05   3.7020184e-04   4.1379269e-03   7.9336092e-07   2.5832092e-08   4.4227820e-09
   1.0000000e+00  -1.3103192e-01  -2.2178058e-01  -1.0972424e-01  -3.6659335e-04  -4.4693915e-04  -1.5175750e-03   1.7169364e-02   4.9186626e-02   1.2039409e-02   1.3439068e-07   1.9975460e-07   2.3030339e-06   2.0418800e-03  -2.3094680e-02   2.6089290e-02   5.0088550e-05  -9.3399500e-05  -2.5282000e-05   4.1692739e-06   5.3336424e-04   6.8065105e-04   2.5088628e-09   8.7234666e-09   6.3917952e-10
   1.0000000e+00  -1.6478816e-01  -2.1125752e-01  -1.0460029e-01  -1.4122235e-03  -5.0347719e-04  -2.1084643e-03   2.7155138e-02   4.4629740e-02   1.0941221e-02   1.9943752e-06   2.5348928e-07   4.4456217e-06  -3.3756240e-02   1.0523060e-02   5.1239500e-03  -1.0456301e-03  -5.6538040e-05  -5.9088930e-04   1.1394837e-03   1.1073479e-04   2.6254864e-05   1.0933424e-06   3.1965500e-09   3.4915016e-07
   1.0000000e+00  -1.9262617e-01  -2.3004470e-01  -6.1689910e-02  -3.0501557e-03  -8.1330346e-04  -2.6321950e-03   3.7104841e-02   5.2920564e-02   3.8056450e-03   9.3034498e-06   6.6146252e-07   6.9284505e-06  -2.7838010e-02  -1.8787180e-02   4.2910380e-02  -1.6379322e-03  -3.0982627e-04  -5.2373070e-04   7.7495480e-04   3.5295813e-04   1.8413007e-03   2.6828219e-06   9.5992318e-08   2.7429385e-07
   1.0000000e+00  -1.4373892e-01  -2.5446537e-01  -1.3547173e-01  -1.1202907e-03  -3.4187921e-04  -1.8937175e-03   2.0660877e-02   6.4752625e-02   1.8352590e-02   1.2550513e-06   1.1688139e-07   3.5861660e-06   4.8887250e-02  -2.4420670e-02  -7.3781820e-02   1.9298650e-03   4.7142425e-04   7.3847750e-04   2.3899632e-03   5.9636912e-04   5.4437570e-03   3.7243789e-06   2.2224082e-07   5.4534902e-07
   1.0000000e+00  -1.3296888e-01  -2.1444103e-01  -1.6798443e-01  -4.2417604e-04  -6.9790949e-05  -1.6434663e-03   1.7680723e-02   4.5984955e-02   2.8218769e-02   1.7992531e-07   4.8707766e-09   2.7009815e-06   1.0770040e-02   4.0024340e-02  -3.2512700e-02   6.9611466e-04   2.7208826e-04   2.5025120e-04   1.1599376e-04   1.6019478e-03   1.0570757e-03   4.8457562e-07   7.4032022e-08   6.2625663e-08
   1.0000000e+00  -1.1652444e-01  -2.3912682e-01  -1.2606932e-01  -1.8249282e-04   3.7391060e-04  -1.5747910e-03   1.3577945e-02   5.7181636e-02   1.5893473e-02   3.3303629e-08   1.3980914e-07   2.4799667e-06   1.6444440e-02  -2.4685790e-02   4.1915110e-02   2.4168322e-04   4.4370155e-04   6.8675300e-05   2.7041961e-04   6.0938823e-04   1.7568764e-03   5.8410779e-08   1.9687106e-07   4.7162968e-09
   1.0000000e+00  -1.0826050e-01  -2.4117482e-01  -1.6765477e-01   4.0574033e-04   5.2302570e-04  -1.4014951e-03   1.1720336e-02   5.8165294e-02   2.8108122e-02   1.6462522e-07   2.7355588e-07   1.9641885e-06   8.2639400e-03  -2.0480000e-03  -4.1585450e-02   5.8823315e-04   1.4911510e-04   1.7329590e-04   6.8292704e-05   4.1943040e-06   1.7293497e-03   3.4601824e-07   2.2235313e-08   3.0031469e-08
   1.0000000e+00  -9.2481468e-02  -2.6874747e-01  -1.3642097e-01  -6.7684870e-04   4.1595793e-04  -1.2795608e-03   8.5528219e-03   7.2225203e-02   1.8610681e-02   4.5812416e-07   1.7302100e-07   1.6372758e-06   1.5779032e-02  -2.7572650e-02   3.1233800e-02  -1.0825890e-03  -1.0706777e-04   1.2193430e-04   2.4897785e-04   7.6025103e-04   9.7555026e-04   1.1719990e-06   1.1463507e-08   1.4867974e-08
   1.0000000e+00  -9.7366088e-02  -2.5050823e-01  -1.0581245e-01  -4.0493463e-04   4.2715819e-04  -1.3533829e-03   9.4801551e-03   6.2754373e-02   1.1196275e-02   1.6397205e-07   1.8246412e-07   1.8316453e-06  -4.8846200e-03   1.8239240e-02   3.0608520e-02   2.7191407e-04   1.1200260e-05  -7.3822100e-05   2.3859513e-05   3.3266988e-04   9.3688150e-04   7.3937261e-08   1.2544582e-10   5.4497024e-09
   1.0000000e+00  -8.8992796e-02  -2.6771762e-01  -2.8581231e-02  -1.4312201e-03   7.4019322e-04  -1.4715745e-03   7.9197177e-03   7.1672724e-02   8.1688677e-04   2.0483910e-06   5.4788600e-07   2.1655315e-06   8.3732920e-03  -1.7209390e-02   7.7231219e-02  -1.0262855e-03   3.1303503e-04  -1.1819160e-04   7.0112019e-05   2.9616310e-04   5.9646612e-03   1.0532619e-06   9.7990930e-08   1.3969254e-08
   1.0000000e+00  -7.9653615e-02  -2.3662478e-01  -8.3862248e-02  -8.3655750e-04   7.8869917e-04  -1.2209577e-03   6.3446984e-03   5.5991287e-02   7.0328766e-03   6.9982845e-07   6.2204638e-07   1.4907377e-06   9.3391810e-03   3.1092840e-02  -5.5281017e-02   5.9466260e-04   4.8505950e-05   2.5061680e-04   8.7220302e-05   9.6676470e-04   3.0559908e-03   3.5362361e-07   2.3528272e-09   6.2808780e-08
   1.0000000e+00  -7.1956050e-02  -2.6538231e-01  -4.1296649e-02  -1.1859359e-03   1.0924588e-03  -1.3499809e-03   5.1776731e-03   7.0427770e-02   1.7054132e-03   1.4064440e-06   1.1934662e-06   1.8224484e-06   7.6975650e-03  -2.8757530e-02   4.2565599e-02  -3.4937840e-04   3.0375963e-04  -1.2902320e-04   5.9252507e-05   8.2699553e-04   1.8118302e-03   1.2206527e-07   9.2269913e-08   1.6646986e-08
   1.0000000e+00  -5.0566741e-02  -2.3776890e-01  -1.0041401e-01  -3.0974721e-04   1.1389431e-03  -9.3412124e-04   2.5569953e-03   5.6534050e-02   1.0082973e-02   9.5943334e-08   1.2971914e-06   8.7258249e-07   2.1389309e-02   2.7613410e-02  -5.9117361e-02   8.7618869e-04   4.6484300e-05   4.1585966e-04   4.5750254e-04   7.6250041e-04   3.4948624e-03   7.6770662e-07   2.1607901e-09   1.7293926e-07
   1.0000000e+00  -4.5683482e-02  -2.6812764e-01  -9.7914478e-02   1.3535490e-04   1.4718802e-03  -8.5194651e-04   2.0869805e-03   7.1892431e-02   9.5872450e-03   1.8320949e-08   2.1664313e-06   7.2581286e-07   4.8832590e-03  -3.0358740e-02   2.4995320e-03   4.4510211e-04   3.3293710e-04   8.2174730e-05   2.3846218e-05   9.2165309e-04   6.2476602e-06   1.9811589e-07   1.1084711e-07   6.7526863e-09
   1.0000000e+00  -4.2002055e-02  -2.6572308e-01  -1.5454257e-01   2.9172483e-04   1.8340301e-03  -7.6253485e-04   1.7641726e-03   7.0608755e-02   2.3883406e-02   8.5103376e-08   3.3636664e-06   5.8145940e-07   3.6814270e-03   2.4045600e-03  -5.6628092e-02   1.5636993e-04   3.6214990e-04   8.9411660e-05   1.3552905e-05   5.7819088e-06   3.2067408e-03   2.4451555e-08   1.3115255e-07   7.9944449e-09
   1.0000000e+00  -2.8315658e-02  -2.6722698e-01  -1.3448023e-01   5.6447163e-04   1.7024375e-03  -4.9368925e-04   8.0177649e-04   7.1410259e-02   1.8084932e-02   3.1862822e-07   2.8982934e-06   2.4372908e-07   1.3686397e-02  -1.5039000e-03   2.0062340e-02   2.7274680e-04  -1.3159260e-04   2.6884560e-04   1.8731746e-04   2.2617152e-06   4.0249749e-04   7.4390817e-08   1.7316612e-08   7.2277957e-08
   1.0000000e+00  -8.3007441e-02  -2.5553669e-01  -8.8048220e-02  -1.6491650e-03   1.0650315e-03  -1.2585009e-03   6.8902353e-03   6.5299000e-02   7.7524890e-03   2.7197452e-06   1.1342921e-06   1.5838245e-06  -5.4691783e-02   1.1690290e-02   4.6432010e-02  -2.2136366e-03  -6.3740600e-04  -7.6481165e-04   2.9911911e-03   1.3666288e-04   2.1559316e-03   4.9001871e-06   4.0628641e-07   5.8493686e-07
   1.0000000e+00  -1.0538259e-01  -3.1705453e-01  -3.1573793e-02  -1.5491287e-03   7.1005496e-04  -1.9184871e-03   1.1105490e-02   1.0052357e-01   9.9690440e-04   2.3997997e-06   5.0417805e-07   3.6805928e-06  -2.2375149e-02  -6.1517840e-02   5.6474427e-02   1.0003630e-04  -3.5497654e-04  -6.5998620e-04   5.0064729e-04   3.7844446e-03   3.1893609e-03   1.0007261e-08   1.2600834e-07   4.3558178e-07
   1.0000000e+00  -8.8141979e-02  -3.2319484e-01  -2.5073836e-02  -2.3545159e-03   9.4530974e-04  -1.7206624e-03   7.7690085e-03   1.0445490e-01   6.2869725e-04   5.5437451e-06   8.9361050e-07   2.9606791e-06   1.7240611e-02  -6.1403100e-03   6.4999570e-03  -8.0538720e-04   2.3525478e-04   1.9782470e-04   2.9723867e-04   3.7703407e-05   4.2249441e-05   6.4864854e-07   5.5344812e-08   3.9134612e-08
   1.0000000e+00  -7.1526952e-02  -3.0018494e-01  -8.8414414e-02  -1.8865573e-03   1.4181230e-03  -1.4225868e-03   5.1161049e-03   9.0110998e-02   7.8171086e-03   3.5590984e-06   2.0110728e-06   2.0237532e-06   1.6615027e-02   2.3009900e-02  -6.3340578e-02   4.6795860e-04   4.7281326e-04   2.9807560e-04   2.7605912e-04   5.2945550e-04   4.0120288e-03   2.1898525e-07   2.2355238e-07   8.8849063e-08
   1.0000000e+00  -6.1816688e-02  -3.3116774e-01  -2.8927524e-02  -2.0936778e-03   1.4288555e-03  -1.3945860e-03   3.8213029e-03   1.0967207e-01   8.3680164e-04   4.3834867e-06   2.0416280e-06   1.9448701e-06   9.7102640e-03  -3.0982800e-02   5.9486890e-02  -2.0712050e-04   1.0732500e-05   2.8000800e-05   9.4289227e-05   9.5993390e-04   3.5386901e-03   4.2898902e-08   1.1518656e-10   7.8404480e-10
   1.0000000e+00  -5.5484127e-02  -3.0862545e-01  -2.9758951e-02  -1.8644072e-03   1.2494899e-03  -1.3375664e-03   3.0784883e-03   9.5249668e-02   8.8559516e-04   3.4760142e-06   1.5612250e-06   1.7890839e-06   6.3325610e-03   2.2542290e-02  -8.3142700e-04   2.2927060e-04  -1.7936560e-04   5.7019600e-05   4.0101329e-05   5.0815484e-04   6.9127086e-07   5.2565008e-08   3.2172018e-08   3.2512348e-09
   1.0000000e+00  -3.4426369e-02  -3.2540946e-01  -3.0968774e-02  -1.5013244e-03   1.4440704e-03  -1.1436592e-03   1.1851749e-03   1.0589132e-01   9.5906496e-04   2.2539750e-06   2.0853393e-06   1.3079564e-06   2.1057758e-02  -1.6784010e-02  -1.2098230e-03   3.6308280e-04   1.9458050e-04   1.9390720e-04   4.4342917e-04   2.8170299e-04   1.4636717e-06   1.3182912e-07   3.7861571e-08   3.7600002e-08
   1.0000000e+00  -3.5334038e-02  -3.4630343e-01  -1.9732287e-02  -1.4537400e-03   1.3823509e-03  -1.0706875e-03   1.2484942e-03   1.1992607e-01   3.8936315e-04   2.1133600e-06   1.9108940e-06   1.1463717e-06  -9.0766900e-04  -2.0893970e-02   1.1236487e-02   4.7584400e-05  -6.1719500e-05   7.2971700e-05   8.2386301e-07   4.3655798e-04   1.2625864e-04   2.2642751e-09   3.8092967e-09   5.3248690e-09
   1.0000000e+00  -2.8339276e-02  -3.2334798e-01  -5.5706211e-02  -7.4891763e-04   1.5454165e-03  -8.5005741e-04   8.0311456e-04   1.0455392e-01   3.1031819e-03   5.6087762e-07   2.3883122e-06   7.2259760e-07   6.9947620e-03   2.2955450e-02  -3.5973924e-02   7.0482237e-04   1.6306560e-04   2.2063009e-04   4.8926695e-05   5.2695268e-04   1.2941232e-03   4.9677457e-07   2.6590390e-08   4.8677637e-08
   1.0000000e+00  -3.5561536e-02  -3.5723570e-01  -5.5200165e-02  -1.3540696e-03   9.7589614e-04  -1.1421957e-03   1.2646228e-03   1.2761735e-01   3.0470582e-03   1.8335045e-06   9.5237328e-07   1.3046110e-06  -7.2222600e-03  -3.3887720e-02   5.0604600e-04  -6.0515197e-04  -5.6952036e-04  -2.9213829e-04   5.2161040e-05   1.1483776e-03   2.5608255e-07   3.6620891e-07   3.2435344e-07   8.5344780e-08
   1.0000000e+00  -1.1352691e-02  -4.9446272e-01  -6.8480548e-03  -1.5260974e-03   1.3649042e-03  -3.5433994e-04   1.2888359e-04   2.4449338e-01   4.6895855e-05   2.3289733e-06   1.8629635e-06   1.2555679e-07   2.4208845e-02  -1.3722702e-01   4.8352110e-02  -1.7202780e-04   3.8900806e-04   7.8785576e-04   5.8606818e-04   1.8831255e-02   2.3379266e-03   2.9593564e-08   1.5132727e-07   6.2071670e-07
   1.0000000e+00  -5.6566793e-02  -4.7885779e-01   1.8911987e-01  -2.8780581e-03   1.9667149e-03  -2.0260009e-03   3.1998021e-03   2.2930478e-01   3.5766325e-02   8.2832184e-06   3.8679675e-06   4.1046796e-06  -4.5214102e-02   1.5604930e-02   1.9596792e-01  -1.3519607e-03   6.0181070e-04  -1.6716610e-03   2.0443150e-03   2.4351384e-04   3.8403428e-02   1.8277977e-06   3.6217612e-07   2.7944504e-06
   1.0000000e+00  -5.0845726e-02  -4.2276837e-01   5.5248615e-02  -3.0597387e-03   2.1035547e-03  -1.9744220e-03   2.5852879e-03   1.7873309e-01   3.0524095e-03   9.3620009e-06   4.4249424e-06   3.8983422e-06   5.7210670e-03   5.6089420e-02  -1.3387125e-01  -1.8168060e-04   1.3683980e-04   5.1578900e-05   3.2730608e-05   3.1460230e-03   1.7921513e-02   3.3007840e-08   1.8725131e-08   2.6603829e-09
   1.0000000e+00  -3.7002635e-02  -4.5959125e-01   1.0922876e-01  -2.3628335e-03   2.6205107e-03  -1.4105182e-03   1.3691950e-03   2.1122412e-01   1.1930922e-02   5.5829821e-06   6.8670763e-06   1.9895616e-06   1.3843091e-02  -3.6822880e-02   5.3980145e-02   6.9690520e-04   5.1695600e-04   5.6390380e-04   1.9163117e-04   1.3559245e-03   2.9138561e-03   4.8567686e-07   2.6724351e-07   3.1798750e-07
   1.0000000e+00  -2.6642056e-02  -4.1513189e-01   8.5912552e-02  -1.6821887e-03   2.1956401e-03  -1.3531256e-03   7.0979915e-04   1.7233449e-01   7.3809666e-03   2.8297588e-06   4.8208354e-06   1.8309489e-06   1.0360579e-02   4.4459360e-02  -2.3316208e-02   6.8064480e-04  -4.2487060e-04   5.7392600e-05   1.0734160e-04   1.9766347e-03   5.4364556e-04   4.6327734e-07   1.8051503e-07   3.2939105e-09
   1.0000000e+00  -1.0823513e-02  -3.7417884e-01   3.7241804e-02  -1.4554837e-03   1.9338255e-03  -7.6694271e-04   1.1714843e-04   1.4000980e-01   1.3869520e-03   2.1184328e-06   3.7396811e-06   5.8820112e-07   1.5818543e-02   4.0953050e-02  -4.8670748e-02   2.2670500e-04  -2.6181460e-04   5.8618289e-04   2.5022630e-04   1.6771523e-03   2.3688417e-03   5.1395157e-08   6.8546885e-08   3.4361038e-07
   1.0000000e+00  -7.7923616e-03  -3.7356324e-01   1.0556079e-01  -8.2249783e-04   1.8438048e-03  -7.7337828e-04   6.0720899e-05   1.3954949e-01   1.1143080e-02   6.7650268e-07   3.3996161e-06   5.9811396e-07   3.0311514e-03   6.1560000e-04   6.8318986e-02   6.3298587e-04  -9.0020700e-05  -6.4355700e-06   9.1878788e-06   3.7896336e-07   4.6674838e-03   4.0067111e-07   8.1037264e-09   4.1416561e-11
   1.0000000e+00  -7.6429432e-03  -3.9127421e-01   5.9327360e-02  -9.8607934e-04   2.0619924e-03  -6.1896300e-04   5.8414581e-05   1.5309551e-01   3.5197356e-03   9.7235246e-07   4.2518127e-06   3.8311520e-07   1.4941840e-04  -1.7710970e-02  -4.6233430e-02  -1.6358151e-04   2.1818760e-04   1.5441528e-04   2.2325858e-08   3.1367846e-04   2.1375300e-03   2.6758910e-08   4.7605829e-08   2.3844079e-08
   1.0000000e+00  -5.3559294e-03  -3.8626064e-01   8.5895177e-02  -1.0127442e-03   2.1994854e-03  -5.2156828e-04   2.8685980e-05   1.4919728e-01   7.3779814e-03   1.0256508e-06   4.8377360e-06   2.7203347e-07   2.2870138e-03   5.0135700e-03   2.6567817e-02  -2.6664860e-05   1.3749300e-04   9.7394720e-05   5.2304321e-06   2.5135884e-05   7.0584890e-04   7.1101476e-10   1.8904325e-08   9.4857315e-09
   1.0000000e+00  -1.5500685e-02  -3.9768653e-01   3.2529004e-02  -6.9568847e-04   2.3207711e-03  -6.3152499e-04   2.4027124e-04   1.5815458e-01   1.0581361e-03   4.8398245e-07   5.3859785e-06   3.9882381e-07  -1.0144756e-02  -1.1425890e-02  -5.3366173e-02   3.1705573e-04   1.2128570e-04  -1.0995671e-04   1.0291607e-04   1.3055096e-04   2.8479484e-03   1.0052434e-07   1.4710221e-08   1.2090478e-08
   1.0000000e+00  -3.8252134e-03  -3.8681463e-01   5.0439175e-02  -6.8044484e-04   2.3620296e-03  -2.2827690e-04   1.4632258e-05   1.4962556e-01   2.5441104e-03   4.6300518e-07   5.5791838e-06   5.2110343e-08   1.1675472e-02   1.0871900e-02   1.7910171e-02   1.5243630e-05   4.1258500e-05   4.0324809e-04   1.3631664e-04   1.1819821e-04   3.2077423e-04   2.3236826e-10   1.7022638e-09   1.6260902e-07
   1.0000000e+00   1.4046205e-02  -3.9278864e-01   2.1328760e-02  -3.4329378e-04   2.5791953e-03  -4.6887639e-05   1.9729587e-04   1.5428292e-01   4.5491600e-04   1.1785062e-07   6.6522484e-06   2.1984507e-09   1.7871418e-02  -5.9740100e-03  -2.9110415e-02   3.3715106e-04   2.1716570e-04   1.8138926e-04   3.1938760e-04   3.5688795e-05   8.4741626e-04   1.1367084e-07   4.7160941e-08   3.2902064e-08
   1.0000000e+00   3.2297528e-02  -3.7967106e-01   2.0515115e-02  -2.0504251e-04   3.0278963e-03   4.0947462e-04   1.0431303e-03   1.4415011e-01   4.2086994e-04   4.2042431e-08   9.1681560e-06   1.6766946e-07   1.8251323e-02   1.3117580e-02  -8.1364500e-04   1.3825127e-04   4.4870100e-04   4.5636226e-04   3.3311079e-04   1.7207091e-04   6.6201819e-07   1.9113414e-08   2.0133259e-07   2.0826651e-07
   1.0000000e+00   1.7698425e-02  -3.7877807e-01  -4.7637415e-02   4.6584954e-05   2.5907900e-03   3.3255616e-04   3.1323425e-04   1.4347283e-01   2.2693233e-03   2.1701579e-09   6.7121928e-06   1.1059360e-07  -1.4599103e-02   8.9299000e-04  -6.8152530e-02   2.5162746e-04  -4.3710630e-04  -7.6918460e-05   2.1313381e-04   7.9743114e-07   4.6447673e-03   6.3316381e-08   1.9106192e-07   5.9164495e-09
   1.0000000e+00   9.0997385e-03  -3.4961092e-01  -1.0126616e-01   4.4016296e-04   2.5729079e-03  -2.4327860e-04   8.2805241e-05   1.2222780e-01   1.0254835e-02   1.9374343e-07   6.6198551e-06   5.9184477e-08  -8.5986865e-03   2.9167150e-02  -5.3628745e-02   3.9357801e-04  -1.7882100e-05  -5.7583476e-04   7.3937410e-05   8.5072264e-04   2.8760423e-03   1.5490365e-07   3.1976950e-10   3.3158567e-07
   1.0000000e+00  -3.8238582e-02  -3.3564413e-01  -1.7486056e-01  -2.0849808e-04   1.9178302e-03  -7.3638729e-04   1.4621892e-03   1.1265698e-01   3.0576215e-02   4.3471449e-08   3.6780727e-06   5.4226624e-07  -4.7338321e-02   1.3966790e-02  -7.3594400e-02  -6.4866104e-04  -6.5507770e-04  -4.9310869e-04   2.2409166e-03   1.9507122e-04   5.4161357e-03   4.2076114e-07   4.2912679e-07   2.4315618e-07
   1.0000000e+00  -3.6664622e-02  -3.9966973e-01  -1.0722078e-01  -7.1749461e-04   1.8106002e-03  -7.8949940e-04   1.3442945e-03   1.5973589e-01   1.1496296e-02   5.1479852e-07   3.2782731e-06   6.2330930e-07   1.5739600e-03  -6.4025600e-02   6.7639780e-02  -5.0899653e-04  -1.0723000e-04  -5.3112110e-05   2.4773501e-06   4.0992775e-03   4.5751398e-03   2.5907747e-07   1.1498273e-08   2.8208962e-09
   1.0000000e+00  -3.8888935e-02  -4.0326713e-01  -1.2689051e-01   1.4074356e-04   2.1801087e-03  -8.5198831e-04   1.5123493e-03   1.6262438e-01   1.6101202e-02   1.9808750e-08   4.7528739e-06   7.2588408e-07  -2.2243130e-03  -3.5974000e-03  -1.9669730e-02   8.5823817e-04   3.6950850e-04  -6.2488910e-05   4.9475683e-06   1.2941287e-05   3.8689828e-04   7.3657276e-07   1.3653653e-07   3.9048639e-09
   1.0000000e+00  -2.8470444e-02  -3.7201404e-01  -1.5133154e-01   3.1718620e-04   2.3660530e-03  -9.8157773e-04   8.1056618e-04   1.3839445e-01   2.2901235e-02   1.0060709e-07   5.5982068e-06   9.6349484e-07   1.0418491e-02   3.1253090e-02  -2.4441030e-02   1.7644264e-04   1.8594430e-04  -1.2958942e-04   1.0854495e-04   9.7675563e-04   5.9736395e-04   3.1132005e-08   3.4575283e-08   1.6793418e-08
   1.0000000e+00  -2.3877689e-03  -3.7771956e-01  -1.4882914e-01   5.5877011e-04   2.3973738e-03  -5.6087393e-04   5.7014403e-06   1.4267207e-01   2.2150113e-02   3.1222404e-07   5.7474011e-06   3.1457957e-07   2.6082675e-02  -5.7055200e-03   2.5024000e-03   2.4158391e-04   3.1320800e-05   4.2070380e-04   6.8030594e-04   3.2552958e-05   6.2620058e-06   5.8362786e-08   9.8099251e-10   1.7699169e-07
   1.0000000e+00   2.1405528e-03  -3.4150278e-01  -1.6432704e-01   1.1562314e-03   2.0868501e-03  -3.6100871e-04   4.5819663e-06   1.1662415e-01   2.7003376e-02   1.3368711e-06   4.3549433e-06   1.3032729e-07   4.5283217e-03   3.6216780e-02  -1.5497900e-02   5.9746129e-04  -3.1052370e-04   1.9986522e-04   2.0505697e-05   1.3116552e-03   2.4018490e-04   3.5695999e-07   9.6424968e-08   3.9946106e-08
   1.0000000e+00  -6.2090333e-03  -3.7510956e-01  -1.5677429e-01   5.7899884e-04   2.3942266e-03  -7.1331472e-04   3.8552095e-05   1.4070718e-01   2.4578178e-02   3.3523966e-07   5.7323210e-06   5.0881789e-07  -8.3495861e-03  -3.3606780e-02   7.5527500e-03  -5.7723256e-04   3.0737650e-04  -3.5230601e-04   6.9715588e-05   1.1294157e-03   5.7044033e-05   3.3319743e-07   9.4480313e-08   1.2411952e-07
   1.0000000e+00   1.5445876e-02  -3.5855148e-01  -1.8056662e-01   4.8944491e-04   2.0442673e-03  -6.9888736e-05   2.3857509e-04   1.2855916e-01   3.2604304e-02   2.3955632e-07   4.1790288e-06   4.8844354e-09   2.1654909e-02   1.6558080e-02  -2.3792330e-02  -8.9553930e-05  -3.4995930e-04   6.4342598e-04   4.6893510e-04   2.7417001e-04   5.6607497e-04   8.0199064e-09   1.2247151e-07   4.1399700e-07
   1.0000000e+00   2.9715914e-02  -3.5755206e-01  -1.5373958e-01   3.5552999e-04   2.4683565e-03   4.4659017e-06   8.8303554e-04   1.2784348e-01   2.3635858e-02   1.2640157e-07   6.0927838e-06   1.9944278e-11   1.4270038e-02   9.9942000e-04   2.6827040e-02  -1.3391492e-04   4.2408920e-04   7.4354638e-05   2.0363398e-04   9.9884034e-07   7.1969008e-04   1.7933206e-08   1.7985165e-07   5.5286121e-09
   1.0000000e+00   2.9812164e-02  -3.6048526e-01  -1.7479700e-01   2.1908310e-04   2.1427396e-03  -3.5517160e-06   8.8876512e-04   1.2994962e-01   3.0553991e-02   4.7997405e-08   4.5913330e-06   1.2614687e-11   9.6250000e-05  -2.9332000e-03  -2.1057420e-02  -1.3644689e-04  -3.2561690e-04  -8.0176177e-06   9.2640625e-09   8.6036622e-06   4.4341494e-04   1.8617754e-08   1.0602637e-07   6.4282194e-11
   1.0000000e+00   2.0817644e-02  -3.5227146e-01  -2.0992855e-01   1.0481690e-03   2.5313195e-03  -2.5249426e-04   4.3337430e-04   1.2409518e-01   4.4069996e-02   1.0986583e-06   6.4075784e-06   6.3753351e-08  -8.9945200e-03   8.2138000e-03  -3.5131550e-02   8.2908590e-04   3.8857990e-04  -2.4894254e-04   8.0901390e-05   6.7466510e-05   1.2342258e-03   6.8738343e-07   1.5099434e-07   6.1972390e-08
   1.0000000e+00   2.2747704e-02  -3.8221980e-01  -1.6045881e-01   6.7640463e-04   2.1250424e-03  -3.8495064e-04   5.1745804e-04   1.4609198e-01   2.5747030e-02   4.5752322e-07   4.5158052e-06   1.4818700e-07   1.9300600e-03  -2.9948340e-02   4.9469740e-02  -3.7176437e-04  -4.0627710e-04  -1.3245638e-04   3.7251316e-06   8.9690307e-04   2.4472552e-03   1.3820875e-07   1.6506108e-07   1.7544693e-08
   1.0000000e+00   3.4652418e-02  -3.7124964e-01  -2.0104209e-01   9.2797842e-04   2.3086585e-03  -2.2559739e-04   1.2007901e-03   1.3782630e-01   4.0417922e-02   8.6114395e-07   5.3299041e-06   5.0894182e-08   1.1904714e-02   1.0970160e-02  -4.0583280e-02   2.5157379e-04   1.8361610e-04   1.5935325e-04   1.4172222e-04   1.2034441e-04   1.6470026e-03   6.3289372e-08   3.3714872e-08   2.5393458e-08
   1.0000000e+00   4.0018272e-02  -3.7045219e-01  -1.7184108e-01   1.1536447e-03   2.1729680e-03  -3.2894217e-04   1.6014621e-03   1.3723483e-01   2.9529357e-02   1.3308961e-06   4.7217899e-06   1.0820295e-07   5.3658540e-03   7.9745000e-04   2.9201010e-02   2.2566628e-04  -1.3569050e-04  -1.0334478e-04   2.8792389e-05   6.3592650e-07   8.5269899e-04   5.0925270e-08   1.8411912e-08   1.0680144e-08
   1.0000000e+00   4.7679923e-02  -3.6796035e-01  -2.1711121e-01   1.2325537e-03   2.0234006e-03   9.4159319e-05   2.2733751e-03   1.3539482e-01   4.7137278e-02   1.5191886e-06   4.0941500e-06   8.8659774e-09   7.6616510e-03   2.4918400e-03  -4.5270130e-02   7.8909000e-05  -1.4956740e-04   4.2310149e-04   5.8700896e-05   6.2092666e-06   2.0493847e-03   6.2266303e-09   2.2370407e-08   1.7901487e-07
   1.0000000e+00   3.8172001e-02  -3.5079931e-01  -2.0743744e-01   1.5966427e-03   1.7057282e-03  -8.4435538e-05   1.4571017e-03   1.2306016e-01   4.3030292e-02   2.5492679e-06   2.9095087e-06   7.1293601e-09  -9.5079220e-03   1.7161040e-02   9.6737700e-03   3.6408900e-04  -3.1767240e-04  -1.7859486e-04   9.0400581e-05   2.9450129e-04   9.3581826e-05   1.3256080e-07   1.0091575e-07   3.1896123e-08
   1.0000000e+00   5.9005936e-02  -3.5931423e-01  -2.1903890e-01   1.3725109e-03   1.4246612e-03   7.0706984e-04   3.4817005e-03   1.2910672e-01   4.7978040e-02   1.8837862e-06   2.0296595e-06   4.9994776e-07   2.0833935e-02  -8.5149200e-03  -1.1601460e-02  -2.2413180e-04  -2.8106700e-04   7.9150538e-04   4.3405285e-04   7.2503863e-05   1.3459387e-04   5.0235064e-08   7.8998658e-08   6.2648076e-07
   1.0000000e+00   3.0389288e-02  -3.4478448e-01  -2.2507471e-01   1.7045470e-03   1.4339338e-03   2.1106037e-04   9.2350883e-04   1.1887634e-01   5.0658625e-02   2.9054805e-06   2.0561661e-06   4.4546480e-08  -2.8616648e-02   1.4529750e-02  -6.0358100e-03   3.3203610e-04   9.2726000e-06  -4.9600947e-04   8.1891254e-04   2.1111364e-04   3.6431002e-05   1.1024797e-07   8.5981111e-11   2.4602539e-07
   1.0000000e+00   8.9086102e-03  -3.4972727e-01  -2.1400705e-01   1.3275803e-03   1.4668577e-03  -9.7522268e-05   7.9363336e-05   1.2230916e-01   4.5799017e-02   1.7624695e-06   2.1516715e-06   9.5105928e-09  -2.1480678e-02  -4.9427900e-03   1.1067660e-02  -3.7696670e-04   3.2923900e-05  -3.0858264e-04   4.6141952e-04   2.4431173e-05   1.2249310e-04   1.4210389e-07   1.0839832e-09   9.5223244e-08
   1.0000000e+00  -3.3717937e-03  -3.3426760e-01  -2.3805112e-01   2.0998003e-03   1.6350616e-03  -3.2201223e-04   1.1368993e-05   1.1173483e-01   5.6668336e-02   4.4091613e-06   2.6734264e-06   1.0369188e-07  -1.2280404e-02   1.5459670e-02  -2.4044070e-02   7.7222000e-04   1.6820390e-04  -2.2448996e-04   1.5080832e-04   2.3900140e-04   5.7811730e-04   5.9632373e-07   2.8292552e-08   5.0395743e-08
   1.0000000e+00  -1.2162221e-03  -3.5538311e-01  -2.1860589e-01   1.5783917e-03   1.5175218e-03  -3.3114491e-04   1.4791962e-06   1.2629715e-01   4.7788535e-02   2.4913204e-06   2.3028724e-06   1.0965695e-07   2.1555716e-03  -2.1115510e-02   1.9445230e-02  -5.2140860e-04  -1.1753980e-04  -9.1326800e-06   4.6464889e-06   4.4586476e-04   3.7811697e-04   2.7186693e-07   1.3815605e-08   8.3405844e-11
   1.0000000e+00   4.8462962e-03  -3.7384520e-01  -1.6288929e-01   9.7104090e-04   1.6486514e-03  -3.4378520e-04   2.3486587e-05   1.3976023e-01   2.6532921e-02   9.4292043e-07   2.7180514e-06   1.1818826e-07   6.0625183e-03  -1.8462090e-02   5.5716600e-02  -6.0735080e-04   1.3112960e-04  -1.2640290e-05   3.6754128e-05   3.4084877e-04   3.1043395e-03   3.6887499e-07   1.7194972e-08   1.5977693e-10
   1.0000000e+00   6.2002739e-03  -3.6646075e-01  -2.3487953e-01   2.2650510e-03   1.3609508e-03  -1.0902425e-04   3.8443396e-05   1.3429348e-01   5.5168394e-02   5.1304560e-06   1.8521871e-06   1.1886287e-08   1.3539777e-03   7.3844500e-03  -7.1990240e-02   1.2940101e-03  -2.8770060e-04   2.3476095e-04   1.8332556e-06   5.4530102e-05   5.1825947e-03   1.6744621e-06   8.2771635e-08   5.5112704e-08
   1.0000000e+00  -1.1264855e-02  -3.7040089e-01  -2.1743767e-01   2.0837415e-03   1.6940642e-03  -3.9608643e-04   1.2689696e-04   1.3719682e-01   4.7279140e-02   4.3419786e-06   2.8698535e-06   1.5688446e-07  -1.7465129e-02  -3.9401400e-03   1.7441860e-02  -1.8130950e-04   3.3311340e-04  -2.8706218e-04   3.0503073e-04   1.5524703e-05   3.0421848e-04   3.2873135e-08   1.1096454e-07   8.2404695e-08
   1.0000000e+00  -1.6931326e-02  -4.0327216e-01  -2.1111468e-01   1.8433998e-03   1.5361419e-03  -5.3369965e-04   2.8666980e-04   1.6262844e-01   4.4569408e-02   3.3981228e-06   2.3597319e-06   2.8483532e-07  -5.6664710e-03  -3.2871270e-02   6.3229900e-03  -2.4034170e-04  -1.5792230e-04  -1.3761322e-04   3.2108894e-05   1.0805204e-03   3.9980203e-05   5.7764133e-08   2.4939453e-08   1.8937398e-08
   1.0000000e+00  -1.4914803e-02  -4.0153888e-01  -1.8327136e-01   1.4027461e-03   1.6239417e-03  -5.3010702e-04   2.2245135e-04   1.6123347e-01   3.3588391e-02   1.9676966e-06   2.6371866e-06   2.8101345e-07   2.0165230e-03   1.7332800e-03   2.7843320e-02  -4.4065370e-04   8.7799800e-05   3.5926300e-06   4.0663650e-06   3.0042596e-06   7.7525047e-04   1.9417568e-07   7.7088049e-09   1.2906990e-11
   1.0000000e+00  -9.7222474e-03  -3.9951309e-01  -2.0253539e-01   2.2952075e-03   1.5070544e-03  -5.0679408e-04   9.4522095e-05   1.5961071e-01   4.1020584e-02   5.2679775e-06   2.2712130e-06   2.5684024e-07   5.1925556e-03   2.0257900e-03  -1.9264030e-02   8.9246140e-04  -1.1688730e-04   2.3312940e-05   2.6962634e-05   4.1038251e-06   3.7110285e-04   7.9648735e-07   1.3662641e-08   5.4349317e-10
   1.0000000e+00  -4.6809976e-02  -4.2416290e-01  -2.2239813e-01   1.0745724e-03   1.3994020e-03  -1.1770971e-03   2.1911739e-03   1.7991417e-01   4.9460928e-02   1.1547058e-06   1.9583260e-06   1.3855576e-06  -3.7087729e-02  -2.4649810e-02  -1.9862740e-02  -1.2206351e-03  -1.0765240e-04  -6.7030302e-04   1.3754996e-03   6.0761313e-04   3.9452844e-04   1.4899500e-06   1.1589039e-08   4.4930614e-07
   1.0000000e+00  -5.4266137e-02  -5.0037524e-01  -1.3000039e-01   1.4873325e-03   1.3321617e-03  -1.3354814e-03   2.9448136e-03   2.5037538e-01   1.6900101e-02   2.2121580e-06   1.7746548e-06   1.7835106e-06  -7.4561610e-03  -7.6212340e-02   9.2397740e-02   4.1276010e-04  -6.7240300e-05  -1.5838430e-04   5.5594337e-05   5.8083208e-03   8.5373424e-03   1.7037090e-07   4.5212579e-09   2.5085586e-08
   1.0000000e+00  -8.5539270e-02  -5.1563274e-01  -8.0082759e-02   1.6087029e-04   1.5366245e-03  -1.8080017e-03   7.3169667e-03   2.6587712e-01   6.4132483e-03   2.5879250e-08   2.3612149e-06   3.2688701e-06  -3.1273133e-02  -1.5257500e-02   4.9917631e-02  -1.3264622e-03   2.0446280e-04  -4.7252030e-04   9.7800885e-04   2.3279131e-04   2.4917699e-03   1.7595020e-06   4.1805037e-08   2.2327543e-07
   1.0000000e+00  -3.8339647e-02  -4.7241029e-01  -1.1099500e-01   5.8798419e-04   1.3021259e-03  -9.6424906e-04   1.4699285e-03   2.2317148e-01   1.2319890e-02   3.4572541e-07   1.6955319e-06   9.2977625e-07   4.7199623e-02   4.3222450e-02  -3.0912241e-02   4.2711390e-04  -2.3449860e-04   8.4375264e-04   2.2278044e-03   1.8681802e-03   9.5556664e-04   1.8242628e-07   5.4989593e-08   7.1191852e-07
   1.0000000e+00  -2.3866985e-02  -5.1128638e-01  -6.6794520e-02   6.5618968e-04   1.9027223e-03  -1.2438963e-03   5.6963297e-04   2.6141376e-01   4.4615079e-03   4.3058490e-07   3.6203522e-06   1.5472780e-06   1.4472662e-02  -3.8876090e-02   4.4200480e-02   6.8205490e-05   6.0059640e-04  -2.7964724e-04   2.0945795e-04   1.5113504e-03   1.9536824e-03   4.6519889e-09   3.6071604e-07   7.8202579e-08
   1.0000000e+00  -2.8342281e-02  -4.8221294e-01  -1.0080354e-01   7.6105150e-04   1.4366895e-03  -1.3186079e-03   8.0328489e-04   2.3252932e-01   1.0161354e-02   5.7919939e-07   2.0640767e-06   1.7387268e-06  -4.4752960e-03   2.9073440e-02  -3.4009020e-02   1.0486182e-04  -4.6603280e-04  -7.4711600e-05   2.0028274e-05   8.4526491e-04   1.1566134e-03   1.0996001e-08   2.1718657e-07   5.5818232e-09
   1.0000000e+00  -4.8432083e-02  -4.6138624e-01  -1.3741252e-01  -8.1684303e-05   6.9689080e-04  -1.5604355e-03   2.3456667e-03   2.1287726e-01   1.8882201e-02   6.6723254e-09   4.8565679e-07   2.4349589e-06  -2.0089802e-02   2.0826700e-02  -3.6608980e-02  -8.4273580e-04  -7.3979870e-04  -2.4182760e-04   4.0360014e-04   4.3375143e-04   1.3402174e-03   7.1020363e-07   5.4730212e-07   5.8480588e-08
   1.0000000e+00  -3.7301248e-02  -5.4233038e-01   3.4551802e-03   3.5068462e-04   1.0444251e-03  -1.2896775e-03   1.3913831e-03   2.9412224e-01   1.1938270e-05   1.2297970e-07   1.0908238e-06   1.6632681e-06   1.1130835e-02  -8.0944140e-02   1.4086770e-01   4.3236892e-04   3.4753430e-04   2.7075800e-04   1.2389549e-04   6.5519538e-03   1.9843709e-02   1.8694289e-07   1.2078009e-07   7.3309895e-08
   1.0000000e+00  -3.4667135e-02  -5.1847526e-01  -4.2544714e-02   1.1002416e-04   1.3988584e-03  -1.4372684e-03   1.2018102e-03   2.6881660e-01   1.8100527e-03   1.2105316e-08   1.9568048e-06   2.0657405e-06   2.6341130e-03   2.3855120e-02  -4.5999894e-02  -2.4066046e-04   3.5443330e-04  -1.4759090e-04   6.9385513e-06   5.6906675e-04   2.1159903e-03   5.7917457e-08   1.2562296e-07   2.1783074e-08
   1.0000000e+00  -7.0156582e-03  -4.9619097e-01  -3.0146698e-02   3.1954148e-04   1.6102795e-03  -8.3649081e-04   4.9219460e-05   2.4620548e-01   9.0882340e-04   1.0210676e-07   2.5930001e-06   6.9971688e-07   2.7651477e-02   2.2284290e-02   1.2398016e-02   2.0951732e-04   2.1142110e-04   6.0077759e-04   7.6460417e-04   4.9658958e-04   1.5371080e-04   4.3897507e-08   4.4698882e-08   3.6093371e-07
   1.0000000e+00  -2.1965818e-02  -5.3556116e-01  -5.7682688e-02   7.8583698e-04   1.7641145e-03  -1.4872272e-03   4.8249716e-04   2.8682576e-01   3.3272925e-03   6.1753976e-07   3.1121000e-06   2.2118447e-06  -1.4950160e-02  -3.9370190e-02  -2.7535990e-02   4.6629550e-04   1.5383500e-04  -6.5073639e-04   2.2350728e-04   1.5500119e-03   7.5823075e-04   2.1743149e-07   2.3665207e-08   4.2345785e-07
   1.0000000e+00  -6.4603001e-03  -4.8993089e-01  -1.0119873e-01   1.2122903e-03   1.4288786e-03  -8.9098104e-04   4.1735477e-05   2.4003228e-01   1.0241183e-02   1.4696478e-06   2.0416941e-06   7.9384721e-07   1.5505518e-02   4.5630270e-02  -4.3516042e-02   4.2645332e-04  -3.3523590e-04   5.9624616e-04   2.4042109e-04   2.0821215e-03   1.8936459e-03   1.8186243e-07   1.1238311e-07   3.5550948e-07
   1.0000000e+00  -1.2125610e-02  -5.3357819e-01  -6.7981302e-02   1.4423909e-03   1.8547519e-03  -1.2955379e-03   1.4703042e-04   2.8470568e-01   4.6214574e-03   2.0804915e-06   3.4401046e-06   1.6784185e-06  -5.6653099e-03  -4.3647300e-02   3.3217428e-02   2.3010060e-04   4.2587330e-04  -4.0455686e-04   3.2095736e-05   1.9050868e-03   1.1033975e-03   5.2946286e-08   1.8136807e-07   1.6366625e-07
   1.0000000e+00  -8.5914173e-03  -5.1502245e-01  -1.0752611e-01   1.3516928e-03   1.3489080e-03  -9.9631669e-04   7.3812451e-05   2.6524812e-01   1.1561864e-02   1.8270734e-06   1.8195528e-06   9.9264695e-07   3.5341927e-03   1.8555740e-02  -3.9544808e-02  -9.0698100e-05  -5.0584390e-04   2.9922121e-04   1.2490518e-05   3.4431549e-04   1.5637918e-03   8.2261453e-09   2.5587805e-07   8.9533333e-08
   1.0000000e+00  -1.7941202e-02  -5.5448519e-01  -4.8509217e-02   7.3876388e-04   1.4842128e-03  -1.4867200e-03   3.2188673e-04   3.0745383e-01   2.3531441e-03   5.4577207e-07   2.2028876e-06   2.2103364e-06  -9.3497847e-03  -3.9462740e-02   5.9016893e-02  -6.1292892e-04   1.3530480e-04  -4.9040331e-04   8.7418474e-05   1.5573078e-03   3.4829937e-03   3.7568186e-07   1.8307389e-08   2.4049541e-07
   1.0000000e+00  -2.1148746e-02  -5.4067961e-01  -1.1403732e-01   1.5720910e-03   1.1793202e-03  -1.3829968e-03   4.4726946e-04   2.9233444e-01   1.3004510e-02   2.4714701e-06   1.3907961e-06   1.9126801e-06  -3.2075440e-03   1.3805580e-02  -6.5528103e-02   8.3332712e-04  -3.0489260e-04   1.0372320e-04   1.0288339e-05   1.9059404e-04   4.2939323e-03   6.9443409e-07   9.2959498e-08   1.0758502e-08
   1.0000000e+00  -2.6348247e-02  -5.0189739e-01  -6.0251508e-02   3.8523790e-04   1.9661218e-03  -1.3300036e-03   6.9423012e-04   2.5190099e-01   3.6302442e-03   1.4840824e-07   3.8656349e-06   1.7689096e-06  -5.1995010e-03   3.8782220e-02   5.3785812e-02  -1.1868531e-03   7.8680160e-04   5.2993200e-05   2.7034811e-05   1.5040606e-03   2.8929136e-03   1.4086203e-06   6.1905676e-07   2.8082792e-09
   1.0000000e+00  -7.0959031e-02  -5.2585023e-01  -6.0362401e-02  -1.0743658e-04   1.1348409e-03  -1.6891195e-03   5.0351841e-03   2.7651846e-01   3.6436195e-03   1.1542619e-08   1.2878639e-06   2.8531247e-06  -4.4610784e-02  -2.3952840e-02  -1.1089300e-04  -4.9267448e-04  -8.3128090e-04  -3.5911590e-04   1.9901220e-03   5.7373854e-04   1.2297257e-08   2.4272814e-07   6.9102793e-07   1.2896423e-07
   1.0000000e+00  -1.2138839e-01  -5.0301193e-01  -5.4497341e-02  -1.1740069e-03   7.3385173e-04  -2.3000912e-03   1.4735141e-02   2.5302100e-01   2.9699602e-03   1.3782922e-06   5.3853836e-07   5.2904195e-06  -5.0429359e-02   2.2838300e-02   5.8650600e-03  -1.0665703e-03  -4.0098917e-04  -6.1097170e-04   2.5431202e-03   5.2158795e-04   3.4398929e-05   1.1375722e-06   1.6079231e-07   3.7328642e-07
   1.0000000e+00  -1.3308530e-01  -5.1333636e-01  -3.6199146e-02  -9.5448484e-04   1.3517598e-03  -2.4211417e-03   1.7711697e-02   2.6351422e-01   1.3103782e-03   9.1104131e-07   1.8272546e-06   5.8619271e-06  -1.1696910e-02  -1.0324430e-02   1.8298195e-02   2.1952206e-04   6.1790807e-04  -1.2105050e-04   1.3681770e-04   1.0659385e-04   3.3482394e-04   4.8189935e-08   3.8181038e-07   1.4653224e-08
   1.0000000e+00  -6.5499564e-02  -5.8172258e-01  -1.2296886e-02  -1.6758616e-03   1.3130202e-03  -1.6444008e-03   4.2901929e-03   3.3840116e-01   1.5121341e-04   2.8085121e-06   1.7240220e-06   2.7040540e-06   6.7585736e-02  -6.8386220e-02   2.3902260e-02  -7.2137676e-04  -3.8739600e-05   7.7674090e-04   4.5678317e-03   4.6766751e-03   5.7131803e-04   5.2038443e-07   1.5007566e-09   6.0332643e-07
   1.0000000e+00  -8.1173407e-02  -5.3318589e-01  -7.0942014e-02  -4.2534744e-04   1.5444805e-03  -1.5454939e-03   6.5891220e-03   2.8428719e-01   5.0327694e-03   1.8092044e-07   2.3854200e-06   2.3885514e-06  -1.5673843e-02   4.8536690e-02  -5.8645128e-02   1.2505142e-03   2.3146030e-04   9.8906900e-05   2.4566935e-04   2.3558103e-03   3.4392510e-03   1.5637857e-06   5.3573870e-08   9.7825749e-09
   1.0000000e+00  -6.7714857e-02  -5.6658511e-01  -6.4509678e-02  -4.4623137e-04   1.6506758e-03  -1.4332847e-03   4.5853019e-03   3.2101869e-01   4.1614986e-03   1.9912244e-07   2.7247306e-06   2.0543050e-06   1.3458550e-02  -3.3399220e-02   6.4323360e-03  -2.0883930e-05   1.0619530e-04   1.1220920e-04   1.8113257e-04   1.1155079e-03   4.1374946e-05   4.3613853e-10   1.1277442e-08   1.2590905e-08
   1.0000000e+00  -5.1489023e-02  -5.2623306e-01  -1.1689527e-01   6.8992104e-04   1.5940937e-03  -1.2281580e-03   2.6511195e-03   2.7692123e-01   1.3664504e-02   4.7599104e-07   2.5411347e-06   1.5083721e-06   1.6225834e-02   4.0352050e-02  -5.2385592e-02   1.1361524e-03  -5.6582100e-05   2.0512670e-04   2.6327769e-04   1.6282879e-03   2.7442502e-03   1.2908423e-06   3.2015340e-09   4.2076963e-08
   1.0000000e+00  -6.3660616e-02  -5.7131217e-01  -3.6898311e-02   4.1785343e-05   1.4594319e-03  -1.6194664e-03   4.0526740e-03   3.2639760e-01   1.3614854e-03   1.7460149e-09   2.1299415e-06   2.6226714e-06  -1.2171593e-02  -4.5079110e-02   7.9996959e-02  -6.4813570e-04  -1.3466180e-04  -3.9130840e-04   1.4814768e-04   2.0321262e-03   6.3995134e-03   4.2007988e-07   1.8133800e-08   1.5312226e-07
   1.0000000e+00  -7.5129048e-02  -5.2810686e-01  -1.5215721e-01   6.3556992e-04   1.4676757e-03  -1.5738346e-03   5.6443739e-03   2.7889686e-01   2.3151817e-02   4.0394912e-07   2.1540720e-06   2.4769553e-06  -1.1468432e-02   4.3205310e-02  -1.1525890e-01   5.9378458e-04   8.2438000e-06   4.5631800e-05   1.3152493e-04   1.8666988e-03   1.3284614e-02   3.5258012e-07   6.7960238e-11   2.0822612e-09
   1.0000000e+00  -7.9508195e-02  -5.3174728e-01  -9.0770017e-02   8.7307857e-05   1.4237405e-03  -1.7853616e-03   6.3215531e-03   2.8275517e-01   8.2391960e-03   7.6226619e-09   2.0270370e-06   3.1875160e-06  -4.3791470e-03  -3.6404200e-03   6.1387193e-02  -5.4826206e-04  -4.3935200e-05  -2.1152700e-04   1.9176928e-05   1.3252658e-05   3.7683875e-03   3.0059129e-07   1.9303018e-09   4.4743672e-08
   1.0000000e+00  -8.4827753e-02  -6.4007806e-01  -1.1561784e-01  -3.7466499e-04   1.5920046e-03  -1.7847117e-03   7.1957477e-03   4.0969992e-01   1.3367485e-02   1.4037385e-07   2.5344786e-06   3.1851959e-06  -5.3195580e-03  -1.0833078e-01  -2.4847823e-02  -4.6197285e-04   1.6826410e-04   6.4990000e-07   2.8297697e-05   1.1735558e-02   6.1741431e-04   2.1341891e-07   2.8312807e-08   4.2237001e-13
   1.0000000e+00  -8.6352844e-02  -7.4238064e-01  -4.9644450e-02   5.7410333e-05   2.4914295e-03  -1.5671557e-03   7.4568137e-03   5.5112901e-01   2.4645714e-03   3.2959463e-09   6.2072210e-06   2.4559770e-06  -1.5250910e-03  -1.0230258e-01   6.5973390e-02   4.3207532e-04   8.9942490e-04   2.1755600e-04   2.3259026e-06   1.0465818e-02   4.3524882e-03   1.8668908e-07   8.0896515e-07   4.7330613e-08
   1.0000000e+00  -1.0733884e-01  -6.9463553e-01   1.3007918e-01  -1.1778163e-03   2.3467233e-03  -2.1428976e-03   1.1521627e-02   4.8251852e-01   1.6920593e-02   1.3872512e-06   5.5071102e-06   4.5920101e-06  -2.0985996e-02   4.7745110e-02   1.7972363e-01  -1.2352266e-03  -1.4470620e-04  -5.7574190e-04   4.4041203e-04   2.2795955e-03   3.2300583e-02   1.5257848e-06   2.0939884e-08   3.3147874e-07
   1.0000000e+00  -1.0654632e-01  -6.2217690e-01  -7.0799751e-02  -7.9770423e-04   2.7197107e-03  -1.8201952e-03   1.1352118e-02   3.8710409e-01   5.0126047e-03   6.3633204e-07   7.3968263e-06   3.3131106e-06   7.9252000e-04   7.2458630e-02  -2.0087893e-01   3.8011207e-04   3.7298740e-04   3.2270240e-04   6.2808795e-07   5.2502531e-03   4.0352345e-02   1.4448519e-07   1.3911960e-07   1.0413684e-07
   1.0000000e+00  -1.0833533e-01  -6.7361716e-01   3.7210380e-02  -2.3135625e-03   2.6368997e-03  -1.5813864e-03   1.1736544e-02   4.5376008e-01   1.3846124e-03   5.3525714e-06   6.9532400e-06   2.5007829e-06  -1.7890100e-03  -5.1440260e-02   1.0801013e-01  -1.5158583e-03  -8.2811000e-05   2.3880880e-04   3.2005568e-06   2.6461003e-03   1.1666188e-02   2.2978263e-06   6.8576617e-09   5.7029643e-08
   1.0000000e+00  -1.0393682e-01  -6.3540307e-01   4.3866747e-02  -1.1238044e-03   2.7810547e-03  -1.7613750e-03   1.0802863e-02   4.0373706e-01   1.9242915e-03   1.2629363e-06   7.7342652e-06   3.1024419e-06   4.3985100e-03   3.8214090e-02   6.6563670e-03   1.1897581e-03   1.4415500e-04  -1.7998860e-04   1.9346890e-05   1.4603167e-03   4.4307222e-05   1.4155243e-06   2.0780664e-08   3.2395896e-08
   1.0000000e+00  -4.8691095e-02  -5.8706103e-01  -1.5030598e-01  -4.0910311e-05   3.0894138e-03  -7.4361059e-04   2.3708227e-03   3.4464065e-01   2.2591888e-02   1.6736535e-09   9.5444776e-06   5.5295671e-07   5.5245725e-02   4.8342040e-02  -1.9417273e-01   1.0828941e-03   3.0835910e-04   1.0177644e-03   3.0520901e-03   2.3369528e-03   3.7703048e-02   1.1726596e-06   9.5085335e-08   1.0358444e-06
   1.0000000e+00  -1.2335087e-02  -5.5578579e-01  -1.3236429e-01   2.3897906e-04   3.0143881e-03   2.7803024e-05   1.5215437e-04   3.0889784e-01   1.7520305e-02   5.7110991e-08   9.0865356e-06   7.7300814e-10   3.6356008e-02   3.1275240e-02   1.7941690e-02   2.7988937e-04  -7.5025700e-05   7.7141361e-04   1.3217593e-03   9.7814064e-04   3.2190424e-04   7.8338060e-08   5.6288557e-09   5.9507896e-07
   1.0000000e+00   1.3628286e-02  -5.6969946e-01  -3.6808750e-02   3.4456075e-04   3.3429445e-03   4.2872006e-04   1.8573018e-04   3.2455747e-01   1.3548841e-03   1.1872211e-07   1.1175278e-05   1.8380089e-07   2.5963373e-02  -1.3913670e-02   9.5555540e-02   1.0558169e-04   3.2855640e-04   4.0091704e-04   6.7409674e-04   1.9359021e-04   9.1308612e-03   1.1147493e-08   1.0794931e-07   1.6073447e-07
   1.0000000e+00  -2.1685567e-02  -5.8066092e-01  -5.5651290e-02   1.6254866e-04   2.8728096e-03  -3.1649895e-04   4.7026382e-04   3.3716710e-01   3.0970661e-03   2.6422067e-08   8.2530350e-06   1.0017159e-07  -3.5313853e-02  -1.0961460e-02  -1.8842540e-02  -1.8201209e-04  -4.7013490e-04  -7.4521901e-04   1.2470682e-03   1.2015361e-04   3.5504131e-04   3.3128401e-08   2.2102682e-07   5.5535137e-07
   1.0000000e+00  -1.4548261e-02  -5.4545735e-01  -9.0940849e-02   3.3162620e-04   2.6052666e-03  -1.0821261e-04   2.1165190e-04   2.9752372e-01   8.2702380e-03   1.0997594e-07   6.7874141e-06   1.1709969e-08   7.1373060e-03   3.5203570e-02  -3.5289559e-02   1.6907754e-04  -2.6754300e-04   2.0828634e-04   5.0941137e-05   1.2392913e-03   1.2453530e-03   2.8587215e-08   7.1579257e-08   4.3383199e-08
   1.0000000e+00  -6.0151397e-03  -5.5454110e-01  -1.0601377e-01   5.8777103e-04   2.4001824e-03   7.1840354e-05   3.6181906e-05   3.0751583e-01   1.1238919e-02   3.4547478e-07   5.7608756e-06   5.1610365e-09   8.5331213e-03  -9.0837500e-03  -1.5072921e-02   2.5614483e-04  -2.0508420e-04   1.8005296e-04   7.2814159e-05   8.2514514e-05   2.2719295e-04   6.5610174e-08   4.2059529e-08   3.2419070e-08
   1.0000000e+00  -3.2914874e-02  -5.7093644e-01  -7.0496975e-02   5.5525807e-04   2.3185398e-03  -2.4452748e-04   1.0833889e-03   3.2596842e-01   4.9698235e-03   3.0831152e-07   5.3756268e-06   5.9793688e-08  -2.6899734e-02  -1.6395340e-02   3.5516795e-02  -3.2512960e-05  -8.1642600e-05  -3.1636783e-04   7.2359571e-04   2.6880717e-04   1.2614427e-03   1.0570926e-09   6.6655141e-09   1.0008861e-07
   1.0000000e+00  -2.1288646e-02  -5.4195830e-01  -1.8145245e-01   1.5071717e-03   3.1454764e-03   1.2992947e-04   4.5320645e-04   2.9371880e-01   3.2924992e-02   2.2715665e-06   9.8940218e-06   1.6881667e-08   1.1626228e-02   2.8978140e-02  -1.1095547e-01   9.5191363e-04   8.2693660e-04   3.7445695e-04   1.3516918e-04   8.3973260e-04   1.2311117e-02   9.0613956e-07   6.8382414e-07   1.4021801e-07
   1.0000000e+00   2.1864556e-02  -5.2085253e-01  -1.2803547e-01   1.2060612e-03   2.8079093e-03   5.0687053e-04   4.7805881e-04   2.7128736e-01   1.6393082e-02   1.4545836e-06   7.8843546e-06   2.5691773e-07   4.3153202e-02   2.1105770e-02   5.3416980e-02  -3.0111050e-04  -3.3756710e-04   3.7694106e-04   1.8621988e-03   4.4545353e-04   2.8533738e-03   9.0667533e-08   1.1395155e-07   1.4208456e-07
   1.0000000e+00   8.2141379e-02  -4.9826052e-01  -1.9888128e-01   2.6810806e-03   2.9585801e-03   1.4153687e-03   6.7472061e-03   2.4826355e-01   3.9553764e-02   7.1881932e-06   8.7531962e-06   2.0032686e-06   6.0276823e-02   2.2592010e-02  -7.0845810e-02   1.4750194e-03   1.5067080e-04   9.0849817e-04   3.6332954e-03   5.1039892e-04   5.0191288e-03   2.1756822e-06   2.2701690e-08   8.2536892e-07
   1.0000000e+00   6.7524919e-02  -5.1139282e-01  -2.4136259e-01   2.8207164e-03   3.6009684e-03   9.1174669e-04   4.5596147e-03   2.6152262e-01   5.8255900e-02   7.9564410e-06   1.2966973e-05   8.3128203e-07  -1.4616460e-02  -1.3132300e-02  -4.2481310e-02   1.3963580e-04   6.4238830e-04  -5.0362201e-04   2.1364090e-04   1.7245730e-04   1.8046617e-03   1.9498157e-08   4.1266273e-07   2.5363513e-07
   1.0000000e+00   8.6170465e-02  -5.0695544e-01  -2.6353522e-01   3.2764102e-03   3.7793318e-03   1.3704242e-03   7.4253490e-03   2.5700382e-01   6.9450812e-02   1.0734864e-05   1.4283349e-05   1.8780625e-06   1.8645546e-02   4.4373800e-03  -2.2172630e-02   4.5569380e-04   1.7836340e-04   4.5867751e-04   3.4765639e-04   1.9690341e-05   4.9162552e-04   2.0765684e-07   3.1813502e-08   2.1038506e-07
   1.0000000e+00   8.8254798e-02  -5.0590456e-01  -2.5399651e-01   2.9061872e-03   3.9884977e-03   1.1221663e-03   7.7889094e-03   2.5593942e-01   6.4514227e-02   8.4459240e-06   1.5908114e-05   1.2592572e-06   2.0843330e-03   1.0508800e-03   9.5387100e-03  -3.7022300e-04   2.0916590e-04  -2.4825790e-04   4.3444441e-06   1.1043488e-06   9.0986988e-05   1.3706507e-07   4.3750374e-08   6.1631985e-08
   1.0000000e+00   9.1075305e-02  -5.1476369e-01  -1.9633006e-01   2.0226489e-03   3.8203970e-03   1.0284607e-03   8.2947112e-03   2.6498166e-01   3.8545492e-02   4.0911086e-06   1.4595433e-05   1.0577314e-06   2.8205070e-03  -8.8591300e-03   5.7666450e-02  -8.8353830e-04  -1.6810070e-04  -9.3705600e-05   7.9552597e-06   7.8484184e-05   3.3254195e-03   7.8063993e-07   2.8257845e-08   8.7807395e-09
   1.0000000e+00   8.5252037e-02  -5.2510583e-01  -2.0703678e-01   1.6054061e-03   3.7328175e-03   7.4004799e-04   7.2679098e-03   2.7573613e-01   4.2864228e-02   2.5773287e-06   1.3933926e-05   5.4767103e-07  -5.8232680e-03  -1.0342140e-02  -1.0706720e-02  -4.1724280e-04  -8.7579500e-05  -2.8841271e-04   3.3910450e-05   1.0695986e-04   1.1463385e-04   1.7409155e-07   7.6701688e-09   8.3181891e-08
   1.0000000e+00   9.8519680e-02  -5.1553346e-01  -2.3525073e-01   2.4152388e-03   3.8510228e-03   1.0284353e-03   9.7061273e-03   2.6577475e-01   5.5342906e-02   5.8333785e-06   1.4830377e-05   1.0576792e-06   1.3267643e-02   9.5723700e-03  -2.8213950e-02   8.0983270e-04   1.1820530e-04   2.8838731e-04   1.7603035e-04   9.1630267e-05   7.9602697e-04   6.5582900e-07   1.3972493e-08   8.3167241e-08
   1.0000000e+00   1.0877769e-01  -5.7952412e-01  -2.0745350e-01   2.0829246e-03   3.9546569e-03   8.4733131e-04   1.1832586e-02   3.3584821e-01   4.3036955e-02   4.3385749e-06   1.5639311e-05   7.1797035e-07   1.0258010e-02  -6.3990660e-02   2.7797230e-02  -3.3231420e-04   1.0363410e-04  -1.8110399e-04   1.0522677e-04   4.0948046e-03   7.7268600e-04   1.1043273e-07   1.0740027e-08   3.2798655e-08
   1.0000000e+00   1.3110964e-01  -5.4623499e-01  -2.9432986e-01   3.3580714e-03   3.9908297e-03   1.3348913e-03   1.7189738e-02   2.9837266e-01   8.6630066e-02   1.1276644e-05   1.5926722e-05   1.7819348e-06   2.2331950e-02   3.3289130e-02  -8.6876360e-02   1.2751468e-03   3.6172800e-05   4.8755999e-04   4.9871599e-04   1.1081662e-03   7.5475019e-03   1.6259994e-06   1.3084715e-09   2.3771474e-07
   1.0000000e+00   1.2977484e-01  -5.7938921e-01  -2.0613135e-01   2.4517399e-03   3.4344793e-03   8.8084183e-04   1.6841509e-02   3.3569186e-01   4.2490133e-02   6.0110285e-06   1.1795648e-05   7.7588233e-07  -1.3348000e-03  -3.3154220e-02   8.8198510e-02  -9.0633150e-04  -5.5635040e-04  -4.5404947e-04   1.7816910e-06   1.0992023e-03   7.7789772e-03   8.2143679e-07   3.0952577e-07   2.0616092e-07
   1.0000000e+00   1.1840266e-01  -5.5845300e-01  -2.1487550e-01   4.3017791e-04   2.6559198e-03   9.2356850e-04   1.4019190e-02   3.1186975e-01   4.6171481e-02   1.8505303e-07   7.0539100e-06   8.5297877e-07  -1.1372180e-02   2.0936210e-02  -8.7441500e-03  -2.0215620e-03  -7.7855950e-04   4.2726670e-05   1.2932648e-04   4.3832489e-04   7.6460159e-05   4.0867129e-06   6.0615490e-07   1.8255683e-09
   1.0000000e+00   1.3081538e-01  -6.3422701e-01  -1.3706685e-01   1.2815647e-03   3.3201892e-03   1.1727662e-03   1.7112664e-02   4.0224390e-01   1.8787321e-02   1.6424081e-06   1.1023656e-05   1.3753806e-06   1.2412720e-02  -7.5774010e-02   7.7808650e-02   8.5138679e-04   6.6426940e-04   2.4919770e-04   1.5407562e-04   5.7417006e-03   6.0541860e-03   7.2485947e-07   4.4125384e-07   6.2099494e-08
   1.0000000e+00   1.3174619e-01  -6.3393879e-01  -1.8459989e-01   1.0203536e-03   3.2899551e-03   9.7380227e-04   1.7357059e-02   4.0187839e-01   3.4077119e-02   1.0411215e-06   1.0823805e-05   9.4829086e-07   9.3081000e-04   2.8822000e-04  -4.7533040e-02  -2.6121110e-04  -3.0234100e-05  -1.9896393e-04   8.6640726e-07   8.3070768e-08   2.2593899e-03   6.8231239e-08   9.1410080e-10   3.9586645e-08
   1.0000000e+00   1.3959990e-01  -6.4106314e-01  -1.9251386e-01   2.0540103e-03   3.6049926e-03   1.2397806e-03   1.9488132e-02   4.1096195e-01   3.7061586e-02   4.2189583e-06   1.2995972e-05   1.5370559e-06   7.8537100e-03  -7.1243500e-03  -7.9139700e-03   1.0336567e-03   3.1503750e-04   2.6597833e-04   6.1680761e-05   5.0756363e-05   6.2630921e-05   1.0684462e-06   9.9248626e-08   7.0744472e-08
   1.0000000e+00   1.4105130e-01  -6.3970758e-01  -2.2345870e-01   2.2449296e-03   3.8361993e-03   1.1348604e-03   1.9895469e-02   4.0922579e-01   4.9933791e-02   5.0397089e-06   1.4716425e-05   1.2879081e-06   1.4514000e-03   1.3555600e-03  -3.0944840e-02   1.9091930e-04   2.3120670e-04  -1.0492020e-04   2.1065620e-06   1.8375429e-06   9.5758312e-04   3.6450179e-08   5.3456538e-08   1.1008248e-08
   1.0000000e+00   1.5786656e-01  -6.3857216e-01  -1.4446965e-01   1.6089377e-03   3.9522224e-03   1.3273371e-03   2.4921851e-02   4.0777440e-01   2.0871480e-02   2.5886805e-06   1.5620062e-05   1.7618238e-06   1.6815260e-02   1.1354200e-03   7.8989050e-02  -6.3599190e-04   1.1602310e-04   1.9247670e-04   2.8275297e-04   1.2891786e-06   6.2392700e-03   4.0448570e-07   1.3461360e-08   3.7047280e-08
   1.0000000e+00   1.4957680e-01  -6.4072582e-01  -1.7502967e-01   1.7074696e-03   4.5066381e-03   1.2878634e-03   2.2373219e-02   4.1052958e-01   3.0635385e-02   2.9154524e-06   2.0309787e-05   1.6585921e-06  -8.2897600e-03  -2.1536600e-03  -3.0560020e-02   9.8531900e-05   5.5441570e-04  -3.9473700e-05   6.8720121e-05   4.6382514e-06   9.3391482e-04   9.7085353e-09   3.0737677e-07   1.5581730e-09
   1.0000000e+00   1.6094772e-01  -6.1610813e-01  -2.3182237e-01   2.0170488e-03   4.1273305e-03   1.4397677e-03   2.5904169e-02   3.7958923e-01   5.3741611e-02   4.0684859e-06   1.7034857e-05   2.0729310e-06   1.1370920e-02   2.4617690e-02  -5.6792700e-02   3.0957920e-04  -3.7930760e-04   1.5190430e-04   1.2929782e-04   6.0603066e-04   3.2254108e-03   9.5839281e-08   1.4387426e-07   2.3074916e-08
   1.0000000e+00   1.3543782e-01  -6.1634209e-01  -2.6659508e-01   1.9773990e-03   4.1789914e-03   1.2410886e-03   1.8343403e-02   3.7987757e-01   7.1072937e-02   3.9101068e-06   1.7463969e-05   1.5403009e-06  -2.5509900e-02  -2.3396000e-04  -3.4772710e-02  -3.9649800e-05   5.1660900e-05  -1.9867910e-04   6.5075500e-04   5.4737282e-08   1.2091414e-03   1.5721066e-09   2.6688486e-09   3.9473385e-08
   1.0000000e+00   1.4360847e-01  -6.4688640e-01  -2.2281771e-01   2.4899571e-03   4.1969999e-03   1.1465676e-03   2.0623393e-02   4.1846201e-01   4.9647732e-02   6.1998864e-06   1.7614808e-05   1.3146173e-06   8.1706500e-03  -3.0544310e-02   4.3777370e-02   5.1255810e-04   1.8008500e-05  -9.4521000e-05   6.6759521e-05   9.3295487e-04   1.9164581e-03   2.6271581e-07   3.2430607e-10   8.9342194e-09
   1.0000000e+00   1.7592554e-01  -6.6734508e-01  -2.7304826e-01   2.8956018e-03   3.9709164e-03   1.4434512e-03   3.0949796e-02   4.4534946e-01   7.4555352e-02   8.3845098e-06   1.5768177e-05   2.0835514e-06   3.2317070e-02  -2.0458680e-02  -5.0230550e-02   4.0564470e-04  -2.2608350e-04   2.9688360e-04   1.0443930e-03   4.1855759e-04   2.5231082e-03   1.6454762e-07   5.1113749e-08   8.8139872e-08
   1.0000000e+00   1.8312694e-01  -6.5697501e-01  -2.2331962e-01   2.7548104e-03   3.9671688e-03   1.5045579e-03   3.3535476e-02   4.3161616e-01   4.9871653e-02   7.5889803e-06   1.5738428e-05   2.2636945e-06   7.2014000e-03   1.0370070e-02   4.9728640e-02  -1.4079140e-04  -3.7476000e-06   6.1106700e-05   5.1860162e-05   1.0753835e-04   2.4729376e-03   1.9822218e-08   1.4044506e-11   3.7340288e-09
   1.0000000e+00   1.7733386e-01  -6.5720244e-01  -2.7969323e-01   3.3426983e-03   4.1326893e-03   1.5284750e-03   3.1447298e-02   4.3191505e-01   7.8228303e-02   1.1173632e-05   1.7079121e-05   2.3362358e-06  -5.7930800e-03  -2.2743000e-04  -5.6373610e-02   5.8788790e-04   1.6552050e-04   2.3917100e-05   3.3559776e-05   5.1724405e-08   3.1779839e-03   3.4561218e-07   2.7397036e-08   5.7202767e-10
   1.0000000e+00   1.9426050e-01  -6.5823238e-01  -2.0272090e-01   3.1105416e-03   3.9355001e-03   1.9178680e-03   3.7737142e-02   4.3326987e-01   4.1095763e-02   9.6754690e-06   1.5488161e-05   3.6782177e-06   1.6926640e-02  -1.0299400e-03   7.6972330e-02  -2.3215670e-04  -1.9718920e-04   3.8939300e-04   2.8651114e-04   1.0607764e-06   5.9247396e-03   5.3896733e-08   3.8883581e-08   1.5162691e-07
   1.0000000e+00   1.7225307e-01  -6.7233552e-01  -2.2929455e-01   2.8316453e-03   4.2214355e-03   1.2694720e-03   2.9671120e-02   4.5203505e-01   5.2575991e-02   8.0182151e-06   1.7820518e-05   1.6115592e-06  -2.2007430e-02  -1.4103140e-02  -2.6573650e-02  -2.7889630e-04   2.8593540e-04  -6.4839600e-04   4.8432698e-04   1.9889856e-04   7.0615887e-04   7.7783146e-08   8.1759053e-08   4.2041737e-07
   1.0000000e+00   1.8429873e-01  -6.8671931e-01  -2.1040900e-01   2.6258008e-03   4.2650666e-03   1.6807415e-03   3.3966022e-02   4.7158341e-01   4.4271947e-02   6.8948298e-06   1.8190793e-05   2.8248920e-06   1.2045660e-02  -1.4383790e-02   1.8885550e-02  -2.0584450e-04   4.3631100e-05   4.1126950e-04   1.4509792e-04   2.0689341e-04   3.5666400e-04   4.2371958e-08   1.9036729e-09   1.6914260e-07
   1.0000000e+00   1.6585024e-01  -6.8285336e-01  -2.6937134e-01   3.3590456e-03   4.1203942e-03   1.2062756e-03   2.7506302e-02   4.6628871e-01   7.2560919e-02   1.1283187e-05   1.6977648e-05   1.4551008e-06  -1.8448490e-02   3.8659500e-03  -5.8962340e-02   7.3324480e-04  -1.4467240e-04  -4.7446590e-04   3.4034678e-04   1.4945569e-05   3.4765575e-03   5.3764794e-07   2.0930103e-08   2.2511789e-07
   1.0000000e+00   1.7540387e-01  -6.6117626e-01  -2.4460514e-01   3.2318957e-03   4.1880702e-03   1.5621545e-03   3.0766518e-02   4.3715405e-01   5.9831675e-02   1.0445150e-05   1.7539932e-05   2.4403267e-06   9.5536300e-03   2.1677100e-02   2.4766200e-02  -1.2714990e-04   6.7676000e-05   3.5587890e-04   9.1271846e-05   4.6989666e-04   6.1336466e-04   1.6167097e-08   4.5800410e-09   1.2664979e-07
