   1.0000000e+00   0.0000000e+00   0.0000000e+00   0.0000000e+00   0.0000000e+00   0.0000000e+00  -0.0000000e+00   0.0000000e+00   0.0000000e+00   0.0000000e+00   0.0000000e+00   0.0000000e+00   0.0000000e+00   0.0000000e+00   0.0000000e+00   0.0000000e+00   0.0000000e+00   0.0000000e+00   0.0000000e+00   0.0000000e+00   0.0000000e+00   0.0000000e+00   0.0000000e+00   0.0000000e+00   0.0000000e+00
   1.0000000e+00   1.3919678e-02  -4.3238611e-02   2.9305023e-02  -5.9371789e-04  -1.3816403e-04   2.5752776e-04   1.9375744e-04   1.8695775e-03   8.5878437e-04   3.5250093e-07   1.9089299e-08   6.6320547e-08   1.3919678e-02  -4.3238611e-02   2.9305023e-02  -5.9371789e-04  -1.3816403e-04   2.5752776e-04   1.9375744e-04   1.8695775e-03   8.5878437e-04   3.5250093e-07   1.9089299e-08   6.6320547e-08
   1.0000000e+00   2.8465734e-03  -2.9574644e-02   7.2094816e-02  -1.4358752e-03   2.5010404e-04   5.6286971e-07   8.1029801e-06   8.7465957e-04   5.1976625e-03   2.0617376e-06   6.2552031e-08   3.1682231e-13  -1.1073105e-02   1.3663967e-02   4.2789793e-02  -8.4215731e-04   3.8826807e-04  -2.5696489e-04   1.2261365e-04   1.8670399e-04   1.8309664e-03   7.0922893e-07   1.5075209e-07   6.6030955e-08
   1.0000000e+00   1.2185231e-03  -3.8718805e-02   7.6138451e-02  -9.3248217e-04   2.1881090e-04   9.6253789e-06   1.4847985e-06   1.4991459e-03   5.7970637e-03   8.6952300e-07   4.7878210e-08   9.2647919e-11  -1.6280503e-03  -9.1441610e-03   4.0436350e-03   5.0339303e-04  -3.1293140e-05   9.0625092e-06   2.6505478e-06   8.3615680e-05   1.6350984e-05   2.5340454e-07   9.7926061e-10   8.2129073e-11
   1.0000000e+00  -7.1935322e-03  -7.8795785e-02   1.3161204e-01  -1.9183431e-03   3.0394182e-04  -1.5386238e-04   5.1746906e-05   6.2087757e-03   1.7321729e-02   3.6800402e-06   9.2380630e-08   2.3673632e-08  -8.4120553e-03  -4.0076980e-02   5.5473589e-02  -9.8586093e-04   8.5130920e-05  -1.6348776e-04   7.0762674e-05   1.6061643e-03   3.0773191e-03   9.7192177e-07   7.2472735e-09   2.6728247e-08
   1.0000000e+00   9.6591321e-05  -5.2191913e-02   8.6991447e-02  -1.8147809e-03   3.1321304e-04   1.1438274e-04   9.3298833e-09   2.7239958e-03   7.5675119e-03   3.2934297e-06   9.8102408e-08   1.3083411e-08   7.2901235e-03   2.6603872e-02  -4.4620593e-02   1.0356220e-04   9.2712200e-06   2.6824512e-04   5.3145901e-05   7.0776601e-04   1.9909973e-03   1.0725129e-08   8.5955520e-11   7.1955444e-08
   1.0000000e+00  -4.9679566e-03  -4.0882416e-02   1.1724745e-01  -1.4913448e-03   7.5701533e-04  -9.9157788e-05   2.4680593e-05   1.6713719e-03   1.3746965e-02   2.2241093e-06   5.7307221e-07   9.8322669e-09  -5.0645479e-03   1.1309497e-02   3.0256003e-02   3.2343610e-04   4.4380229e-04  -2.1354053e-04   2.5649646e-05   1.2790472e-04   9.1542572e-04   1.0461091e-07   1.9696047e-07   4.5599557e-08
   1.0000000e+00   2.7299336e-03  -6.3657445e-02   1.0920215e-01  -1.5637069e-03   6.5499774e-04   6.4005499e-05   7.4525375e-06   4.0522703e-03   1.1925110e-02   2.4451793e-06   4.2902204e-07   4.0967039e-09   7.6978902e-03  -2.2775029e-02  -8.0453000e-03  -7.2362100e-05  -1.0201759e-04   1.6316329e-04   5.9257514e-05   5.1870195e-04   6.4726852e-05   5.2362735e-09   1.0407589e-08   2.6622258e-08
   1.0000000e+00  -7.1196641e-03  -6.7722100e-02   1.6087571e-01  -2.7957649e-03   6.0705361e-04  -2.5690390e-04   5.0689617e-05   4.5862828e-03   2.5880994e-02   7.8163014e-06   3.6851409e-07   6.5999614e-08  -9.8495977e-03  -4.0646550e-03   5.1673560e-02  -1.2320580e-03  -4.7944130e-05  -3.2090940e-04   9.7014575e-05   1.6521420e-05   2.6701568e-03   1.5179669e-06   2.2986396e-09   1.0298284e-07
   1.0000000e+00  -1.1496024e-02  -2.9766836e-02   6.8750050e-02  -7.8583908e-04   6.2115870e-04  -4.0119153e-04   1.3215857e-04   8.8606453e-04   4.7265694e-03   6.1754306e-07   3.8583813e-07   1.6095464e-07  -4.3763599e-03   3.7955264e-02  -9.2125660e-02   2.0099258e-03   1.4105090e-05  -1.4428763e-04   1.9152526e-05   1.4406021e-03   8.4871372e-03   4.0398018e-06   1.9895356e-10   2.0818920e-08
   1.0000000e+00  -2.2273835e-02  -3.0090157e-02   1.0398455e-01  -1.5205109e-03   7.3814443e-04  -7.0768082e-04   4.9612373e-04   9.0541755e-04   1.0812787e-02   2.3119534e-06   5.4485720e-07   5.0081214e-07  -1.0777811e-02  -3.2332100e-04   3.5234500e-02  -7.3467182e-04   1.1698573e-04  -3.0648929e-04   1.1616121e-04   1.0453647e-07   1.2414700e-03   5.3974268e-07   1.3685661e-08   9.3935685e-08
   1.0000000e+00  -1.3601527e-02  -8.9248586e-02   1.5440581e-01  -3.1266196e-03   5.7900809e-04  -3.8592989e-04   1.8500154e-04   7.9653101e-03   2.3841154e-02   9.7757501e-06   3.3525037e-07   1.4894188e-07   8.6723080e-03  -5.9158429e-02   5.0421260e-02  -1.6061087e-03  -1.5913634e-04   3.2175093e-04   7.5208926e-05   3.4997197e-03   2.5423035e-03   2.5795852e-06   2.5324375e-08   1.0352366e-07
   1.0000000e+00  -1.2788108e-02  -5.0054016e-02   1.1877657e-01  -1.6379962e-03   6.9347130e-04  -4.5074084e-04   1.6353571e-04   2.5054045e-03   1.4107874e-02   2.6830316e-06   4.8090244e-07   2.0316730e-07   8.1341900e-04   3.9194570e-02  -3.5629240e-02   1.4886234e-03   1.1446321e-04  -6.4810950e-05   6.6165047e-07   1.5362143e-03   1.2694427e-03   2.2159996e-06   1.3101826e-08   4.2004592e-09
   1.0000000e+00  -1.1979598e-02  -8.3487142e-02   1.1365366e-01  -1.7187619e-03   6.4288835e-04  -3.4041319e-04   1.4351077e-04   6.9701029e-03   1.2917154e-02   2.9541425e-06   4.1330543e-07   1.1588114e-07   8.0851000e-04  -3.3433126e-02  -5.1229100e-03  -8.0765700e-05  -5.0582950e-05   1.1032765e-04   6.5368842e-07   1.1177739e-03   2.6244207e-05   6.5230983e-09   2.5586348e-09   1.2172190e-08
   1.0000000e+00  -1.5301509e-02  -9.8975043e-02   1.2107949e-01  -2.3537497e-03   7.6072105e-04  -4.2355124e-04   2.3413618e-04   9.7960591e-03   1.4660243e-02   5.5401377e-06   5.7869652e-07   1.7939565e-07  -3.3219110e-03  -1.5487901e-02   7.4258300e-03  -6.3498780e-04   1.1783270e-04  -8.3138050e-05   1.1035093e-05   2.3987508e-04   5.5142951e-05   4.0320951e-07   1.3884545e-08   6.9119354e-09
   1.0000000e+00  -1.8248061e-02  -5.8789314e-02   4.7077975e-02  -7.2055630e-04   9.4704896e-04  -5.1776652e-04   3.3299173e-04   3.4561834e-03   2.2163357e-03   5.1920138e-07   8.9690173e-07   2.6808217e-07  -2.9465520e-03   4.0185729e-02  -7.4001515e-02   1.6331934e-03   1.8632791e-04  -9.4215280e-05   8.6821687e-06   1.6148928e-03   5.4762242e-03   2.6673207e-06   3.4718090e-08   8.8765190e-09
   1.0000000e+00  -2.8609438e-02  -9.2227255e-02   9.6752572e-02  -1.4062615e-03   1.0333209e-03  -5.8559573e-04   8.1849994e-04   8.5058666e-03   9.3610602e-03   1.9775714e-06   1.0677521e-06   3.4292236e-07  -1.0361377e-02  -3.3437941e-02   4.9674597e-02  -6.8570520e-04   8.6271940e-05  -6.7829210e-05   1.0735813e-04   1.1180959e-03   2.4675656e-03   4.7019162e-07   7.4428476e-09   4.6008017e-09
   1.0000000e+00  -2.0631995e-02  -1.4669576e-01   7.7474015e-02  -1.9658324e-03   7.0027510e-04  -2.6125090e-04   4.2567922e-04   2.1519646e-02   6.0022230e-03   3.8644970e-06   4.9038522e-07   6.8252033e-08   7.9774430e-03  -5.4468505e-02  -1.9278557e-02  -5.5957090e-04  -3.3304580e-04   3.2434483e-04   6.3639597e-05   2.9668180e-03   3.7166276e-04   3.1311959e-07   1.1091950e-07   1.0519957e-07
   1.0000000e+00   4.7672290e-02  -5.9846340e-02   1.1754187e-01  -1.0051193e-03   1.4276979e-03   3.5105040e-04   2.2726472e-03   3.5815844e-03   1.3816091e-02   1.0102648e-06   2.0383213e-06   1.2323638e-07   6.8304285e-02   8.6849420e-02   4.0067855e-02   9.6071310e-04   7.2742280e-04   6.1230130e-04   4.6654753e-03   7.5428218e-03   1.6054330e-03   9.2296966e-07   5.2914393e-07   3.7491288e-07
   1.0000000e+00   4.0059746e-02  -2.1945582e-01   4.3871941e-01  -4.1153899e-03   8.0924462e-05   4.5201253e-04   1.6047832e-03   4.8160857e-02   1.9247472e-01   1.6936434e-05   6.5487685e-09   2.0431533e-07  -7.6125440e-03  -1.5960948e-01   3.2117754e-01  -3.1102706e-03  -1.3467734e-03   1.0096213e-04   5.7950826e-05   2.5475186e-02   1.0315501e-01   9.6737832e-06   1.8137987e-06   1.0193352e-08
   1.0000000e+00   1.1593140e-01  -1.4395480e-01  -3.6643569e-02  -5.9823324e-04  -3.8114370e-04   1.0206055e-03   1.3440090e-02   2.0722984e-02   1.3427511e-03   3.5788301e-07   1.4527052e-07   1.0416356e-06   7.5871654e-02   7.5501020e-02  -4.7536298e-01   3.5171567e-03  -4.6206816e-04   5.6859297e-04   5.7565079e-03   5.7004040e-03   2.2596996e-01   1.2370391e-05   2.1350699e-07   3.2329797e-07
   1.0000000e+00   7.2810092e-02  -1.2493794e-01  -2.6944042e-02  -2.3150551e-03  -1.4306273e-04   1.8993893e-04   5.3013095e-03   1.5609489e-02   7.2598140e-04   5.3594801e-06   2.0466945e-08   3.6076797e-08  -4.3121308e-02   1.9016860e-02   9.6995270e-03  -1.7168219e-03   2.3808097e-04  -8.3066657e-04   1.8594472e-03   3.6164096e-04   9.4080824e-05   2.9474773e-06   5.6682548e-08   6.9000695e-07
   1.0000000e+00   5.5462122e-02  -1.1606167e-01   1.2600162e-02  -8.4097845e-04   3.7261828e-06   5.2601185e-05   3.0760470e-03   1.3470311e-02   1.5876408e-04   7.0724475e-07   1.3884438e-11   2.7668847e-09  -1.7347970e-02   8.8762700e-03   3.9544204e-02   1.4740766e-03   1.4678891e-04  -1.3733775e-04   3.0095206e-04   7.8788169e-05   1.5637441e-03   2.1729020e-06   2.1546985e-08   1.8861656e-08
   1.0000000e+00   3.9336230e-02  -1.4245918e-01   6.3689146e-02  -1.4341473e-03   3.1427879e-04  -2.7808104e-05   1.5473390e-03   2.0294618e-02   4.0563073e-03   2.0567785e-06   9.8771158e-08   7.7329065e-10  -1.6125892e-02  -2.6397510e-02   5.1088984e-02  -5.9316885e-04   3.1055261e-04  -8.0409289e-05   2.6004439e-04   6.9682853e-04   2.6100843e-03   3.5184928e-07   9.6442922e-08   6.4656538e-09
   1.0000000e+00   2.1360798e-02  -1.2491416e-01   9.9066243e-02  -2.3788330e-03   2.2017092e-04  -3.1435846e-04   4.5628369e-04   1.5603547e-02   9.8141205e-03   5.6588464e-06   4.8475234e-08   9.8821241e-08  -1.7975432e-02   1.7545020e-02   3.5377097e-02  -9.4468570e-04  -9.4107870e-05  -2.8655036e-04   3.2311616e-04   3.0782773e-04   1.2515390e-03   8.9243107e-07   8.8562912e-09   8.2111107e-08
   1.0000000e+00   1.2879933e-02  -1.0554248e-01   1.2439351e-01  -1.8959557e-03   3.9188053e-04  -3.7538698e-04   1.6589267e-04   1.1139215e-02   1.5473745e-02   3.5946480e-06   1.5357035e-07   1.4091538e-07  -8.4808650e-03   1.9371680e-02   2.5327267e-02   4.8287730e-04   1.7170961e-04  -6.1028520e-05   7.1925071e-05   3.7526199e-04   6.4147045e-04   2.3317049e-07   2.9484190e-08   3.7244803e-09
   1.0000000e+00   1.5468669e-02  -1.1790212e-01   1.7576736e-01  -2.6250753e-03   3.8011717e-04  -1.8900569e-04   2.3927972e-04   1.3900910e-02   3.0894165e-02   6.8910203e-06   1.4448906e-07   3.5723151e-08   2.5887360e-03  -1.2359640e-02   5.1373850e-02  -7.2911960e-04  -1.1763360e-05   1.8638129e-04   6.7015541e-06   1.5276070e-04   2.6392725e-03   5.3161539e-07   1.3837664e-10   3.4737985e-08
   1.0000000e+00   1.2889437e-03  -1.4026982e-01   1.9976394e-01  -3.2059227e-03   5.4407455e-04  -3.1082044e-04   1.6613759e-06   1.9675622e-02   3.9905632e-02   1.0277940e-05   2.9601712e-07   9.6609346e-08  -1.4179725e-02  -2.2367700e-02   2.3996580e-02  -5.8084740e-04   1.6395738e-04  -1.2181475e-04   2.0106461e-04   5.0031400e-04   5.7583585e-04   3.3738370e-07   2.6882022e-08   1.4838833e-08
   1.0000000e+00  -1.1577672e-02  -1.3877232e-01   1.7354184e-01  -1.9749172e-03   6.4973627e-04  -5.0018230e-04   1.3404249e-04   1.9257757e-02   3.0116770e-02   3.9002979e-06   4.2215722e-07   2.5018233e-07  -1.2866616e-02   1.4975000e-03  -2.6222100e-02   1.2310055e-03   1.0566172e-04  -1.8936186e-04   1.6554980e-04   2.2425062e-06   6.8759853e-04   1.5153745e-06   1.1164399e-08   3.5857914e-08
   1.0000000e+00   2.6795243e-03  -1.5545731e-01   2.1962133e-01  -2.6080384e-03   5.6072842e-04  -1.9965399e-04   7.1798505e-06   2.4166975e-02   4.8233529e-02   6.8018643e-06   3.1441636e-07   3.9861716e-08   1.4257196e-02  -1.6684990e-02   4.6079490e-02  -6.3312120e-04  -8.9007850e-05   3.0052831e-04   2.0326765e-04   2.7838889e-04   2.1233194e-03   4.0084245e-07   7.9223974e-09   9.0317265e-08
   1.0000000e+00  -3.8666112e-03  -2.0753912e-01   2.3114197e-01  -3.4278030e-03   3.9548856e-04  -3.5377191e-04   1.4950682e-05   4.3072486e-02   5.3426610e-02   1.1749833e-05   1.5641120e-07   1.2515456e-07  -6.5461355e-03  -5.2081810e-02   1.1520640e-02  -8.1976460e-04  -1.6523986e-04  -1.5411792e-04   4.2851890e-05   2.7125149e-03   1.3272515e-04   6.7201400e-07   2.7304211e-08   2.3752333e-08
   1.0000000e+00  -2.7396801e-02  -1.6736744e-01   1.6271271e-01  -1.9464141e-03   8.3888334e-04  -8.3315494e-04   7.5058471e-04   2.8011860e-02   2.6475426e-02   3.7885278e-06   7.0372526e-07   6.9414715e-07  -2.3530190e-02   4.0171680e-02  -6.8429260e-02   1.4813889e-03   4.4339478e-04  -4.7938303e-04   5.5366983e-04   1.6137639e-03   4.6825636e-03   2.1945131e-06   1.9659893e-07   2.2980809e-07
   1.0000000e+00  -1.4982723e-02  -2.1372914e-01   2.0339788e-01  -2.5789964e-03   6.9217845e-04  -5.0281871e-04   2.2448199e-04   4.5680145e-02   4.1370698e-02   6.6512224e-06   4.7911101e-07   2.5282666e-07   1.2414078e-02  -4.6361700e-02   4.0685170e-02  -6.3258230e-04  -1.4670489e-04   3.3033623e-04   1.5410933e-04   2.1494072e-03   1.6552831e-03   4.0016037e-07   2.1522325e-08   1.0912202e-07
   1.0000000e+00  -2.5395122e-04  -2.2027655e-01   2.0814387e-01  -3.3795286e-03   8.4857902e-04  -2.3758420e-04   6.4491222e-08   4.8521758e-02   4.3323871e-02   1.1421214e-05   7.2008635e-07   5.6446252e-08   1.4728772e-02  -6.5474100e-03   4.7459900e-03  -8.0053220e-04   1.5640057e-04   2.6523451e-04   2.1693672e-04   4.2868578e-05   2.2524421e-05   6.4085180e-07   2.4461138e-08   7.0349345e-08
   1.0000000e+00  -1.1348701e-02  -1.8479039e-01   1.7921076e-01  -1.8795964e-03   1.1800579e-03  -4.0887253e-04   1.2879301e-04   3.4147488e-02   3.2116496e-02   3.5328826e-06   1.3925366e-06   1.6717675e-07  -1.1094750e-02   3.5486160e-02  -2.8933110e-02   1.4999322e-03   3.3147888e-04  -1.7128833e-04   1.2309347e-04   1.2592676e-03   8.3712485e-04   2.2497966e-06   1.0987825e-07   2.9339692e-08
   1.0000000e+00  -1.8944897e-02  -2.1581899e-01   2.1002408e-01  -2.7991981e-03   7.6443091e-04  -4.7823078e-04   3.5890912e-04   4.6577836e-02   4.4110114e-02   7.8355100e-06   5.8435462e-07   2.2870468e-07  -7.5961960e-03  -3.1028600e-02   3.0813320e-02  -9.1960170e-04  -4.1562699e-04  -6.9358250e-05   5.7702194e-05   9.6277402e-04   9.4946069e-04   8.4566729e-07   1.7274579e-07   4.8105668e-09
   1.0000000e+00  -2.2698360e-02  -2.7607772e-01   1.9511442e-01  -2.6478674e-03   7.4455464e-04  -3.4744126e-04   5.1521555e-04   7.6218907e-02   3.8069637e-02   7.0112018e-06   5.5436161e-07   1.2071543e-07  -3.7534630e-03  -6.0258730e-02  -1.4909660e-02   1.5133070e-04  -1.9876270e-05   1.3078952e-04   1.4088484e-05   3.6311145e-03   2.2229796e-04   2.2900981e-08   3.9506611e-10   1.7105899e-08
   1.0000000e+00  -1.1150466e-02  -2.6110215e-01   1.6260386e-01  -1.6131280e-03   8.0605824e-04  -3.6379715e-04   1.2433289e-04   6.8174333e-02   2.6440015e-02   2.6021819e-06   6.4972989e-07   1.3234837e-07   1.1547894e-02   1.4975570e-02  -3.2510560e-02   1.0347394e-03   6.1503600e-05  -1.6355890e-05   1.3335386e-04   2.2426770e-04   1.0569365e-03   1.0706856e-06   3.7826928e-09   2.6751514e-10
   1.0000000e+00   4.9092994e-03  -2.7654879e-01   1.7843647e-01  -1.9444407e-03   1.9854434e-04  -2.0363017e-04   2.4101221e-05   7.6479233e-02   3.1839574e-02   3.7808496e-06   3.9419855e-08   4.1465246e-08   1.6059765e-02  -1.5446640e-02   1.5832610e-02  -3.3131270e-04  -6.0751390e-04   1.6016698e-04   2.5791606e-04   2.3859869e-04   2.5067154e-04   1.0976811e-07   3.6907314e-07   2.5653461e-08
   1.0000000e+00   1.2118743e-02  -2.5953855e-01   1.6147817e-01  -2.1931505e-03   3.2485122e-04  -2.3855142e-04   1.4686393e-04   6.7360259e-02   2.6075199e-02   4.8099091e-06   1.0552832e-07   5.6906780e-08   7.2094436e-03   1.7010240e-02  -1.6958300e-02  -2.4870980e-04   1.2630688e-04  -3.4921250e-05   5.1976077e-05   2.8934826e-04   2.8758394e-04   6.1856565e-08   1.5953428e-08   1.2194937e-09
   1.0000000e+00  -2.6456630e-03  -2.5609300e-01   1.9032095e-01  -1.5958817e-03   3.4414951e-04  -3.9018512e-04   6.9995327e-06   6.5583625e-02   3.6222064e-02   2.5468384e-06   1.1843889e-07   1.5224443e-07  -1.4764406e-02   3.4455500e-03   2.8842780e-02   5.9726880e-04   1.9298290e-05  -1.5163370e-04   2.1798768e-04   1.1871815e-05   8.3190596e-04   3.5673002e-07   3.7242400e-10   2.2992779e-08
   1.0000000e+00  -4.5709836e-03  -2.8751796e-01   1.4491524e-01  -1.4179449e-03  -2.3346041e-05  -3.8255570e-04   2.0893891e-05   8.2666577e-02   2.1000427e-02   2.0105677e-06   5.4503763e-10   1.4634886e-07  -1.9253206e-03  -3.1424960e-02  -4.5405710e-02   1.7793680e-04  -3.6749555e-04   7.6294200e-06   3.7068594e-06   9.8752811e-04   2.0616785e-03   3.1661505e-08   1.3505298e-07   5.8208050e-11
   1.0000000e+00   7.1326255e-03  -2.6701413e-01   1.6241019e-01  -1.4982656e-03   3.0720509e-04  -2.6890069e-04   5.0874347e-05   7.1296546e-02   2.6377070e-02   2.2447998e-06   9.4374967e-08   7.2307581e-08   1.1703609e-02   2.0503830e-02   1.7494950e-02  -8.0320700e-05   3.3055113e-04   1.1365501e-04   1.3697447e-04   4.2040704e-04   3.0607328e-04   6.4514148e-09   1.0926405e-07   1.2917461e-08
   1.0000000e+00   2.0205156e-02  -2.9261033e-01   1.3752159e-01  -6.7172087e-04   2.7130372e-04  -1.2446740e-04   4.0824833e-04   8.5620805e-02   1.8912188e-02   4.5120893e-07   7.3605708e-08   1.5492134e-08   1.3072530e-02  -2.5596200e-02  -2.4888600e-02   8.2654473e-04  -3.5901370e-05   1.4443329e-04   1.7089105e-04   6.5516545e-04   6.1944241e-04   6.8317619e-07   1.2889084e-09   2.0860975e-08
   1.0000000e+00   1.7339388e-02  -3.0551689e-01   1.6652602e-01  -1.8947785e-03   3.1529481e-04  -1.0563089e-04   3.0065438e-04   9.3340570e-02   2.7730915e-02   3.5901856e-06   9.9410817e-08   1.1157885e-08  -2.8657680e-03  -1.2906560e-02   2.9004430e-02  -1.2230576e-03   4.3991090e-05   1.8836510e-05   8.2126262e-06   1.6657929e-04   8.4125696e-04   1.4958700e-06   1.9352160e-09   3.5481411e-10
   1.0000000e+00   5.1410239e-03  -2.7089420e-01   1.3565062e-01  -4.1947742e-04   5.8429896e-04  -3.0575675e-04   2.6430127e-05   7.3383668e-02   1.8401091e-02   1.7596131e-07   3.4140527e-07   9.3487190e-08  -1.2198364e-02   3.4622690e-02  -3.0875400e-02   1.4753011e-03   2.6900415e-04  -2.0012586e-04   1.4880009e-04   1.1987307e-03   9.5329033e-04   2.1765133e-06   7.2363233e-08   4.0050360e-08
   1.0000000e+00   2.4566353e-02  -3.0269312e-01   1.6117291e-01  -9.8609705e-04   2.9033635e-04  -1.0077057e-04   6.0350570e-04   9.1623125e-02   2.5976707e-02   9.7238739e-07   8.4295196e-08   1.0154708e-08   1.9425329e-02  -3.1798920e-02   2.5522290e-02  -5.6661963e-04  -2.9396261e-04   2.0498618e-04   3.7734341e-04   1.0111713e-03   6.5138729e-04   3.2105781e-07   8.6414016e-08   4.2019334e-08
   1.0000000e+00   1.1084728e-02  -3.0317263e-01   2.0797756e-01  -2.0366153e-03   5.5219454e-04  -3.0565433e-04   1.2287119e-04   9.1913644e-02   4.3254665e-02   4.1478019e-06   3.0491881e-07   9.3424569e-08  -1.3481625e-02  -4.7951000e-04   4.6804650e-02  -1.0505182e-03   2.6185819e-04  -2.0488376e-04   1.8175421e-04   2.2992984e-07   2.1906753e-03   1.1035886e-06   6.8569712e-08   4.1977355e-08
   1.0000000e+00   1.7851175e-02  -3.1071291e-01   1.7485886e-01  -5.7199340e-04   4.3166616e-04  -8.6218940e-05   3.1866445e-04   9.6542512e-02   3.0575621e-02   3.2717645e-07   1.8633567e-07   7.4337056e-09   6.7664470e-03  -7.5402800e-03  -3.3118700e-02   1.4646219e-03  -1.2052838e-04   2.1943539e-04   4.5784805e-05   5.6855822e-05   1.0968483e-03   2.1451173e-06   1.4527090e-08   4.8151890e-08
   1.0000000e+00   2.3395451e-02  -3.6110135e-01   1.7864275e-01  -1.0109254e-03   2.1358816e-04   1.9829566e-05   5.4734713e-04   1.3039418e-01   3.1913232e-02   1.0219702e-06   4.5619902e-08   3.9321169e-10   5.5442760e-03  -5.0388440e-02   3.7838900e-03  -4.3893200e-04  -2.1807800e-04   1.0604851e-04   3.0738996e-05   2.5389949e-03   1.4317824e-05   1.9266130e-07   4.7558014e-08   1.1246286e-08
   1.0000000e+00   1.6429906e-02  -3.2811856e-01   1.6581975e-01  -1.1462749e-03   6.0934224e-04  -1.0481445e-05   2.6994181e-04   1.0766179e-01   2.7496189e-02   1.3139461e-06   3.7129797e-07   1.0986069e-10  -6.9655450e-03   3.2982790e-02  -1.2823000e-02  -1.3534950e-04   3.9575408e-04  -3.0311011e-05   4.8518817e-05   1.0878644e-03   1.6442933e-04   1.8319487e-08   1.5662129e-07   9.1875739e-10
   1.0000000e+00   3.7094184e-03  -3.6212585e-01   1.6247598e-01  -8.6642616e-04   3.9507659e-04  -2.8893680e-04   1.3759785e-05   1.3113513e-01   2.6398444e-02   7.5069429e-07   1.5608551e-07   8.3484474e-08  -1.2720488e-02  -3.4007290e-02  -3.3437700e-03   2.7984874e-04  -2.1426565e-04  -2.7845535e-04   1.6181080e-04   1.1564958e-03   1.1180798e-05   7.8315317e-08   4.5909769e-08   7.7537385e-08
   1.0000000e+00  -2.0163639e-03  -3.7122292e-01   1.8986395e-01  -1.8619379e-03   6.3809287e-04  -3.1678836e-04   4.0657234e-06   1.3780646e-01   3.6048320e-02   3.4668127e-06   4.0716251e-07   1.0035487e-07  -5.7257823e-03  -9.0970700e-03   2.7387970e-02  -9.9551174e-04   2.4301628e-04  -2.7851560e-05   3.2784583e-05   8.2756683e-05   7.5010090e-04   9.9104362e-07   5.9056912e-08   7.7570939e-10
   1.0000000e+00  -1.4340775e-02  -3.4643148e-01   1.7258561e-01  -9.7897136e-04   6.0730955e-04  -5.3491354e-04   2.0565783e-04   1.2001477e-01   2.9785793e-02   9.5838492e-07   3.6882489e-07   2.8613250e-07  -1.2324411e-02   2.4791440e-02  -1.7278340e-02   8.8296654e-04  -3.0783320e-05  -2.1812518e-04   1.5189111e-04   6.1461550e-04   2.9854103e-04   7.7962991e-07   9.4761279e-10   4.7578594e-08
   1.0000000e+00  -1.7918243e-02  -3.9339700e-01   1.8139332e-01  -7.7936038e-04   3.7472146e-04  -5.3419080e-04   3.2106343e-04   1.5476120e-01   3.2903537e-02   6.0740260e-07   1.4041617e-07   2.8535981e-07  -3.5774680e-03  -4.6965520e-02   8.8077100e-03   1.9961098e-04  -2.3258809e-04   7.2274000e-07   1.2798277e-05   2.2057601e-03   7.7575755e-05   3.9844543e-08   5.4097220e-08   5.2235311e-13
   1.0000000e+00  -2.5500206e-02  -3.6549683e-01   1.7289617e-01  -1.2518310e-03   5.9523696e-04  -6.3100829e-04   6.5026051e-04   1.3358793e-01   2.9893086e-02   1.5670809e-06   3.5430704e-07   3.9817146e-07  -7.5819630e-03   2.7900170e-02  -8.4971500e-03  -4.7247062e-04   2.2051550e-04  -9.6817490e-05   5.7486163e-05   7.7841949e-04   7.2201558e-05   2.2322849e-07   4.8627086e-08   9.3736264e-09
   1.0000000e+00  -2.7285641e-02  -3.7948253e-01   1.7703971e-01  -6.9887385e-04   1.5924028e-04  -5.4246077e-04   7.4450620e-04   1.4400699e-01   3.1343059e-02   4.8842466e-07   2.5357467e-08   2.9426369e-07  -1.7854350e-03  -1.3985700e-02   4.1435400e-03   5.5295715e-04  -4.3599668e-04   8.8547520e-05   3.1877781e-06   1.9559980e-04   1.7168924e-05   3.0576161e-07   1.9009310e-07   7.8406633e-09
   1.0000000e+00  -6.4792322e-03  -3.7493405e-01   1.5476751e-01  -1.0437839e-03   7.2786679e-05  -2.8529981e-04   4.1980450e-05   1.4057554e-01   2.3952982e-02   1.0894848e-06   5.2979006e-09   8.1395982e-08   2.0806409e-02   4.5484800e-03  -2.2272200e-02  -3.4491005e-04  -8.6453601e-05   2.5716096e-04   4.3290665e-04   2.0688670e-05   4.9605089e-04   1.1896294e-07   7.4742251e-09   6.6131759e-08
   1.0000000e+00  -2.0734989e-02  -3.6489646e-01   1.4638222e-01  -4.0620687e-04   4.0283140e-04  -6.2352042e-04   4.2993977e-04   1.3314943e-01   2.1427754e-02   1.6500402e-07   1.6227314e-07   3.8877771e-07  -1.4255757e-02   1.0037590e-02  -8.3852900e-03   6.3757703e-04   3.3004472e-04  -3.3822061e-04   2.0322660e-04   1.0075321e-04   7.0313088e-05   4.0650447e-07   1.0892952e-07   1.1439318e-07
   1.0000000e+00  -1.4296000e-02  -3.9799380e-01   1.0339307e-01   2.8091247e-05   1.9041366e-04  -4.8667199e-04   2.0437562e-04   1.5839906e-01   1.0690127e-02   7.8911816e-10   3.6257362e-08   2.3684963e-07   6.4389890e-03  -3.3097340e-02  -4.2989150e-02   4.3429812e-04  -2.1241774e-04   1.3684843e-04   4.1460579e-05   1.0954339e-03   1.8480670e-03   1.8861485e-07   4.5121296e-08   1.8727493e-08
   1.0000000e+00  -2.0815783e-02  -4.1996110e-01   1.2368775e-01  -5.5545572e-04   3.4595857e-04  -4.6836120e-04   4.3329682e-04   1.7636733e-01   1.5298660e-02   3.0853106e-07   1.1968733e-07   2.1936221e-07  -6.5197830e-03  -2.1967300e-02   2.0294680e-02  -5.8354697e-04   1.5554491e-04   1.8310790e-05   4.2507570e-05   4.8256227e-04   4.1187404e-04   3.4052706e-07   2.4194219e-08   3.3528503e-10
   1.0000000e+00  -3.6766728e-02  -4.2519563e-01   7.2930718e-02   5.6290350e-04   5.3266456e-04  -6.7995166e-04   1.3517923e-03   1.8079132e-01   5.3188896e-03   3.1686035e-07   2.8373153e-07   4.6233426e-07  -1.5950945e-02  -5.2345300e-03  -5.0757032e-02   1.1183592e-03   1.8670599e-04  -2.1159046e-04   2.5443265e-04   2.7400304e-05   2.5762763e-03   1.2507273e-06   3.4859127e-08   4.4770523e-08
   1.0000000e+00  -2.6960827e-02  -4.3225051e-01   7.9832177e-02   3.4095006e-04   3.6130841e-04  -6.2060939e-04   7.2688619e-04   1.8684050e-01   6.3731765e-03   1.1624694e-07   1.3054377e-07   3.8515601e-07   9.8059010e-03  -7.0548800e-03   6.9014590e-03  -2.2195344e-04  -1.7135615e-04   5.9342270e-05   9.6155694e-05   4.9771332e-05   4.7630136e-05   4.9263330e-08   2.9362930e-08   3.5215050e-09
   1.0000000e+00  -3.6336682e-02  -4.3690010e-01   9.0305682e-02  -7.1155682e-06   3.7106503e-04  -6.8931820e-04   1.3203545e-03   1.9088170e-01   8.1551162e-03   5.0631311e-11   1.3768926e-07   4.7515958e-07  -9.3758550e-03  -4.6495900e-03   1.0473505e-02  -3.4806563e-04   9.7566200e-06  -6.8708810e-05   8.7906657e-05   2.1618687e-05   1.0969431e-04   1.2114968e-07   9.5191634e-11   4.7209006e-09
   1.0000000e+00  -3.5613363e-02  -4.5151547e-01   6.1868802e-02   9.7161446e-04   1.5878866e-04  -6.3230902e-04   1.2683116e-03   2.0386622e-01   3.8277487e-03   9.4403466e-07   2.5213839e-08   3.9981470e-07   7.2331900e-04  -1.4615370e-02  -2.8436880e-02   9.7873003e-04  -2.1227637e-04   5.7009180e-05   5.2319038e-07   2.1360904e-04   8.0865614e-04   9.5791247e-07   4.5061257e-08   3.2500466e-09
   1.0000000e+00  -3.1151362e-02  -4.5502136e-01   6.1680055e-02   1.7128563e-05   2.7170359e-04  -5.3394763e-04   9.7040735e-04   2.0704444e-01   3.8044292e-03   2.9338767e-10   7.3822841e-08   2.8510007e-07   4.4620010e-03  -3.5058900e-03  -1.8874700e-04  -9.5448590e-04   1.1291493e-04   9.8361390e-05   1.9909453e-05   1.2291265e-05   3.5625430e-08   9.1104333e-07   1.2749781e-08   9.6749630e-09
   1.0000000e+00  -4.8451116e-02  -4.6299979e-01   6.9313992e-02   9.1874753e-04   1.8350860e-04  -6.4588485e-04   2.3475106e-03   2.1436881e-01   4.8044295e-03   8.4409702e-07   3.3675406e-08   4.1716724e-07  -1.7299754e-02  -7.9784300e-03   7.6339370e-03   9.0161897e-04  -8.8194990e-05  -1.1193722e-04   2.9928149e-04   6.3655345e-05   5.8276994e-05   8.1291676e-07   7.7783563e-09   1.2529941e-08
   1.0000000e+00  -3.3014520e-02  -4.6093054e-01   3.4936299e-03   1.6138077e-03   2.0816130e-05  -3.5465486e-04   1.0899585e-03   2.1245696e-01   1.2205450e-05   2.6043753e-06   4.3331127e-10   1.2578007e-07   1.5436596e-02   2.0692500e-03  -6.5820362e-02   6.9506017e-04  -1.6269247e-04   2.9122999e-04   2.3828850e-04   4.2817956e-06   4.3323201e-03   4.8310864e-07   2.6468840e-08   8.4814907e-08
   1.0000000e+00   3.7066700e-03  -4.3080501e-01   2.7624962e-02   1.3117422e-03  -1.2793768e-04   4.1871867e-04   1.3739402e-05   1.8559296e-01   7.6313853e-04   1.7206676e-06   1.6368050e-08   1.7532532e-07   3.6721190e-02   3.0125530e-02   2.4131332e-02  -3.0206550e-04  -1.4875381e-04   7.7337353e-04   1.3484458e-03   9.0754756e-04   5.8232119e-04   9.1243566e-08   2.2127696e-08   5.9810662e-07
   1.0000000e+00  -4.2787591e-02  -4.5617250e-01   1.8910965e-02   2.1760272e-03   2.0498515e-04  -3.0245024e-04   1.8307779e-03   2.0809335e-01   3.5762460e-04   4.7350944e-06   4.2018912e-08   9.1476148e-08  -4.6494261e-02  -2.5367490e-02  -8.7139970e-03   8.6428500e-04   3.3292283e-04  -7.2116891e-04   2.1617163e-03   6.4350955e-04   7.5933744e-05   7.4698856e-07   1.1083761e-07   5.2008460e-07
   1.0000000e+00  -3.2082062e-02  -4.8608549e-01   8.4814067e-02   9.3857241e-04  -8.9589059e-06  -1.3801776e-04   1.0292587e-03   2.3627910e-01   7.1934260e-03   8.8091817e-07   8.0261995e-11   1.9048902e-08   1.0705529e-02  -2.9912990e-02   6.5903102e-02  -1.2374548e-03  -2.1394406e-04   1.6443248e-04   1.1460835e-04   8.9478697e-04   4.3432189e-03   1.5312944e-06   4.5772059e-08   2.7038040e-08
   1.0000000e+00  -3.8178982e-02  -4.8161820e-01   2.4207456e-02   1.2201917e-03   2.4132990e-04  -6.6040377e-04   1.4576347e-03   2.3195609e-01   5.8600093e-04   1.4888678e-06   5.8240121e-08   4.3613314e-07  -6.0969200e-03   4.4672900e-03  -6.0606611e-02   2.8161929e-04   2.5028881e-04  -5.2238601e-04   3.7172433e-05   1.9956680e-05   3.6731613e-03   7.9309425e-08   6.2644486e-08   2.7288714e-07
   1.0000000e+00  -4.8205830e-02  -4.7615986e-01  -4.6258604e-02   3.4147230e-03   7.1603891e-05  -6.7304667e-04   2.3238020e-03   2.2672821e-01   2.1398584e-03   1.1660333e-05   5.1271172e-09   4.5299182e-07  -1.0026848e-02   5.4583400e-03  -7.0466060e-02   2.1945313e-03  -1.6972601e-04  -1.2642900e-05   1.0053768e-04   2.9793476e-05   4.9654656e-03   4.8159676e-06   2.8806918e-08   1.5984292e-10
   1.0000000e+00  -3.4821382e-02  -4.6415770e-01  -3.8039020e-02   2.3630687e-03   1.3411436e-05  -3.2667356e-04   1.2125286e-03   2.1544237e-01   1.4469670e-03   5.5840937e-06   1.7986662e-10   1.0671561e-07   1.3384448e-02   1.2002160e-02   8.2195840e-03  -1.0516543e-03  -5.8192455e-05   3.4637311e-04   1.7914345e-04   1.4405184e-04   6.7561561e-05   1.1059768e-06   3.3863618e-09   1.1997433e-07
   1.0000000e+00  -5.1780836e-02  -4.0464611e-01  -2.6285915e-02   2.9770209e-03   3.4988144e-04  -7.1273070e-04   2.6812550e-03   1.6373847e-01   6.9094933e-04   8.8626534e-06   1.2241702e-07   5.0798505e-07  -1.6959454e-02   5.9511590e-02   1.1753105e-02   6.1395220e-04   3.3647000e-04  -3.8605714e-04   2.8762308e-04   3.5416293e-03   1.3813548e-04   3.7693730e-07   1.1321206e-07   1.4904012e-07
   1.0000000e+00  -2.1281368e-02  -4.3868179e-01  -3.0336745e-02   2.9440837e-03   1.2257627e-04   2.5463092e-04   4.5289662e-04   1.9244171e-01   9.2031810e-04   8.6676288e-06   1.5024942e-08   6.4836905e-08   3.0499468e-02  -3.4035680e-02  -4.0508300e-03  -3.2937200e-05  -2.2730517e-04   9.6736162e-04   9.3021755e-04   1.1584275e-03   1.6409224e-05   1.0848591e-09   5.1667640e-08   9.3578850e-07
   1.0000000e+00  -1.6763704e-02  -4.3660570e-01  -4.7505917e-02   3.0136166e-03  -1.4730116e-04   2.9870988e-04   2.8102177e-04   1.9062454e-01   2.2568122e-03   9.0818850e-06   2.1697632e-08   8.9227592e-08   4.5176640e-03   2.0760900e-03  -1.7169172e-02   6.9532900e-05  -2.6987743e-04   4.4078960e-05   2.0409288e-05   4.3101497e-06   2.9478047e-04   4.8348242e-09   7.2833827e-08   1.9429547e-09
   1.0000000e+00  -3.9951123e-02  -4.2226060e-01  -7.1142104e-02   3.5584896e-03   4.7084614e-04   6.0395891e-06   1.5960922e-03   1.7830401e-01   5.0611990e-03   1.2662848e-05   2.2169609e-07   3.6476636e-11  -2.3187419e-02   1.4345100e-02  -2.3636187e-02   5.4487300e-04   6.1814730e-04  -2.9267029e-04   5.3765640e-04   2.0578189e-04   5.5866934e-04   2.9688659e-07   3.8210608e-07   8.5655899e-08
   1.0000000e+00  -8.8872544e-05  -4.7245508e-01  -2.7973284e-02   3.0969733e-03   8.4832369e-06   8.2187354e-04   7.8983291e-09   2.2321380e-01   7.8250462e-04   9.5912436e-06   7.1965308e-11   6.7547612e-07   3.9862250e-02  -5.0194480e-02   4.3168820e-02  -4.6151630e-04  -4.6236290e-04   8.1583395e-04   1.5889990e-03   2.5194858e-03   1.8635470e-03   2.1299730e-07   2.1377945e-07   6.6558504e-07
   1.0000000e+00  -2.5695106e-02  -4.3203024e-01  -7.3428420e-02   3.5120168e-03   5.1441512e-04   3.3219240e-04   6.6023847e-04   1.8665013e-01   5.3917329e-03   1.2334262e-05   2.6462292e-07   1.1035179e-07  -2.5606233e-02   4.0424840e-02  -4.5455136e-02   4.1504350e-04   5.0593188e-04  -4.8968114e-04   6.5567919e-04   1.6341677e-03   2.0661694e-03   1.7226111e-07   2.5596707e-07   2.3978762e-07
   1.0000000e+00  -2.1103365e-02  -4.8377676e-01  -7.6443388e-03   3.4288816e-03   1.5009958e-05   5.9211538e-04   4.4535201e-04   2.3403995e-01   5.8435916e-05   1.1757229e-05   2.2529884e-10   3.5060062e-07   4.5917410e-03  -5.1746520e-02   6.5784081e-02  -8.3135200e-05  -4.9940516e-04   2.5992298e-04   2.1084085e-05   2.6777023e-03   4.3275453e-03   6.9114615e-09   2.4940552e-07   6.7559956e-08
   1.0000000e+00  -3.2467617e-02  -4.3702699e-01  -5.0739623e-02   2.9589115e-03   5.5756851e-04   5.4307670e-04   1.0541462e-03   1.9099259e-01   2.5745093e-03   8.7551573e-06   3.1088264e-07   2.9493230e-07  -1.1364252e-02   4.6749770e-02  -4.3095284e-02  -4.6997010e-04   5.4255855e-04  -4.9038680e-05   1.2914622e-04   2.1855410e-03   1.8572035e-03   2.2087189e-07   2.9436978e-07   2.4047921e-09
   1.0000000e+00  -5.2719551e-02  -4.8855856e-01  -3.4479820e-02   4.1598915e-03  -1.2636984e-04   5.7414061e-04   2.7793511e-03   2.3868947e-01   1.1888580e-03   1.7304697e-05   1.5969336e-08   3.2963744e-07  -2.0251934e-02  -5.1531570e-02   1.6259803e-02   1.2009800e-03  -6.8393835e-04   3.1063910e-05   4.1014083e-04   2.6555027e-03   2.6438119e-04   1.4423530e-06   4.6777167e-07   9.6496650e-10
   1.0000000e+00  -1.1465845e-01  -4.7942364e-01  -6.1250179e-02   2.8385581e-03  -8.9414056e-05  -6.0623819e-04   1.3146560e-02   2.2984703e-01   3.7515844e-03   8.0574121e-06   7.9948734e-09   3.6752474e-07  -6.1938899e-02   9.1349200e-03  -2.6770359e-02  -1.3213334e-03   3.6955784e-05  -1.1803788e-03   3.8364272e-03   8.3446763e-05   7.1665212e-04   1.7459220e-06   1.3657300e-09   1.3932941e-06
   1.0000000e+00  -9.3602670e-02  -4.8396269e-01  -5.5171821e-02   4.4638976e-03   2.8916367e-04  -2.8113621e-04   8.7614598e-03   2.3421989e-01   3.0439298e-03   1.9926382e-05   8.3615628e-08   7.9037569e-08   2.1055780e-02  -4.5390500e-03   6.0783580e-03   1.6253395e-03   3.7857773e-04   3.2510198e-04   4.4334587e-04   2.0602975e-05   3.6946436e-05   2.6417285e-06   1.4332109e-07   1.0569130e-07
   1.0000000e+00  -5.6128968e-02  -4.9626714e-01  -9.2856763e-02   3.0727480e-03   3.2149152e-04  -1.7225752e-05   3.1504610e-03   2.4628107e-01   8.6223784e-03   9.4417803e-06   1.0335680e-07   2.9672653e-10   3.7473702e-02  -1.2304450e-02  -3.7684942e-02  -1.3911496e-03   3.2327850e-05   2.6391046e-04   1.4042783e-03   1.5139949e-04   1.4201549e-03   1.9352972e-06   1.0450899e-09   6.9648730e-08
   1.0000000e+00  -9.0549564e-02  -4.9933334e-01  -2.1774638e-02   4.1630595e-03   5.5360716e-04  -5.8661044e-04   8.1992235e-03   2.4933378e-01   4.7413486e-04   1.7331064e-05   3.0648089e-07   3.4411181e-07  -3.4420596e-02  -3.0662000e-03   7.1082125e-02   1.0903115e-03   2.3211564e-04  -5.6938469e-04   1.1847774e-03   9.4015824e-06   5.0526685e-03   1.1887792e-06   5.3877670e-08   3.2419892e-07
   1.0000000e+00   1.8456309e-03  -4.8437649e-01  -8.2998048e-02   3.2355295e-03  -1.5740416e-04   8.0910247e-04   3.4063534e-06   2.3462058e-01   6.8886760e-03   1.0468651e-05   2.4776070e-08   6.5464681e-07   9.2395195e-02   1.4956850e-02  -6.1223410e-02  -9.2753000e-04  -7.1101132e-04   1.3957129e-03   8.5368720e-03   2.2370736e-04   3.7483059e-03   8.6031190e-07   5.0553710e-07   1.9480145e-06
   1.0000000e+00  -1.5489126e-02  -4.9427107e-01  -6.6870286e-02   5.4163353e-03   8.7903038e-05   4.9554582e-04   2.3991302e-04   2.4430389e-01   4.4716351e-03   2.9336688e-05   7.7269441e-09   2.4556566e-07  -1.7334757e-02  -9.8945800e-03   1.6127762e-02   2.1808058e-03   2.4530720e-04  -3.1355665e-04   3.0049380e-04   9.7902713e-05   2.6010471e-04   4.7559139e-06   6.0175621e-08   9.8317773e-08
   1.0000000e+00  -3.3147616e-02  -5.3978407e-01  -1.3383469e-01   4.1028826e-03  -1.6403483e-04  -6.0187155e-06   1.0987644e-03   2.9136684e-01   1.7911724e-02   1.6833646e-05   2.6907425e-08   3.6224936e-11  -1.7658490e-02  -4.5513000e-02  -6.6964404e-02  -1.3134527e-03  -2.5193787e-04  -5.0156454e-04   3.1182227e-04   2.0714332e-03   4.4842314e-03   1.7251580e-06   6.3472689e-08   2.5156698e-07
   1.0000000e+00  -4.5635229e-02  -5.8715534e-01  -2.2146582e-02   4.2012487e-03   4.9674816e-04   3.4971711e-06   2.0825741e-03   3.4475139e-01   4.9047109e-04   1.7650491e-05   2.4675873e-07   1.2230206e-11  -1.2487613e-02  -4.7371270e-02   1.1168811e-01   9.8366100e-05   6.6078299e-04   9.5158866e-06   1.5594048e-04   2.2440372e-03   1.2474233e-02   9.6758896e-09   4.3663416e-07   9.0552098e-11
   1.0000000e+00  -4.0170691e-02  -6.8977562e-01  -1.6503083e-01   3.4176484e-03   8.7640909e-04  -3.2096393e-04   1.6136844e-03   4.7579041e-01   2.7235175e-02   1.1680321e-05   7.6809289e-07   1.0301784e-07   5.4645380e-03  -1.0262028e-01  -1.4288425e-01  -7.8360030e-04   3.7966093e-04  -3.2446110e-04   2.9861176e-05   1.0530922e-02   2.0415908e-02   6.1402943e-07   1.4414242e-07   1.0527501e-07
   1.0000000e+00  -4.8494486e-02  -5.4590270e-01  -1.0135837e-01   4.0250993e-03   1.3565161e-03  -5.5159463e-04   2.3517152e-03   2.9800976e-01   1.0273519e-02   1.6201424e-05   1.8401359e-06   3.0425664e-07  -8.3237950e-03   1.4387292e-01   6.3672460e-02   6.0745090e-04   4.8010701e-04  -2.3063070e-04   6.9285563e-05   2.0699417e-02   4.0541822e-03   3.6899660e-07   2.3050274e-07   5.3190520e-08
   1.0000000e+00  -7.1401991e-02  -6.8770502e-01  -3.3167308e-02   1.4390096e-03   1.4708494e-03  -8.0321183e-04   5.0982443e-03   4.7293819e-01   1.1000703e-03   2.0707486e-06   2.1633980e-06   6.4514924e-07  -2.2907505e-02  -1.4180232e-01   6.8191062e-02  -2.5860897e-03   1.1433330e-04  -2.5161720e-04   5.2475379e-04   2.0107898e-02   4.6500209e-03   6.6878599e-06   1.3072103e-08   6.3311215e-08
   1.0000000e+00  -4.4268072e-02  -6.3841934e-01   1.5353491e-01   2.5072935e-03   1.0934395e-03  -4.6304780e-04   1.9596622e-03   4.0757925e-01   2.3572969e-02   6.2865207e-06   1.1956099e-06   2.1441327e-07   2.7133919e-02   4.9285680e-02   1.8670222e-01   1.0682839e-03  -3.7740990e-04   3.4016403e-04   7.3624956e-04   2.4290783e-03   3.4857718e-02   1.1412305e-06   1.4243823e-07   1.1571157e-07
   1.0000000e+00   6.8585277e-03  -5.1082407e-01  -4.3434300e-01  -5.8966014e-03  -7.3532115e-04  -5.7712574e-04   4.7039402e-05   2.6094123e-01   1.8865384e-01   3.4769908e-05   5.4069719e-07   3.3307412e-07   5.1126600e-02   1.2759527e-01  -5.8787791e-01  -8.4038949e-03  -1.8287607e-03  -1.1407794e-04   2.6139292e-03   1.6280553e-02   3.4560044e-01   7.0625449e-05   3.3443655e-06   1.3013776e-08
   1.0000000e+00  -8.4927762e-02  -6.3075268e-01   2.2503364e-01  -1.3291297e-02   2.0322990e-04  -1.5876619e-03   7.2127248e-03   3.9784894e-01   5.0640139e-02   1.7665858e-04   4.1302392e-08   2.5206703e-06  -9.1786290e-02  -1.1992861e-01   6.5937664e-01  -7.3946956e-03   9.3855105e-04  -1.0105362e-03   8.4247230e-03   1.4382871e-02   4.3477755e-01   5.4681523e-05   8.8087807e-07   1.0211833e-06
   1.0000000e+00   5.5881490e-02  -6.4518705e-01   7.9071579e-01  -7.8185651e-03  -2.3525997e-03   3.5126101e-04   3.1227409e-03   4.1626633e-01   6.2523146e-01   6.1129960e-05   5.5347253e-06   1.2338430e-07   1.4080925e-01  -1.4434370e-02   5.6568215e-01   5.4727319e-03  -2.5558296e-03   1.9389229e-03   1.9827245e-02   2.0835104e-04   3.1999629e-01   2.9950794e-05   6.5322649e-06   3.7594221e-06
   1.0000000e+00   3.2798942e-02  -5.8291144e-01   6.1305463e-01  -9.0879598e-03  -1.5728904e-03  -3.5196821e-04   1.0757706e-03   3.3978575e-01   3.7583598e-01   8.2591013e-05   2.4739842e-06   1.2388162e-07  -2.3082548e-02   6.2275610e-02  -1.7766116e-01  -1.2693947e-03   7.7970930e-04  -7.0322922e-04   5.3280402e-04   3.8782516e-03   3.1563488e-02   1.6113629e-06   6.0794659e-07   4.9453134e-07
   1.0000000e+00   2.6641738e-02  -6.3847874e-01   8.5163233e-01  -7.1595099e-03  -1.3699444e-03  -5.2751508e-04   7.0978220e-04   4.0765510e-01   7.2527763e-01   5.1258582e-05   1.8767477e-06   2.7827216e-07  -6.1572040e-03  -5.5567300e-02   2.3857770e-01   1.9284499e-03   2.0294600e-04  -1.7554687e-04   3.7911161e-05   3.0877248e-03   5.6919319e-02   3.7189190e-06   4.1187079e-08   3.0816704e-08
   1.0000000e+00   1.8977354e-02  -6.4015690e-01   8.9385519e-01  -1.0121604e-02  -9.6595462e-04  -4.0489363e-04   3.6013996e-04   4.0980086e-01   7.9897710e-01   1.0244687e-04   9.3306833e-07   1.6393885e-07  -7.6643840e-03  -1.6781600e-03   4.2222860e-02  -2.9620941e-03   4.0398978e-04   1.2262145e-04   5.8742782e-05   2.8162210e-06   1.7827699e-03   8.7740015e-06   1.6320774e-07   1.5036020e-08
   1.0000000e+00   4.5968790e-04  -6.3090438e-01   1.0489250e+00  -9.2991036e-03  -6.8143955e-04  -6.3591448e-04   2.1131297e-07   3.9804034e-01   1.1002437e+00   8.6473328e-05   4.6435986e-07   4.0438723e-07  -1.8517666e-02   9.2525200e-03   1.5506981e-01   8.2250040e-04   2.8451507e-04  -2.3102085e-04   3.4290396e-04   8.5609126e-05   2.4046646e-02   6.7650691e-07   8.0948825e-08   5.3370633e-08
   1.0000000e+00  -1.6087223e-02  -6.9251447e-01   9.9344941e-01  -9.7278671e-03  -4.1774398e-04  -1.0574793e-03   2.5879874e-04   4.7957629e-01   9.8694173e-01   9.4631398e-05   1.7451003e-07   1.1182625e-06  -1.6546911e-02  -6.1610090e-02  -5.5475590e-02  -4.2876350e-04   2.6369557e-04  -4.2156482e-04   2.7380026e-04   3.7958032e-03   3.0775411e-03   1.8383814e-07   6.9535354e-08   1.7771690e-07
   1.0000000e+00  -7.4937270e-03  -6.9085417e-01   1.0812172e+00  -1.0291249e-02  -6.8064480e-04  -7.3249183e-04   5.6155944e-05   4.7727948e-01   1.1690306e+00   1.0590981e-04   4.6327734e-07   5.3654428e-07   8.5934960e-03   1.6603000e-03   8.7767790e-02  -5.6338190e-04  -2.6290082e-04   3.2498747e-04   7.3848174e-05   2.7565961e-06   7.7031850e-03   3.1739917e-07   6.9116841e-08   1.0561686e-07
   1.0000000e+00  -1.4645090e-02  -6.8947058e-01   1.0194419e+00  -9.5415684e-03  -4.1260198e-04  -9.6487181e-04   2.1447866e-04   4.7536968e-01   1.0392618e+00   9.1041528e-05   1.7024039e-07   9.3097761e-07  -7.1513630e-03   1.3835900e-03  -6.1775300e-02   7.4968060e-04   2.6804282e-04  -2.3237998e-04   5.1141993e-05   1.9143213e-06   3.8161877e-03   5.6202100e-07   7.1846953e-08   5.4000455e-08
   1.0000000e+00  -7.4883515e-03  -6.8494750e-01   1.0419118e+00  -8.3483394e-03  -1.8048950e-04  -7.0565722e-04   5.6075408e-05   4.6915308e-01   1.0855802e+00   6.9694771e-05   3.2576460e-08   4.9795211e-07   7.1567385e-03   4.5230800e-03   2.2469900e-02   1.1932290e-03   2.3211248e-04   2.5921459e-04   5.1218906e-05   2.0458253e-05   5.0489641e-04   1.4237954e-06   5.3876203e-08   6.7192204e-08
   1.0000000e+00  -1.1619581e-02  -6.6752588e-01   9.8924050e-01  -8.5675668e-03  -3.0207561e-04  -7.4552043e-04   1.3501466e-04   4.4559080e-01   9.7859677e-01   7.3403201e-05   9.1249674e-08   5.5580071e-07  -4.1312295e-03   1.7421620e-02  -5.2671300e-02  -2.1922740e-04  -1.2158611e-04  -3.9863210e-05   1.7067057e-05   3.0351284e-04   2.7742658e-03   4.8060653e-08   1.4783182e-08   1.5890755e-09
   1.0000000e+00  -2.0133810e-02  -6.8033427e-01   1.0234276e+00  -7.7178614e-03   4.4653733e-05  -8.3543711e-04   4.0537031e-04   4.6285472e-01   1.0474041e+00   5.9565385e-05   1.9939559e-09   6.9795516e-07  -8.5142290e-03  -1.2808390e-02   3.4187100e-02   8.4970540e-04   3.4672934e-04  -8.9916680e-05   7.2492095e-05   1.6405485e-04   1.1687578e-03   7.2199927e-07   1.2022124e-07   8.0850093e-09
   1.0000000e+00  -8.0200049e-03  -6.8554877e-01   9.8239392e-01  -8.2471761e-03   3.9881569e-05  -7.1043065e-04   6.4320479e-05   4.6997712e-01   9.6509781e-01   6.8015914e-05   1.5905395e-09   5.0471171e-07   1.2113805e-02  -5.2145000e-03  -4.1033680e-02  -5.2931470e-04  -4.7721640e-06   1.2500646e-04   1.4674427e-04   2.7191010e-05   1.6837629e-03   2.8017405e-07   2.2773549e-11   1.5626615e-08
   1.0000000e+00  -1.9714629e-02  -7.0830890e-01   1.0840536e+00  -9.1059361e-03   1.8146672e-04  -7.9027310e-04   3.8866660e-04   5.0170150e-01   1.1751722e+00   8.2918072e-05   3.2930170e-08   6.2453157e-07  -1.1694624e-02  -2.2760130e-02   1.0165968e-01  -8.5876000e-04   1.4158515e-04  -7.9842450e-05   1.3676423e-04   5.1802352e-04   1.0334691e-02   7.3746874e-07   2.0046355e-08   6.3748168e-09
   1.0000000e+00  -3.5361129e-02  -7.0461858e-01   1.0526555e+00  -9.2141993e-03   5.9170186e-05  -1.1287699e-03   1.2504094e-03   4.9648734e-01   1.1080836e+00   8.4901469e-05   3.5011109e-09   1.2741215e-06  -1.5646500e-02   3.6903200e-03  -3.1398100e-02  -1.0826320e-04  -1.2229653e-04  -3.3849680e-04   2.4481296e-04   1.3618462e-05   9.8584068e-04   1.1720920e-08   1.4956442e-08   1.1458008e-07
   1.0000000e+00  -1.6683786e-02  -7.3175704e-01   1.0727028e+00  -8.3682827e-03  -1.0617237e-04  -9.0042673e-04   2.7834872e-04   5.3546837e-01   1.1506913e+00   7.0028155e-05   1.1272572e-08   8.1076830e-07   1.8677343e-02  -2.7138460e-02   2.0047300e-02   8.4591660e-04  -1.6534256e-04   2.2834317e-04   3.4884314e-04   7.3649601e-04   4.0189424e-04   7.1557489e-07   2.7338161e-08   5.2140603e-08
   1.0000000e+00  -2.0827091e-02  -7.5987298e-01   1.1027461e+00  -1.0377795e-02   5.3907075e-05  -1.0703279e-03   4.3376772e-04   5.7740695e-01   1.2160490e+00   1.0769863e-04   2.9059727e-09   1.1456018e-06  -4.1433050e-03  -2.8115940e-02   3.0043300e-02  -2.0095123e-03   1.6007944e-04  -1.6990117e-04   1.7166976e-05   7.9050608e-04   9.0259987e-04   4.0381397e-06   2.5625429e-08   2.8866408e-08
   1.0000000e+00  -1.6515369e-02  -7.4785701e-01   1.0522727e+00  -7.6228090e-03  -1.5317890e-05  -8.4659884e-04   2.7275741e-04   5.5929011e-01   1.1072778e+00   5.8107217e-05   2.3463775e-10   7.1672960e-07   4.3117220e-03   1.2015970e-02  -5.0473400e-02   2.7549860e-03  -6.9224965e-05   2.2372906e-04   1.8590947e-05   1.4438354e-04   2.5475641e-03   7.5899479e-06   4.7920958e-09   5.0054692e-08
   1.0000000e+00  -1.2181676e-02  -7.6171163e-01   1.0406195e+00  -8.2925345e-03  -1.5833504e-04  -9.0591814e-04   1.4839323e-04   5.8020461e-01   1.0828889e+00   6.8766128e-05   2.5069985e-08   8.2068768e-07   4.3336930e-03  -1.3854620e-02  -1.1653200e-02  -6.6972550e-04  -1.4301715e-04  -5.9319300e-05   1.8780895e-05   1.9195050e-04   1.3579707e-04   4.4853225e-07   2.0453905e-08   3.5187794e-09
   1.0000000e+00  -6.1315488e-03  -7.4572612e-01   1.0718726e+00  -8.6167496e-03   8.2907542e-05  -7.8196987e-04   3.7595891e-05   5.5610745e-01   1.1489109e+00   7.4248374e-05   6.8736605e-09   6.1147688e-07   6.0501272e-03   1.5985510e-02   3.1253100e-02  -3.2421510e-04   2.4124258e-04   1.2394827e-04   3.6604039e-05   2.5553653e-04   9.7675626e-04   1.0511543e-07   5.8197983e-08   1.5363174e-08
   1.0000000e+00  -7.5522311e-03  -7.4751216e-01   1.0293486e+00  -8.1092764e-03  -1.2252020e-05  -8.7661061e-04   5.7036195e-05   5.5877443e-01   1.0595585e+00   6.5760364e-05   1.5011199e-10   7.6844616e-07  -1.4206823e-03  -1.7860400e-03  -4.2524000e-02   5.0747320e-04  -9.5159562e-05  -9.4640740e-05   2.0183382e-06   3.1899389e-06   1.8082906e-03   2.5752905e-07   9.0553422e-09   8.9568697e-09
   1.0000000e+00  -4.6797744e-03  -7.6405836e-01   1.0244698e+00  -8.2764097e-03  -2.6210553e-04  -9.6357065e-04   2.1900288e-05   5.8378518e-01   1.0495384e+00   6.8498958e-05   6.8699309e-08   9.2846840e-07   2.8724567e-03  -1.6546200e-02  -4.8788000e-03  -1.6713330e-04  -2.4985351e-04  -8.6960040e-05   8.2510075e-06   2.7377673e-04   2.3802689e-05   2.7933540e-08   6.2426776e-08   7.5620486e-09
   1.0000000e+00  -1.9738319e-02  -7.4951626e-01   1.0135149e+00  -8.5275150e-03  -8.4404801e-05  -1.0694015e-03   3.8960124e-04   5.6177462e-01   1.0272125e+00   7.2718512e-05   7.1241704e-09   1.1436196e-06  -1.5058545e-02   1.4542100e-02  -1.0954900e-02  -2.5110530e-04   1.7770073e-04  -1.0583085e-04   2.2675977e-04   2.1147267e-04   1.2000983e-04   6.3053872e-08   3.1577549e-08   1.1200169e-08
   1.0000000e+00  -2.2961872e-02  -7.5745341e-01   1.0227083e+00  -7.7094417e-03   1.8362867e-05  -1.0534061e-03   5.2724757e-04   5.7373567e-01   1.0459323e+00   5.9435491e-05   3.3719488e-10   1.1096644e-06  -3.2235530e-03  -7.9371500e-03   9.1934000e-03   8.1807330e-04   1.0276767e-04   1.5995400e-05   1.0391294e-05   6.2998350e-05   8.4518604e-05   6.6924392e-07   1.0561194e-08   2.5585282e-10
   1.0000000e+00  -1.1644422e-02  -7.7150651e-01   1.0041089e+00  -8.3498059e-03  -2.6934412e-04  -7.5385389e-04   1.3559256e-04   5.9522229e-01   1.0082347e+00   6.9719259e-05   7.2546255e-08   5.6829569e-07   1.1317450e-02  -1.4053100e-02  -1.8599400e-02  -6.4036420e-04  -2.8770699e-04   2.9955221e-04   1.2808467e-04   1.9748962e-04   3.4593768e-04   4.1006631e-07   8.2775310e-08   8.9731527e-08
   1.0000000e+00  -2.0844262e-02  -7.7082898e-01   9.9895202e-01  -7.6737779e-03   9.2896345e-05  -9.9662573e-04   4.3448326e-04   5.9417732e-01   9.9790514e-01   5.8886867e-05   8.6297309e-09   9.9326285e-07  -9.1998400e-03   6.7753000e-04  -5.1568800e-03   6.7602800e-04   3.6224046e-04  -2.4277184e-04   8.4637056e-05   4.5904690e-07   2.6593411e-05   4.5701386e-07   1.3121815e-07   5.8938166e-08
   1.0000000e+00  -6.5180188e-03  -7.9668593e-01   9.9613439e-01  -7.9958925e-03  -8.6324110e-05  -8.5825190e-04   4.2484569e-05   6.3470847e-01   9.9228372e-01   6.3934297e-05   7.4518520e-09   7.3659632e-07   1.4326243e-02  -2.5856950e-02  -2.8176300e-03  -3.2211460e-04  -1.7922046e-04   1.3837383e-04   2.0524124e-04   6.6858186e-04   7.9390388e-06   1.0375782e-07   3.2119971e-08   1.9147317e-08
   1.0000000e+00   7.3867447e-03  -8.1596243e-01   1.0026148e+00  -8.1881109e-03  -3.8692835e-04  -4.7788825e-04   5.4563997e-05   6.6579469e-01   1.0052364e+00   6.7045160e-05   1.4971355e-07   2.2837718e-07   1.3904764e-02  -1.9276500e-02   6.4804100e-03  -1.9221840e-04  -3.0060424e-04   3.8036365e-04   1.9334245e-04   3.7158345e-04   4.1995714e-05   3.6947913e-08   9.0362909e-08   1.4467651e-07
   1.0000000e+00  -2.8448720e-03  -7.8659378e-01   9.4760462e-01  -7.0558897e-03   2.3138849e-05  -6.5957449e-04   8.0932967e-06   6.1872977e-01   8.9795452e-01   4.9785579e-05   5.3540633e-10   4.3503851e-07  -1.0231617e-02   2.9368650e-02  -5.5010180e-02   1.1322212e-03   4.1006720e-04  -1.8168624e-04   1.0468598e-04   8.6251760e-04   3.0261199e-03   1.2819248e-06   1.6815511e-07   3.3009890e-08
   1.0000000e+00   1.5416180e-02  -8.0488805e-01   9.2913810e-01  -6.5861623e-03  -1.6244757e-04  -4.7494724e-04   2.3765861e-04   6.4784477e-01   8.6329761e-01   4.3377534e-05   2.6389213e-08   2.2557488e-07   1.8261052e-02  -1.8294270e-02  -1.8466520e-02   4.6972740e-04  -1.8558642e-04   1.8462725e-04   3.3346602e-04   3.3468031e-04   3.4101236e-04   2.2064383e-07   3.4442319e-08   3.4087221e-08
   1.0000000e+00   2.5688493e-02  -8.2663907e-01   8.9310575e-01  -7.0047399e-03  -1.9109974e-04  -2.5632950e-04   6.5989867e-04   6.8333215e-01   7.9763788e-01   4.9066381e-05   3.6519111e-08   6.5704813e-08   1.0272313e-02  -2.1751020e-02  -3.6032350e-02  -4.1857760e-04  -2.8652170e-05   2.1861774e-04   1.0552041e-04   4.7310687e-04   1.2983302e-03   1.7520721e-07   8.2094685e-10   4.7793716e-08
   1.0000000e+00   2.8268147e-02  -7.9780942e-01   8.7535315e-01  -5.6186552e-03  -1.0651250e-04  -1.8046398e-04   7.9908813e-04   6.3649987e-01   7.6624314e-01   3.1569286e-05   1.1344913e-08   3.2567248e-08   2.5796540e-03   2.8829650e-02  -1.7752600e-02   1.3860847e-03   8.4587240e-05   7.5865520e-05   6.6546148e-06   8.3114872e-04   3.1515481e-04   1.9212308e-06   7.1550012e-09   5.7555771e-09
   1.0000000e+00   2.1646198e-02  -8.1660791e-01   9.1331569e-01  -6.4035397e-03   1.1558097e-05  -2.5576453e-04   4.6855789e-04   6.6684848e-01   8.3414555e-01   4.1005321e-05   1.3358961e-10   6.5415495e-08  -6.6219490e-03  -1.8798490e-02   3.7962540e-02  -7.8488450e-04   1.1807060e-04  -7.5300550e-05   4.3850209e-05   3.5338323e-04   1.4411544e-03   6.1604368e-07   1.3940666e-08   5.6701728e-09
   1.0000000e+00   2.7051124e-02  -8.2803978e-01   9.4018772e-01  -6.8379464e-03  -1.9865254e-04  -1.6592482e-04   7.3176331e-04   6.8564988e-01   8.8395295e-01   4.6757511e-05   3.9462832e-08   2.7531046e-08   5.4049260e-03  -1.1431870e-02   2.6872030e-02  -4.3440670e-04  -2.1021064e-04   8.9839710e-05   2.9213225e-05   1.3068765e-04   7.2210600e-04   1.8870918e-07   4.4188512e-08   8.0711735e-09
   1.0000000e+00   9.4060815e-03  -7.8317239e-01   9.2189233e-01  -5.9700489e-03   2.8898129e-04  -5.4711493e-04   8.8474369e-05   6.1335899e-01   8.4988547e-01   3.5641484e-05   8.3510186e-08   2.9933475e-07  -1.7645042e-02   4.4867390e-02  -1.8295390e-02   8.6789750e-04   4.8763383e-04  -3.8119011e-04   3.1134752e-04   2.0130827e-03   3.3472130e-04   7.5324607e-07   2.3778675e-07   1.4530590e-07
   1.0000000e+00   1.0297631e-02  -8.4127979e-01   9.7350347e-01  -6.0345454e-03   1.2976680e-04  -5.1141228e-04   1.0604120e-04   7.0775169e-01   9.4770901e-01   3.6415738e-05   1.6839422e-08   2.6154252e-07   8.9154950e-04  -5.8107400e-02   5.1611140e-02  -6.4496500e-05  -1.5921449e-04   3.5702650e-05   7.9486051e-07   3.3764699e-03   2.6637098e-03   4.1597985e-09   2.5349254e-08   1.2746792e-09
   1.0000000e+00   5.4329139e-03  -8.5425979e-01   9.6728817e-01  -7.0427500e-03   8.5015155e-05  -5.1967436e-04   2.9516553e-05   7.2975979e-01   9.3564640e-01   4.9600328e-05   7.2275766e-09   2.7006144e-07  -4.8647171e-03  -1.2980000e-02  -6.2153000e-03  -1.0082046e-03  -4.4751645e-05  -8.2620800e-06   2.3665472e-05   1.6848040e-04   3.8629954e-05   1.0164765e-06   2.0027097e-09   6.8261966e-11
   1.0000000e+00  -3.1311055e-03  -8.2639555e-01   9.4418257e-01  -5.6038676e-03   3.4404146e-04  -6.7094961e-04   9.8038217e-06   6.8292961e-01   8.9148073e-01   3.1403332e-05   1.1836453e-07   4.5017338e-07  -8.5640194e-03   2.7864240e-02  -2.3105600e-02   1.4388824e-03   2.5902631e-04  -1.5127525e-04   7.3342428e-05   7.7641587e-04   5.3386875e-04   2.0703826e-06   6.7094627e-08   2.2884201e-08
   1.0000000e+00   1.4123926e-02  -8.8212923e-01   9.4856635e-01  -5.7960746e-03   2.8838405e-05  -3.4701325e-04   1.9948529e-04   7.7815198e-01   8.9977812e-01   3.3594481e-05   8.3165360e-10   1.2041820e-07   1.7255032e-02  -5.5733680e-02   4.3837800e-03  -1.9220700e-04  -3.1520306e-04   3.2393636e-04   2.9773611e-04   3.1062431e-03   1.9217527e-05   3.6943531e-08   9.9352966e-08   1.0493477e-07
   1.0000000e+00   1.0584909e-02  -8.5125900e-01   9.4157242e-01  -6.1767570e-03   3.9998728e-04  -4.1472758e-04   1.1204030e-04   7.2464189e-01   8.8655862e-01   3.8152327e-05   1.5998982e-07   1.7199897e-07  -3.5390170e-03   3.0870230e-02  -6.9939300e-03  -3.8068240e-04   3.7114887e-04  -6.7714330e-05   1.2524641e-05   9.5297110e-04   4.8915057e-05   1.4491909e-07   1.3775149e-07   4.5852305e-09
   1.0000000e+00  -5.0862347e-03  -8.3701567e-01   9.0951267e-01  -4.9650008e-03   8.2945311e-04  -8.4474437e-04   2.5869783e-05   7.0059523e-01   8.2721330e-01   2.4651233e-05   6.8799246e-07   7.1359305e-07  -1.5671144e-02   1.4243330e-02  -3.2059750e-02   1.2117562e-03   4.2946583e-04  -4.3001679e-04   2.4558474e-04   2.0287245e-04   1.0278276e-03   1.4683531e-06   1.8444090e-07   1.8491444e-07
   1.0000000e+00   1.2547010e-02  -8.8562654e-01   8.9615005e-01  -4.7559929e-03   4.6155403e-04  -5.2774795e-04   1.5742746e-04   7.8433437e-01   8.0308491e-01   2.2619468e-05   2.1303212e-07   2.7851790e-07   1.7633245e-02  -4.8610870e-02  -1.3362620e-02   2.0900790e-04  -3.6789908e-04   3.1699642e-04   3.1093132e-04   2.3630167e-03   1.7855961e-04   4.3684302e-08   1.3534973e-07   1.0048673e-07
   1.0000000e+00   1.4506766e-02  -8.9390912e-01   9.3316824e-01  -6.2753592e-03   2.8168600e-04  -4.1065255e-04   2.1044626e-04   7.9907351e-01   8.7080296e-01   3.9380133e-05   7.9347003e-08   1.6863552e-07   1.9597560e-03  -8.2825800e-03   3.7018190e-02  -1.5193663e-03  -1.7986803e-04   1.1709540e-04   3.8406436e-06   6.8601131e-05   1.3703464e-03   2.3084740e-06   3.2352508e-08   1.3711333e-08
   1.0000000e+00   3.4692869e-03  -8.7945330e-01   8.7699774e-01  -4.4588779e-03   3.5452357e-04  -7.0651802e-04   1.2035952e-05   7.7343811e-01   7.6912504e-01   1.9881592e-05   1.2568696e-07   4.9916771e-07  -1.1037479e-02   1.4455820e-02  -5.6170500e-02   1.8164813e-03   7.2837570e-05  -2.9586547e-04   1.2182594e-04   2.0897073e-04   3.1551251e-03   3.2996043e-06   5.3053116e-09   8.7536376e-08
   1.0000000e+00   1.4455302e-02  -8.8893826e-01   8.4972238e-01  -4.1996114e-03   3.2963025e-04  -4.4009963e-04   2.0895576e-04   7.9021123e-01   7.2202812e-01   1.7636736e-05   1.0865610e-07   1.9368768e-07   1.0986015e-02  -9.4849600e-03  -2.7275360e-02   2.5926650e-04  -2.4893320e-05   2.6641839e-04   1.2069253e-04   8.9964466e-05   7.4394526e-04   6.7219118e-08   6.1967738e-10   7.0978759e-08
   1.0000000e+00   2.7786783e-02  -8.9467133e-01   8.9103048e-01  -5.0631985e-03   3.1933671e-04  -1.1893486e-04   7.7210531e-04   8.0043679e-01   7.9393532e-01   2.5635979e-05   1.0197593e-07   1.4145501e-08   1.3331481e-02  -5.7330700e-03   4.1308100e-02  -8.6358710e-04  -1.0293540e-05   3.2116477e-04   1.7772839e-04   3.2868092e-05   1.7063591e-03   7.4578268e-07   1.0595697e-10   1.0314681e-07
   1.0000000e+00   1.1661177e-02  -8.8251169e-01   8.6095814e-01  -4.2711655e-03   4.0188098e-04  -3.8470437e-04   1.3598305e-04   7.7882688e-01   7.4124892e-01   1.8242855e-05   1.6150832e-07   1.4799745e-07  -1.6125606e-02   1.2159640e-02  -3.0072340e-02   7.9203300e-04   8.2544270e-05  -2.6576951e-04   2.6003517e-04   1.4785684e-04   9.0434563e-04   6.2731627e-07   6.8135565e-09   7.0633432e-08
   1.0000000e+00   8.3442556e-03  -9.4161587e-01   9.0876419e-01  -5.2256154e-03   4.0704288e-04  -5.6687928e-04   6.9626602e-05   8.8664045e-01   8.2585235e-01   2.7307056e-05   1.6568391e-07   3.2135212e-07  -3.3169214e-03  -5.9104180e-02   4.7806050e-02  -9.5444990e-04   5.1619000e-06  -1.8217491e-04   1.1001968e-05   3.4933041e-03   2.2854184e-03   9.1097461e-07   2.6645212e-11   3.3187698e-08
   1.0000000e+00  -7.4482134e-03  -9.4541995e-01   9.0755595e-01  -6.0786642e-03   5.2510392e-04  -8.0613679e-04   5.5475883e-05   8.9381888e-01   8.2365780e-01   3.6950158e-05   2.7573413e-07   6.4985652e-07  -1.5792469e-02  -3.8040800e-03  -1.2082400e-03  -8.5304880e-04   1.1806104e-04  -2.3925751e-04   2.4940208e-04   1.4471025e-05   1.4598439e-06   7.2769226e-07   1.3938409e-08   5.7244156e-08
   1.0000000e+00  -1.2023042e-03  -9.3137691e-01   8.2661669e-01  -3.3154051e-03   5.9491004e-04  -6.2735420e-04   1.4455354e-06   8.6746295e-01   6.8329515e-01   1.0991911e-05   3.5391796e-07   3.9357329e-07   6.2459092e-03   1.4043040e-02  -8.0939260e-02   2.7632591e-03   6.9806120e-05   1.7878259e-04   3.9011382e-05   1.9720697e-04   6.5511638e-03   7.6356009e-06   4.8728944e-09   3.1963214e-08
   1.0000000e+00   4.0047998e-02  -9.6847320e-01   6.2680811e-01  -1.8289149e-03   6.4097896e-04  -8.2535605e-05   1.6038421e-03   9.3794034e-01   3.9288841e-01   3.3449297e-06   4.1085403e-07   6.8121261e-09   4.1250302e-02  -3.7096290e-02  -1.9980858e-01   1.4864902e-03   4.6068920e-05   5.4481859e-04   1.7015874e-03   1.3761347e-03   3.9923469e-02   2.2096531e-06   2.1223454e-09   2.9682730e-07
   1.0000000e+00   4.1176617e-02  -9.3664638e-01   6.3016553e-01  -2.4727200e-03   3.1573253e-04  -1.4844583e-04   1.6955138e-03   8.7730644e-01   3.9710860e-01   6.1143442e-06   9.9687031e-08   2.2036164e-08   1.1286190e-03   3.1826820e-02   3.3574200e-03  -6.4380510e-04  -3.2524643e-04  -6.5910225e-05   1.2737808e-06   1.0129465e-03   1.1272269e-05   4.1448501e-07   1.0578524e-07   4.3441578e-09
   1.0000000e+00   3.1547724e-02  -9.7055030e-01   5.9238363e-01  -1.3498827e-03   5.0761251e-04  -4.1746788e-04   9.9525889e-04   9.4196788e-01   3.5091837e-01   1.8221833e-06   2.5767046e-07   1.7427943e-07  -9.6288930e-03  -3.3903920e-02  -3.7781900e-02   1.1228373e-03   1.9187998e-04  -2.6902205e-04   9.2715580e-05   1.1494758e-03   1.4274720e-03   1.2607636e-06   3.6817927e-08   7.2372863e-08
   1.0000000e+00   5.2910213e-02  -9.9743692e-01   5.7546760e-01  -2.1577838e-03   3.1427920e-04  -1.9530236e-04   2.7994906e-03   9.9488041e-01   3.3116296e-01   4.6560309e-06   9.8771416e-08   3.8143012e-08   2.1362489e-02  -2.6886620e-02  -1.6916030e-02  -8.0790110e-04  -1.9333331e-04   2.2216552e-04   4.5635594e-04   7.2289034e-04   2.8615207e-04   6.5270419e-07   3.7377769e-08   4.9357518e-08
   1.0000000e+00   2.1788346e-02  -9.7464966e-01   5.8435699e-01  -1.7748794e-03   5.6424867e-04  -6.7879129e-04   4.7473202e-04   9.4994196e-01   3.4147309e-01   3.1501969e-06   3.1837656e-07   4.6075762e-07  -3.1121867e-02   2.2787260e-02   8.8893900e-03   3.8290440e-04   2.4996947e-04  -4.8348893e-04   9.6857061e-04   5.1925922e-04   7.9021255e-05   1.4661578e-07   6.2484736e-08   2.3376155e-07
   1.0000000e+00   4.1937591e-02  -1.0258947e+00   6.3658209e-01  -2.5411765e-03   2.3746925e-04  -1.8904168e-04   1.7587615e-03   1.0524599e+00   4.0523676e-01   6.4575780e-06   5.6391645e-08   3.5736757e-08   2.0149245e-02  -5.1245040e-02   5.2225100e-02  -7.6629710e-04  -3.2677942e-04   4.8974961e-04   4.0599207e-04   2.6260541e-03   2.7274611e-03   5.8721125e-07   1.0678479e-07   2.3985468e-07
   1.0000000e+00   2.4579690e-02  -9.6886557e-01   6.1435477e-01  -2.3784390e-03   4.8692874e-04  -5.7305203e-04   6.0416116e-04   9.3870049e-01   3.7743178e-01   5.6569721e-06   2.3709960e-07   3.2838863e-07  -1.7357901e-02   5.7029130e-02  -2.2227320e-02   1.6273750e-04   2.4945949e-04  -3.8401035e-04   3.0129673e-04   3.2523217e-03   4.9405375e-04   2.6483494e-08   6.2230037e-08   1.4746395e-07
   1.0000000e+00   3.6964133e-02  -9.8558236e-01   5.9681228e-01  -1.7759862e-03   2.5670682e-04  -2.3865329e-04   1.3663471e-03   9.7137259e-01   3.5618490e-01   3.1541270e-06   6.5898391e-08   5.6955393e-08   1.2384443e-02  -1.6716790e-02  -1.7542490e-02   6.0245280e-04  -2.3022192e-04   3.3439874e-04   1.5337443e-04   2.7945107e-04   3.0773896e-04   3.6294938e-07   5.3002132e-08   1.1182252e-07
   1.0000000e+00   5.4044746e-02  -1.0027049e+00   5.7431031e-01  -1.7748398e-03   1.4885048e-04   9.6920514e-05   2.9208346e-03   1.0054171e+00   3.2983233e-01   3.1500563e-06   2.2156465e-08   9.3935860e-09   1.7080613e-02  -1.7122540e-02  -2.2501970e-02   1.1464000e-06  -1.0785634e-04   3.3557380e-04   2.9174734e-04   2.9318138e-04   5.0633865e-04   1.3142330e-12   1.1632990e-08   1.1260978e-07
   1.0000000e+00   3.4454493e-02  -9.9650605e-01   5.7908070e-01  -1.7398048e-03   3.6884670e-04  -3.0782877e-04   1.1871121e-03   9.9302431e-01   3.3533446e-01   3.0269207e-06   1.3604789e-07   9.4758552e-08  -1.9590253e-02   6.1988500e-03   4.7703900e-03   3.5035000e-05   2.1999622e-04  -4.0474928e-04   3.8377801e-04   3.8425741e-05   2.2756621e-05   1.2274512e-09   4.8398337e-08   1.6382198e-07
   1.0000000e+00   4.2372005e-02  -9.9829592e-01   5.5895955e-01  -8.3030728e-04   4.9387447e-04  -1.3027077e-04   1.7953868e-03   9.9659474e-01   3.1243578e-01   6.8941018e-07   2.4391199e-07   1.6970474e-08   7.9175120e-03  -1.7898700e-03  -2.0121150e-02   9.0949752e-04   1.2502777e-04   1.7755800e-04   6.2686996e-05   3.2036346e-06   4.0486068e-04   8.2718574e-07   1.5631943e-08   3.1526843e-08
   1.0000000e+00   6.5439031e-02  -1.0244957e+00   5.9762288e-01  -1.8348649e-03   1.6738555e-04   2.3255654e-04   4.2822668e-03   1.0495914e+00   3.5715311e-01   3.3667292e-06   2.8017922e-08   5.4082544e-08   2.3067026e-02  -2.6199780e-02   3.8663330e-02  -1.0045576e-03  -3.2648892e-04   3.6282731e-04   5.3208769e-04   6.8642847e-04   1.4948531e-03   1.0091360e-06   1.0659501e-07   1.3164366e-07
   1.0000000e+00   4.4471523e-02  -9.9269239e-01   5.7470211e-01  -1.8191259e-03   5.4075191e-04  -3.3805082e-05   1.9777164e-03   9.8543818e-01   3.3028252e-01   3.3092190e-06   2.9241263e-07   1.1427836e-09  -2.0967508e-02   3.1803310e-02  -2.2920770e-02   1.5739000e-05   3.7336636e-04  -2.6636162e-04   4.3963639e-04   1.0114505e-03   5.2536170e-04   2.4771612e-10   1.3940244e-07   7.0948514e-08
   1.0000000e+00   4.2866581e-02  -9.8339779e-01   5.4142005e-01  -1.0583566e-03   5.5775405e-04  -2.9481946e-04   1.8375438e-03   9.6707121e-01   2.9313567e-01   1.1201187e-06   3.1108958e-07   8.6918514e-08  -1.6049420e-03   9.2946000e-03  -3.3282060e-02   7.6076930e-04   1.7002140e-05  -2.6101438e-04   2.5758388e-06   8.6389589e-05   1.1076955e-03   5.7876993e-07   2.8907276e-10   6.8128506e-08
   1.0000000e+00   5.7076446e-02  -1.0123535e+00   6.1217116e-01  -1.9101358e-03   1.6769168e-04   2.1455740e-04   3.2577207e-03   1.0248596e+00   3.7475353e-01   3.6486188e-06   2.8120500e-08   4.6034878e-08   1.4209865e-02  -2.8955710e-02   7.0751110e-02  -8.5177920e-04  -3.9006237e-04   5.0937686e-04   2.0192026e-04   8.3843314e-04   5.0057196e-03   7.2552781e-07   1.5214865e-07   2.5946479e-07
   1.0000000e+00   1.1281196e-01  -1.0985693e+00   4.2724672e-01  -1.2718060e-03   1.7258728e-04   9.9240219e-04   1.2726538e-02   1.2068545e+00   1.8253976e-01   1.6174905e-06   2.9786369e-08   9.8486211e-07   5.5735514e-02  -8.6215800e-02  -1.8492444e-01   6.3832980e-04   4.8956000e-06   7.7784479e-04   3.1064475e-03   7.4331642e-03   3.4197049e-02   4.0746493e-07   2.3966899e-11   6.0504252e-07
   1.0000000e+00   1.0327645e-01  -1.0393447e+00   4.1346788e-01  -1.8631136e-03   2.0993692e-04   3.7312891e-04   1.0666025e-02   1.0802374e+00   1.7095569e-01   3.4711923e-06   4.4073510e-08   1.3922518e-07  -9.5355100e-03   5.9224600e-02  -1.3778840e-02  -5.9130760e-04   3.7349640e-05  -6.1927328e-04   9.0925951e-05   3.5075532e-03   1.8985643e-04   3.4964468e-07   1.3949956e-09   3.8349940e-07
   1.0000000e+00   1.0427991e-01  -1.0400689e+00   4.7826186e-01  -1.8628702e-03   3.6351996e-04   5.3248476e-04   1.0874300e-02   1.0817433e+00   2.2873441e-01   3.4702854e-06   1.3214676e-07   2.8354002e-07   1.0034600e-03  -7.2420000e-04   6.4793980e-02   2.4340000e-07   1.5358304e-04   1.5935585e-04   1.0069320e-06   5.2446564e-07   4.1982598e-03   5.9243560e-14   2.3587750e-08   2.5394287e-08
   1.0000000e+00   9.0496983e-02  -1.0181314e+00   4.4804635e-01  -1.6923393e-03   3.9040678e-04   2.0969262e-04   8.1897039e-03   1.0365915e+00   2.0074553e-01   2.8640123e-06   1.5241745e-07   4.3970995e-08  -1.3782927e-02   2.1937500e-02  -3.0215510e-02   1.7053090e-04   2.6886820e-05  -3.2279214e-04   1.8996908e-04   4.8125391e-04   9.1297704e-04   2.9080788e-08   7.2290109e-10   1.0419477e-07
   1.0000000e+00   7.5389784e-02  -1.0322575e+00   4.9673030e-01  -1.3026858e-03   3.1838088e-04   2.2818601e-04   5.6836195e-03   1.0655555e+00   2.4674099e-01   1.6969903e-06   1.0136638e-07   5.2068855e-08  -1.5107199e-02  -1.4126100e-02   4.8683950e-02   3.8965350e-04  -7.2025900e-05   1.8493390e-05   2.2822746e-04   1.9954670e-04   2.3701270e-03   1.5182985e-07   5.1877303e-09   3.4200547e-10
   1.0000000e+00   7.4593058e-02  -1.0442671e+00   4.8664535e-01  -1.7055598e-03   3.4102826e-04   1.7609019e-04   5.5641243e-03   1.0904938e+00   2.3682370e-01   2.9089342e-06   1.1630027e-07   3.1007755e-08  -7.9672600e-04  -1.2009600e-02  -1.0084950e-02  -4.0287400e-04   2.2647380e-05  -5.2095820e-05   6.3477232e-07   1.4423049e-04   1.0170622e-04   1.6230746e-07   5.1290382e-10   2.7139745e-09
   1.0000000e+00   7.0768253e-02  -1.0600694e+00   5.1901684e-01  -1.9327808e-03   4.3973965e-04   2.1792317e-04   5.0081456e-03   1.1237471e+00   2.6937848e-01   3.7356416e-06   1.9337096e-07   4.7490508e-08  -3.8248050e-03  -1.5802300e-02   3.2371490e-02  -2.2722100e-04   9.8711390e-05   4.1832980e-05   1.4629133e-05   2.4971269e-04   1.0479134e-03   5.1629383e-08   9.7439385e-09   1.7499982e-09
   1.0000000e+00   6.7603515e-02  -1.0308994e+00   5.1146507e-01  -2.1989525e-03   3.8791292e-04   1.8558533e-04   4.5702352e-03   1.0627536e+00   2.6159652e-01   4.8353921e-06   1.5047643e-07   3.4441915e-08  -3.1647380e-03   2.9170000e-02  -7.5517700e-03  -2.6617170e-04  -5.1826730e-05  -3.2337840e-05   1.0015567e-05   8.5088890e-04   5.7029230e-05   7.0847374e-08   2.6860099e-09   1.0457359e-09
   1.0000000e+00   6.7374944e-02  -1.0402228e+00   5.4588528e-01  -1.8185748e-03   3.3695023e-04   2.1221852e-04   4.5393831e-03   1.0820635e+00   2.9799074e-01   3.3072143e-06   1.1353546e-07   4.5036700e-08  -2.2857100e-04  -9.3234000e-03   3.4420210e-02   3.8037770e-04  -5.0962690e-05   2.6633190e-05   5.2244702e-08   8.6925788e-05   1.1847509e-03   1.4468719e-07   2.5971958e-09   7.0932681e-10
   1.0000000e+00   7.0772486e-02  -1.0690706e+00   5.5345762e-01  -2.1759831e-03   3.4061350e-04   3.6507934e-04   5.0087448e-03   1.1429119e+00   3.0631534e-01   4.7349025e-06   1.1601756e-07   1.3328292e-07   3.3975420e-03  -2.8847800e-02   7.5723400e-03  -3.5740830e-04   3.6632700e-06   1.5286082e-04   1.1543292e-05   8.3219556e-04   5.7340333e-05   1.2774069e-07   1.3419547e-11   2.3366430e-08
   1.0000000e+00   5.2245921e-02  -1.0825300e+00   5.9795248e-01  -2.8480950e-03   2.9610627e-04   2.3858731e-04   2.7296363e-03   1.1718712e+00   3.5754717e-01   8.1116451e-06   8.7678923e-08   5.6923904e-08  -1.8526565e-02  -1.3459400e-02   4.4494860e-02  -6.7211190e-04  -4.4507230e-05  -1.2649203e-04   3.4323361e-04   1.8115545e-04   1.9797926e-03   4.5173441e-07   1.9808935e-09   1.6000234e-08
   1.0000000e+00   5.4665470e-02  -1.0611110e+00   5.9732033e-01  -3.4298264e-03   5.5349506e-04   8.6585548e-05   2.9883136e-03   1.1259566e+00   3.5679158e-01   1.1763709e-05   3.0635678e-07   7.4970571e-09   2.4195490e-03   2.1419000e-02  -6.3215000e-04  -5.8173140e-04   2.5738879e-04  -1.5200176e-04   5.8542174e-06   4.5877356e-04   3.9961362e-07   3.3841142e-07   6.6248989e-08   2.3104536e-08
   1.0000000e+00   4.9249001e-02  -1.0928436e+00   6.5258554e-01  -3.4746437e-03   5.8752539e-04   8.0681571e-05   2.4254641e-03   1.1943071e+00   4.2586789e-01   1.2073149e-05   3.4518608e-07   6.5095159e-09  -5.4164690e-03  -3.1732600e-02   5.5265210e-02  -4.4817300e-05   3.4030330e-05  -5.9039770e-06   2.9338136e-05   1.0069579e-03   3.0542434e-03   2.0085904e-09   1.1580634e-09   3.4856944e-11
   1.0000000e+00   4.7458627e-02  -1.0805550e+00   5.7522953e-01  -2.3419092e-03   5.0964056e-04  -2.0920579e-04   2.2523213e-03   1.1675991e+00   3.3088901e-01   5.4845387e-06   2.5973350e-07   4.3767063e-08  -1.7903740e-03   1.2288600e-02  -7.7356010e-02   1.1327345e-03  -7.7884830e-05  -2.8988736e-04   3.2054391e-06   1.5100969e-04   5.9839523e-03   1.2830874e-06   6.0660467e-09   8.4034682e-08
   1.0000000e+00   5.7989844e-02  -1.1141670e+00   6.3821294e-01  -3.8296992e-03   2.6289045e-04   6.5516192e-05   3.3628220e-03   1.2413681e+00   4.0731576e-01   1.4666596e-05   6.9111389e-08   4.2923714e-09   1.0531217e-02  -3.3612000e-02   6.2983410e-02  -1.4877900e-03  -2.4675011e-04   2.7472198e-04   1.1090653e-04   1.1297665e-03   3.9669099e-03   2.2135191e-06   6.0885617e-08   7.5472167e-08
   1.0000000e+00   5.0808932e-02  -1.1131360e+00   6.0913413e-01  -2.9959350e-03   5.3717888e-04  -1.8253124e-04   2.5815476e-03   1.2390718e+00   3.7104439e-01   8.9756265e-06   2.8856115e-07   3.3317654e-08  -7.1809120e-03   1.0310000e-03  -2.9078810e-02   8.3376420e-04   2.7428843e-04  -2.4804743e-04   5.1565497e-05   1.0629610e-06   8.4557719e-04   6.9516274e-07   7.5234143e-08   6.1527529e-08
   1.0000000e+00   6.5965263e-02  -1.1266522e+00   5.9807142e-01  -2.3164489e-03   2.8424358e-04   1.9394781e-04   4.3514159e-03   1.2693452e+00   3.5768942e-01   5.3659355e-06   8.0794413e-08   3.7615753e-08   1.5156331e-02  -1.3516200e-02  -1.1062710e-02   6.7948610e-04  -2.5293530e-04   3.7647905e-04   2.2971437e-04   1.8268766e-04   1.2238355e-04   4.6170136e-07   6.3976266e-08   1.4173648e-07
   1.0000000e+00   7.5873280e-02  -1.1556125e+00   5.9527315e-01  -2.8793649e-03   3.5458356e-04   3.4140731e-04   5.7567546e-03   1.3354403e+00   3.5435012e-01   8.2907422e-06   1.2572950e-07   1.1655895e-07   9.9080170e-03  -2.8960300e-02  -2.7982700e-03  -5.6291600e-04   7.0339980e-05   1.4745950e-04   9.8168801e-05   8.3869898e-04   7.8303150e-06   3.1687442e-07   4.9477128e-09   2.1744304e-08
   1.0000000e+00   7.7727812e-02  -1.1069844e+00   5.8556749e-01  -3.2318112e-03   5.1896771e-04   3.2499844e-04   6.0416128e-03   1.2254145e+00   3.4288929e-01   1.0444604e-05   2.6932748e-07   1.0562399e-07   1.8545320e-03   4.8628100e-02  -9.7056600e-03  -3.5244630e-04   1.6438415e-04  -1.6408870e-05   3.4392889e-06   2.3646921e-03   9.4199836e-05   1.2421839e-07   2.7022149e-08   2.6925101e-10
   1.0000000e+00   7.3439308e-02  -1.0862922e+00   5.6571865e-01  -2.2401671e-03   5.2185512e-04   1.8799134e-04   5.3933320e-03   1.1800307e+00   3.2003759e-01   5.0183486e-06   2.7233277e-07   3.5340744e-08  -4.2885040e-03   2.0692200e-02  -1.9848840e-02   9.9164410e-04   2.8874100e-06  -1.3700710e-04   1.8391267e-05   4.2816714e-04   3.9397645e-04   9.8335802e-07   8.3371365e-12   1.8770945e-08
   1.0000000e+00   7.9528060e-02  -1.1157290e+00   5.8804990e-01  -2.1751766e-03   4.7742357e-04   2.6467764e-04   6.3247123e-03   1.2448512e+00   3.4580268e-01   4.7313932e-06   2.2793327e-07   7.0054253e-08   6.0887520e-03  -2.9436800e-02   2.2331250e-02   6.4990500e-05  -4.4431550e-05   7.6686300e-05   3.7072901e-05   8.6652519e-04   4.9868473e-04   4.2237651e-09   1.9741626e-09   5.8807886e-09
   1.0000000e+00   7.6023054e-02  -1.1325336e+00   5.9595810e-01  -2.6325919e-03   3.9560419e-04   3.6018213e-04   5.7795047e-03   1.2826324e+00   3.5516606e-01   6.9305401e-06   1.5650268e-07   1.2973117e-07  -3.5050060e-03  -1.6804600e-02   7.9082000e-03  -4.5741530e-04  -8.1819380e-05   9.5504490e-05   1.2285067e-05   2.8239458e-04   6.2539627e-05   2.0922876e-07   6.6944109e-09   9.1211076e-09
   1.0000000e+00   5.5696348e-02  -1.1183956e+00   6.1116354e-01  -2.5039186e-03   6.6205782e-04   1.7649776e-05   3.1020832e-03   1.2508087e+00   3.7352087e-01   6.2696084e-06   4.3832056e-07   3.1151459e-10  -2.0326706e-02   1.4138000e-02   1.5205440e-02   1.2867330e-04   2.6645363e-04  -3.4253235e-04   4.1317498e-04   1.9988304e-04   2.3120541e-04   1.6556818e-08   7.0997537e-08   1.1732841e-07
   1.0000000e+00   5.0303464e-02  -1.1305423e+00   6.0143215e-01  -2.2198588e-03   8.4638411e-04   1.6232058e-05   2.5304385e-03   1.2781259e+00   3.6172063e-01   4.9277731e-06   7.1636606e-07   2.6347971e-10  -5.3928840e-03  -1.2146700e-02  -9.7313900e-03   2.8405980e-04   1.8432629e-04  -1.4177180e-06   2.9083198e-05   1.4754232e-04   9.4699951e-05   8.0689970e-08   3.3976181e-08   2.0099243e-12
   1.0000000e+00   6.3273381e-02  -1.1483547e+00   6.2767814e-01  -2.6702940e-03   6.9083915e-04   4.3353481e-04   4.0035207e-03   1.3187185e+00   3.9397985e-01   7.1304700e-06   4.7725873e-07   1.8795243e-07   1.2969917e-02  -1.7812400e-02   2.6245990e-02  -4.5043520e-04  -1.5554496e-04   4.1730275e-04   1.6821875e-04   3.1728159e-04   6.8885199e-04   2.0289187e-07   2.4194235e-08   1.7414159e-07
   1.0000000e+00   6.0781368e-02  -1.1526924e+00   6.2410841e-01  -3.1281952e-03   8.7293752e-04   2.4808766e-04   3.6943747e-03   1.3286998e+00   3.8951131e-01   9.7856052e-06   7.6201991e-07   6.1547487e-08  -2.4920130e-03  -4.3377000e-03  -3.5697300e-03  -4.5790120e-04   1.8209837e-04  -1.8544715e-04   6.2101288e-06   1.8815641e-05   1.2742972e-05   2.0967351e-07   3.3159816e-08   3.4390645e-08
   1.0000000e+00   5.5167732e-02  -1.1444922e+00   6.0730591e-01  -2.5073891e-03   8.1891233e-04   1.6086993e-04   3.0434787e-03   1.3098624e+00   3.6882047e-01   6.2870001e-06   6.7061740e-07   2.5879134e-08  -5.6136360e-03   8.2002000e-03  -1.6802500e-02   6.2080610e-04  -5.4025190e-05  -8.7217730e-05   3.1512909e-05   6.7243280e-05   2.8232401e-04   3.8540021e-07   2.9187212e-09   7.6069324e-09
   1.0000000e+00   6.4861969e-02  -1.1605581e+00   6.0894483e-01  -2.1345768e-03   9.1135704e-04   1.9660643e-04   4.2070750e-03   1.3468951e+00   3.7081381e-01   4.5564181e-06   8.3057165e-07   3.8654088e-08   9.6942370e-03  -1.6065900e-02   1.6389200e-03   3.7281230e-04   9.2444710e-05   3.5736500e-05   9.3978231e-05   2.5811314e-04   2.6860588e-06   1.3898901e-07   8.5460244e-09   1.2770974e-09
   1.0000000e+00   5.8415597e-02  -1.1832292e+00   6.2531688e-01  -2.5760509e-03   5.5850503e-04   1.2683805e-04   3.4123820e-03   1.4000313e+00   3.9102120e-01   6.6360382e-06   3.1192787e-07   1.6087891e-08  -6.4463720e-03  -2.2671100e-02   1.6372050e-02  -4.4147410e-04  -3.5285201e-04  -6.9768380e-05   4.1555712e-05   5.1397878e-04   2.6804402e-04   1.9489938e-07   1.2450454e-07   4.8676268e-09
   1.0000000e+00   5.2101547e-02  -1.1779682e+00   6.4198494e-01  -3.0395906e-03   7.0490913e-04   2.7717772e-04   2.7145712e-03   1.3876091e+00   4.1214466e-01   9.2391110e-06   4.9689688e-07   7.6827488e-08  -6.3140500e-03   5.2610000e-03   1.6668060e-02  -4.6353970e-04   1.4640410e-04   1.5033967e-04   3.9867227e-05   2.7678121e-05   2.7782422e-04   2.1486905e-07   2.1434160e-08   2.2602016e-08
   1.0000000e+00   6.4118319e-02  -1.1960440e+00   6.2693626e-01  -2.3829806e-03   8.1684152e-04   4.3361282e-04   4.1111588e-03   1.4305212e+00   3.9304907e-01   5.6785965e-06   6.6723007e-07   1.8802008e-07   1.2016772e-02  -1.8075800e-02  -1.5048680e-02   6.5661000e-04   1.1193239e-04   1.5643510e-04   1.4440281e-04   3.2673455e-04   2.2646277e-04   4.3113669e-07   1.2528860e-08   2.4471941e-08
   1.0000000e+00   7.9549986e-02  -1.2260958e+00   6.1742829e-01  -2.9339751e-03   6.1552298e-04   7.2854788e-04   6.3282003e-03   1.5033109e+00   3.8121769e-01   8.6082099e-06   3.7886854e-07   5.3078201e-07   1.5431667e-02  -3.0051800e-02  -9.5079700e-03  -5.5099450e-04  -2.0131854e-04   2.9493506e-04   2.3813635e-04   9.0311068e-04   9.0401494e-05   3.0359494e-07   4.0529155e-08   8.6986690e-08
   1.0000000e+00   6.6802270e-02  -1.1915223e+00   6.0715959e-01  -2.6222090e-03   8.8496189e-04   3.7150809e-04   4.4625433e-03   1.4197254e+00   3.6864277e-01   6.8759800e-06   7.8315755e-07   1.3801826e-07  -1.2747716e-02   3.4573500e-02  -1.0268700e-02   3.1176610e-04   2.6943891e-04  -3.5703979e-04   1.6250426e-04   1.1953269e-03   1.0544620e-04   9.7198101e-08   7.2597326e-08   1.2747741e-07
   1.0000000e+00   5.8402033e-02  -1.2177983e+00   5.8328099e-01  -1.6325276e-03   7.8569704e-04   3.6923639e-04   3.4107975e-03   1.4830327e+00   3.4021671e-01   2.6651464e-06   6.1731984e-07   1.3633551e-07  -8.4002370e-03  -2.6276000e-02  -2.3878600e-02   9.8968140e-04  -9.9264850e-05  -2.2717000e-06   7.0563982e-05   6.9042818e-04   5.7018754e-04   9.7946927e-07   9.8535104e-09   5.1606209e-12
   1.0000000e+00   5.9812879e-02  -1.2396801e+00   6.1909838e-01  -2.4594552e-03   5.4320748e-04   3.5450912e-04   3.5775805e-03   1.5368068e+00   3.8328280e-01   6.0489199e-06   2.9507437e-07   1.2567672e-07   1.4108460e-03  -2.1881800e-02   3.5817390e-02  -8.2692760e-04  -2.4248956e-04  -1.4727270e-05   1.9904864e-06   4.7881317e-04   1.2828854e-03   6.8380926e-07   5.8801187e-08   2.1689248e-10
   1.0000000e+00   7.4308645e-02  -1.2341168e+00   5.9738887e-01  -2.4206156e-03   5.0485731e-04   6.4361520e-04   5.5217747e-03   1.5230443e+00   3.5687346e-01   5.8593799e-06   2.5488090e-07   4.1424053e-07   1.4495766e-02   5.5633000e-03  -2.1709510e-02   3.8839600e-05  -3.8350170e-05   2.8910608e-04   2.1012723e-04   3.0950307e-05   4.7130282e-04   1.5085145e-09   1.4707355e-09   8.3582325e-08
   1.0000000e+00   7.4393250e-02  -1.2073382e+00   5.8660596e-01  -1.7526304e-03   5.7400212e-04   6.7229167e-04   5.5343556e-03   1.4576655e+00   3.4410655e-01   3.0717133e-06   3.2947843e-07   4.5197609e-07   8.4605000e-05   2.6778600e-02  -1.0782910e-02   6.6798520e-04   6.9144810e-05   2.8676470e-05   7.1580060e-09   7.1709342e-04   1.1627115e-04   4.4620423e-07   4.7810047e-09   8.2233993e-10
   1.0000000e+00   7.4870382e-02  -1.2620355e+00   6.1682923e-01  -2.1423058e-03   3.9801421e-04   6.8971801e-04   5.6055741e-03   1.5927336e+00   3.8047830e-01   4.5894741e-06   1.5841531e-07   4.7571093e-07   4.7713200e-04  -5.4697300e-02   3.0223270e-02  -3.8967540e-04  -1.7598791e-04   1.7426340e-05   2.2765495e-07   2.9917946e-03   9.1344605e-04   1.5184692e-07   3.0971744e-08   3.0367733e-10
   1.0000000e+00   7.2035500e-02  -1.2495593e+00   6.1958744e-01  -2.9073621e-03   3.4295425e-04   6.9037630e-04   5.1891133e-03   1.5613984e+00   3.8388860e-01   8.4527544e-06   1.1761762e-07   4.7661944e-07  -2.8348820e-03   1.2476200e-02   2.7582100e-03  -7.6505630e-04  -5.5059960e-05   6.5829000e-07   8.0365560e-06   1.5565557e-04   7.6077224e-06   5.8531114e-07   3.0315992e-09   4.3334572e-13
   1.0000000e+00   6.3171760e-02  -1.2391571e+00   6.1352419e-01  -2.2484728e-03   5.2365476e-04   5.1155066e-04   3.9906713e-03   1.5355103e+00   3.7641193e-01   5.0556299e-06   2.7421431e-07   2.6168408e-07  -8.8637400e-03   1.0402200e-02  -6.0632500e-03   6.5888930e-04   1.8070051e-04  -1.7882564e-04   7.8565887e-05   1.0820576e-04   3.6763001e-05   4.3413511e-07   3.2652674e-08   3.1978610e-08
   1.0000000e+00   6.4011199e-02  -1.2749777e+00   6.1758782e-01  -2.2742994e-03   4.8667673e-04   5.4793954e-04   4.0974336e-03   1.6255681e+00   3.8141472e-01   5.1724378e-06   2.3685424e-07   3.0023774e-07   8.3943900e-04  -3.5820600e-02   4.0636300e-03  -2.5826600e-05  -3.6978030e-05   3.6388880e-05   7.0465783e-07   1.2831154e-03   1.6513089e-05   6.6701327e-10   1.3673747e-09   1.3241506e-09
   1.0000000e+00   5.4102072e-02  -1.2675155e+00   6.2916309e-01  -2.9960937e-03   4.8499615e-04   4.1740981e-04   2.9270342e-03   1.6065955e+00   3.9584619e-01   8.9765775e-06   2.3522127e-07   1.7423095e-07  -9.9091270e-03   7.4622000e-03   1.1575270e-02  -7.2179430e-04  -1.6805800e-06  -1.3052973e-04   9.8190798e-05   5.5684429e-05   1.3398688e-04   5.2098701e-07   2.8243491e-12   1.7038010e-08
   1.0000000e+00   4.0985738e-02  -1.2406047e+00   6.1345282e-01  -2.1114744e-03   6.3324213e-04   1.7879692e-04   1.6798307e-03   1.5391000e+00   3.7632436e-01   4.4583241e-06   4.0099560e-07   3.1968339e-08  -1.3116334e-02   2.6910800e-02  -1.5710270e-02   8.8461930e-04   1.4824598e-04  -2.3861289e-04   1.7203822e-04   7.2419116e-04   2.4681258e-04   7.8255131e-07   2.1976871e-08   5.6936111e-08
   1.0000000e+00   2.4780721e-02  -1.2850517e+00   6.6194812e-01  -2.7448680e-03   6.4498754e-04   1.9324671e-05   6.1408413e-04   1.6513579e+00   4.3817531e-01   7.5343003e-06   4.1600893e-07   3.7344291e-10  -1.6205017e-02  -4.4447000e-02   4.8495300e-02  -6.3339360e-04   1.1745410e-05  -1.5947225e-04   2.6260258e-04   1.9755358e-03   2.3517941e-03   4.0118745e-07   1.3795466e-10   2.5431398e-08
   1.0000000e+00   1.7432086e-02  -1.2976809e+00   7.0896287e-01  -4.1543968e-03   6.3765494e-04  -1.2791698e-04   3.0387762e-04   1.6839757e+00   5.0262835e-01   1.7259013e-05   4.0660382e-07   1.6362754e-08  -7.3486350e-03  -1.2629200e-02   4.7014750e-02  -1.4095288e-03  -7.3326000e-06  -1.4724165e-04   5.4002436e-05   1.5949669e-04   2.2103867e-03   1.9867714e-06   5.3767023e-11   2.1680104e-08
   1.0000000e+00   1.8247580e-02  -1.2444907e+00   6.6964915e-01  -3.0735448e-03   8.0212694e-04  -3.4492018e-04   3.3297418e-04   1.5487571e+00   4.4842998e-01   9.4466776e-06   6.4340763e-07   1.1896993e-07   8.1549400e-04   5.3190200e-02  -3.9313720e-02   1.0808520e-03   1.6447200e-04  -2.1700320e-04   6.6503046e-07   2.8291974e-03   1.5455686e-03   1.1682410e-06   2.7051039e-08   4.7090389e-08
   1.0000000e+00   3.2966484e-02  -1.2650302e+00   6.5129458e-01  -2.4278297e-03   5.1088010e-04   1.8941492e-05   1.0867891e-03   1.6003014e+00   4.2418463e-01   5.8943571e-06   2.6099848e-07   3.5878012e-10   1.4718904e-02  -2.0539500e-02  -1.8354570e-02   6.4571510e-04  -2.9124684e-04   3.6386167e-04   2.1664613e-04   4.2187106e-04   3.3689024e-04   4.1694799e-07   8.4824722e-08   1.3239532e-07
   1.0000000e+00   3.2970617e-02  -1.3027821e+00   6.9738557e-01  -3.7328884e-03   3.5040788e-04  -1.4830336e-05   1.0870616e-03   1.6972412e+00   4.8634663e-01   1.3934456e-05   1.2278568e-07   2.1993887e-10   4.1330000e-06  -3.7751900e-02   4.6090990e-02  -1.3050587e-03  -1.6047222e-04  -3.3771828e-05   1.7081689e-11   1.4252060e-03   2.1243794e-03   1.7031782e-06   2.5751333e-08   1.1405364e-09
   1.0000000e+00   3.3795167e-02  -1.2819742e+00   6.6813592e-01  -2.7176433e-03   4.1767211e-04   5.5890431e-05   1.1421133e-03   1.6434578e+00   4.4640561e-01   7.3855851e-06   1.7444999e-07   3.1237403e-09   8.2455000e-04   2.0807900e-02  -2.9249650e-02   1.0152451e-03   6.7264230e-05   7.0720767e-05   6.7988270e-07   4.3296870e-04   8.5554203e-04   1.0307226e-06   4.5244766e-09   5.0014269e-09
