   1.0000000e+00   0.0000000e+00   0.0000000e+00   0.0000000e+00   0.0000000e+00   0.0000000e+00   0.0000000e+00   0.0000000e+00   0.0000000e+00   0.0000000e+00   0.0000000e+00   0.0000000e+00   0.0000000e+00   0.0000000e+00   0.0000000e+00   0.0000000e+00   0.0000000e+00   0.0000000e+00   0.0000000e+00   0.0000000e+00   0.0000000e+00   0.0000000e+00   0.0000000e+00   0.0000000e+00   0.0000000e+00
   1.0000000e+00  -1.5614376e-02   5.3152828e-02  -9.1238930e-02   1.3647576e-03   4.1806869e-05  -6.6372357e-05   2.4380874e-04   2.8252231e-03   8.3245423e-03   1.8625633e-06   1.7478143e-09   4.4052898e-09  -1.5614376e-02   5.3152828e-02  -9.1238930e-02   1.3647576e-03   4.1806869e-05  -6.6372357e-05   2.4380874e-04   2.8252231e-03   8.3245423e-03   1.8625633e-06   1.7478143e-09   4.4052898e-09
   1.0000000e+00   2.0636040e-03   9.0122729e-03  -2.9167779e-02   3.5477429e-04  -7.3715553e-05   1.3849397e-04   4.2584615e-06   8.1221063e-05   8.5075933e-04   1.2586480e-07   5.4339828e-09   1.9180580e-08   1.7677980e-02  -4.4140555e-02   6.2071151e-02  -1.0099833e-03  -1.1552242e-04   2.0486633e-04   3.1251098e-04   1.9483886e-03   3.8528278e-03   1.0200663e-06   1.3345430e-08   4.1970212e-08
   1.0000000e+00  -6.5901113e-03   6.7200200e-02  -2.4804136e-02   1.7784976e-04  -1.8433919e-05  -1.0841704e-04   4.3429567e-05   4.5158669e-03   6.1524516e-04   3.1630537e-08   3.3980937e-10   1.1754255e-08  -8.6537153e-03   5.8187927e-02   4.3636430e-03  -1.7692453e-04   5.5281634e-05  -2.4691101e-04   7.4886788e-05   3.3858349e-03   1.9041380e-05   3.1302289e-08   3.0560591e-09   6.0965047e-08
   1.0000000e+00  -9.9986524e-03   4.0795788e-02  -8.5630823e-02   1.7134879e-03  -1.6975865e-04   8.4721848e-05   9.9973050e-05   1.6642963e-03   7.3326378e-03   2.9360408e-06   2.8817999e-08   7.1777915e-09  -3.4085411e-03  -2.6404412e-02  -6.0826687e-02   1.5356381e-03  -1.5132473e-04   1.9313889e-04   1.1618152e-05   6.9719297e-04   3.6998859e-03   2.3581845e-06   2.2899174e-08   3.7302630e-08
   1.0000000e+00  -9.2091145e-03   5.6873728e-02  -4.0375022e-02  -3.4126397e-04   1.4460638e-04   6.7406833e-05   8.4807790e-05   3.2346209e-03   1.6301424e-03   1.1646110e-07   2.0911005e-08   4.5436811e-09   7.8953790e-04   1.6077940e-02   4.5255801e-02  -2.0547519e-03   3.1436503e-04  -1.7315015e-05   6.2337010e-07   2.5850015e-04   2.0480875e-03   4.2220052e-06   9.8825372e-08   2.9980974e-10
   1.0000000e+00   4.6619953e-03   2.5168683e-02  -4.6329300e-02   1.7214173e-03  -4.3980820e-05   2.8694945e-04   2.1734200e-05   6.3346260e-04   2.1464040e-03   2.9632775e-06   1.9343125e-09   8.2339987e-08   1.3871110e-02  -3.1705045e-02  -5.9542780e-03   2.0626813e-03  -1.8858720e-04   2.1954262e-04   1.9240769e-04   1.0052099e-03   3.5453427e-05   4.2546540e-06   3.5565132e-08   4.8198961e-08
   1.0000000e+00  -3.1093647e-03   3.1025684e-03  -4.2816673e-02   5.2773207e-04  -1.8212248e-04   1.1827909e-04   9.6681488e-06   9.6259307e-06   1.8332675e-03   2.7850114e-07   3.3168598e-08   1.3989943e-08  -7.7713600e-03  -2.2066115e-02   3.5126270e-03  -1.1936852e-03  -1.3814166e-04  -1.6867036e-04   6.0394036e-05   4.8691341e-04   1.2338548e-05   1.4248844e-06   1.9083118e-08   2.8449690e-08
   1.0000000e+00   2.0500671e-02   1.8764172e-02  -1.0099844e-02   3.6338730e-04   1.5753029e-04   3.9535023e-04   4.2027751e-04   3.5209415e-04   1.0200685e-04   1.3205033e-07   2.4815792e-08   1.5630180e-07   2.3610036e-02   1.5661604e-02   3.2716829e-02  -1.6434477e-04   3.3965277e-04   2.7707114e-04   5.5743379e-04   2.4528583e-04   1.0703909e-03   2.7009203e-08   1.1536400e-07   7.6768417e-08
   1.0000000e+00   5.7268156e-03   4.4857650e-02  -9.2979332e-02   1.1351333e-03  -2.6834844e-04   2.2683587e-04   3.2796417e-05   2.0122088e-03   8.6451562e-03   1.2885276e-06   7.2010885e-08   5.1454512e-08  -1.4773855e-02   2.6093478e-02  -8.2879488e-02   7.7174600e-04  -4.2587873e-04  -1.6851436e-04   2.1826680e-04   6.8086959e-04   6.8690095e-03   5.9559189e-07   1.8137269e-07   2.8397090e-08
   1.0000000e+00   3.3139334e-02  -5.8869041e-03  -3.2258778e-02   6.6961155e-04  -3.6663741e-04   3.6567013e-04   1.0982155e-03   3.4655640e-05   1.0406288e-03   4.4837963e-07   1.3442299e-07   1.3371464e-07   2.7412518e-02  -5.0744554e-02   6.0720554e-02  -4.6552175e-04  -9.8288970e-05   1.3883426e-04   7.5144617e-04   2.5750098e-03   3.6869857e-03   2.1671050e-07   9.6607216e-09   1.9274952e-08
   1.0000000e+00   1.0875969e-02   4.7844008e-02  -3.0457361e-02  -1.6936188e-04  -7.7220273e-05   7.9954552e-05   1.1828670e-04   2.2890491e-03   9.2765084e-04   2.8683446e-08   5.9629706e-09   6.3927304e-09  -2.2263365e-02   5.3730912e-02   1.8014170e-03  -8.3897343e-04   2.8941714e-04  -2.8571558e-04   4.9565742e-04   2.8870109e-03   3.2451032e-06   7.0387642e-07   8.3762279e-08   8.1633392e-08
   1.0000000e+00   9.7082017e-03   3.1394818e-02  -6.4314559e-02   1.5701930e-03  -1.5429707e-04   2.7900127e-04   9.4249180e-05   9.8563460e-04   4.1363625e-03   2.4655061e-06   2.3807586e-08   7.7841709e-08  -1.1677673e-03  -1.6449190e-02  -3.3857198e-02   1.7395549e-03  -7.7076797e-05   1.9904672e-04   1.3636805e-06   2.7057585e-04   1.1463099e-03   3.0260512e-06   5.9408326e-09   3.9619596e-08
   1.0000000e+00   4.3519538e-03   1.5092352e-02  -7.9236879e-02   6.2040568e-04  -3.4261057e-04   4.7582842e-05   1.8939502e-05   2.2777909e-04   6.2784830e-03   3.8490321e-07   1.1738200e-07   2.2641269e-09  -5.3562479e-03  -1.6302466e-02  -1.4922320e-02  -9.4978732e-04  -1.8831350e-04  -2.3141843e-04   2.8689392e-05   2.6577040e-04   2.2267563e-04   9.0209595e-07   3.5461974e-08   5.3554489e-08
   1.0000000e+00  -1.4408990e-03   1.0965247e-02  -4.3633633e-02   1.1075989e-03  -2.0303814e-04  -2.9771887e-05   2.0761899e-06   1.2023664e-04   1.9038939e-03   1.2267753e-06   4.1224486e-08   8.8636526e-10  -5.7928528e-03  -4.1271050e-03   3.5603246e-02   4.8719322e-04   1.3957243e-04  -7.7354729e-05   3.3557144e-05   1.7032996e-05   1.2675911e-03   2.3735723e-07   1.9480463e-08   5.9837541e-09
   1.0000000e+00   3.9465447e-04  -1.6044778e-02  -6.2540953e-02   1.2313878e-03  -2.5042790e-04   1.4451976e-04   1.5575215e-07   2.5743490e-04   3.9113708e-03   1.5163159e-06   6.2714133e-08   2.0885961e-08   1.8355535e-03  -2.7010025e-02  -1.8907320e-02   1.2378890e-04  -4.7389760e-05   1.7429165e-04   3.3692565e-06   7.2954145e-04   3.5748675e-04   1.5323692e-08   2.2457894e-09   3.0377578e-08
   1.0000000e+00   7.0966814e-03  -3.1014174e-02  -1.9838315e-02  -1.6618063e-04   6.5624857e-05   1.9173197e-04   5.0362887e-05   9.6187899e-04   3.9355874e-04   2.7616002e-08   4.3066219e-09   3.6761148e-08   6.7020269e-03  -1.4969396e-02   4.2702638e-02  -1.3975684e-03   3.1605276e-04   4.7212210e-05   4.4917165e-05   2.2408282e-04   1.8235153e-03   1.9531975e-06   9.9889345e-08   2.2289928e-09
   1.0000000e+00   1.4652631e-03   2.1367942e-02  -4.0032826e-02   8.2909297e-04  -1.5504854e-04  -4.3888240e-05   2.1469960e-06   4.5658895e-04   1.6026272e-03   6.8739515e-07   2.4040050e-08   1.9261776e-09  -5.6314183e-03   5.2382116e-02  -2.0194511e-02   9.9527360e-04  -2.2067340e-04  -2.3562021e-04   3.1712872e-05   2.7438861e-03   4.0781827e-04   9.9056954e-07   4.8696748e-08   5.5516883e-08
   1.0000000e+00  -1.0203347e-02   2.7491676e-03  -9.3008585e-02   1.7819188e-03  -4.9597167e-05   3.2253262e-05   1.0410829e-04   7.5579225e-06   8.6505969e-03   3.1752346e-06   2.4598790e-09   1.0402729e-09  -1.1668610e-02  -1.8618774e-02  -5.2975759e-02   9.5282583e-04   1.0545137e-04   7.6141502e-05   1.3615646e-04   3.4665876e-04   2.8064310e-03   9.0787706e-07   1.1119992e-08   5.7975283e-09
   1.0000000e+00  -9.6153461e-03  -2.5545286e-02  -2.0045432e-03  -3.4908653e-04   6.0319236e-05  -8.5405766e-05   9.2454881e-05   6.5256164e-04   4.0181934e-06   1.2186141e-07   3.6384102e-09   7.2941449e-09   5.8800090e-04  -2.8294454e-02   9.1004042e-02  -2.1310053e-03   1.0991640e-04  -1.1765903e-04   3.4574506e-07   8.0057610e-04   8.2817356e-03   4.5411837e-06   1.2081616e-08   1.3843647e-08
   1.0000000e+00  -2.3546922e-02   2.3460977e-02  -1.0993379e-01   1.4635065e-03  -3.4081272e-04  -1.3608208e-04   5.5445754e-04   5.5041744e-04   1.2085438e-02   2.1418513e-06   1.1615331e-07   1.8518332e-08  -1.3931576e-02   4.9006263e-02  -1.0792925e-01   1.8125930e-03  -4.0113196e-04  -5.0676314e-05   1.9408881e-04   2.4016138e-03   1.1648722e-02   3.2854935e-06   1.6090685e-07   2.5680888e-09
   1.0000000e+00  -3.8103171e-02  -2.9866805e-02  -7.3822221e-02   5.3567811e-04  -5.3005891e-04  -4.4407977e-04   1.4518516e-03   8.9202604e-04   5.4497203e-03   2.8695104e-07   2.8096245e-07   1.9720684e-07  -1.4556249e-02  -5.3327782e-02   3.6111569e-02  -9.2782839e-04  -1.8924619e-04  -3.0799769e-04   2.1188438e-04   2.8438523e-03   1.3040454e-03   8.6086552e-07   3.5814120e-08   9.4862577e-08
   1.0000000e+00  -5.6612301e-02   4.2815948e-02  -1.4156031e-01   1.1468907e-03  -4.8723644e-04  -1.3454821e-05   3.2049526e-03   1.8332054e-03   2.0039321e-02   1.3153583e-06   2.3739935e-07   1.8103221e-10  -1.8509130e-02   7.2682753e-02  -6.7738089e-02   6.1121259e-04   4.2822470e-05   4.3062495e-04   3.4258789e-04   5.2827826e-03   4.5884487e-03   3.7358083e-07   1.8337639e-09   1.8543785e-07
   1.0000000e+00  -4.2972075e-02  -3.7316062e-02  -7.4955441e-02   7.6351281e-04  -6.0686243e-04  -1.3508157e-04   1.8465992e-03   1.3924885e-03   5.6183181e-03   5.8295181e-07   3.6828201e-07   1.8247031e-08   1.3640226e-02  -8.0132010e-02   6.6604869e-02  -3.8337789e-04  -1.1962599e-04  -1.2162675e-04   1.8605577e-04   6.4211390e-03   4.4362086e-03   1.4697861e-07   1.4310377e-08   1.4793066e-08
   1.0000000e+00  -6.8897649e-02   2.8164811e-02  -1.6837724e-01   2.9860974e-03  -5.9357215e-04  -5.1008657e-04   4.7468860e-03   7.9325658e-04   2.8350895e-02   8.9167777e-06   3.5232790e-07   2.6018831e-07  -2.5925574e-02   6.5480873e-02  -9.3421799e-02   2.2225846e-03   1.3290280e-05  -3.7500500e-04   6.7213539e-04   4.2877447e-03   8.7276325e-03   4.9398823e-06   1.7663154e-10   1.4062875e-07
   1.0000000e+00  -8.2238310e-02  -5.9981986e-02  -4.1948708e-02   1.3084466e-03  -1.4915586e-03  -1.0677434e-03   6.7631396e-03   3.5978386e-03   1.7596941e-03   1.7120325e-06   2.2247471e-06   1.1400760e-06  -1.3340661e-02  -8.8146797e-02   1.2642853e-01  -1.6776508e-03  -8.9798645e-04  -5.5765683e-04   1.7797324e-04   7.7698578e-03   1.5984174e-02   2.8145122e-06   8.0637966e-07   3.1098114e-07
   1.0000000e+00  -6.1224073e-02   2.8925598e-02  -1.5129969e-01   2.0416697e-03  -9.8604066e-04  -6.2747502e-04   3.7483871e-03   8.3669022e-04   2.2891596e-02   4.1684152e-06   9.7227618e-07   3.9372490e-07   2.1014237e-02   8.8907584e-02  -1.0935098e-01   7.3322310e-04   5.0551794e-04   4.4026838e-04   4.4159816e-04   7.9045585e-03   1.1957637e-02   5.3761611e-07   2.5554839e-07   1.9383625e-07
   1.0000000e+00  -6.0298467e-02  -6.7643169e-02  -5.7223140e-02   1.1065825e-03  -7.6342180e-04  -6.6211419e-04   3.6359051e-03   4.5755983e-03   3.2744878e-03   1.2245248e-06   5.8281284e-07   4.3839520e-07   9.2560600e-04  -9.6568767e-02   9.4076550e-02  -9.3508720e-04   2.2261886e-04  -3.4639170e-05   8.5674647e-07   9.3255268e-03   8.8503973e-03   8.7438807e-07   4.9559157e-08   1.1998721e-09
   1.0000000e+00  -6.5600581e-02   5.6624366e-02  -1.5770186e-01   1.9262132e-03  -7.2452621e-04  -6.5271331e-04   4.3034362e-03   3.2063188e-03   2.4869877e-02   3.7102973e-06   5.2493823e-07   4.2603467e-07  -5.3021140e-03   1.2426754e-01  -1.0047872e-01   8.1963070e-04   3.8895590e-05   9.4008800e-06   2.8112413e-05   1.5442420e-02   1.0095973e-02   6.7179448e-07   1.5128669e-09   8.8376545e-11
   1.0000000e+00  -5.3202844e-02  -4.0040591e-02  -1.3944024e-01   1.7929294e-03  -7.4197753e-04  -5.3290465e-04   2.8305426e-03   1.6032489e-03   1.9443581e-02   3.2145958e-06   5.5053066e-07   2.8398737e-07   1.2397737e-02  -9.6664957e-02   1.8261620e-02  -1.3328380e-04  -1.7451320e-05   1.1980866e-04   1.5370388e-04   9.3441139e-03   3.3348677e-04   1.7764571e-08   3.0454857e-10   1.4354115e-08
   1.0000000e+00  -4.4043366e-02   4.1483257e-02  -1.6433492e-01   1.7359099e-03  -4.5837623e-04  -4.2292892e-04   1.9398181e-03   1.7208606e-03   2.7005966e-02   3.0133832e-06   2.1010877e-07   1.7886887e-07   9.1594780e-03   8.1523848e-02  -2.4894680e-02  -5.7019500e-05   2.8360130e-04   1.0997573e-04   8.3896037e-05   6.6461378e-03   6.1974509e-04   3.2512234e-09   8.0429697e-08   1.2094661e-08
   1.0000000e+00  -3.7422638e-02  -1.2775886e-02  -1.5710397e-01   2.4809496e-03  -7.2414749e-04  -3.0534874e-04   1.4004538e-03   1.6322326e-04   2.4681657e-02   6.1551109e-06   5.2438959e-07   9.3237853e-08   6.6207280e-03  -5.4259143e-02   7.2309500e-03   7.4503970e-04  -2.6577126e-04   1.1758018e-04   4.3834039e-05   2.9440546e-03   5.2286638e-05   5.5508415e-07   7.0634363e-08   1.3825099e-08
   1.0000000e+00  -4.5936697e-02  -1.3675457e-02  -8.4250201e-02   1.2243539e-03  -5.9713516e-04  -5.3956940e-04   2.1101801e-03   1.8701812e-04   7.0980964e-03   1.4990425e-06   3.5657040e-07   2.9113514e-07  -8.5140590e-03  -8.9957100e-04   7.2853769e-02  -1.2565957e-03   1.2701233e-04  -2.3422066e-04   7.2489201e-05   8.0922798e-07   5.3076717e-03   1.5790328e-06   1.6132132e-08   5.4859318e-08
   1.0000000e+00  -3.4090501e-02  -1.0424726e-01  -9.9536397e-02   3.3483780e-03  -1.0838284e-03  -2.0520459e-04   1.1621623e-03   1.0867491e-02   9.9074943e-03   1.1211635e-05   1.1746840e-06   4.2108924e-08   1.1846196e-02  -9.0571803e-02  -1.5286196e-02   2.1240241e-03  -4.8669324e-04   3.3436481e-04   1.4033236e-04   8.2032515e-03   2.3366779e-04   4.5114784e-06   2.3687031e-07   1.1179983e-07
   1.0000000e+00  -8.1268489e-02   4.9435826e-02  -2.5074170e-01   2.7596819e-03  -1.3824007e-03  -7.8442228e-04   6.6045673e-03   2.4439009e-03   6.2871400e-02   7.6158442e-06   1.9110317e-06   6.1531831e-07  -4.7177988e-02   1.5368309e-01  -1.5120530e-01  -5.8869610e-04  -2.9857230e-04  -5.7921769e-04   2.2257626e-03   2.3618491e-02   2.2863044e-02   3.4656310e-07   8.9145418e-08   3.3549313e-07
   1.0000000e+00  -9.5257638e-02  -5.6800950e-02  -1.0107110e-01   2.5670369e-03  -1.2434408e-03  -1.2202574e-03   9.0740176e-03   3.2263479e-03   1.0215367e-02   6.5896784e-06   1.5461450e-06   1.4890281e-06  -1.3989149e-02  -1.0623678e-01   1.4967060e-01  -1.9264500e-04   1.3895990e-04  -4.3583512e-04   1.9569629e-04   1.1286253e-02   2.2401289e-02   3.7112096e-08   1.9309854e-08   1.8995225e-07
   1.0000000e+00  -6.6231951e-02  -1.3155923e-02  -6.5982416e-02   3.3027113e-04  -9.7245570e-04  -7.7649384e-04   4.3866713e-03   1.7307831e-04   4.3536792e-03   1.0907902e-07   9.4567009e-07   6.0294268e-07   2.9025687e-02   4.3645027e-02   3.5088684e-02  -2.2367658e-03   2.7098510e-04   4.4376356e-04   8.4249051e-04   1.9048884e-03   1.2312157e-03   5.0031211e-06   7.3432924e-08   1.9692610e-07
   1.0000000e+00  -7.6457105e-02  -9.5730892e-03  -1.3124502e-01   3.2251683e-03  -7.8800832e-04  -6.9583114e-04   5.8456889e-03   9.1644037e-05   1.7225255e-02   1.0401711e-05   6.2095711e-07   4.8418098e-07  -1.0225154e-02   3.5828338e-03  -6.5262604e-02   2.8948972e-03   1.8444738e-04   8.0662700e-05   1.0455377e-04   1.2836698e-05   4.2592075e-03   8.3804296e-06   3.4020836e-08   6.5064712e-09
   1.0000000e+00  -7.1835418e-02  -2.5803989e-02  -1.4725190e-01   2.7912577e-03  -1.1154283e-03  -7.1308821e-04   5.1603273e-03   6.6584585e-04   2.1683122e-02   7.7911195e-06   1.2441803e-06   5.0849480e-07   4.6216870e-03  -1.6230900e-02  -1.6006880e-02  -4.3391060e-04  -3.2741998e-04  -1.7257070e-05   2.1359991e-05   2.6344211e-04   2.5622021e-04   1.8827841e-07   1.0720384e-07   2.9780646e-10
   1.0000000e+00  -6.9112453e-02  -5.1992563e-02  -9.9281786e-02   1.7282389e-03  -1.2127525e-03  -9.0458941e-04   4.7765312e-03   2.7032266e-03   9.8568730e-03   2.9868097e-06   1.4707686e-06   8.1828200e-07   2.7229650e-03  -2.6188574e-02   4.7970114e-02  -1.0630188e-03  -9.7324200e-05  -1.9150120e-04   7.4145384e-06   6.8584141e-04   2.3011318e-03   1.1300090e-06   9.4719999e-09   3.6672710e-08
   1.0000000e+00  -7.6360873e-02  -3.0802174e-03  -1.1781425e-01   2.0498142e-03  -8.3725203e-04  -7.4796232e-04   5.8309829e-03   9.4877392e-06   1.3880198e-02   4.2017383e-06   7.0099096e-07   5.5944763e-07  -7.2484200e-03   4.8912346e-02  -1.8532464e-02   3.2157530e-04   3.7550047e-04   1.5662709e-04   5.2539592e-05   2.3924176e-03   3.4345222e-04   1.0341067e-07   1.4100060e-07   2.4532045e-08
   1.0000000e+00  -6.3507808e-02  -6.2120063e-02  -1.1286586e-01   3.1545920e-03  -9.7164838e-04  -4.7334236e-04   4.0332417e-03   3.8589022e-03   1.2738702e-02   9.9514507e-06   9.4410057e-07   2.2405299e-07   1.2853065e-02  -5.9039846e-02   4.9483900e-03   1.1047778e-03  -1.3439635e-04   2.7461996e-04   1.6520128e-04   3.4857034e-03   2.4486564e-05   1.2205340e-06   1.8062379e-08   7.5416122e-08
   1.0000000e+00  -5.9750120e-02  -4.6185390e-02  -1.4063097e-01   1.7007930e-03  -1.0227586e-03  -5.0983737e-04   3.5700768e-03   2.1330902e-03   1.9777070e-02   2.8926968e-06   1.0460352e-06   2.5993414e-07   3.7576880e-03   1.5934673e-02  -2.7765110e-02  -1.4537990e-03  -5.1110220e-05  -3.6495010e-05   1.4120219e-05   2.5391380e-04   7.7090133e-04   2.1135315e-06   2.6122546e-09   1.3318858e-09
   1.0000000e+00  -4.2526037e-02  -2.4896380e-02  -1.2056687e-01   1.6050505e-03  -5.5997264e-04  -2.5584051e-04   1.8084638e-03   6.1982974e-04   1.4536370e-02   2.5761871e-06   3.1356936e-07   6.5454367e-08   1.7224083e-02   2.1289010e-02   2.0064100e-02  -9.5742500e-05   4.6278596e-04   2.5399686e-04   2.9666904e-04   4.5322195e-04   4.0256811e-04   9.1666263e-09   2.1417084e-07   6.4514405e-08
   1.0000000e+00  -6.6602673e-02  -1.9934071e-02  -1.6423884e-01   3.0824496e-03  -9.7545319e-04  -5.2720413e-04   4.4359161e-03   3.9736719e-04   2.6974397e-02   9.5014955e-06   9.5150893e-07   2.7794419e-07  -2.4076636e-02   4.9623090e-03  -4.3671970e-02   1.4773991e-03  -4.1548055e-04  -2.7136362e-04   5.7968440e-04   2.4624511e-05   1.9072410e-03   2.1827081e-06   1.7262409e-07   7.3638214e-08
   1.0000000e+00  -6.4479291e-02  -6.5549899e-02  -1.3979721e-01   2.7169193e-03  -9.3489035e-04  -4.7772353e-04   4.1575790e-03   4.2967893e-03   1.9543260e-02   7.3816505e-06   8.7401997e-07   2.2821977e-07   2.1233820e-03  -4.5615828e-02   2.4441630e-02  -3.6553030e-04   4.0562840e-05   4.9480600e-05   4.5087511e-06   2.0808038e-03   5.9739328e-04   1.3361240e-07   1.6453440e-09   2.4483298e-09
   1.0000000e+00  -4.3377514e-02  -8.1542621e-02  -1.0276119e-01   1.1330977e-03  -7.0927489e-04  -3.2816663e-04   1.8816087e-03   6.6491990e-03   1.0559862e-02   1.2839104e-06   5.0307087e-07   1.0769334e-07   2.1101777e-02  -1.5992722e-02   3.7036020e-02  -1.5838216e-03   2.2561546e-04   1.4955690e-04   4.4528499e-04   2.5576716e-04   1.3716668e-03   2.5084909e-06   5.0902336e-08   2.2367266e-08
   1.0000000e+00  -7.7770753e-02  -5.2897532e-02  -1.6020582e-01   2.5769954e-03  -7.9120019e-04  -8.2378857e-04   6.0482900e-03   2.7981489e-03   2.5665905e-02   6.6409053e-06   6.2599774e-07   6.7862761e-07  -3.4393239e-02   2.8645089e-02  -5.7444630e-02   1.4438977e-03  -8.1925300e-05  -4.9562194e-04   1.1828949e-03   8.2054112e-04   3.2998855e-03   2.0848406e-06   6.7117548e-09   2.4564111e-07
   1.0000000e+00  -7.7818679e-02  -6.5341022e-02  -1.7675041e-01   2.5913570e-03  -9.4434157e-04  -7.7334789e-04   6.0557468e-03   4.2694492e-03   3.1240707e-02   6.7151311e-06   8.9178100e-07   5.9806696e-07  -4.7926000e-05  -1.2443490e-02  -1.6544590e-02   1.4361600e-05  -1.5314138e-04   5.0440680e-05   2.2969015e-09   1.5484044e-04   2.7372346e-04   2.0625555e-10   2.3452282e-08   2.5442622e-09
   1.0000000e+00  -6.9264314e-02  -7.9221186e-02  -1.4807601e-01   1.6372584e-03  -8.6112034e-04  -7.4859442e-04   4.7975452e-03   6.2759963e-03   2.1926505e-02   2.6806151e-06   7.4152824e-07   5.6039361e-07   8.5543650e-03  -1.3880164e-02   2.8674400e-02  -9.5409860e-04   8.3221230e-05   2.4753470e-05   7.3177161e-05   1.9265895e-04   8.2222122e-04   9.1030414e-07   6.9257731e-09   6.1273428e-10
   1.0000000e+00  -6.3518257e-02  -4.3266548e-02  -1.4289324e-01   1.4340034e-03  -6.9165385e-04  -5.7542429e-04   4.0345690e-03   1.8719942e-03   2.0418478e-02   2.0563658e-06   4.7838505e-07   3.3111311e-07   5.7460570e-03   3.5954638e-02   5.1827700e-03  -2.0325500e-04   1.6946649e-04   1.7317013e-04   3.3017171e-05   1.2927360e-03   2.6861105e-05   4.1312595e-08   2.8718891e-08   2.9987894e-08
   1.0000000e+00  -6.3092804e-02  -4.4078155e-02  -2.0721394e-01   3.4225371e-03  -4.9457970e-04  -4.2407530e-04   3.9807019e-03   1.9428837e-03   4.2937617e-02   1.1713760e-05   2.4460908e-07   1.7983986e-07   4.2545300e-04  -8.1160700e-04  -6.4320700e-02   1.9885337e-03   1.9707415e-04   1.5134899e-04   1.8101026e-07   6.5870592e-07   4.1371524e-03   3.9542663e-06   3.8838221e-08   2.2906517e-08
   1.0000000e+00  -5.7688919e-02  -9.2912518e-02  -1.7822491e-01   2.1580532e-03  -9.1402942e-04  -6.3916117e-04   3.3280114e-03   8.6327360e-03   3.1764119e-02   4.6571936e-06   8.3544978e-07   4.0852700e-07   5.4038850e-03  -4.8834363e-02   2.8989030e-02  -1.2644839e-03  -4.1944972e-04  -2.1508587e-04   2.9201973e-05   2.3847950e-03   8.4036386e-04   1.5989195e-06   1.7593807e-07   4.6261931e-08
   1.0000000e+00  -5.2316500e-02  -6.8174295e-02  -1.2331282e-01   5.7259586e-04  -3.3156506e-04  -5.6228221e-04   2.7370162e-03   4.6477345e-03   1.5206052e-02   3.2786602e-07   1.0993539e-07   3.1616128e-07   5.3724190e-03   2.4738223e-02   5.4912090e-02  -1.5854573e-03   5.8246436e-04   7.6878960e-05   2.8862886e-05   6.1197968e-04   3.0153376e-03   2.5136750e-06   3.3926473e-07   5.9103745e-09
   1.0000000e+00  -6.5502724e-02  -5.6142868e-02  -1.6042641e-01   2.0263928e-03  -5.6923520e-04  -5.9605551e-04   4.2906069e-03   3.1520216e-03   2.5736633e-02   4.1062678e-06   3.2402871e-07   3.5528217e-07  -1.3186224e-02   1.2031427e-02  -3.7113590e-02   1.4537969e-03  -2.3767014e-04  -3.3773300e-05   1.7387650e-04   1.4475524e-04   1.3774186e-03   2.1135255e-06   5.6487095e-08   1.1406358e-09
   1.0000000e+00  -6.3371847e-02  -5.0840775e-02  -1.8058112e-01   2.0050594e-03  -5.5371647e-04  -5.1402950e-04   4.0159910e-03   2.5847844e-03   3.2609541e-02   4.0202632e-06   3.0660193e-07   2.6422633e-07   2.1308770e-03   5.3020930e-03  -2.0154710e-02  -2.1333400e-05   1.5518730e-05   8.2026010e-05   4.5406368e-06   2.8112190e-05   4.0621234e-04   4.5511396e-10   2.4083098e-10   6.7282663e-09
   1.0000000e+00  -6.4864619e-02  -8.7008922e-02  -1.7712013e-01   1.6771794e-03  -4.5992776e-04  -5.1047722e-04   4.2074188e-03   7.5705525e-03   3.1371540e-02   2.8129307e-06   2.1153354e-07   2.6058699e-07  -1.4927720e-03  -3.6168147e-02   3.4609900e-03  -3.2788000e-04   9.3788710e-05   3.5522800e-06   2.2283682e-06   1.3081349e-03   1.1978452e-05   1.0750529e-07   8.7963221e-09   1.2618693e-11
   1.0000000e+00  -6.0830010e-02  -9.1911324e-02  -1.3902053e-01   8.2152384e-04  -4.9099258e-04  -5.6936057e-04   3.7002901e-03   8.4476915e-03   1.9326708e-02   6.7490142e-07   2.4107371e-07   3.2417146e-07   4.0346090e-03  -4.9024020e-03   3.8099600e-02  -8.5565556e-04  -3.1064820e-05  -5.8883350e-05   1.6278070e-05   2.4033545e-05   1.4515795e-03   7.3214644e-07   9.6502304e-10   3.4672489e-09
   1.0000000e+00  -6.6735263e-02  -2.7301209e-02  -1.8446733e-01   1.7920678e-03  -4.2349572e-04  -5.7800566e-04   4.4535953e-03   7.4535601e-04   3.4028196e-02   3.2115070e-06   1.7934862e-07   3.3409054e-07  -5.9052530e-03   6.4610115e-02  -4.5446800e-02   9.7054396e-04   6.7496860e-05  -8.6450900e-06   3.4872013e-05   4.1744670e-03   2.0654116e-03   9.4195558e-07   4.5558261e-09   7.4737581e-11
   1.0000000e+00  -7.6697232e-02  -7.3214234e-02  -1.9880806e-01   2.5108074e-03  -4.2138516e-04  -6.8132756e-04   5.8824654e-03   5.3603241e-03   3.9524645e-02   6.3041538e-06   1.7756545e-07   4.6420724e-07  -9.9619690e-03  -4.5913025e-02  -1.4340730e-02   7.1873960e-04   2.1105600e-06  -1.0332190e-04   9.9240826e-05   2.1080059e-03   2.0565654e-04   5.1658661e-07   4.4544635e-12   1.0675415e-08
   1.0000000e+00  -7.0599516e-02  -9.3105588e-02  -1.7265456e-01   1.6380649e-03  -6.1202247e-04  -7.4807999e-04   4.9842917e-03   8.6686505e-03   2.9809597e-02   2.6832566e-06   3.7457150e-07   5.5962367e-07   6.0977160e-03  -1.9891354e-02   2.6153500e-02  -8.7274250e-04  -1.9063731e-04  -6.6752430e-05   3.7182140e-05   3.9566596e-04   6.8400556e-04   7.6167947e-07   3.6342584e-08   4.4558869e-09
   1.0000000e+00  -8.3944281e-02  -1.1468526e-01  -1.0128831e-01   2.2562146e-05  -1.1912429e-03  -1.1155157e-03   7.0466423e-03   1.3152709e-02   1.0259322e-02   5.0905043e-10   1.4190596e-06   1.2443753e-06  -1.3344765e-02  -2.1579672e-02   7.1366250e-02  -1.6155028e-03  -5.7922043e-04  -3.6743571e-04   1.7808275e-04   4.6568224e-04   5.0931416e-03   2.6098491e-06   3.3549631e-07   1.3500900e-07
   1.0000000e+00  -8.5707661e-02  -5.9860808e-02  -1.4012738e-01   7.1067760e-04  -8.9893669e-04  -1.0643953e-03   7.3458032e-03   3.5833163e-03   1.9635683e-02   5.0506265e-07   8.0808717e-07   1.1329374e-06  -1.7633800e-03   5.4824452e-02  -3.8839070e-02   6.8811545e-04   2.9230621e-04   5.1120400e-05   3.1095090e-06   3.0057205e-03   1.5084734e-03   4.7350288e-07   8.5442920e-08   2.6132953e-09
   1.0000000e+00  -9.4217171e-02  -8.8683365e-02  -1.9181561e-01   1.8455922e-03  -8.6304253e-04  -1.0640345e-03   8.8768753e-03   7.8647392e-03   3.6793228e-02   3.4062106e-06   7.4484241e-07   1.1321694e-06  -8.5095100e-03  -2.8822557e-02  -5.1688230e-02   1.1349146e-03   3.5894160e-05   3.6080000e-07   7.2411760e-05   8.3073979e-04   2.6716731e-03   1.2880311e-06   1.2883907e-09   1.3017664e-13
   1.0000000e+00  -9.9083625e-02  -1.1327002e-01  -1.3321592e-01   2.5582918e-04  -1.0290186e-03  -1.3006247e-03   9.8175647e-03   1.2830097e-02   1.7746481e-02   6.5448569e-08   1.0588793e-06   1.6916246e-06  -4.8664540e-03  -2.4586655e-02   5.8599690e-02  -1.5897630e-03  -1.6597607e-04  -2.3659020e-04   2.3682375e-05   6.0450360e-04   3.4339237e-03   2.5273465e-06   2.7548056e-08   5.5974923e-08
   1.0000000e+00  -9.1951319e-02  -9.5586668e-02  -3.7673776e-02  -4.5008076e-04  -1.1788167e-03  -1.3836575e-03   8.4550451e-03   9.1368111e-03   1.4193134e-03   2.0257269e-07   1.3896088e-06   1.9145081e-06   7.1323060e-03   1.7683352e-02   9.5542144e-02  -7.0590994e-04  -1.4979810e-04  -8.3032800e-05   5.0869789e-05   3.1270094e-04   9.1283013e-03   4.9830884e-07   2.2439471e-08   6.8944459e-09
   1.0000000e+00  -9.0014653e-02  -8.7720952e-02  -9.2279093e-02   1.0295074e-03  -1.0202907e-03  -1.1626234e-03   8.1026378e-03   7.6949654e-03   8.5154310e-03   1.0598855e-06   1.0409931e-06   1.3516932e-06   1.9366660e-03   7.8657160e-03  -5.4605317e-02   1.4795882e-03   1.5852600e-04   2.2103410e-04   3.7506752e-06   6.1869488e-05   2.9817406e-03   2.1891811e-06   2.5130493e-08   4.8856073e-08
   1.0000000e+00  -8.0310509e-02  -1.3853071e-01  -1.2531100e-01   1.0099646e-03  -1.0439080e-03  -1.0333245e-03   6.4497779e-03   1.9190758e-02   1.5702847e-02   1.0200285e-06   1.0897439e-06   1.0677595e-06   9.7041440e-03  -5.0809758e-02  -3.3031907e-02  -1.9542800e-05  -2.3617300e-05   1.2929890e-04   9.4170411e-05   2.5816315e-03   1.0911069e-03   3.8192103e-10   5.5777686e-10   1.6718206e-08
   1.0000000e+00  -6.7400840e-02  -1.1945993e-01  -5.0912774e-02  -1.7569614e-04  -6.1104668e-04  -8.1886131e-04   4.5428732e-03   1.4270675e-02   2.5921106e-03   3.0869134e-08   3.7337805e-07   6.7053385e-07   1.2909669e-02   1.9070780e-02   7.4398226e-02  -1.1856607e-03   4.3286132e-04   2.1446319e-04   1.6665955e-04   3.6369465e-04   5.5350960e-03   1.4057914e-06   1.8736892e-07   4.5994460e-08
   1.0000000e+00  -7.6381580e-02  -1.0033879e-01  -7.6496635e-02   1.0134268e-03  -1.0405063e-03  -1.1463863e-03   5.8341458e-03   1.0067873e-02   5.8517352e-03   1.0270339e-06   1.0826534e-06   1.3142015e-06  -8.9807400e-03   1.9121140e-02  -2.5583861e-02   1.1891229e-03  -4.2945962e-04  -3.2752499e-04   8.0653691e-05   3.6561799e-04   6.5453394e-04   1.4140134e-06   1.8443557e-07   1.0727262e-07
   1.0000000e+00  -6.2613547e-02  -1.7159603e-01  -4.6588520e-02   1.3789166e-04  -9.3937996e-04  -1.0056311e-03   3.9204563e-03   2.9445198e-02   2.1704902e-03   1.9014110e-08   8.8243471e-07   1.0112939e-06   1.3768033e-02  -7.1257240e-02   2.9908115e-02  -8.7553514e-04   1.0112634e-04   1.4075520e-04   1.8955873e-04   5.0775943e-03   8.9449534e-04   7.6656178e-07   1.0226537e-08   1.9812026e-08
   1.0000000e+00  -5.9407422e-02  -1.1851777e-01  -3.9328943e-02  -4.1679471e-04  -8.2678530e-04  -9.4696743e-04   3.5292418e-03   1.4046462e-02   1.5467658e-03   1.7371783e-07   6.8357393e-07   8.9674731e-07   3.2061250e-03   5.3078260e-02   7.2595770e-03  -5.5468637e-04   1.1259466e-04   5.8663670e-05   1.0279238e-05   2.8173017e-03   5.2701458e-05   3.0767697e-07   1.2677557e-08   3.4414262e-09
   1.0000000e+00  -7.0581606e-02  -1.1485507e-01  -1.0278214e-01   1.4608178e-03  -8.8097003e-04  -1.0041295e-03   4.9817631e-03   1.3191687e-02   1.0564168e-02   2.1339886e-06   7.7610819e-07   1.0082761e-06  -1.1174184e-02   3.6627000e-03  -6.3453197e-02   1.8776125e-03  -5.4184730e-05  -5.7162070e-05   1.2486239e-04   1.3415371e-05   4.0263082e-03   3.5254287e-06   2.9359850e-09   3.2675022e-09
   1.0000000e+00  -9.3326450e-02  -1.5713220e-01  -7.3809443e-02   5.0287012e-04  -8.9413742e-04  -1.2717484e-03   8.7098263e-03   2.4690528e-02   5.4478339e-03   2.5287836e-07   7.9948173e-07   1.6173440e-06  -2.2744844e-02  -4.2277130e-02   2.8972697e-02  -9.5794768e-04  -1.3167390e-05  -2.6761890e-04   5.1732793e-04   1.7873557e-03   8.3941717e-04   9.1766376e-07   1.7338016e-10   7.1619876e-08
   1.0000000e+00  -6.9448402e-02  -1.9496844e-01  -9.4348260e-03  -7.6302141e-04  -9.3781381e-04  -1.0267107e-03   4.8230805e-03   3.8012693e-02   8.9015942e-05   5.8220167e-07   8.7949474e-07   1.0541349e-06   2.3878048e-02  -3.7836240e-02   6.4374617e-02  -1.2658915e-03  -4.3676390e-05   2.4503770e-04   5.7016118e-04   1.4315811e-03   4.1440913e-03   1.6024814e-06   1.9076270e-09   6.0043474e-08
   1.0000000e+00  -9.7879345e-02  -1.3781918e-01  -5.1968140e-02   1.9678514e-04  -6.5047784e-04  -1.2099549e-03   9.5803662e-03   1.8994126e-02   2.7006876e-03   3.8724391e-08   4.2312142e-07   1.4639909e-06  -2.8430943e-02   5.7149260e-02  -4.2533314e-02   9.5980655e-04   2.8733597e-04  -1.8324420e-04   8.0831852e-04   3.2660379e-03   1.8090828e-03   9.2122861e-07   8.2561960e-08   3.3578437e-08
   1.0000000e+00  -7.6680693e-02  -1.2847155e-01  -6.2885918e-02   3.8210527e-04  -7.9614110e-04  -9.4196367e-04   5.8799287e-03   1.6504939e-02   3.9546387e-03   1.4600444e-07   6.3384065e-07   8.8729556e-07   2.1198652e-02   9.3476300e-03  -1.0917778e-02   1.8532013e-04  -1.4566326e-04   2.6799123e-04   4.4938285e-04   8.7378187e-05   1.1919788e-04   3.4343551e-08   2.1217785e-08   7.1819299e-08
   1.0000000e+00  -7.3120861e-02  -1.5684056e-01  -6.6641090e-02   3.4542119e-05  -7.4771664e-04  -1.0107141e-03   5.3466603e-03   2.4598961e-02   4.4410349e-03   1.1931580e-09   5.5908017e-07   1.0215430e-06   3.5598320e-03  -2.8369010e-02  -3.7551720e-03  -3.4756315e-04   4.8424460e-05  -6.8750430e-05   1.2672404e-05   8.0480073e-04   1.4101317e-05   1.2080014e-07   2.3449283e-09   4.7266216e-09
   1.0000000e+00  -8.0184464e-02  -1.4969913e-01   3.3858684e-02  -2.5225870e-03  -6.5635440e-04  -1.0994608e-03   6.4295483e-03   2.2409830e-02   1.1464105e-03   6.3634452e-06   4.3080110e-07   1.2088141e-06  -7.0636030e-03   7.1414300e-03   1.0049977e-01  -2.5571291e-03   9.1362240e-05  -8.8746700e-05   4.9894487e-05   5.1000022e-05   1.0100205e-02   6.5389093e-06   8.3470589e-09   7.8759768e-09
   1.0000000e+00  -9.0564785e-02  -1.1969425e-01  -6.8270585e-02  -3.1381365e-04  -7.8986760e-04  -1.3447494e-03   8.2019803e-03   1.4326713e-02   4.6608728e-03   9.8479007e-08   6.2389083e-07   1.8083509e-06  -1.0380321e-02   3.0004880e-02  -1.0212927e-01   2.2087734e-03  -1.3351320e-04  -2.4528860e-04   1.0775106e-04   9.0029282e-04   1.0430388e-02   4.8786797e-06   1.7825775e-08   6.0166497e-08
   1.0000000e+00  -8.3773765e-02  -1.5443376e-01  -5.4816814e-02  -3.0055142e-04  -6.7067423e-04  -1.0724828e-03   7.0180437e-03   2.3849786e-02   3.0048831e-03   9.0331156e-08   4.4980392e-07   1.1502194e-06   6.7910200e-03  -3.4739510e-02   1.3453771e-02   1.3262230e-05   1.1919337e-04   2.7226660e-04   4.6117953e-05   1.2068336e-03   1.8100395e-04   1.7588674e-10   1.4207059e-08   7.4129101e-08
   1.0000000e+00  -7.7756804e-02  -1.6142500e-01   2.1435435e-02  -2.3115156e-03  -6.6181721e-04  -1.1720051e-03   6.0461206e-03   2.6058031e-02   4.5947787e-04   5.3431044e-06   4.3800202e-07   1.3735960e-06   6.0169610e-03  -6.9912400e-03   7.6252249e-02  -2.0109642e-03   8.8570200e-06  -9.9522300e-05   3.6203820e-05   4.8877437e-05   5.8144055e-03   4.0439769e-06   7.8446803e-11   9.9046882e-09
   1.0000000e+00  -7.6017099e-02  -1.3527889e-01  -2.3296474e-02  -1.1982099e-03  -5.7420648e-04  -1.1640112e-03   5.7785993e-03   1.8300378e-02   5.4272570e-04   1.4357070e-06   3.2971308e-07   1.3549221e-06   1.7397050e-03   2.6146110e-02  -4.4731909e-02   1.1133057e-03   8.7610730e-05   7.9939000e-06   3.0265735e-06   6.8361907e-04   2.0009437e-03   1.2394496e-06   7.6756400e-09   6.3902437e-11
   1.0000000e+00  -8.8331195e-02  -1.3937673e-01  -5.6885214e-02   1.3874533e-05  -7.3611083e-04  -1.2431486e-03   7.8024000e-03   1.9425873e-02   3.2359276e-03   1.9250267e-10   5.4185915e-07   1.5454184e-06  -1.2314096e-02  -4.0978400e-03  -3.3588740e-02   1.2120844e-03  -1.6190435e-04  -7.9137400e-05   1.5163696e-04   1.6792293e-05   1.1282035e-03   1.4691487e-06   2.6213019e-08   6.2627281e-09
   1.0000000e+00  -8.9901327e-02  -1.8446236e-01  -1.2120255e-02  -1.0070720e-03  -8.7717691e-04  -1.2993213e-03   8.0822486e-03   3.4026362e-02   1.4690058e-04   1.0141940e-06   7.6943933e-07   1.6882358e-06  -1.5701320e-03  -4.5085630e-02   4.4764959e-02  -1.0209465e-03  -1.4106608e-04  -5.6172700e-05   2.4653145e-06   2.0327140e-03   2.0039016e-03   1.0423318e-06   1.9899639e-08   3.1553722e-09
   1.0000000e+00  -9.0896642e-02  -1.5924024e-01   2.9066550e-02  -2.2378249e-03  -9.7395692e-04  -1.3927447e-03   8.2621995e-03   2.5357454e-02   8.4486433e-04   5.0078603e-06   9.4859208e-07   1.9397378e-06  -9.9531500e-04   2.5222120e-02   4.1186805e-02  -1.2307529e-03  -9.6780010e-05  -9.3423400e-05   9.9065195e-07   6.3615534e-04   1.6963529e-03   1.5147527e-06   9.3663703e-09   8.7279317e-09
   1.0000000e+00  -6.7679990e-02  -1.5685626e-01  -2.8634870e-02  -6.9572617e-04  -9.5611134e-04  -1.1691979e-03   4.5805810e-03   2.4603886e-02   8.1995578e-04   4.8403490e-07   9.1414889e-07   1.3670237e-06   2.3216652e-02   2.3839800e-03  -5.7701420e-02   1.5420987e-03   1.7845580e-05   2.2354680e-04   5.3901293e-04   5.6833606e-06   3.3294539e-03   2.3780685e-06   3.1846473e-10   4.9973172e-08
   1.0000000e+00  -8.7410464e-02  -1.8156071e-01  -6.3370326e-02  -4.2529353e-04  -8.5051681e-04  -1.6076047e-03   7.6405892e-03   3.2964291e-02   4.0157982e-03   1.8087459e-07   7.2337884e-07   2.5843929e-06  -1.9730474e-02  -2.4704450e-02  -3.4735456e-02   2.7043264e-04   1.0559453e-04  -4.3840680e-04   3.8929160e-04   6.1030985e-04   1.2065519e-03   7.3133813e-08   1.1150205e-08   1.9220052e-07
   1.0000000e+00  -7.1085671e-02  -1.7811743e-01  -3.5379264e-02  -2.1257567e-03  -9.6030579e-04  -1.4462234e-03   5.0531726e-03   3.1725819e-02   1.2516923e-03   4.5188415e-06   9.2218721e-07   2.0915621e-06   1.6324793e-02   3.4432800e-03   2.7991062e-02  -1.7004632e-03  -1.0978898e-04   1.6138130e-04   2.6649887e-04   1.1856177e-05   7.8349955e-04   2.8915750e-06   1.2053620e-08   2.6043924e-08
   1.0000000e+00  -9.0827870e-02  -1.4606517e-01  -5.3665905e-02  -6.8747251e-04  -8.2916711e-04  -1.6345654e-03   8.2497020e-03   2.1335034e-02   2.8800294e-03   4.7261845e-07   6.8751810e-07   2.6718040e-06  -1.9742199e-02   3.2052260e-02  -1.8286641e-02   1.4382842e-03   1.3113868e-04  -1.8834200e-04   3.8975442e-04   1.0273474e-03   3.3440124e-04   2.0686614e-06   1.7197353e-08   3.5472709e-08
   1.0000000e+00  -8.3038022e-02  -1.8525769e-01  -4.2925404e-02  -2.4090425e-04  -9.6462001e-04  -1.2997574e-03   6.8953131e-03   3.4320412e-02   1.8425903e-03   5.8034858e-08   9.3049176e-07   1.6893693e-06   7.7898480e-03  -3.9192520e-02   1.0740501e-02   4.4656826e-04  -1.3545290e-04   3.3480800e-04   6.0681732e-05   1.5360536e-03   1.1535836e-04   1.9942321e-07   1.8347488e-08   1.1209640e-07
   1.0000000e+00  -7.0432615e-02  -2.0176118e-01   1.8791109e-03  -2.3846056e-03  -5.9512379e-04  -1.1290092e-03   4.9607533e-03   4.0707574e-02   3.5310578e-06   5.6863439e-06   3.5417233e-07   1.2746618e-06   1.2605407e-02  -1.6503490e-02   4.4804515e-02  -2.1437013e-03   3.6949622e-04   1.7074820e-04   1.5889629e-04   2.7236518e-04   2.0074446e-03   4.5954555e-06   1.3652746e-07   2.9154948e-08
   1.0000000e+00  -8.2280052e-02  -1.3256425e-01  -5.5468341e-02  -1.3114470e-03  -7.9786319e-04  -1.4391713e-03   6.7700070e-03   1.7573280e-02   3.0767369e-03   1.7198932e-06   6.3658567e-07   2.0712140e-06  -1.1847437e-02   6.9196930e-02  -5.7347452e-02   1.0731586e-03  -2.0273940e-04  -3.1016210e-04   1.4036176e-04   4.7882151e-03   3.2887302e-03   1.1516694e-06   4.1103264e-08   9.6200528e-08
   1.0000000e+00  -6.3450327e-02  -1.7333679e-01  -7.4071418e-02   6.7445861e-05  -8.9854400e-04  -1.1912712e-03   4.0259440e-03   3.0045643e-02   5.4865750e-03   4.5489442e-09   8.0738132e-07   1.4191271e-06   1.8829725e-02  -4.0772540e-02  -1.8603077e-02   1.3788929e-03  -1.0068081e-04   2.4790010e-04   3.5455854e-04   1.6624000e-03   3.4607447e-04   1.9013455e-06   1.0136626e-08   6.1454460e-08
   1.0000000e+00  -8.1732088e-02  -2.2023786e-01   6.3636769e-03  -2.0525049e-03  -9.0301121e-04  -1.5075953e-03   6.6801342e-03   4.8504715e-02   4.0496384e-05   4.2127764e-06   8.1542925e-07   2.2728436e-06  -1.8281761e-02  -4.6901070e-02   8.0435095e-02  -2.1199508e-03  -4.4672100e-06  -3.1632410e-04   3.3422279e-04   2.1997104e-03   6.4698045e-03   4.4941912e-06   1.9955965e-11   1.0006094e-07
   1.0000000e+00  -7.9159650e-02  -1.7362802e-01  -8.7661646e-03  -1.2599710e-03  -8.7768008e-04  -1.5216612e-03   6.2662502e-03   3.0146689e-02   7.6845642e-05   1.5875269e-06   7.7032232e-07   2.3154528e-06   2.5724380e-03   4.6609840e-02  -1.5129841e-02   7.9253390e-04   2.5331130e-05  -1.4065900e-05   6.6174373e-06   2.1724772e-03   2.2891210e-04   6.2810998e-07   6.4166615e-10   1.9784954e-10
   1.0000000e+00  -7.3259540e-02  -1.8791180e-01  -6.6671373e-02  -4.9961817e-04  -1.1768499e-03  -1.4736975e-03   5.3669602e-03   3.5310845e-02   4.4450720e-03   2.4961832e-07   1.3849757e-06   2.1717843e-06   5.9001100e-03  -1.4283780e-02  -5.7905208e-02   7.6035283e-04  -2.9916982e-04   4.7963700e-05   3.4811298e-05   2.0402637e-04   3.3530132e-03   5.7813643e-07   8.9502581e-08   2.3005165e-09
   1.0000000e+00  -7.3584854e-02  -2.2155872e-01   1.5525984e-02  -1.9131981e-03  -1.2746103e-03  -1.6052091e-03   5.4147307e-03   4.9088266e-02   2.4105618e-04   3.6603270e-06   1.6246314e-06   2.5766963e-06  -3.2531400e-04  -3.3646920e-02   8.2197357e-02  -1.4135799e-03  -9.7760400e-05  -1.3151160e-04   1.0582920e-07   1.1321152e-03   6.7564055e-03   1.9982082e-06   9.5570958e-09   1.7295301e-08
   1.0000000e+00  -7.5606292e-02  -1.7805492e-01   2.3759077e-02  -1.7914515e-03  -7.8792886e-04  -1.4470696e-03   5.7163114e-03   3.1703555e-02   5.6449374e-04   3.2092985e-06   6.2083189e-07   2.0940104e-06  -2.0214380e-03   4.3503800e-02   8.2330930e-03   1.2174660e-04   4.8668144e-04   1.5813950e-04   4.0862116e-06   1.8925806e-03   6.7783820e-05   1.4822235e-08   2.3685882e-07   2.5008101e-08
   1.0000000e+00  -9.1464090e-02  -2.0876811e-01  -3.3979262e-02  -7.3858198e-04  -9.7478062e-04  -1.7557512e-03   8.3656798e-03   4.3584124e-02   1.1545902e-03   5.4550334e-07   9.5019726e-07   3.0826623e-06  -1.5857798e-02  -3.0713190e-02  -5.7738339e-02   1.0528695e-03  -1.8685176e-04  -3.0868160e-04   2.5146976e-04   9.4330004e-04   3.3337158e-03   1.1085342e-06   3.4913580e-08   9.5284330e-08
   1.0000000e+00  -9.6840707e-02  -2.4180747e-01   3.1347712e-03  -1.6452844e-03  -1.0233934e-03  -2.0828139e-03   9.3781225e-03   5.8470853e-02   9.8267905e-06   2.7069608e-06   1.0473341e-06   4.3381137e-06  -5.3766170e-03  -3.3039360e-02   3.7114033e-02  -9.0670242e-04  -4.8612780e-05  -3.2706270e-04   2.8908010e-05   1.0915993e-03   1.3774515e-03   8.2210928e-07   2.3632024e-09   1.0697001e-07
   1.0000000e+00  -6.9134451e-02  -2.0314815e-01   1.0803128e-02  -2.0522568e-03  -6.2178315e-04  -1.5999222e-03   4.7795723e-03   4.1269171e-02   1.1670757e-04   4.2117580e-06   3.8661429e-07   2.5597510e-06   2.7706256e-02   3.8659320e-02   7.6683568e-03  -4.0697240e-04   4.0161025e-04   4.8289170e-04   7.6763662e-04   1.4945430e-03   5.8803696e-05   1.6562653e-07   1.6129079e-07   2.3318439e-07
   1.0000000e+00  -6.9562495e-02  -1.9883222e-01  -1.2240584e-02  -1.0086367e-03  -3.6587459e-04  -1.5225461e-03   4.8389407e-03   3.9534252e-02   1.4983190e-04   1.0173480e-06   1.3386422e-07   2.3181466e-06  -4.2804400e-04   4.3159300e-03  -2.3043712e-02   1.0436201e-03   2.5590856e-04   7.7376100e-05   1.8322167e-07   1.8627252e-05   5.3101266e-04   1.0891429e-06   6.5489191e-08   5.9870609e-09
   1.0000000e+00  -5.5404032e-02  -2.3295606e-01  -1.9747854e-02  -1.4735986e-03  -6.3131819e-04  -1.2876100e-03   3.0696068e-03   5.4268526e-02   3.8997774e-04   2.1714928e-06   3.9856266e-07   1.6579395e-06   1.4158463e-02  -3.4123840e-02  -7.5072700e-03  -4.6496190e-04  -2.6544360e-04   2.3493610e-04   2.0046207e-04   1.1644365e-03   5.6359103e-05   2.1618957e-07   7.0460305e-08   5.5194971e-08
   1.0000000e+00  -5.6906748e-02  -2.6338696e-01   1.8903194e-02  -2.8605595e-03  -7.0772971e-04  -1.6704090e-03   3.2383780e-03   6.9372691e-02   3.5733074e-04   8.1828007e-06   5.0088134e-07   2.7902662e-06  -1.5027160e-03  -3.0430900e-02   3.8651048e-02  -1.3869609e-03  -7.6411520e-05  -3.8279900e-04   2.2581554e-06   9.2603967e-04   1.4939035e-03   1.9236605e-06   5.8387204e-09   1.4653507e-07
   1.0000000e+00  -7.9846851e-02  -1.8991757e-01  -6.9226118e-02  -8.0260892e-04  -5.7387960e-04  -1.7234676e-03   6.3755196e-03   3.6068683e-02   4.7922554e-03   6.4418108e-07   3.2933780e-07   2.9703406e-06  -2.2940103e-02   7.3469390e-02  -8.8129312e-02   2.0579506e-03   1.3385011e-04  -5.3058600e-05   5.2624833e-04   5.3977513e-03   7.7667756e-03   4.2351606e-06   1.7915852e-08   2.8152150e-09
   1.0000000e+00  -7.0130450e-02  -2.2608901e-01  -3.4588154e-02  -1.1743913e-03  -7.2252124e-04  -1.5865349e-03   4.9182800e-03   5.1116240e-02   1.1963404e-03   1.3791949e-06   5.2203694e-07   2.5170930e-06   9.7164010e-03  -3.6171440e-02   3.4637964e-02  -3.7178238e-04  -1.4864164e-04   1.3693270e-04   9.4408448e-05   1.3083731e-03   1.1997886e-03   1.3822214e-07   2.2094337e-08   1.8750564e-08
   1.0000000e+00  -7.4617469e-02  -2.4888276e-01  -2.8916504e-03  -2.4892091e-03  -7.2948213e-04  -1.9431430e-03   5.5677667e-03   6.1942628e-02   8.3616420e-06   6.1961619e-06   5.3214418e-07   3.7758047e-06  -4.4870190e-03  -2.2793750e-02   3.1696504e-02  -1.3148178e-03  -6.9608900e-06  -3.5660810e-04   2.0133340e-05   5.1955504e-04   1.0046683e-03   1.7287458e-06   4.8453990e-11   1.2716934e-07
   1.0000000e+00  -1.1296758e-01  -2.4106230e-01   4.4185085e-02  -1.7789996e-03  -1.1498069e-03  -2.2763850e-03   1.2761674e-02   5.8111032e-02   1.9523217e-03   3.1648396e-06   1.3220559e-06   5.1819287e-06  -3.8350111e-02   7.8204600e-03   4.7076735e-02   7.1020950e-04  -4.2032477e-04  -3.3324200e-04   1.4707310e-03   6.1159595e-05   2.2162190e-03   5.0439753e-07   1.7667291e-07   1.1105023e-07
   1.0000000e+00  -1.2095815e-01  -2.4636941e-01  -5.3788170e-03  -1.5545766e-03  -1.3590911e-03  -2.3726652e-03   1.4630874e-02   6.0697886e-02   2.8931672e-05   2.4167084e-06   1.8471286e-06   5.6295402e-06  -7.9905700e-03  -5.3071100e-03  -4.9563902e-02   2.2442300e-04  -2.0928420e-04  -9.6280200e-05   6.3849209e-05   2.8165417e-05   2.4565804e-03   5.0365683e-08   4.3799876e-08   9.2698769e-09
   1.0000000e+00  -9.1889195e-02  -2.8503399e-01   2.8075458e-03  -2.2123090e-03  -1.2111061e-03  -2.1867471e-03   8.4436242e-03   8.1244375e-02   7.8823134e-06   4.8943111e-06   1.4667780e-06   4.7818629e-06   2.9068955e-02  -3.8664580e-02   8.1863628e-03  -6.5773240e-04   1.4798500e-04   1.8591810e-04   8.4500414e-04   1.4949497e-03   6.7016536e-05   4.3261191e-07   2.1899560e-08   3.4565540e-08
   1.0000000e+00  -9.4852936e-02  -2.1772740e-01  -6.5781963e-03  -2.3223728e-03  -1.0472673e-03  -2.0839420e-03   8.9970795e-03   4.7405221e-02   4.3272667e-05   5.3934154e-06   1.0967688e-06   4.3428143e-06  -2.9637410e-03   6.7306590e-02  -9.3857421e-03  -1.1006380e-04   1.6383880e-04   1.0280510e-04   8.7837607e-06   4.5301771e-03   8.8092155e-05   1.2114040e-08   2.6843152e-08   1.0568889e-08
   1.0000000e+00  -9.3370461e-02  -2.3496801e-01  -5.3609050e-02  -1.0067802e-03  -8.8563448e-04  -1.9349578e-03   8.7180430e-03   5.5209966e-02   2.8739302e-03   1.0136064e-06   7.8434843e-07   3.7440617e-06   1.4824750e-03  -1.7240610e-02  -4.7030854e-02   1.3155926e-03   1.6163282e-04   1.4898420e-04   2.1977321e-06   2.9723863e-04   2.2119012e-03   1.7307839e-06   2.6125169e-08   2.2196292e-08
   1.0000000e+00  -8.7946283e-02  -2.7250184e-01   2.3877681e-02  -2.9472924e-03  -9.3930675e-04  -2.1102837e-03   7.7345487e-03   7.4257253e-02   5.7014365e-04   8.6865325e-06   8.8229717e-07   4.4532973e-06   5.4241780e-03  -3.7533830e-02   7.7486731e-02  -1.9405122e-03  -5.3672270e-05  -1.7532590e-04   2.9421707e-05   1.4087884e-03   6.0041935e-03   3.7655876e-06   2.8807126e-09   3.0739171e-08
   1.0000000e+00  -7.7469737e-02  -2.0993424e-01  -6.8651269e-02  -1.1723468e-03  -1.0694550e-03  -1.9911187e-03   6.0015602e-03   4.4072385e-02   4.7129967e-03   1.3743970e-06   1.1437340e-06   3.9645537e-06   1.0476546e-02   6.2567600e-02  -9.2528950e-02   1.7749456e-03  -1.3014825e-04   1.1916500e-04   1.0975802e-04   3.9147046e-03   8.5616066e-03   3.1504319e-06   1.6938567e-08   1.4200297e-08
   1.0000000e+00  -9.5789182e-02  -2.9831872e-01   4.1542348e-02  -2.2124316e-03  -1.3243481e-03  -2.4042739e-03   9.1755674e-03   8.8994059e-02   1.7257667e-03   4.8948536e-06   1.7538979e-06   5.7805330e-06  -1.8319445e-02  -8.8384480e-02   1.1019362e-01  -1.0400848e-03  -2.5489310e-04  -4.1315520e-04   3.3560207e-04   7.8118163e-03   1.2142633e-02   1.0817764e-06   6.4970492e-08   1.7069722e-07
   1.0000000e+00  -1.0702435e-01  -1.9940284e-01  -9.6789843e-02  -1.5211462e-03  -1.3082368e-03  -2.3064319e-03   1.1454211e-02   3.9761493e-02   9.3682737e-03   2.3138858e-06   1.7114835e-06   5.3196281e-06  -1.1235168e-02   9.8915880e-02  -1.3833219e-01   6.9128540e-04   1.6111300e-05   9.7842000e-05   1.2622900e-04   9.7843513e-03   1.9135795e-02   4.7787550e-07   2.5957399e-10   9.5730570e-09
   1.0000000e+00  -9.4458994e-02  -2.8526572e-01   2.7608064e-03  -2.4247073e-03  -1.2463642e-03  -2.3951592e-03   8.9225015e-03   8.1376531e-02   7.6220520e-06   5.8792055e-06   1.5534237e-06   5.7367876e-06   1.2565356e-02  -8.5862880e-02   9.9550649e-02  -9.0356110e-04   6.1872600e-05  -8.8727300e-05   1.5788817e-04   7.3724342e-03   9.9103318e-03   8.1642266e-07   3.8282186e-09   7.8725338e-09
   1.0000000e+00  -9.7417069e-02  -2.4085383e-01  -3.3544253e-02  -1.2108528e-03  -1.2106213e-03  -2.3176235e-03   9.4900853e-03   5.8010567e-02   1.1252169e-03   1.4661645e-06   1.4656039e-06   5.3713787e-06  -2.9580750e-03   4.4411890e-02  -3.6305059e-02   1.2138545e-03   3.5742900e-05   7.7535700e-05   8.7502077e-06   1.9724160e-03   1.3180573e-03   1.4734427e-06   1.2775549e-09   6.0117848e-09
   1.0000000e+00  -7.2008367e-02  -2.8429064e-01  -3.4969824e-02  -1.8291363e-03  -1.4123355e-03  -1.8160030e-03   5.1852049e-03   8.0821168e-02   1.2228886e-03   3.3457396e-06   1.9946916e-06   3.2978669e-06   2.5408702e-02  -4.3436810e-02  -1.4255710e-03  -6.1828350e-04  -2.0171420e-04   5.0162050e-04   6.4560214e-04   1.8867565e-03   2.0322527e-06   3.8227449e-07   4.0688618e-08   2.5162313e-07
   1.0000000e+00  -6.8303241e-02  -2.3069857e-01  -5.2635838e-02  -2.0564273e-03  -1.0325919e-03  -1.9958496e-03   4.6653327e-03   5.3221830e-02   2.7705314e-03   4.2288932e-06   1.0662460e-06   3.9834156e-06   3.7051260e-03   5.3592070e-02  -1.7666014e-02  -2.2729100e-04   3.7974360e-04  -1.7984660e-04   1.3727959e-05   2.8721100e-03   3.1208805e-04   5.1661199e-08   1.4420520e-07   3.2344800e-08
   1.0000000e+00  -7.3321413e-02  -2.3378163e-01  -9.3708118e-02  -8.6860381e-04  -9.8943859e-04  -1.7982778e-03   5.3760296e-03   5.4653851e-02   8.7812114e-03   7.5447258e-07   9.7898872e-07   3.2338030e-06  -5.0181720e-03  -3.0830600e-03  -4.1072280e-02   1.1878235e-03   4.3153310e-05   1.9757180e-04   2.5182050e-05   9.5052590e-06   1.6869322e-03   1.4109246e-06   1.8622082e-09   3.9034616e-08
   1.0000000e+00  -5.0021238e-02  -3.7600885e-01   1.2117945e-01  -1.5399188e-03  -1.2087016e-03  -1.9133235e-03   2.5021243e-03   1.4138266e-01   1.4684459e-02   2.3713499e-06   1.4609596e-06   3.6608068e-06   2.3300175e-02  -1.4222722e-01   2.1488757e-01  -6.7131499e-04  -2.1926301e-04  -1.1504570e-04   5.4289816e-04   2.0228582e-02   4.6176667e-02   4.5066382e-07   4.8076268e-08   1.3235513e-08
   1.0000000e+00  -5.8057627e-02  -3.1519174e-01  -1.3386561e-01   6.4556028e-05  -1.5356378e-03  -1.9388234e-03   3.3706881e-03   9.9345833e-02   1.7920002e-02   4.1674808e-09   2.3581835e-06   3.7590362e-06  -8.0363890e-03   6.0817110e-02  -2.5504506e-01   1.6044748e-03  -3.2693620e-04  -2.5499900e-05   6.4583548e-05   3.6987209e-03   6.5047983e-02   2.5743395e-06   1.0688728e-07   6.5024490e-10
   1.0000000e+00  -4.1961819e-02  -2.6564317e-01  -1.0718567e-01  -1.2257596e-03  -1.2743102e-03  -1.8908423e-03   1.7607943e-03   7.0566294e-02   1.1488768e-02   1.5024866e-06   1.6238665e-06   3.5752846e-06   1.6095808e-02   4.9548570e-02   2.6679940e-02  -1.2903156e-03   2.6132760e-04   4.7981100e-05   2.5907504e-04   2.4550608e-03   7.1181920e-04   1.6649144e-06   6.8292115e-08   2.3021860e-09
   1.0000000e+00  -4.6868779e-02  -2.8148652e-01  -1.0671389e-01   3.1031423e-04  -1.1236813e-03  -1.7734969e-03   2.1966824e-03   7.9234661e-02   1.1387854e-02   9.6294921e-08   1.2626597e-06   3.1452913e-06  -4.9069600e-03  -1.5843350e-02   4.7178000e-04   1.5360738e-03   1.5062890e-04   1.1734540e-04   2.4078256e-05   2.5101174e-04   2.2257637e-07   2.3595228e-06   2.2689066e-08   1.3769943e-08
   1.0000000e+00  -4.4730769e-02  -3.1143053e-01  -9.6533662e-02  -1.2645832e-03  -1.1060591e-03  -1.7484778e-03   2.0008417e-03   9.6988975e-02   9.3187479e-03   1.5991707e-06   1.2233667e-06   3.0571746e-06   2.1380100e-03  -2.9944010e-02   1.0180228e-02  -1.5748974e-03   1.7622200e-05   2.5019100e-05   4.5710868e-06   8.9664373e-04   1.0363704e-04   2.4803019e-06   3.1054193e-10   6.2595536e-10
   1.0000000e+00  -6.1775640e-02  -2.7870643e-01  -6.8468352e-02  -6.5364134e-04  -1.1117506e-03  -1.9528171e-03   3.8162297e-03   7.7677274e-02   4.6879152e-03   4.2724700e-07   1.2359894e-06   3.8134946e-06  -1.7044871e-02   3.2724100e-02   2.8065310e-02   6.1094186e-04  -5.6915000e-06  -2.0433930e-04   2.9052763e-04   1.0708667e-03   7.8766163e-04   3.7324996e-07   3.2393172e-11   4.1754550e-08
   1.0000000e+00  -5.3472685e-02  -2.7097606e-01  -1.3720620e-01  -1.8168819e-04  -1.2218275e-03  -1.8112160e-03   2.8593280e-03   7.3428025e-02   1.8825541e-02   3.3010598e-08   1.4928624e-06   3.2805034e-06   8.3029550e-03   7.7303700e-03  -6.8737848e-02   4.7195315e-04  -1.1007690e-04   1.4160110e-04   6.8939062e-05   5.9758620e-05   4.7248917e-03   2.2273978e-07   1.2116924e-08   2.0050872e-08
   1.0000000e+00  -7.0032405e-02  -2.8340404e-01  -4.2423819e-02  -1.6297002e-03  -1.3342249e-03  -2.2695284e-03   4.9045378e-03   8.0317850e-02   1.7997804e-03   2.6559227e-06   1.7801561e-06   5.1507592e-06  -1.6559720e-02  -1.2427980e-02   9.4782381e-02  -1.4480120e-03  -1.1239740e-04  -4.5831240e-04   2.7422433e-04   1.5445469e-04   8.9836997e-03   2.0967388e-06   1.2633176e-08   2.1005026e-07
   1.0000000e+00  -6.9951978e-02  -2.6871572e-01  -8.7535336e-02  -4.5514202e-05  -1.7458230e-03  -2.4114590e-03   4.8932792e-03   7.2208138e-02   7.6624350e-03   2.0715426e-09   3.0478979e-06   5.8151345e-06   8.0427000e-05   1.4688320e-02  -4.5111517e-02   1.5841860e-03  -4.1159810e-04  -1.4193060e-04   6.4685023e-09   2.1574674e-04   2.0350490e-03   2.5096453e-06   1.6941300e-07   2.0144295e-08
   1.0000000e+00  -7.0140696e-02  -3.2333290e-01  -5.8396696e-02  -9.5097378e-04  -1.8024207e-03  -2.3694932e-03   4.9197172e-03   1.0454416e-01   3.4101741e-03   9.0435113e-07   3.2487204e-06   5.6144980e-06  -1.8871800e-04  -5.4617180e-02   2.9138640e-02  -9.0545958e-04  -5.6597700e-05   4.1965800e-05   3.5614484e-08   2.9830364e-03   8.4906034e-04   8.1985705e-07   3.2032996e-09   1.7611284e-09
   1.0000000e+00  -6.5908684e-02  -2.4774797e-01  -7.2155154e-02  -1.0065263e-03  -1.2452759e-03  -2.1232097e-03   4.3439546e-03   6.1379057e-02   5.2063662e-03   1.0130952e-06   1.5507121e-06   4.5080194e-06   4.2320120e-03   7.5584930e-02  -1.3758458e-02  -5.5552520e-05   5.5714480e-04   2.4628350e-04   1.7909926e-05   5.7130816e-03   1.8929517e-04   3.0860825e-09   3.1041033e-07   6.0655562e-08
   1.0000000e+00  -6.2131584e-02  -3.1952314e-01  -4.7141923e-02   1.0563981e-04  -1.3359798e-03  -1.9031273e-03   3.8603337e-03   1.0209504e-01   2.2223609e-03   1.1159769e-08   1.7848420e-06   3.6218935e-06   3.7771000e-03  -7.1775170e-02   2.5013231e-02   1.1121661e-03  -9.0703900e-05   2.2008240e-04   1.4266484e-05   5.1516750e-03   6.2566173e-04   1.2369135e-06   8.2271975e-09   4.8436263e-08
   1.0000000e+00  -3.6616302e-02  -2.8559234e-01  -3.8403580e-02  -1.9336657e-03  -1.2097386e-03  -1.7133284e-03   1.3407536e-03   8.1562985e-02   1.4748350e-03   3.7390630e-06   1.4634675e-06   2.9354942e-06   2.5515282e-02   3.3930800e-02   8.7383430e-03  -2.0393055e-03   1.2624120e-04   1.8979890e-04   6.5102962e-04   1.1512992e-03   7.6358638e-05   4.1587670e-06   1.5936841e-08   3.6023622e-08
   1.0000000e+00  -3.1499502e-02  -3.0071778e-01  -5.2622945e-02  -4.6445509e-04  -1.1073497e-03  -1.7445424e-03   9.9221863e-04   9.0431183e-02   2.7691743e-03   2.1571853e-07   1.2262234e-06   3.0434282e-06   5.1168000e-03  -1.5125440e-02  -1.4219365e-02   1.4692106e-03   1.0238890e-04  -3.1214000e-05   2.6181642e-05   2.2877894e-04   2.0219034e-04   2.1585798e-06   1.0483487e-08   9.7431380e-10
   1.0000000e+00  -2.3298074e-02  -3.2088873e-01  -7.3239071e-02  -1.4207684e-03  -1.5028301e-03  -1.7320495e-03   5.4280025e-04   1.0296958e-01   5.3639615e-03   2.0185828e-06   2.2584983e-06   2.9999955e-06   8.2014280e-03  -2.0170950e-02  -2.0616126e-02  -9.5631331e-04  -3.9548040e-04   1.2492900e-05   6.7263421e-05   4.0686722e-04   4.2502465e-04   9.1453515e-07   1.5640475e-07   1.5607255e-10
   1.0000000e+00  -2.2832467e-02  -3.0559225e-01  -9.6467523e-03  -1.7434890e-03  -1.1449409e-03  -1.7720094e-03   5.2132155e-04   9.3386623e-02   9.3059830e-05   3.0397539e-06   1.3108897e-06   3.1400173e-06   4.6560700e-04   1.5296480e-02   6.3592319e-02  -3.2272060e-04   3.5788920e-04  -3.9959900e-05   2.1678988e-07   2.3398230e-04   4.0439830e-03   1.0414859e-07   1.2808468e-07   1.5967936e-09
   1.0000000e+00  -1.9223335e-02  -3.0958219e-01  -1.0655645e-01  -3.7426737e-04  -1.0027878e-03  -1.4181293e-03   3.6953661e-04   9.5841132e-02   1.1354277e-02   1.4007606e-07   1.0055834e-06   2.0110907e-06   3.6091320e-03  -3.9899400e-03  -9.6909698e-02   1.3692216e-03   1.4215310e-04   3.5388010e-04   1.3025834e-05   1.5919621e-05   9.3914895e-03   1.8747679e-06   2.0207504e-08   1.2523113e-07
   1.0000000e+00  -2.3573444e-02  -3.3189671e-01  -9.7445653e-02  -9.3989870e-04  -1.3812235e-03  -1.4272855e-03   5.5570726e-04   1.1015543e-01   9.4956553e-03   8.8340957e-07   1.9077784e-06   2.0371439e-06  -4.3501090e-03  -2.2314520e-02   9.1107970e-03  -5.6563133e-04  -3.7843570e-04  -9.1562000e-06   1.8923448e-05   4.9793780e-04   8.3006622e-05   3.1993880e-07   1.4321358e-07   8.3835998e-11
   1.0000000e+00  -1.3300714e-02  -2.9194723e-01  -8.4636571e-02  -1.3658348e-03  -1.2840443e-03  -1.5740334e-03   1.7690899e-04   8.5233185e-02   7.1633492e-03   1.8655047e-06   1.6487698e-06   2.4775811e-06   1.0272730e-02   3.9949480e-02   1.2809082e-02  -4.2593610e-04   9.7179200e-05  -1.4674790e-04   1.0552898e-04   1.5959610e-03   1.6407258e-04   1.8142156e-07   9.4437969e-09   2.1534946e-08
   1.0000000e+00  -1.8899756e-02  -2.9578674e-01  -1.2347870e-01   2.5458530e-04  -8.3498806e-04  -1.3994836e-03   3.5720078e-04   8.7489796e-02   1.5246989e-02   6.4813675e-08   6.9720506e-07   1.9585543e-06  -5.5990420e-03  -3.8395100e-03  -3.8842129e-02   1.6204201e-03   4.4905624e-04   1.7454980e-04   3.1349271e-05   1.4741837e-05   1.5087110e-03   2.6257613e-06   2.0165151e-07   3.0467633e-08
   1.0000000e+00  -5.8471563e-03  -3.1578855e-01  -1.3589455e-01  -8.5677808e-04  -1.3042326e-03  -1.1905791e-03   3.4189237e-05   9.9722408e-02   1.8467329e-02   7.3406868e-07   1.7010227e-06   1.4174786e-06   1.3052600e-02  -2.0001810e-02  -1.2415850e-02  -1.1113634e-03  -4.6924454e-04   2.0890450e-04   1.7037036e-04   4.0007240e-04   1.5415333e-04   1.2351286e-06   2.2019044e-07   4.3641090e-08
   1.0000000e+00  -5.0419319e-03  -2.7102743e-01  -1.1442150e-01  -1.2941153e-03  -1.1675157e-03  -1.4941286e-03   2.5421077e-05   7.3455868e-02   1.3092280e-02   1.6747344e-06   1.3630929e-06   2.2324203e-06   8.0522440e-04   4.4761120e-02   2.1473050e-02  -4.3733722e-04   1.3671690e-04  -3.0354950e-04   6.4838633e-07   2.0035579e-03   4.6109188e-04   1.9126384e-07   1.8691511e-08   9.2142299e-08
   1.0000000e+00   1.9202429e-03  -2.6059378e-01  -1.1747642e-01   4.0967011e-06  -9.6905740e-04  -1.1602832e-03   3.6873328e-06   6.7909118e-02   1.3800709e-02   1.6782960e-11   9.3907224e-07   1.3462571e-06   6.9621748e-03   1.0433650e-02  -3.0549200e-03   1.2982120e-03   1.9845830e-04   3.3384540e-04   4.8471878e-05   1.0886105e-04   9.3325362e-06   1.6853544e-06   3.9385697e-08   1.1145275e-07
   1.0000000e+00  -6.9172622e-03  -3.1876716e-01  -1.1667706e-01  -2.8400147e-04  -8.2167276e-04  -1.2522388e-03   4.7848516e-05   1.0161250e-01   1.3613536e-02   8.0656835e-08   6.7514612e-07   1.5681020e-06  -8.8375051e-03  -5.8173380e-02   7.9936000e-04  -2.8809817e-04   1.4738464e-04  -9.1955600e-05   7.8101496e-05   3.3841421e-03   6.3897641e-07   8.3000556e-08   2.1722232e-08   8.4558324e-09
   1.0000000e+00  -6.5636719e-03  -3.4437439e-01  -6.2395437e-02  -2.0578048e-03  -7.5625523e-04  -1.3109674e-03   4.3081789e-05   1.1859372e-01   3.8931906e-03   4.2345606e-06   5.7192197e-07   1.7186355e-06   3.5359030e-04  -2.5607230e-02   5.4281623e-02  -1.7738033e-03   6.5417530e-05  -5.8728600e-05   1.2502610e-07   6.5573023e-04   2.9464946e-03   3.1463783e-06   4.2794532e-09   3.4490485e-09
   1.0000000e+00  -2.9424273e-03  -2.8768214e-01  -1.3305349e-01  -3.8234559e-04  -1.0420103e-03  -1.3001037e-03   8.6578784e-06   8.2761014e-02   1.7703231e-02   1.4618815e-07   1.0857855e-06   1.6902696e-06   3.6212446e-03   5.6692250e-02  -7.0658053e-02   1.6754592e-03  -2.8575507e-04   1.0863700e-05   1.3113412e-05   3.2140112e-03   4.9925605e-03   2.8071636e-06   8.1655960e-08   1.1801998e-10
   1.0000000e+00  -5.0894025e-03  -3.3187283e-01  -1.3456544e-01   1.4375626e-04  -1.1445441e-03  -1.2472425e-03   2.5902018e-05   1.1013958e-01   1.8107858e-02   2.0665862e-08   1.3099812e-06   1.5556139e-06  -2.1469752e-03  -4.4190690e-02  -1.5119500e-03   5.2610185e-04  -1.0253380e-04   5.2861200e-05   4.6095025e-06   1.9528171e-03   2.2859928e-06   2.7678316e-07   1.0513180e-08   2.7943065e-09
   1.0000000e+00  -5.5879433e-04  -3.5706396e-01  -1.0190910e-01  -1.6223698e-03  -9.2575760e-04  -1.2183677e-03   3.1225110e-07   1.2749467e-01   1.0385465e-02   2.6320838e-06   8.5702713e-07   1.4844199e-06   4.5306082e-03  -2.5191130e-02   3.2656340e-02  -1.7661261e-03   2.1878650e-04   2.8874800e-05   2.0526410e-05   6.3459303e-04   1.0664365e-03   3.1192013e-06   4.7867533e-08   8.3375408e-10
   1.0000000e+00  -6.2023726e-03  -2.8776172e-01  -1.1035328e-01  -8.2087455e-04  -9.9589659e-04  -1.2170524e-03   3.8469426e-05   8.2806807e-02   1.2177846e-02   6.7383503e-07   9.9181002e-07   1.4812165e-06  -5.6435783e-03   6.9302240e-02  -8.4441800e-03   8.0149525e-04  -7.0138990e-05   1.3153000e-06   3.1849976e-05   4.8028005e-03   7.1304176e-05   6.4239464e-07   4.9194779e-09   1.7300141e-12
   1.0000000e+00  -2.3349892e-02  -3.6210673e-01  -1.3952454e-01   8.6601085e-04  -9.5758604e-04  -1.2971990e-03   5.4521746e-04   1.3112128e-01   1.9467097e-02   7.4997479e-07   9.1697102e-07   1.6827252e-06  -1.7147519e-02  -7.4345010e-02  -2.9171260e-02   1.6868854e-03   3.8310550e-05  -8.0146600e-05   2.9403742e-04   5.5271805e-03   8.5096241e-04   2.8455824e-06   1.4676982e-09   6.4234775e-09
   1.0000000e+00  -3.1022303e-02  -3.5099871e-01  -1.4991045e-01  -1.4277843e-03  -1.0070226e-03  -1.3457596e-03   9.6238328e-04   1.2320009e-01   2.2473143e-02   2.0385680e-06   1.0140945e-06   1.8110689e-06  -7.6724110e-03   1.1108020e-02  -1.0385910e-02  -2.2937951e-03  -4.9436560e-05  -4.8560600e-05   5.8865891e-05   1.2338811e-04   1.0786713e-04   5.2614962e-06   2.4439735e-09   2.3581319e-09
   1.0000000e+00  -3.7316575e-02  -3.2219184e-01  -1.4234372e-01   3.1798731e-04  -9.4048144e-04  -1.3983255e-03   1.3925268e-03   1.0380758e-01   2.0261735e-02   1.0111593e-07   8.8450534e-07   1.9553142e-06  -6.2942720e-03   2.8806870e-02   7.5667300e-03   1.7457716e-03   6.6541160e-05  -5.2565900e-05   3.9617860e-05   8.2983576e-04   5.7255403e-05   3.0477185e-06   4.4277260e-09   2.7631738e-09
   1.0000000e+00  -3.7880041e-02  -3.4919500e-01  -2.1349423e-01   2.7878678e-04  -1.1668618e-03  -1.6472569e-03   1.4348975e-03   1.2193715e-01   4.5579786e-02   7.7722069e-08   1.3615665e-06   2.7134553e-06  -5.6346600e-04  -2.7003160e-02  -7.1150510e-02  -3.9200530e-05  -2.2638036e-04  -2.4893140e-04   3.1749393e-07   7.2917065e-04   5.0623951e-03   1.5366816e-09   5.1248067e-08   6.1966842e-08
   1.0000000e+00  -1.8332414e-02  -3.1747032e-01  -1.3345096e-01  -6.4639862e-04  -7.0135042e-04  -1.5253841e-03   3.3607740e-04   1.0078740e-01   1.7809159e-02   4.1783118e-07   4.9189241e-07   2.3267967e-06   1.9547627e-02   3.1724680e-02   8.0043270e-02  -9.2518540e-04   4.6551138e-04   1.2187280e-04   3.8210972e-04   1.0064553e-03   6.4069251e-03   8.5596802e-07   2.1670084e-07   1.4852979e-08
   1.0000000e+00  -1.7521272e-02  -3.4879109e-01  -1.7387374e-01   1.3180116e-03  -8.9639568e-04  -1.4439074e-03   3.0699497e-04   1.2165522e-01   3.0232077e-02   1.7371546e-06   8.0352522e-07   2.0848686e-06   8.1114200e-04  -3.1320770e-02  -4.0422780e-02   1.9644102e-03  -1.9504526e-04   8.1476700e-05   6.5795134e-07   9.8099063e-04   1.6340011e-03   3.8589075e-06   3.8042653e-08   6.6384526e-09
   1.0000000e+00  -1.5220362e-02  -3.7718406e-01  -1.4271322e-01  -4.5830490e-04  -9.5590853e-04  -1.4384117e-03   2.3165942e-04   1.4226782e-01   2.0367063e-02   2.1004338e-07   9.1376112e-07   2.0690282e-06   2.3009100e-03  -2.8392970e-02   3.1160520e-02  -1.7763165e-03  -5.9512850e-05   5.4957000e-06   5.2941868e-06   8.0616075e-04   9.7097801e-04   3.1553003e-06   3.5417793e-09   3.0202718e-11
   1.0000000e+00  -1.2820257e-02  -3.2515626e-01  -1.4904316e-01  -7.1019199e-04  -6.6542971e-04  -1.2992914e-03   1.6435899e-04   1.0572659e-01   2.2213864e-02   5.0437266e-07   4.4279670e-07   1.6881581e-06   2.4001050e-03   5.2027800e-02  -6.3299400e-03  -2.5188709e-04   2.9047882e-04   1.3912030e-04   5.7605040e-06   2.7068920e-03   4.0068140e-05   6.3447106e-08   8.4377945e-08   1.9354458e-08
   1.0000000e+00  -2.3118903e-02  -3.3184494e-01  -2.1866587e-01   1.2613112e-03  -7.0652166e-04  -1.4835851e-03   5.3448368e-04   1.1012106e-01   4.7814763e-02   1.5909059e-06   4.9917286e-07   2.2010247e-06  -1.0298646e-02  -6.6886800e-03  -6.9622710e-02   1.9715032e-03  -4.1091950e-05  -1.8429370e-04   1.0606211e-04   4.4738440e-05   4.8473217e-03   3.8868248e-06   1.6885484e-09   3.3964168e-08
   1.0000000e+00  -1.8400197e-02  -3.5473453e-01  -1.8532160e-01   5.3032687e-04  -9.0964031e-04  -1.4569353e-03   3.3856725e-04   1.2583659e-01   3.4344095e-02   2.8124659e-07   8.2744549e-07   2.1226605e-06   4.7187060e-03  -2.2889590e-02   3.3344270e-02  -7.3098433e-04  -2.0311865e-04   2.6649800e-05   2.2266186e-05   5.2393333e-04   1.1118403e-03   5.3433809e-07   4.1257186e-08   7.1021184e-10
   1.0000000e+00  -8.4544228e-03  -3.1892295e-01  -1.4650944e-01  -1.0434546e-03  -6.4546906e-04  -1.4374133e-03   7.1477265e-05   1.0171185e-01   2.1465016e-02   1.0887975e-06   4.1663031e-07   2.0661570e-06   9.9457742e-03   3.5811580e-02   3.8812160e-02  -1.5737815e-03   2.6417125e-04   1.9522000e-05   9.8918424e-05   1.2824693e-03   1.5063838e-03   2.4767881e-06   6.9786449e-08   3.8110848e-10
   1.0000000e+00  -4.0424973e-02  -3.1909716e-01  -2.2959508e-01   1.2422133e-03  -8.1812061e-04  -1.8150227e-03   1.6341784e-03   1.0182300e-01   5.2713901e-02   1.5430939e-06   6.6932133e-07   3.2943074e-06  -3.1970550e-02  -1.7421000e-04  -8.3085640e-02   2.2856679e-03  -1.7265155e-04  -3.7760940e-04   1.0221161e-03   3.0349124e-08   6.9032236e-03   5.2242777e-06   2.9808558e-08   1.4258886e-07
   1.0000000e+00  -4.3943948e-02  -3.4587958e-01  -2.1828208e-01   1.5868190e-04  -7.2967060e-04  -1.7406264e-03   1.9310706e-03   1.1963268e-01   4.7647066e-02   2.5179945e-08   5.3241918e-07   3.0297803e-06  -3.5189750e-03  -2.6782420e-02   1.1313000e-02  -1.0835314e-03   8.8450010e-05   7.4396300e-05   1.2383185e-05   7.1729802e-04   1.2798397e-04   1.1740403e-06   7.8234043e-09   5.5348095e-09
   1.0000000e+00  -1.9957907e-02  -3.8457680e-01  -1.6587759e-01  -8.6416434e-04  -6.7037290e-04  -1.6360110e-03   3.9831805e-04   1.4789932e-01   2.7515375e-02   7.4678001e-07   4.4939983e-07   2.6765320e-06   2.3986041e-02  -3.8697220e-02   5.2404490e-02  -1.0228462e-03   5.9297700e-05   1.0461540e-04   5.7533016e-04   1.4974748e-03   2.7462306e-03   1.0462144e-06   3.5162172e-09   1.0944382e-08
   1.0000000e+00  -5.6113208e-02  -3.2704897e-01  -2.2420292e-01   8.1287989e-06  -6.5603568e-04  -1.8729509e-03   3.1486921e-03   1.0696103e-01   5.0266949e-02   6.6077372e-11   4.3038281e-07   3.5079451e-06  -3.6155301e-02   5.7527830e-02  -5.8325330e-02   8.7229314e-04   1.4337220e-05  -2.3693990e-04   1.3072058e-03   3.3094512e-03   3.4018441e-03   7.6089532e-07   2.0555588e-10   5.6140516e-08
   1.0000000e+00  -2.7739540e-02  -3.3650205e-01  -2.1505898e-01   6.1588522e-04  -7.2358670e-04  -1.4883245e-03   7.6948208e-04   1.1323363e-01   4.6250365e-02   3.7931460e-07   5.2357771e-07   2.2151098e-06   2.8373668e-02  -9.4530800e-03   9.1439400e-03   6.0775642e-04  -6.7551020e-05   3.8462640e-04   8.0506504e-04   8.9360721e-05   8.3611639e-05   3.6936787e-07   4.5631403e-09   1.4793747e-07
   1.0000000e+00   3.1245635e-03  -3.6847464e-01  -2.0228273e-01  -5.8328860e-04  -9.6629374e-04  -1.2595921e-03   9.7628971e-06   1.3577356e-01   4.0918303e-02   3.4022559e-07   9.3372359e-07   1.5865723e-06   3.0864104e-02  -3.1972590e-02   1.2776250e-02  -1.1991738e-03  -2.4270704e-04   2.2873240e-04   9.5259288e-04   1.0222465e-03   1.6323256e-04   1.4380179e-06   5.8906707e-08   5.2318511e-08
   1.0000000e+00  -1.8373631e-02  -3.5911375e-01  -1.5351299e-01  -6.1752424e-04  -8.2623564e-04  -1.6258645e-03   3.3759032e-04   1.2896269e-01   2.3566238e-02   3.8133619e-07   6.8266533e-07   2.6434354e-06  -2.1498195e-02   9.3608900e-03   4.8769740e-02  -3.4235640e-05   1.4005810e-04  -3.6627240e-04   4.6217237e-04   8.7626262e-05   2.3784875e-03   1.1720790e-09   1.9616271e-08   1.3415547e-07
   1.0000000e+00  -2.3650235e-02  -3.3345082e-01  -2.2246526e-01   5.1380128e-04  -5.7391504e-04  -1.4927002e-03   5.5933362e-04   1.1118945e-01   4.9490792e-02   2.6399176e-07   3.2937847e-07   2.2281539e-06  -5.2766040e-03   2.5662930e-02  -6.8952270e-02   1.1313255e-03   2.5232060e-04   1.3316430e-04   2.7842550e-05   6.5858598e-04   4.7544155e-03   1.2798974e-06   6.3665685e-08   1.7732731e-08
   1.0000000e+00  -8.2270828e-03  -3.7197016e-01  -2.3265479e-01   7.4723804e-04  -7.7146010e-04  -1.4125068e-03   6.7684891e-05   1.3836180e-01   5.4128251e-02   5.5836469e-07   5.9515069e-07   1.9951755e-06   1.5423152e-02  -3.8519340e-02  -1.0189530e-02   2.3343676e-04  -1.9754506e-04   8.0193400e-05   2.3787362e-04   1.4837396e-03   1.0382652e-04   5.4492721e-08   3.9024051e-08   6.4309814e-09
   1.0000000e+00   1.9494928e-03  -3.9202981e-01  -1.8347261e-01  -1.0974732e-03  -2.1478354e-04  -1.3627821e-03   3.8005222e-06   1.5368737e-01   3.3662199e-02   1.2044474e-06   4.6131969e-08   1.8571751e-06   1.0176576e-02  -2.0059650e-02   4.9182180e-02  -1.8447112e-03   5.5667656e-04   4.9724700e-05   1.0356269e-04   4.0238956e-04   2.4188868e-03   3.4029596e-06   3.0988879e-07   2.4725458e-09
   1.0000000e+00   2.4956097e-03  -3.5863983e-01  -1.5552555e-01  -2.8021482e-04  -6.7225516e-04  -1.4082319e-03   6.2280678e-06   1.2862253e-01   2.4188197e-02   7.8520345e-08   4.5192700e-07   1.9831171e-06   5.4611690e-04   3.3389980e-02   2.7947060e-02   8.1725838e-04  -4.5747162e-04  -4.5449800e-05   2.9824367e-07   1.1148908e-03   7.8103816e-04   6.6791126e-07   2.0928028e-07   2.0656843e-09
   1.0000000e+00   2.5845697e-02  -3.7640212e-01  -2.1888366e-01   6.9060806e-04  -7.1933059e-04  -1.0362640e-03   6.6800005e-04   1.4167856e-01   4.7910057e-02   4.7693949e-07   5.1743650e-07   1.0738431e-06   2.3350087e-02  -1.7762290e-02  -6.3358110e-02   9.7082288e-04  -4.7075430e-05   3.7196790e-04   5.4522658e-04   3.1549895e-04   4.0142501e-03   9.4249706e-07   2.2160961e-09   1.3836012e-07
   1.0000000e+00   1.4898398e-02  -4.1112215e-01  -1.9876864e-01  -3.7152994e-04  -6.5735779e-04  -1.3959328e-03   2.2196226e-04   1.6902142e-01   3.9508972e-02   1.3803450e-07   4.3211926e-07   1.9486284e-06  -1.0947299e-02  -3.4720030e-02   2.0115020e-02  -1.0621380e-03   6.1972800e-05  -3.5966880e-04   1.1984336e-04   1.2054805e-03   4.0461403e-04   1.1281371e-06   3.8406279e-09   1.2936165e-07
   1.0000000e+00   3.2964689e-02  -3.9060670e-01  -1.4962396e-01  -1.3581194e-03  -2.7730707e-04  -1.1201967e-03   1.0866707e-03   1.5257359e-01   2.2387329e-02   1.8444883e-06   7.6899211e-08   1.2548406e-06   1.8066291e-02   2.0515450e-02   4.9144680e-02  -9.8658946e-04   3.8005072e-04   2.7573610e-04   3.2639087e-04   4.2088369e-04   2.4151996e-03   9.7335876e-07   1.4443855e-07   7.6030397e-08
   1.0000000e+00   1.1136662e-02  -3.4903876e-01  -1.7797936e-01  -5.2740219e-04  -2.7490127e-04  -1.2481490e-03   1.2402524e-04   1.2182806e-01   3.1676653e-02   2.7815307e-07   7.5570708e-08   1.5578759e-06  -2.1828027e-02   4.1567940e-02  -2.8355400e-02   8.3071721e-04   2.4058000e-06  -1.2795230e-04   4.7646276e-04   1.7278936e-03   8.0402871e-04   6.9009108e-07   5.7878736e-12   1.6371791e-08
   1.0000000e+00  -1.5080672e-03  -3.7860821e-01  -2.5385437e-01  -9.2097662e-05  -4.6774184e-04  -1.5684213e-03   2.2742667e-06   1.4334418e-01   6.4442041e-02   8.4819793e-09   2.1878243e-07   2.4599454e-06  -1.2644729e-02  -2.9569450e-02  -7.5875010e-02   4.3530453e-04  -1.9284057e-04  -3.2027230e-04   1.5988918e-04   8.7435237e-04   5.7570171e-03   1.8949003e-07   3.7187485e-08   1.0257435e-07
   1.0000000e+00   8.6498012e-03  -3.8560416e-01  -2.1430384e-01  -1.4503855e-03  -2.6115284e-04  -1.6573253e-03   7.4819061e-05   1.4869057e-01   4.5926136e-02   2.1036181e-06   6.8200806e-08   2.7467272e-06   1.0157868e-02  -6.9959500e-03   3.9550530e-02  -1.3582878e-03   2.0658900e-04  -8.8904000e-05   1.0318229e-04   4.8943316e-05   1.5642444e-03   1.8449459e-06   4.2679015e-08   7.9039212e-09
   1.0000000e+00  -1.7570025e-02  -3.4380918e-01  -2.3925923e-01  -7.8245776e-05  -6.8324780e-05  -1.8160998e-03   3.0870578e-04   1.1820475e-01   5.7244979e-02   6.1224015e-09   4.6682756e-09   3.2982185e-06  -2.6219826e-02   4.1794980e-02  -2.4955390e-02   1.3721397e-03   1.9282806e-04  -1.5877450e-04   6.8747929e-04   1.7468204e-03   6.2277149e-04   1.8827674e-06   3.7182661e-08   2.5209342e-08
   1.0000000e+00  -2.0299178e-02  -3.7649135e-01  -2.6012827e-01  -7.8074475e-05  -5.7486492e-04  -1.9010702e-03   4.1205663e-04   1.4174574e-01   6.7666717e-02   6.0956236e-09   3.3046968e-07   3.6140679e-06  -2.7291530e-03  -3.2682170e-02  -2.0869040e-02   1.7130100e-07  -5.0654014e-04  -8.4970400e-05   7.4482761e-06   1.0681242e-03   4.3551683e-04   2.9344033e-14   2.5658291e-07   7.2199689e-09
   1.0000000e+00  -1.7817932e-02  -3.6142687e-01  -2.4642135e-01  -1.3254924e-03  -4.1793374e-04  -2.0044370e-03   3.1747870e-04   1.3062938e-01   6.0723482e-02   1.7569301e-06   1.7466861e-07   4.0177677e-06   2.4812460e-03   1.5064480e-02   1.3706920e-02  -1.2474179e-03   1.5693118e-04  -1.0336680e-04   6.1565817e-06   2.2693856e-04   1.8787966e-04   1.5560515e-06   2.4627395e-08   1.0684695e-08
   1.0000000e+00  -3.4877315e-02  -3.6088744e-01  -2.5986831e-01   7.8047057e-04  -5.7226508e-04  -2.0730401e-03   1.2164271e-03   1.3023974e-01   6.7531539e-02   6.0913431e-07   3.2748732e-07   4.2974953e-06  -1.7059383e-02   5.3943000e-04  -1.3446960e-02   2.1059630e-03  -1.5433134e-04  -6.8603100e-05   2.9102255e-04   2.9098472e-07   1.8082073e-04   4.4350800e-06   2.3818163e-08   4.7063853e-09
   1.0000000e+00  -3.0900720e-02  -3.9134787e-01  -2.8433789e-01  -1.5526935e-04  -4.2379863e-04  -2.0128594e-03   9.5485450e-04   1.5315316e-01   8.0848036e-02   2.4108571e-08   1.7960528e-07   4.0516030e-06   3.9765950e-03  -3.0460430e-02  -2.4469580e-02  -9.3573992e-04   1.4846645e-04   6.0180700e-05   1.5813308e-05   9.2783780e-04   5.9876035e-04   8.7560920e-07   2.2042287e-08   3.6217167e-09
   1.0000000e+00  -1.1088802e-02  -3.8794285e-01  -2.0146997e-01  -1.3648524e-03  -5.2982969e-04  -1.8933369e-03   1.2296153e-04   1.5049965e-01   4.0590149e-02   1.8628221e-06   2.8071950e-07   3.5847246e-06   1.9811918e-02   3.4050200e-03   8.2867920e-02  -1.2095830e-03  -1.0603106e-04   1.1952250e-04   3.9251209e-04   1.1594161e-05   6.8670922e-03   1.4630912e-06   1.1242586e-08   1.4285628e-08
   1.0000000e+00  -2.9173715e-02  -3.7930446e-01  -2.4393156e-01  -6.6001890e-05  -4.3954639e-04  -2.0681115e-03   8.5110565e-04   1.4387187e-01   5.9502606e-02   4.3562495e-09   1.9320103e-07   4.2770852e-06  -1.8084913e-02   8.6383900e-03  -4.2461590e-02   1.2988505e-03   9.0283300e-05  -1.7477460e-04   3.2706408e-04   7.4621782e-05   1.8029866e-03   1.6870126e-06   8.1510743e-09   3.0546161e-08
   1.0000000e+00  -2.8619658e-02  -4.2811916e-01  -2.6003555e-01  -1.3357787e-04  -5.9554157e-04  -2.1961799e-03   8.1908482e-04   1.8328602e-01   6.7618487e-02   1.7843047e-08   3.5466976e-07   4.8232062e-06   5.5405700e-04  -4.8814700e-02  -1.6103990e-02  -6.7575980e-05  -1.5599518e-04  -1.2806840e-04   3.0697916e-07   2.3828749e-03   2.5933849e-04   4.5665131e-09   2.4334496e-08   1.6401515e-08
   1.0000000e+00  -4.4159542e-02  -4.1090105e-01  -2.3600993e-01  -1.5815113e-03  -3.0749401e-04  -2.2263605e-03   1.9500651e-03   1.6883967e-01   5.5700687e-02   2.5011780e-06   9.4552566e-08   4.9566811e-06  -1.5539884e-02   1.7218110e-02   2.4025620e-02  -1.4479334e-03   2.8804756e-04  -3.0180600e-05   2.4148799e-04   2.9646331e-04   5.7723042e-04   2.0965112e-06   8.2971397e-08   9.1086862e-10
   1.0000000e+00  -5.8210935e-02  -3.8786076e-01  -2.9537267e-01   2.5666024e-04  -5.5528011e-04  -2.3407228e-03   3.3885130e-03   1.5043597e-01   8.7245014e-02   6.5874479e-08   3.0833600e-07   5.4789832e-06  -1.4051393e-02   2.3040290e-02  -5.9362740e-02   1.8381715e-03  -2.4778610e-04  -1.1436230e-04   1.9744165e-04   5.3085496e-04   3.5239349e-03   3.3788746e-06   6.1397951e-08   1.3078736e-08
   1.0000000e+00  -3.6863228e-02  -4.2306896e-01  -2.6661368e-01  -1.1043052e-03  -4.5376628e-04  -2.2882908e-03   1.3588976e-03   1.7898734e-01   7.1082854e-02   1.2194900e-06   2.0590384e-07   5.2362748e-06   2.1347707e-02  -3.5208200e-02   2.8758990e-02  -1.3609654e-03   1.0151383e-04   5.2432000e-05   4.5572459e-04   1.2396173e-03   8.2707951e-04   1.8522269e-06   1.0305058e-08   2.7491146e-09
   1.0000000e+00  -6.7971208e-02  -3.5012166e-01  -3.0992602e-01   5.5927505e-04  -3.0031891e-04  -2.6227268e-03   4.6200851e-03   1.2258518e-01   9.6054138e-02   3.1278858e-07   9.0191448e-08   6.8786959e-06  -3.1107980e-02   7.2947300e-02  -4.3312340e-02   1.6635802e-03   1.5344737e-04  -3.3443600e-04   9.6770642e-04   5.3213086e-03   1.8759588e-03   2.7674992e-06   2.3546095e-08   1.1184744e-07
   1.0000000e+00  -6.9760070e-02  -3.9016587e-01  -3.0940286e-01  -2.7965828e-04  -3.9640538e-04  -2.6931782e-03   4.8664674e-03   1.5222941e-01   9.5730130e-02   7.8208754e-08   1.5713723e-07   7.2532088e-06  -1.7888620e-03  -4.0044210e-02   5.2316000e-04  -8.3893333e-04  -9.6086470e-05  -7.0451400e-05   3.2000273e-06   1.6035388e-03   2.7369639e-07   7.0380913e-07   9.2326097e-09   4.9633998e-09
   1.0000000e+00  -5.1714820e-02  -3.7365079e-01  -2.7545567e-01  -6.0906150e-05  -2.7329227e-04  -2.3492708e-03   2.6744226e-03   1.3961491e-01   7.5875826e-02   3.7095591e-09   7.4688665e-08   5.5190733e-06   1.8045250e-02   1.6515080e-02   3.3947190e-02   2.1875213e-04   1.2311311e-04   3.4390740e-04   3.2563105e-04   2.7274787e-04   1.1524117e-03   4.7852494e-08   1.5156838e-08   1.1827230e-07
   1.0000000e+00  -4.5656118e-02  -4.4047348e-01  -2.8202519e-01  -6.7683761e-05  -4.2889293e-04  -2.3577932e-03   2.0844811e-03   1.9401689e-01   7.9538208e-02   4.5810915e-09   1.8394915e-07   5.5591888e-06   6.0587020e-03  -6.6822690e-02  -6.5695200e-03  -6.7776110e-06  -1.5560066e-04  -8.5224000e-06   3.6707870e-05   4.4652719e-03   4.3158593e-05   4.5936011e-11   2.4211565e-08   7.2631302e-11
   1.0000000e+00  -2.8691220e-02  -3.6644692e-01  -3.2410139e-01  -2.7104731e-04  -1.6870208e-04  -2.0239683e-03   8.2318611e-04   1.3428335e-01   1.0504171e-01   7.3466644e-08   2.8460392e-08   4.0964477e-06   1.6964898e-02   7.4026560e-02  -4.2076200e-02  -2.0336355e-04   2.6019085e-04   3.3382490e-04   2.8780776e-04   5.4799316e-03   1.7704066e-03   4.1356733e-08   6.7699278e-08   1.1143906e-07
   1.0000000e+00  -3.3903913e-02  -4.1651402e-01  -2.7213268e-01  -1.3628671e-04  -3.9751131e-04  -2.1742331e-03   1.1494753e-03   1.7348393e-01   7.4056196e-02   1.8574067e-08   1.5801524e-07   4.7272896e-06  -5.2126930e-03  -5.0067100e-02   5.1968710e-02   1.3476060e-04  -2.2880923e-04  -1.5026480e-04   2.7172168e-05   2.5067145e-03   2.7007468e-03   1.8160419e-08   5.2353664e-08   2.2579510e-08
   1.0000000e+00  -3.6974634e-02  -3.7675840e-01  -2.8509747e-01  -1.2286285e-03  -5.3826827e-04  -2.3942284e-03   1.3671236e-03   1.4194689e-01   8.1280567e-02   1.5095280e-06   2.8973273e-07   5.7323296e-06  -3.0707210e-03   3.9755620e-02  -1.2964790e-02  -1.0923418e-03  -1.4075696e-04  -2.1999530e-04   9.4293275e-06   1.5805093e-03   1.6808578e-04   1.1932106e-06   1.9812522e-08   4.8397932e-08
   1.0000000e+00  -5.5393838e-02  -4.0185908e-01  -3.2273997e-01   6.7415316e-04  -6.1856120e-04  -2.4673874e-03   3.0684773e-03   1.6149072e-01   1.0416109e-01   4.5448248e-07   3.8261796e-07   6.0880006e-06  -1.8419204e-02  -2.5100680e-02  -3.7642500e-02   1.9027817e-03  -8.0292930e-05  -7.3159000e-05   3.3926708e-04   6.3004414e-04   1.4169578e-03   3.6205780e-06   6.4469546e-09   5.3522393e-09
   1.0000000e+00  -3.5716205e-02  -4.4375956e-01  -2.7701375e-01  -1.3133262e-03  -5.8079754e-04  -2.3292686e-03   1.2756473e-03   1.9692255e-01   7.6736618e-02   1.7248257e-06   3.3732578e-07   5.4254922e-06   1.9677633e-02  -4.1900480e-02   4.5726220e-02  -1.9874794e-03   3.7763660e-05   1.3811880e-04   3.8720924e-04   1.7556502e-03   2.0908872e-03   3.9500742e-06   1.4260940e-09   1.9076803e-08
   1.0000000e+00  -4.2904081e-02  -3.9777863e-01  -3.5270510e-01   1.0210981e-03  -4.6503729e-04  -2.3583190e-03   1.8407602e-03   1.5822784e-01   1.2440089e-01   1.0426413e-06   2.1625968e-07   5.5616685e-06  -7.1878760e-03   4.5980930e-02  -7.5691350e-02   2.3344243e-03   1.1576025e-04  -2.9050400e-05   5.1665561e-05   2.1142459e-03   5.7291805e-03   5.4495368e-06   1.3400435e-08   8.4392574e-10
   1.0000000e+00  -4.2533899e-02  -4.1427751e-01  -3.6222989e-01   2.4600096e-04  -5.3433279e-04  -2.2269170e-03   1.8091326e-03   1.7162586e-01   1.3121049e-01   6.0516472e-08   2.8551153e-07   4.9591593e-06   3.7018200e-04  -1.6498880e-02  -9.5247900e-03  -7.7509714e-04  -6.9295500e-05   1.3140200e-04   1.3703471e-07   2.7221304e-04   9.0721625e-05   6.0077558e-07   4.8018663e-09   1.7266486e-08
   1.0000000e+00  -2.9687231e-02  -4.3589312e-01  -2.7169194e-01  -1.0616818e-03  -3.5464126e-04  -2.4418559e-03   8.8133168e-04   1.9000281e-01   7.3816510e-02   1.1271682e-06   1.2577042e-07   5.9626602e-06   1.2846668e-02  -2.1615610e-02   9.0537950e-02  -1.3076828e-03   1.7969153e-04  -2.1493890e-04   1.6503688e-04   4.6723460e-04   8.1971204e-03   1.7100342e-06   3.2289046e-08   4.6198731e-08
   1.0000000e+00  -5.2450867e-02  -4.1978467e-01  -3.4281556e-01   3.5703283e-04  -5.8469453e-04  -2.3836487e-03   2.7510934e-03   1.7621917e-01   1.1752251e-01   1.2747244e-07   3.4186769e-07   5.6817811e-06  -2.2763636e-02   1.6108450e-02  -7.1123620e-02   1.4187146e-03  -2.3005327e-04   5.8207200e-05   5.1818312e-04   2.5948216e-04   5.0585693e-03   2.0127512e-06   5.2924507e-08   3.3880781e-09
   1.0000000e+00  -5.6723185e-02  -4.6045224e-01  -3.1239364e-01  -7.5733520e-04  -5.4551028e-04  -2.5497111e-03   3.2175197e-03   2.1201627e-01   9.7589786e-02   5.7355661e-07   2.9758147e-07   6.5010267e-06  -4.2723180e-03  -4.0667570e-02   3.0421920e-02  -1.1143680e-03   3.9184250e-05  -1.6606240e-04   1.8252701e-05   1.6538512e-03   9.2549322e-04   1.2418161e-06   1.5354054e-09   2.7576721e-08
   1.0000000e+00  -6.8288150e-02  -3.9202356e-01  -3.6968726e-01   5.1399197e-04  -3.8089267e-04  -2.7076447e-03   4.6632714e-03   1.5368247e-01   1.3666867e-01   2.6418775e-07   1.4507923e-07   7.3313398e-06  -1.1564965e-02   6.8428680e-02  -5.7293620e-02   1.2713272e-03   1.6461761e-04  -1.5793360e-04   1.3374842e-04   4.6824842e-03   3.2825589e-03   1.6162728e-06   2.7098958e-08   2.4943022e-08
   1.0000000e+00  -5.1611081e-02  -4.4947353e-01  -3.0848208e-01   1.8960611e-04  -6.0631242e-04  -2.5936572e-03   2.6637037e-03   2.0202645e-01   9.5161194e-02   3.5950477e-08   3.6761475e-07   6.7270577e-06   1.6677069e-02  -5.7449970e-02   6.1205180e-02  -3.2438586e-04  -2.2541975e-04   1.1398750e-04   2.7812463e-04   3.3004991e-03   3.7460741e-03   1.0522619e-07   5.0814064e-08   1.2993150e-08
   1.0000000e+00  -4.4166156e-02  -4.2367790e-01  -2.6346384e-01  -1.7285363e-03  -6.7179055e-04  -2.6537443e-03   1.9506493e-03   1.7950296e-01   6.9413195e-02   2.9878377e-06   4.5130254e-07   7.0423588e-06   7.4449250e-03   2.5795630e-02   4.5018240e-02  -1.9181424e-03  -6.5478130e-05  -6.0087100e-05   5.5426908e-05   6.6541453e-04   2.0266419e-03   3.6792703e-06   4.2873855e-09   3.6104596e-09
   1.0000000e+00  -5.4904435e-02  -4.2785794e-01  -3.2772762e-01   6.0124232e-04  -7.6877391e-04  -2.7471362e-03   3.0144970e-03   1.8306242e-01   1.0740539e-01   3.6149233e-07   5.9101332e-07   7.5467573e-06  -1.0738279e-02  -4.1800400e-03  -6.4263780e-02   2.3297786e-03  -9.6983360e-05  -9.3391900e-05   1.1531064e-04   1.7472734e-05   4.1298334e-03   5.4278684e-06   9.4057721e-09   8.7220470e-09
   1.0000000e+00  -4.8786089e-02  -4.7727074e-01  -2.8987329e-01  -1.0734668e-03  -6.3308092e-04  -2.7950201e-03   2.3800825e-03   2.2778736e-01   8.4026524e-02   1.1523310e-06   4.0079145e-07   7.8121374e-06   6.1183460e-03  -4.9412800e-02   3.7854330e-02  -1.6747091e-03   1.3569299e-04  -4.7883900e-05   3.7434158e-05   2.4416248e-03   1.4329503e-03   2.8046506e-06   1.8412588e-08   2.2928679e-09
   1.0000000e+00  -5.0835496e-02  -3.9349613e-01  -3.3544224e-01  -5.0928610e-04  -5.7641682e-04  -2.6865443e-03   2.5842477e-03   1.5483920e-01   1.1252150e-01   2.5937233e-07   3.3225635e-07   7.2175203e-06  -2.0494070e-03   8.3774610e-02  -4.5568950e-02   5.6418070e-04   5.6664100e-05   1.0847580e-04   4.2000691e-06   7.0181853e-03   2.0765292e-03   3.1829986e-07   3.2108202e-09   1.1766999e-08
