   1.0000000e+00   0.0000000e+00   0.0000000e+00   0.0000000e+00   0.0000000e+00   0.0000000e+00  -0.0000000e+00   0.0000000e+00   0.0000000e+00   0.0000000e+00   0.0000000e+00   0.0000000e+00   0.0000000e+00   0.0000000e+00   0.0000000e+00   0.0000000e+00   0.0000000e+00   0.0000000e+00   0.0000000e+00   0.0000000e+00   0.0000000e+00   0.0000000e+00   0.0000000e+00   0.0000000e+00   0.0000000e+00
   1.0000000e+00   6.3369089e-02  -8.8504966e-02   2.7398881e-01  -1.0783063e-03   2.9600604e-04   5.6176819e-04   4.0156414e-03   7.8331290e-03   7.5069868e-02   1.1627445e-06   8.7619576e-08   3.1558350e-07   6.3369089e-02  -8.8504966e-02   2.7398881e-01  -1.0783063e-03   2.9600604e-04   5.6176819e-04   4.0156414e-03   7.8331290e-03   7.5069868e-02   1.1627445e-06   8.7619576e-08   3.1558350e-07
   1.0000000e+00  -3.4450677e-02  -2.3098556e-02   8.2764515e-02   4.3641835e-03   3.3176342e-04  -1.8690084e-03   1.1868491e-03   5.3354329e-04   6.8499649e-03   1.9046098e-05   1.1006697e-07   3.4931924e-06  -9.7819766e-02   6.5406410e-02  -1.9122430e-01   5.4424898e-03   3.5757380e-05  -2.4307766e-03   9.5687066e-03   4.2779985e-03   3.6566731e-02   2.9620695e-05   1.2785902e-09   5.9086748e-06
   1.0000000e+00  -8.2448967e-02   2.5557137e-02  -9.0923977e-02   5.4448472e-03  -7.5084256e-04  -2.4091472e-03   6.7978322e-03   6.5316725e-04   8.2671696e-03   2.9646361e-05   5.6376455e-07   5.8039902e-06  -4.7998290e-02   4.8655693e-02  -1.7368849e-01   1.0806637e-03  -1.0826060e-03  -5.4013880e-04   2.3038358e-03   2.3673765e-03   3.0167692e-02   1.1678340e-06   1.1720357e-06   2.9174992e-07
   1.0000000e+00  -6.7968009e-03  -5.4466247e-02   1.2939685e-02   1.4563495e-03  -1.1016507e-03   1.0347926e-04   4.6196502e-05   2.9665721e-03   1.6743545e-04   2.1209539e-06   1.2136343e-06   1.0707957e-08   7.5652166e-02  -8.0023384e-02   1.0386366e-01  -3.9884977e-03  -3.5080814e-04   2.5126265e-03   5.7232502e-03   6.4037420e-03   1.0787660e-02   1.5908114e-05   1.2306635e-07   6.3132917e-06
   1.0000000e+00  -1.1776333e-02   2.0947407e-02  -4.5641078e-01   1.8518147e-03  -1.1513084e-03   1.3700423e-03   1.3868202e-04   4.3879386e-04   2.0831080e-01   3.4292177e-06   1.3255110e-06   1.8770159e-06  -4.9795321e-03   7.5413654e-02  -4.6935046e-01   3.9546520e-04  -4.9657700e-05   1.2665630e-03   2.4795740e-05   5.6872192e-03   2.2028986e-01   1.5639272e-07   2.4658872e-09   1.6041819e-06
   1.0000000e+00  -6.6009701e-02   2.1098731e-02  -7.1407940e-01   5.3860944e-03  -3.9772587e-03   1.6783950e-03   4.3572806e-03   4.4515645e-04   5.0990939e-01   2.9010013e-05   1.5818587e-05   2.8170098e-06  -5.4233368e-02   1.5132400e-04  -2.5766862e-01   3.5342797e-03  -2.8259503e-03   3.0835270e-04   2.9412582e-03   2.2898953e-08   6.6393118e-02   1.2491133e-05   7.9859951e-06   9.5081388e-08
   1.0000000e+00  -1.2028021e-01   3.8234844e-02  -7.5362065e-01   6.7761292e-03  -5.5908424e-03   1.6549374e-03   1.4467329e-02   1.4619033e-03   5.6794408e-01   4.5915927e-05   3.1257519e-05   2.7388178e-06  -5.4270509e-02   1.7136113e-02  -3.9541250e-02   1.3900348e-03  -1.6135837e-03  -2.3457600e-05   2.9452881e-03   2.9364637e-04   1.5635105e-03   1.9321967e-06   2.6036524e-06   5.5025900e-10
   1.0000000e+00  -1.3974050e-01   9.3783877e-02  -7.8230410e-01   7.6090708e-03  -5.5889707e-03   1.5465261e-03   1.9527407e-02   8.7954156e-03   6.1199970e-01   5.7897958e-05   3.1236593e-05   2.3917430e-06  -1.9460290e-02   5.5549033e-02  -2.8683450e-02   8.3294160e-04   1.8717000e-06  -1.0841130e-04   3.7870289e-04   3.0856951e-03   8.2274030e-04   6.9379171e-07   3.5032609e-12   1.1753010e-08
   1.0000000e+00  -1.5212148e-01   1.0819910e-01  -7.5177698e-01   9.3533594e-03  -6.0641002e-03   1.4363353e-03   2.3140945e-02   1.1707045e-02   5.6516863e-01   8.7485332e-05   3.6773311e-05   2.0630591e-06  -1.2380980e-02   1.4415223e-02   3.0527120e-02   1.7442886e-03  -4.7512950e-04  -1.1019080e-04   1.5328867e-04   2.0779865e-04   9.3190506e-04   3.0425427e-06   2.2574804e-07   1.2142012e-08
   1.0000000e+00  -1.7230681e-01   9.4292782e-02  -7.7626336e-01   9.3197295e-03  -7.0016378e-03   1.3596017e-03   2.9689637e-02   8.8911287e-03   6.0258480e-01   8.6857358e-05   4.9022932e-05   1.8485168e-06  -2.0185330e-02  -1.3906318e-02  -2.4486380e-02  -3.3629900e-05  -9.3753760e-04  -7.6733600e-05   4.0744755e-04   1.9338568e-04   5.9958281e-04   1.1309702e-09   8.7897675e-07   5.8880454e-09
   1.0000000e+00  -1.6738327e-01   1.3688759e-01  -7.2252505e-01   9.9389611e-03  -6.2873585e-03   1.0449971e-03   2.8017159e-02   1.8738212e-02   5.2204245e-01   9.8782948e-05   3.9530877e-05   1.0920189e-06   4.9235400e-03   4.2594808e-02   5.3738310e-02   6.1923160e-04   7.1427930e-04  -3.1460460e-04   2.4241246e-05   1.8143177e-03   2.8878060e-03   3.8344777e-07   5.1019492e-07   9.8976054e-08
   1.0000000e+00  -1.9870902e-01   1.6084503e-01  -8.1700346e-01   9.9459766e-03  -6.5475820e-03   7.3925141e-04   3.9485275e-02   2.5871124e-02   6.6749465e-01   9.8922451e-05   4.2870830e-05   5.4649265e-07  -3.1325750e-02   2.3957440e-02  -9.4478410e-02   7.0155000e-06  -2.6022350e-04  -3.0574569e-04   9.8130261e-04   5.7395893e-04   8.9261700e-03   4.9217240e-11   6.7716270e-08   9.3480427e-08
   1.0000000e+00  -2.0711720e-01   2.0802843e-01  -9.3269299e-01   9.7832406e-03  -5.7392110e-03   9.0300646e-04   4.2897535e-02   4.3275828e-02   8.6991621e-01   9.5711797e-05   3.2938543e-05   8.1542067e-07  -8.4081800e-03   4.7183400e-02  -1.1568953e-01  -1.6273600e-04   8.0837100e-04   1.6375505e-04   7.0697491e-05   2.2262732e-03   1.3384067e-02   2.6483006e-08   6.5346367e-07   2.6815716e-08
   1.0000000e+00  -1.9930977e-01   2.5961663e-01  -1.1274669e+00   8.5429010e-03  -7.8484286e-03   1.8174533e-03   3.9724384e-02   6.7400795e-02   1.2711816e+00   7.2981157e-05   6.1597831e-05   3.3031365e-06   7.8074300e-03   5.1588200e-02  -1.9477391e-01  -1.2403396e-03  -2.1092176e-03   9.1444684e-04   6.0955963e-05   2.6613424e-03   3.7936876e-02   1.5384423e-06   4.4487989e-06   8.3621302e-07
   1.0000000e+00  -2.3470112e-01   2.1191399e-01  -9.6966776e-01   7.0893481e-03  -7.8216231e-03   1.6265337e-03   5.5084616e-02   4.4907539e-02   9.4025556e-01   5.0258856e-05   6.1177788e-05   2.6456119e-06  -3.5391350e-02  -4.7702640e-02   1.5779914e-01  -1.4535529e-03   2.6805500e-05  -1.9091960e-04   1.2525477e-03   2.2755419e-03   2.4900569e-02   2.1128160e-06   7.1853483e-10   3.6450294e-08
   1.0000000e+00  -2.4013406e-01   2.1125046e-01  -9.7181826e-01   7.6226599e-03  -8.2081970e-03   1.7365960e-03   5.7664367e-02   4.4626757e-02   9.4443073e-01   5.8104944e-05   6.7374498e-05   3.0157657e-06  -5.4329400e-03  -6.6353000e-04  -2.1505000e-03   5.3331180e-04  -3.8657390e-04   1.1006230e-04   2.9516837e-05   4.4027206e-07   4.6246503e-06   2.8442148e-07   1.4943938e-07   1.2113710e-08
   1.0000000e+00  -2.2553819e-01   1.7495658e-01  -8.9771373e-01   6.7015354e-03  -7.3347683e-03   1.8552514e-03   5.0867475e-02   3.0609805e-02   8.0588994e-01   4.4910577e-05   5.3798826e-05   3.4419578e-06   1.4595870e-02  -3.6293880e-02   7.4104530e-02  -9.2112450e-04   8.7342870e-04   1.1865540e-04   2.1303942e-04   1.3172457e-03   5.4914814e-03   8.4847034e-07   7.6287769e-07   1.4079104e-08
   1.0000000e+00  -3.2977695e-01   1.7072039e-01  -9.5783848e-01   7.8344564e-03  -2.7742891e-03  -1.5446757e-03   1.0875284e-01   2.9145452e-02   9.1745455e-01   6.1378707e-05   7.6966800e-06   2.3860230e-06  -1.0423876e-01  -4.2361900e-03  -6.0124750e-02   1.1329210e-03   4.5604792e-03  -3.3999271e-03   1.0865719e-02   1.7945306e-05   3.6149856e-03   1.2835100e-06   2.0797971e-05   1.1559504e-05
   1.0000000e+00  -2.3881344e-01   1.3363956e-01  -9.3930540e-01   7.1831108e-03  -2.3922840e-03  -3.8437213e-04   5.7031859e-02   1.7859532e-02   8.8229463e-01   5.1597081e-05   5.7230227e-06   1.4774193e-07   9.0963510e-02  -3.7080830e-02   1.8533080e-02  -6.5134560e-04   3.8200510e-04   1.1603036e-03   8.2743602e-03   1.3749880e-03   3.4347505e-04   4.2425109e-07   1.4592790e-07   1.3463044e-06
   1.0000000e+00  -2.0087484e-01   1.7859085e-01  -9.4840437e-01   8.6292669e-03  -2.4461598e-03   3.0199395e-05   4.0350701e-02   3.1894692e-02   8.9947085e-01   7.4464247e-05   5.9836978e-06   9.1200346e-10   3.7938600e-02   4.4951290e-02  -9.0989700e-03   1.4461561e-03  -5.3875800e-05   4.1457152e-04   1.4393374e-03   2.0206185e-03   8.2791255e-05   2.0913675e-06   2.9026018e-09   1.7186955e-07
   1.0000000e+00  -1.6067975e-01   1.3202832e-01  -8.7777939e-01   7.6481668e-03  -1.7643688e-03   5.4405225e-04   2.5817982e-02   1.7431477e-02   7.7049666e-01   5.8494455e-05   3.1129973e-06   2.9599285e-07   4.0195090e-02  -4.6562530e-02   7.0624980e-02  -9.8110010e-04   6.8179100e-04   5.1385286e-04   1.6156453e-03   2.1680692e-03   4.9878878e-03   9.6255741e-07   4.6483897e-07   2.6404476e-07
   1.0000000e+00  -1.7778948e-01   1.8855646e-01  -9.0381017e-01   8.0546082e-03  -1.4887830e-03   2.0684690e-04   3.1609099e-02   3.5553539e-02   8.1687282e-01   6.4876713e-05   2.2164748e-06   4.2785640e-08  -1.7109730e-02   5.6528140e-02  -2.6030780e-02   4.0644140e-04   2.7558580e-04  -3.3720535e-04   2.9274286e-04   3.1954306e-03   6.7760151e-04   1.6519461e-07   7.5947533e-08   1.1370745e-07
   1.0000000e+00  -1.8425950e-01   1.5006769e-01  -9.0952983e-01   8.1232523e-03  -2.0866524e-03   3.0653422e-04   3.3951563e-02   2.2520312e-02   8.2724451e-01   6.5987228e-05   4.3541182e-06   9.3963228e-08  -6.4700200e-03  -3.8488770e-02  -5.7196600e-03   6.8644100e-05  -5.9786940e-04   9.9687320e-05   4.1861159e-05   1.4813854e-03   3.2714511e-05   4.7120125e-09   3.5744782e-07   9.9375618e-09
   1.0000000e+00  -1.6856294e-01   1.9278762e-01  -9.4739921e-01   8.0819681e-03  -1.7824894e-03   2.5920694e-04   2.8413465e-02   3.7167066e-02   8.9756526e-01   6.5318208e-05   3.1772685e-06   6.7188238e-08   1.5696560e-02   4.2719930e-02  -3.7869380e-02  -4.1284200e-05   3.0416300e-04  -4.7327280e-05   2.4638200e-04   1.8249924e-03   1.4340899e-03   1.7043852e-09   9.2515131e-08   2.2398714e-09
   1.0000000e+00  -2.2502322e-01   1.6879996e-01  -1.0089712e+00   8.4828208e-03  -3.1169170e-03  -3.1274712e-04   5.0635450e-02   2.8493426e-02   1.0180229e+00   7.1958249e-05   9.7151716e-06   9.7810761e-08  -5.6460280e-02  -2.3987660e-02  -6.1571990e-02   4.0085270e-04  -1.3344276e-03  -5.7195406e-04   3.1877632e-03   5.7540783e-04   3.7911100e-03   1.6068289e-07   1.7806970e-06   3.2713145e-07
   1.0000000e+00  -2.1519761e-01   1.1309520e-01  -9.2189885e-01   7.0420210e-03  -3.0344657e-03  -2.5395851e-05   4.6310011e-02   1.2790524e-02   8.4989749e-01   4.9590060e-05   9.2079821e-06   6.4494925e-10   9.8256100e-03  -5.5704760e-02   8.7072350e-02  -1.4407998e-03   8.2451300e-05   2.8735127e-04   9.6542612e-05   3.1030203e-03   7.5815941e-03   2.0759041e-06   6.7982169e-09   8.2570752e-08
   1.0000000e+00  -2.4658390e-01   1.5391343e-01  -9.4700998e-01   7.7520926e-03  -3.7752629e-03  -9.3926422e-05   6.0803620e-02   2.3689344e-02   8.9682790e-01   6.0094940e-05   1.4252610e-05   8.8221727e-09  -3.1386290e-02   4.0818230e-02  -2.5111130e-02   7.1007160e-04  -7.4079720e-04  -6.8530571e-05   9.8509920e-04   1.6661279e-03   6.3056885e-04   5.0420168e-07   5.4878049e-07   4.6964392e-09
   1.0000000e+00  -2.1154691e-01   1.2956178e-01  -8.7164538e-01   6.5706310e-03  -2.7877645e-03  -1.5123888e-04   4.4752095e-02   1.6786255e-02   7.5976567e-01   4.3173192e-05   7.7716309e-06   2.2873199e-08   3.5036990e-02  -2.4351650e-02   7.5364600e-02  -1.1814616e-03   9.8749840e-04  -5.7312458e-05   1.2275907e-03   5.9300286e-04   5.6798229e-03   1.3958515e-06   9.7515309e-07   3.2847178e-09
   1.0000000e+00  -2.1619243e-01   1.5727796e-01  -8.9720694e-01   7.4011880e-03  -2.6989868e-03   2.4244794e-04   4.6739167e-02   2.4736357e-02   8.0498029e-01   5.4777584e-05   7.2845297e-06   5.8781004e-08  -4.6455200e-03   2.7716180e-02  -2.5561560e-02   8.3055700e-04   8.8777700e-05   3.9368682e-04   2.1580856e-05   7.6818663e-04   6.5339335e-04   6.8982493e-07   7.8814800e-09   1.5498931e-07
   1.0000000e+00  -2.0486613e-01   1.3479968e-01  -8.9930365e-01   6.0938823e-03  -2.6337617e-03   1.6581585e-04   4.1970131e-02   1.8170954e-02   8.0874705e-01   3.7135401e-05   6.9367007e-06   2.7494896e-08   1.1326300e-02  -2.2478280e-02  -2.0967100e-03  -1.3073057e-03   6.5225100e-05  -7.6632090e-05   1.2828507e-04   5.0527307e-04   4.3961928e-06   1.7090482e-06   4.2543137e-09   5.8724772e-09
   1.0000000e+00  -2.0802806e-01   1.5455030e-01  -9.5981983e-01   6.4551515e-03  -2.4894788e-03   1.7221795e-04   4.3275674e-02   2.3885795e-02   9.2125411e-01   4.1668981e-05   6.1975047e-06   2.9659022e-08  -3.1619300e-03   1.9750620e-02  -6.0516180e-02   3.6126920e-04   1.4428290e-04   6.4021000e-06   9.9978013e-06   3.9008699e-04   3.6622080e-03   1.3051543e-07   2.0817555e-08   4.0986884e-11
   1.0000000e+00  -1.9880229e-01   9.8877073e-02  -8.6665206e-01   5.5790654e-03  -2.7716814e-03   2.5207953e-04   3.9522351e-02   9.7766756e-03   7.5108579e-01   3.1125971e-05   7.6822178e-06   6.3544089e-08   9.2257700e-03  -5.5673227e-02   9.3167770e-02  -8.7608610e-04  -2.8220260e-04   7.9861580e-05   8.5114832e-05   3.0995082e-03   8.6802334e-03   7.6752685e-07   7.9638307e-08   6.3778720e-09
   1.0000000e+00  -2.2015196e-01   1.6799284e-01  -1.2653109e+00   1.0307275e-02  -3.5064569e-03   7.7979672e-04   4.8466885e-02   2.8221594e-02   1.6010117e+00   1.0623992e-04   1.2295240e-05   6.0808292e-07  -2.1349670e-02   6.9115767e-02  -3.9865884e-01   4.7282096e-03  -7.3477550e-04   5.2771719e-04   4.5580841e-04   4.7769892e-03   1.5892887e-01   2.2355966e-05   5.3989504e-07   2.7848543e-07
   1.0000000e+00  -1.5078611e-01   1.2202211e-01  -1.1211544e+00   1.0021765e-02  -2.0899945e-03   1.5503298e-03   2.2736451e-02   1.4889395e-02   1.2569872e+00   1.0043577e-04   4.3680770e-06   2.4035225e-06   6.9365850e-02  -4.5970730e-02   1.4415650e-01  -2.8551000e-04   1.4164624e-03   7.7053308e-04   4.8116211e-03   2.1133080e-03   2.0781096e-02   8.1515960e-08   2.0063657e-06   5.9372123e-07
   1.0000000e+00  -1.6449389e-01   1.5366716e-01  -1.0443945e+00   1.0030682e-02  -2.4487995e-03   1.1155748e-03   2.7058240e-02   2.3613596e-02   1.0907599e+00   1.0061458e-04   5.9966190e-06   1.2445071e-06  -1.3707780e-02   3.1645050e-02   7.6759900e-02   8.9170000e-06  -3.5880500e-04  -4.3475500e-04   1.8790323e-04   1.0014092e-03   5.8920822e-03   7.9512889e-11   1.2874103e-07   1.8901191e-07
   1.0000000e+00  -1.5482061e-01   1.3954973e-01  -9.9301896e-01   9.6999095e-03  -2.3801095e-03   1.3784210e-03   2.3969421e-02   1.9474127e-02   9.8608665e-01   9.4088244e-05   5.6649212e-06   1.9000445e-06   9.6732800e-03  -1.4117430e-02   5.1375540e-02  -3.3077250e-04   6.8690000e-05   2.6284620e-04   9.3572346e-05   1.9930183e-04   2.6394461e-03   1.0941045e-07   4.7183161e-09   6.9088125e-08
   1.0000000e+00  -1.5725411e-01   1.7082013e-01  -1.0595916e+00   1.0339738e-02  -2.6260580e-03   1.9090618e-03   2.4728855e-02   2.9179517e-02   1.1227344e+00   1.0691018e-04   6.8961806e-06   3.6445170e-06  -2.4335000e-03   3.1270400e-02  -6.6572640e-02   6.3982850e-04  -2.4594850e-04   5.3064080e-04   5.9219223e-06   9.7783792e-04   4.4319164e-03   4.0938051e-07   6.0490665e-08   2.8157966e-07
   1.0000000e+00  -1.5378818e-01   1.4621545e-01  -1.0855245e+00   1.1024200e-02  -1.9829090e-03   1.6242689e-03   2.3650804e-02   2.1378958e-02   1.1783634e+00   1.2153299e-04   3.9319281e-06   2.6382495e-06   3.4659300e-03  -2.4604680e-02  -2.5932900e-02   6.8446200e-04   6.4314900e-04  -2.8479290e-04   1.2012671e-05   6.0539028e-04   6.7251530e-04   4.6848823e-07   4.1364064e-07   8.1106996e-08
   1.0000000e+00  -3.7320350e-01   1.7115676e-01  -1.1591400e+00   9.1648016e-03  -4.9941667e-03   3.7678145e-05   1.3928085e-01   2.9294636e-02   1.3436055e+00   8.3993588e-05   2.4941701e-05   1.4196426e-09  -2.1941532e-01   2.4941310e-02  -7.3615500e-02  -1.8593984e-03  -3.0112577e-03  -1.5865908e-03   4.8143083e-02   6.2206894e-04   5.4192418e-03   3.4573624e-06   9.0676729e-06   2.5172702e-06
   1.0000000e+00  -3.1251089e-01   1.4252997e-01  -1.1347634e+00   1.0015339e-02  -3.1887551e-03  -1.0400899e-04   9.7663056e-02   2.0314792e-02   1.2876880e+00   1.0030702e-04   1.0168159e-05   1.0817870e-08   6.0692610e-02  -2.8626790e-02   2.4376600e-02   8.5053740e-04   1.8054116e-03  -1.4168713e-04   3.6835929e-03   8.1949311e-04   5.9421863e-04   7.2341387e-07   3.2595110e-06   2.0075244e-08
   1.0000000e+00  -2.0097360e-01   1.1952197e-01  -1.0126492e+00   9.1490695e-03  -2.7249765e-03   1.8772456e-03   4.0390388e-02   1.4285501e-02   1.0254584e+00   8.3705473e-05   7.4254969e-06   3.5240510e-06   1.1153729e-01  -2.3008000e-02   1.2211420e-01  -8.6626950e-04   4.6377860e-04   1.9812546e-03   1.2440567e-02   5.2936806e-04   1.4911878e-02   7.5042285e-07   2.1509059e-07   3.9253698e-06
   1.0000000e+00  -1.9263528e-01   1.3673739e-01  -9.2715607e-01   1.0239191e-02  -4.1114559e-03   2.6078973e-03   3.7108351e-02   1.8697114e-02   8.5961838e-01   1.0484103e-04   1.6904070e-05   6.8011283e-06   8.3383200e-03   1.7215420e-02   8.5493130e-02   1.0901215e-03  -1.3864794e-03   7.3065170e-04   6.9527580e-05   2.9637069e-04   7.3090753e-03   1.1883649e-06   1.9223251e-06   5.3385191e-07
   1.0000000e+00  -3.5660082e-01   1.3032465e-01  -9.5228044e-01   9.1918209e-03  -5.3869668e-03  -1.5848042e-03   1.2716414e-01   1.6984514e-02   9.0683804e-01   8.4489571e-05   2.9019411e-05   2.5116044e-06  -1.6396554e-01  -6.4127400e-03  -2.5124370e-02  -1.0473701e-03  -1.2755109e-03  -4.1927015e-03   2.6884698e-02   4.1123234e-05   6.3123397e-04   1.0969841e-06   1.6269281e-06   1.7578746e-05
   1.0000000e+00  -2.6908437e-01   1.0799923e-01  -8.8700436e-01   9.1256483e-03  -4.6755520e-03   7.7370866e-04   7.2406398e-02   1.1663834e-02   7.8677673e-01   8.3277457e-05   2.1860787e-05   5.9862509e-07   8.7516450e-02  -2.2325420e-02   6.5276080e-02  -6.6172600e-05   7.1141480e-04   2.3585129e-03   7.6591290e-03   4.9842438e-04   4.2609666e-03   4.3788130e-09   5.0611102e-07   5.5625829e-06
   1.0000000e+00  -2.8932225e-01   1.2874921e-01  -9.5776807e-01   9.0651739e-03  -3.5562833e-03   2.7774893e-04   8.3707364e-02   1.6576359e-02   9.1731968e-01   8.2177378e-05   1.2647151e-05   7.7144468e-08  -2.0237880e-02   2.0749980e-02  -7.0763710e-02  -6.0474400e-05   1.1192687e-03  -4.9595973e-04   4.0957179e-04   4.3056167e-04   5.0075027e-03   3.6571531e-09   1.2527624e-06   2.4597605e-07
   1.0000000e+00  -2.9303120e-01   1.0803004e-01  -9.2262746e-01   9.8640381e-03  -4.5667951e-03   5.2377433e-04   8.5867284e-02   1.1670490e-02   8.5124143e-01   9.7299248e-05   2.0855617e-05   2.7433955e-07  -3.7089500e-03  -2.0719170e-02   3.5140610e-02   7.9886420e-04  -1.0105118e-03   2.4602540e-04   1.3756310e-05   4.2928401e-04   1.2348625e-03   6.3818401e-07   1.0211341e-06   6.0528497e-08
   1.0000000e+00  -3.6530906e-01   1.5048317e-01  -1.2446818e+00   1.0758418e-02  -4.7564631e-03  -4.9508671e-04   1.3345071e-01   2.2645184e-02   1.5492328e+00   1.1574356e-04   2.2623941e-05   2.4511085e-07  -7.2277860e-02   4.2453130e-02  -3.2205434e-01   8.9437990e-04  -1.8966800e-04  -1.0188610e-03   5.2240890e-03   1.8022682e-03   1.0371900e-01   7.9991541e-07   3.5973950e-08   1.0380778e-06
   1.0000000e+00  -3.1767090e-01   1.4655092e-01  -1.1231204e+00   1.0323617e-02  -4.6004920e-03   4.9271420e-04   1.0091480e-01   2.1477172e-02   1.2613994e+00   1.0657707e-04   2.1164527e-05   2.4276728e-07   4.7638160e-02  -3.9322500e-03   1.2156140e-01  -4.3480100e-04   1.5597110e-04   9.8780091e-04   2.2693943e-03   1.5462590e-05   1.4777174e-02   1.8905191e-07   2.4326984e-08   9.7575064e-07
   1.0000000e+00  -2.8765851e-01   1.7993445e-01  -1.2245135e+00   1.0275494e-02  -3.0846336e-03   4.3096898e-06   8.2747418e-02   3.2376406e-02   1.4994333e+00   1.0558578e-04   9.5149644e-06   1.8573426e-11   3.0012390e-02   3.3383530e-02  -1.0139310e-01  -4.8123000e-05   1.5158584e-03  -4.8840451e-04   9.0074355e-04   1.1144601e-03   1.0280561e-02   2.3158231e-09   2.2978267e-06   2.3853897e-07
   1.0000000e+00  -2.6275308e-01   1.4781392e-01  -1.1691745e+00   9.9447121e-03  -3.9496309e-03   2.3575062e-04   6.9039181e-02   2.1848955e-02   1.3669690e+00   9.8897299e-05   1.5599584e-05   5.5578355e-08   2.4905430e-02  -3.2120530e-02   5.5339000e-02  -3.3078190e-04  -8.6499730e-04   2.3144093e-04   6.2028044e-04   1.0317284e-03   3.0624049e-03   1.0941667e-07   7.4822033e-07   5.3564904e-08
   1.0000000e+00  -2.8482336e-01   1.4570238e-01  -1.2285603e+00   1.0854452e-02  -4.5927865e-03   8.5232444e-05   8.1124346e-02   2.1229184e-02   1.5093604e+00   1.1781913e-04   2.1093688e-05   7.2645695e-09  -2.2070280e-02  -2.1115400e-03  -5.9385800e-02   9.0973990e-04  -6.4315560e-04  -1.5051818e-04   4.8709726e-04   4.4586012e-06   3.5266732e-03   8.2762669e-07   4.1364913e-07   2.2655721e-08
   1.0000000e+00  -2.3259803e-01   1.6045195e-01  -1.1153017e+00   8.6423689e-03  -3.9694305e-03   8.5938790e-04   5.4101844e-02   2.5744828e-02   1.2438979e+00   7.4690540e-05   1.5756378e-05   7.3854756e-07   5.2225330e-02   1.4749570e-02   1.1325860e-01  -2.2120831e-03   6.2335600e-04   7.7415546e-04   2.7274851e-03   2.1754982e-04   1.2827510e-02   4.8933116e-06   3.8857270e-07   5.9931667e-07
   1.0000000e+00  -2.1238101e-01   1.6731821e-01  -1.2935338e+00   1.0191948e-02  -3.2504936e-03   1.1381512e-03   4.5105693e-02   2.7995383e-02   1.6732297e+00   1.0387580e-04   1.0565709e-05   1.2953882e-06   2.0217020e-02   6.8662600e-03  -1.7823210e-01   1.5495791e-03   7.1893690e-04   2.7876330e-04   4.0872790e-04   4.7145526e-05   3.1766681e-02   2.4011954e-06   5.1687027e-07   7.7708977e-08
   1.0000000e+00  -1.5970202e-01   1.8421661e-01  -1.2896484e+00   8.4062725e-03  -3.2057900e-03   1.9390833e-03   2.5504735e-02   3.3935759e-02   1.6631930e+00   7.0665417e-05   1.0277090e-05   3.7600440e-06   5.2678990e-02   1.6898400e-02   3.8854000e-03  -1.7856755e-03   4.4703600e-05   8.0093210e-04   2.7750760e-03   2.8555592e-04   1.5096333e-05   3.1886370e-06   1.9984119e-09   6.4149223e-07
   1.0000000e+00  -1.6662316e-01   2.3430025e-01  -1.6425096e+00   8.9232147e-03  -2.9010732e-03   1.9177917e-03   2.7763277e-02   5.4896607e-02   2.6978378e+00   7.9623761e-05   8.4162257e-06   3.6779250e-06  -6.9211400e-03   5.0083640e-02  -3.5286120e-01   5.1694220e-04   3.0471680e-04  -2.1291600e-05   4.7902179e-05   2.5083710e-03   1.2451103e-01   2.6722924e-07   9.2852328e-08   4.5333223e-10
   1.0000000e+00  -1.6182412e-01   1.2480806e-01  -1.3731317e+00   8.1234049e-03  -3.2427620e-03   1.9423634e-03   2.6187046e-02   1.5577052e-02   1.8854907e+00   6.5989707e-05   1.0515505e-05   3.7727756e-06   4.7990400e-03  -1.0949219e-01   2.6937790e-01  -7.9980980e-04  -3.4168880e-04   2.4571700e-05   2.3030785e-05   1.1988540e-02   7.2564453e-02   6.3969572e-07   1.1675124e-07   6.0376844e-10
   1.0000000e+00  -1.9584606e-01   1.6019607e-01  -1.2188518e+00   8.3550151e-03  -3.3234324e-03   1.3798146e-03   3.8355679e-02   2.5662781e-02   1.4855997e+00   6.9806277e-05   1.1045203e-05   1.9038883e-06  -3.4021940e-02   3.5388010e-02   1.5427990e-01   2.3161020e-04  -8.0670400e-05  -5.6254880e-04   1.1574924e-03   1.2523113e-03   2.3802288e-02   5.3643285e-08   6.5077134e-09   3.1646115e-07
   1.0000000e+00  -1.6394280e-01   1.2938140e-01  -1.1786349e+00   9.0401549e-03  -3.9308955e-03   2.0515946e-03   2.6877242e-02   1.6739547e-02   1.3891802e+00   8.1724401e-05   1.5451939e-05   4.2090404e-06   3.1903260e-02  -3.0814670e-02   4.0216900e-02   6.8513980e-04  -6.0746310e-04   6.7178000e-04   1.0178180e-03   9.4954389e-04   1.6173990e-03   4.6941655e-07   3.6901142e-07   4.5128837e-07
   1.0000000e+00  -1.6947243e-01   1.2079491e-01  -1.1276652e+00   8.5953846e-03  -3.2846294e-03   1.7812605e-03   2.8720905e-02   1.4591410e-02   1.2716288e+00   7.3880636e-05   1.0788790e-05   3.1728890e-06  -5.5296300e-03  -8.5864900e-03   5.0969700e-02  -4.4477030e-04   6.4626610e-04  -2.7033410e-04   3.0576808e-05   7.3727811e-05   2.5979103e-03   1.9782062e-07   4.1765987e-07   7.3080526e-08
   1.0000000e+00  -1.5873679e-01   1.2593807e-01  -1.1748702e+00   9.0633240e-03  -2.6979618e-03   1.7643209e-03   2.5197368e-02   1.5860397e-02   1.3803200e+00   8.2143842e-05   7.2789979e-06   3.1128282e-06   1.0735640e-02   5.1431600e-03  -4.7205000e-02   4.6793940e-04   5.8666760e-04  -1.6939600e-05   1.1525397e-04   2.6452095e-05   2.2283120e-03   2.1896728e-07   3.4417887e-07   2.8695005e-10
   1.0000000e+00  -1.4799278e-01   1.3277871e-01  -1.2131351e+00   9.1859163e-03  -2.8272242e-03   2.1361354e-03   2.1901863e-02   1.7630186e-02   1.4716968e+00   8.4381058e-05   7.9931967e-06   4.5630744e-06   1.0744010e-02   6.8406400e-03  -3.8264900e-02   1.2259230e-04  -1.2926240e-04   3.7181450e-04   1.1543375e-04   4.6794356e-05   1.4642026e-03   1.5028872e-08   1.6708768e-08   1.3824602e-07
   1.0000000e+00  -1.7716478e-01   1.2703754e-01  -1.2090938e+00   9.0413691e-03  -3.7100904e-03   1.9735404e-03   3.1387359e-02   1.6138537e-02   1.4619078e+00   8.1746355e-05   1.3764771e-05   3.8948617e-06  -2.9172000e-02  -5.7411700e-03   4.0413000e-03  -1.4454720e-04  -8.8286620e-04  -1.6259500e-04   8.5100558e-04   3.2961033e-05   1.6332106e-05   2.0893893e-08   7.7945273e-07   2.6437134e-08
   1.0000000e+00  -1.6229739e-01   9.1401572e-02  -1.1588740e+00   8.3631709e-03  -3.2190468e-03   2.0846385e-03   2.6340443e-02   8.3542474e-03   1.3429889e+00   6.9942628e-05   1.0362262e-05   4.3457177e-06   1.4867390e-02  -3.5635968e-02   5.0219800e-02  -6.7819820e-04   4.9104360e-04   1.1109810e-04   2.2103929e-04   1.2699222e-03   2.5220283e-03   4.5995280e-07   2.4112382e-07   1.2342788e-08
   1.0000000e+00  -1.3889866e-01   1.2918127e-01  -1.2201452e+00   9.3991836e-03  -3.2014009e-03   2.1441751e-03   1.9292838e-02   1.6687801e-02   1.4887543e+00   8.8344652e-05   1.0248968e-05   4.5974869e-06   2.3398730e-02   3.7779698e-02  -6.1271200e-02   1.0360127e-03   1.7645900e-05   5.9536600e-05   5.4750057e-04   1.4273056e-03   3.7541599e-03   1.0733223e-06   3.1137779e-10   3.5446067e-09
   1.0000000e+00  -9.3576374e-02   1.2275458e-01  -1.3667934e+00   9.0316078e-03  -1.7327214e-03   2.5473424e-03   8.7565378e-03   1.5068687e-02   1.8681242e+00   8.1569939e-05   3.0023235e-06   6.4889533e-06   4.5322286e-02  -6.4266900e-03  -1.4664820e-01  -3.6757580e-04   1.4686795e-03   4.0316730e-04   2.0541096e-03   4.1302344e-05   2.1505695e-02   1.3511197e-07   2.1570195e-06   1.6254387e-07
   1.0000000e+00  -1.0452167e-01   1.5795649e-01  -1.7501137e+00   8.3116541e-03  -1.4996173e-03   3.0547703e-03   1.0924779e-02   2.4950253e-02   3.0628980e+00   6.9083594e-05   2.2488520e-06   9.3316216e-06  -1.0945296e-02   3.5201910e-02  -3.8332030e-01  -7.1995370e-04   2.3310410e-04   5.0742790e-04   1.1979950e-04   1.2391745e-03   1.4693445e-01   5.1833333e-07   5.4337521e-08   2.5748307e-07
   1.0000000e+00  -8.6017914e-02   8.1365649e-02  -1.2928265e+00   7.9809270e-03  -2.6170670e-03   3.1885086e-03   7.3990815e-03   6.6203688e-03   1.6714004e+00   6.3695196e-05   6.8490397e-06   1.0166587e-05   1.8503756e-02  -7.6590841e-02   4.5728720e-01  -3.3072710e-04  -1.1174497e-03   1.3373830e-04   3.4238899e-04   5.8661569e-03   2.0911158e-01   1.0938041e-07   1.2486938e-06   1.7885933e-08
   1.0000000e+00  -8.2024885e-02   1.1581262e-01  -1.1860240e+00   8.9144851e-03  -2.6190910e-03   2.9508183e-03   6.7280818e-03   1.3412563e-02   1.4066529e+00   7.9468045e-05   6.8596377e-06   8.7073286e-06   3.9930290e-03   3.4446971e-02   1.0680250e-01   9.3355810e-04  -2.0240000e-06  -2.3769030e-04   1.5944281e-05   1.1865938e-03   1.1406774e-02   8.7153073e-07   4.0965760e-12   5.6496679e-08
   1.0000000e+00  -1.0483899e-01   1.0693295e-01  -1.2053885e+00   9.5865518e-03  -2.9330186e-03   2.5665272e-03   1.0991214e-02   1.1434656e-02   1.4529614e+00   9.1901975e-05   8.6025981e-06   6.5870619e-06  -2.2814105e-02  -8.8796700e-03  -1.9364500e-02   6.7206670e-04  -3.1392760e-04  -3.8429110e-04   5.2048339e-04   7.8848539e-05   3.7498386e-04   4.5167365e-07   9.8550538e-08   1.4767965e-07
   1.0000000e+00  -1.0380874e-01   1.0716685e-01  -1.2509992e+00   9.4089089e-03  -2.6285524e-03   2.8664155e-03   1.0776255e-02   1.1484734e-02   1.5649990e+00   8.8527567e-05   6.9092877e-06   8.2163378e-06   1.0302500e-03   2.3390000e-04  -4.5610700e-02  -1.7764290e-04   3.0446620e-04   2.9988830e-04   1.0614151e-06   5.4709210e-08   2.0803360e-03   3.1557000e-08   9.2699667e-08   8.9932992e-08
   1.0000000e+00  -1.2531894e-01   1.1099136e-01  -1.2110779e+00   1.0088523e-02  -3.0972808e-03   3.0740215e-03   1.5704837e-02   1.2319082e-02   1.4667097e+00   1.0177830e-04   9.5931484e-06   9.4496082e-06  -2.1510200e-02   3.8245100e-03   3.9921300e-02   6.7961410e-04  -4.6872840e-04   2.0760600e-04   4.6268870e-04   1.4626877e-05   1.5937102e-03   4.6187532e-07   2.1970631e-07   4.3100251e-08
   1.0000000e+00  -4.3907465e-02   1.2999775e-01  -1.4602784e+00   1.0764417e-02  -1.1582395e-03   4.5242285e-03   1.9278655e-03   1.6899415e-02   2.1324130e+00   1.1587267e-04   1.3415187e-06   2.0468644e-05   8.1411475e-02   1.9006390e-02  -2.4920050e-01   6.7589400e-04   1.9390413e-03   1.4502070e-03   6.6278283e-03   3.6124286e-04   6.2100889e-02   4.5683270e-07   3.7598812e-06   2.1031003e-06
   1.0000000e+00  -6.2957541e-02   7.6642640e-02  -1.3594343e+00   1.0440805e-02  -2.4793210e-03   3.7396274e-03   3.9636520e-03   5.8740943e-03   1.8480616e+00   1.0901041e-04   6.1470326e-06   1.3984813e-05  -1.9050076e-02  -5.3355110e-02   1.0084410e-01  -3.2361200e-04  -1.3210815e-03  -7.8460110e-04   3.6290540e-04   2.8467678e-03   1.0169533e-02   1.0472473e-07   1.7452563e-06   6.1559889e-07
   1.0000000e+00  -6.9339543e-02   1.1262412e-01  -1.1923721e+00   9.2848950e-03  -2.4405955e-03   3.3521800e-03   4.8079722e-03   1.2684192e-02   1.4217512e+00   8.6209275e-05   5.9565064e-06   1.1237111e-05  -6.3820020e-03   3.5981480e-02   1.6706220e-01  -1.1559100e-03   3.8725500e-05  -3.8744740e-04   4.0729950e-05   1.2946669e-03   2.7909779e-02   1.3361279e-06   1.4996644e-09   1.5011549e-07
   1.0000000e+00  -1.0005958e-01   1.3029457e-01  -1.2963041e+00   1.0161953e-02  -2.7056080e-03   2.9816664e-03   1.0011920e-02   1.6976675e-02   1.6804043e+00   1.0326529e-04   7.3203146e-06   8.8903345e-06  -3.0720037e-02   1.7670450e-02  -1.0393200e-01   8.7705800e-04  -2.6501250e-04  -3.7051360e-04   9.4372067e-04   3.1224480e-04   1.0801861e-02   7.6923074e-07   7.0231625e-08   1.3728033e-07
   1.0000000e+00  -1.0628197e-01   9.2008852e-02  -1.1473969e+00   8.9926672e-03  -2.5502666e-03   3.2863322e-03   1.1295857e-02   8.4656288e-03   1.3165196e+00   8.0868063e-05   6.5038597e-06   1.0799979e-05  -6.2223900e-03  -3.8285718e-02   1.4890720e-01  -1.1692858e-03   1.5534140e-04   3.0466580e-04   3.8718137e-05   1.4657962e-03   2.2173354e-02   1.3672293e-06   2.4130951e-08   9.2821250e-08
   1.0000000e+00  -8.3592076e-02   1.2027166e-01  -1.2311065e+00   1.1439480e-02  -2.4674941e-03   3.5660036e-03   6.9876352e-03   1.4465272e-02   1.5156232e+00   1.3086170e-04   6.0885271e-06   1.2716382e-05   2.2689894e-02   2.8262808e-02  -8.3709600e-02   2.4468128e-03   8.2772500e-05   2.7967140e-04   5.1483129e-04   7.9878632e-04   7.0072971e-03   5.9868929e-06   6.8512868e-09   7.8216092e-08
   1.0000000e+00  -1.3400849e-01   1.0204074e-01  -1.2724278e+00   1.0576452e-02  -2.6633376e-03   3.2266989e-03   1.7958275e-02   1.0412313e-02   1.6190725e+00   1.1186134e-04   7.0933672e-06   1.0411586e-05  -5.0416414e-02  -1.8230920e-02  -4.1321300e-02  -8.6302800e-04  -1.9584350e-04  -3.3930470e-04   2.5418148e-03   3.3236644e-04   1.7074498e-03   7.4481733e-07   3.8354676e-08   1.1512768e-07
   1.0000000e+00  -1.4359285e-01   1.3046812e-01  -1.4315704e+00   1.3631856e-02  -7.7514649e-04   3.2519370e-03   2.0618907e-02   1.7021930e-02   2.0493938e+00   1.8582750e-04   6.0085208e-07   1.0575094e-05  -9.5843600e-03   2.8427380e-02  -1.5914260e-01   3.0554040e-03   1.8881911e-03   2.5238100e-05   9.1859957e-05   8.0811593e-04   2.5326367e-02   9.3354936e-06   3.5652657e-06   6.3696169e-10
   1.0000000e+00  -7.6675425e-02   1.1075080e-01  -1.4274591e+00   1.0923143e-02  -1.8207973e-03   3.5998861e-03   5.8791208e-03   1.2265740e-02   2.0376395e+00   1.1931505e-04   3.3153028e-06   1.2959180e-05   6.6917425e-02  -1.9717320e-02   4.1113000e-03  -2.7087130e-03  -1.0456508e-03   3.4794910e-04   4.4779418e-03   3.8877271e-04   1.6902788e-05   7.3371261e-06   1.0933856e-06   1.2106858e-07
   1.0000000e+00  -6.5174276e-02   1.0314142e-01  -1.3201066e+00   1.0794904e-02  -1.2751448e-03   3.7793056e-03   4.2476863e-03   1.0638153e-02   1.7426814e+00   1.1652995e-04   1.6259943e-06   1.4283151e-05   1.1501149e-02  -7.6093800e-03   1.0735250e-01  -1.2823900e-04   5.4565250e-04   1.7941950e-04   1.3227643e-04   5.7902664e-05   1.1524559e-02   1.6445241e-08   2.9773665e-07   3.2191357e-08
   1.0000000e+00  -6.1968828e-02   1.0750633e-01  -1.2732510e+00   1.0106542e-02  -1.3834197e-03   3.8485055e-03   3.8401356e-03   1.1557611e-02   1.6211681e+00   1.0214219e-04   1.9138501e-06   1.4810995e-05   3.2054480e-03   4.3649100e-03   4.6855600e-02  -6.8836200e-04  -1.0827490e-04   6.9199900e-05   1.0274897e-05   1.9052439e-05   2.1954473e-03   4.7384224e-07   1.1723454e-08   4.7886262e-09
   1.0000000e+00  -7.8851072e-02   8.4804302e-02  -1.1807440e+00   9.2463668e-03  -1.8185703e-03   3.7393349e-03   6.2174916e-03   7.1917696e-03   1.3941564e+00   8.5495299e-05   3.3071979e-06   1.3982625e-05  -1.6882244e-02  -2.2702028e-02   9.2507000e-02  -8.6017520e-04  -4.3515060e-04  -1.0917060e-04   2.8501016e-04   5.1538208e-04   8.5575450e-03   7.3990137e-07   1.8935604e-07   1.1918220e-08
   1.0000000e+00  -7.4594534e-02   9.5879098e-02  -1.1834425e+00   1.0145417e-02  -1.8075841e-03   3.6913524e-03   5.5643445e-03   9.1928014e-03   1.4005362e+00   1.0292949e-04   3.2673603e-06   1.3626083e-05   4.2565380e-03   1.1074796e-02  -2.6985000e-03   8.9905020e-04   1.0986200e-05  -4.7982500e-05   1.8118116e-05   1.2265111e-04   7.2819022e-06   8.0829126e-07   1.2069659e-10   2.3023203e-09
   1.0000000e+00  -8.0607622e-02   5.9882036e-02  -1.2105678e+00   1.0068327e-02  -2.1227567e-03   3.6446372e-03   6.4975887e-03   3.5858582e-03   1.4654744e+00   1.0137121e-04   4.5060960e-06   1.3283380e-05  -6.0130880e-03  -3.5997062e-02  -2.7125300e-02  -7.7090000e-05  -3.1517260e-04  -4.6715200e-05   3.6157227e-05   1.2957885e-03   7.3578190e-04   5.9428681e-09   9.9333768e-08   2.1823099e-09
   1.0000000e+00  -6.4725134e-02   7.4615781e-02  -1.1871898e+00   9.7204099e-03  -1.6153562e-03   3.5591195e-03   4.1893430e-03   5.5675148e-03   1.4094196e+00   9.4486369e-05   2.6093757e-06   1.2667332e-05   1.5882488e-02   1.4733745e-02   2.3378000e-02  -3.4791710e-04   5.0740050e-04  -8.5517700e-05   2.5225343e-04   2.1708324e-04   5.4653088e-04   1.2104631e-07   2.5745527e-07   7.3132770e-09
   1.0000000e+00  -8.6046013e-02   5.2302853e-02  -1.2344811e+00   1.0646108e-02  -1.8745229e-03   3.0570359e-03   7.4039164e-03   2.7355884e-03   1.5239436e+00   1.1333962e-04   3.5138361e-06   9.3454685e-06  -2.1320879e-02  -2.2312928e-02  -4.7291300e-02   9.2569810e-04  -2.5916670e-04  -5.0208360e-04   4.5457988e-04   4.9786676e-04   2.2364671e-03   8.5691697e-07   6.7167378e-08   2.5208794e-07
   1.0000000e+00  -3.6040717e-02   6.5907670e-02  -1.1931589e+00   9.9749720e-03  -1.1340624e-03   3.5167854e-03   1.2989333e-03   4.3438210e-03   1.4236282e+00   9.9500066e-05   1.2860975e-06   1.2367780e-05   5.0005296e-02   1.3604817e-02   4.1322200e-02  -6.7113600e-04   7.4046050e-04   4.5974950e-04   2.5005296e-03   1.8509105e-04   1.7075242e-03   4.5042353e-07   5.4828175e-07   2.1136960e-07
   1.0000000e+00  -5.5096641e-02   4.2368798e-02  -1.2759167e+00   1.0844587e-02  -1.8888483e-03   3.3821223e-03   3.0356398e-03   1.7951150e-03   1.6279634e+00   1.1760507e-04   3.5677479e-06   1.1438751e-05  -1.9055924e-02  -2.3538872e-02  -8.2757800e-02   8.6961500e-04  -7.5478590e-04  -1.3466310e-04   3.6312824e-04   5.5407850e-04   6.8488535e-03   7.5623025e-07   5.6970175e-07   1.8134151e-08
   1.0000000e+00  -6.7544586e-02   5.6634746e-02  -1.1978016e+00   9.6509872e-03  -1.5358844e-03   3.2163072e-03   4.5622711e-03   3.2074945e-03   1.4347287e+00   9.3141554e-05   2.3589409e-06   1.0344632e-05  -1.2447945e-02   1.4265948e-02   7.8115100e-02  -1.1935998e-03   3.5296390e-04  -1.6581510e-04   1.5495133e-04   2.0351727e-04   6.1019688e-03   1.4246805e-06   1.2458351e-07   2.7494647e-08
   1.0000000e+00  -7.4017490e-02   4.6251655e-02  -1.2117675e+00   1.0988872e-02  -2.1664769e-03   3.4478603e-03   5.4785888e-03   2.1392156e-03   1.4683805e+00   1.2075531e-04   4.6936222e-06   1.1887741e-05  -6.4729040e-03  -1.0383091e-02  -1.3965900e-02   1.3378848e-03  -6.3059250e-04   2.3155310e-04   4.1898486e-05   1.0780858e-04   1.9504636e-04   1.7899357e-06   3.9764690e-07   5.3616838e-08
   1.0000000e+00  -5.2185410e-02   2.2363638e-02  -1.1417525e+00   8.1104007e-03  -1.9484403e-03   3.6770124e-03   2.7233170e-03   5.0013230e-04   1.3035988e+00   6.5778600e-05   3.7964196e-06   1.3520420e-05   2.1832080e-02  -2.3888017e-02   7.0015000e-02  -2.8784713e-03   2.1803660e-04   2.2915210e-04   4.7663972e-04   5.7063736e-04   4.9021002e-03   8.2855970e-06   4.7539959e-08   5.2510685e-08
   1.0000000e+00  -1.2975722e-02   3.7446697e-02  -1.2122459e+00   1.1050350e-02  -1.4091733e-03   3.0742128e-03   1.6836936e-04   1.4022551e-03   1.4695401e+00   1.2211024e-04   1.9857694e-06   9.4507843e-06   3.9209688e-02   1.5083059e-02  -7.0493400e-02   2.9399493e-03   5.3926700e-04  -6.0279960e-04   1.5373996e-03   2.2749867e-04   4.9693194e-03   8.6433019e-06   2.9080890e-07   3.6336736e-07
   1.0000000e+00  -3.2813378e-02   7.7229092e-02  -1.1006693e+00   6.1790699e-03  -1.0232853e-03   3.5334572e-03   1.0767178e-03   5.9643327e-03   1.2114729e+00   3.8180905e-05   1.0471128e-06   1.2485320e-05  -1.9837656e-02   3.9782395e-02   1.1157660e-01  -4.8712801e-03   3.8588800e-04   4.5924440e-04   3.9353260e-04   1.5826390e-03   1.2449338e-02   2.3729370e-05   1.4890955e-07   2.1090542e-07
   1.0000000e+00  -4.0353269e-03   7.8245966e-02  -1.0401212e+00   3.5060814e-03  -3.2897845e-03   5.2906726e-03   1.6283863e-05   6.1224312e-03   1.0818521e+00   1.2292607e-05   1.0822682e-05   2.7991217e-05   2.8778051e-02   1.0168740e-03   6.0548100e-02  -2.6729885e-03  -2.2664992e-03   1.7572154e-03   8.2817623e-04   1.0340327e-06   3.6660724e-03   7.1448675e-06   5.1370186e-06   3.0878060e-06
   1.0000000e+00  -9.4735514e-03  -1.9238359e-02  -1.1942027e+00   1.0297488e-02  -3.2143242e-03   4.9798456e-03   8.9748176e-05   3.7011446e-04   1.4261201e+00   1.0603826e-04   1.0331880e-05   2.4798862e-05  -5.4382245e-03  -9.7484325e-02  -1.5408150e-01   6.7914066e-03   7.5460300e-05  -3.1082700e-04   2.9574286e-05   9.5031936e-03   2.3741109e-02   4.6123204e-05   5.6942569e-09   9.6613424e-08
   1.0000000e+00  -1.5298573e-02   3.1954754e-02  -1.1070093e+00   7.7455964e-03  -2.6432755e-03   4.5159132e-03   2.3404634e-04   1.0211063e-03   1.2254696e+00   5.9994264e-05   6.9869054e-06   2.0393472e-05  -5.8250216e-03   5.1193113e-02   8.7193400e-02  -2.5518916e-03   5.7104870e-04  -4.6393240e-04   3.3930877e-05   2.6207348e-03   7.6026890e-03   6.5121507e-06   3.2609662e-07   2.1523327e-07
   1.0000000e+00   2.6480720e-02   5.5144969e-03  -1.1565163e+00   9.0337459e-03  -1.9028219e-03   4.3513378e-03   7.0122853e-04   3.0409676e-05   1.3375300e+00   8.1608565e-05   3.6207312e-06   1.8934141e-05   4.1779293e-02  -2.6440257e-02  -4.9507000e-02   1.2881495e-03   7.4045360e-04  -1.6457540e-04   1.7455093e-03   6.9908720e-04   2.4509430e-03   1.6593291e-06   5.4827153e-07   2.7085062e-08
   1.0000000e+00   7.6725965e-02   3.4834002e-02  -1.1086137e+00   7.9677399e-03  -1.2385762e-03   5.2037036e-03   5.8868737e-03   1.2134077e-03   1.2290243e+00   6.3484879e-05   1.5340710e-06   2.7078531e-05   5.0245245e-02   2.9319505e-02   4.7902600e-02  -1.0660060e-03   6.6424570e-04   8.5236580e-04   2.5245846e-03   8.5963338e-04   2.2946591e-03   1.1363688e-06   4.4122235e-07   7.2652746e-07
   1.0000000e+00   1.1518278e-01   6.0776889e-02  -1.6710533e+00   1.0484462e-02   2.2287749e-05   4.7355723e-03   1.3267073e-02   3.6938302e-03   2.7924191e+00   1.0992394e-04   4.9674376e-10   2.2425645e-05   3.8456815e-02   2.5942887e-02  -5.6243960e-01   2.5167221e-03   1.2608639e-03  -4.6813130e-04   1.4789266e-03   6.7303339e-04   3.1633830e-01   6.3338901e-06   1.5897779e-06   2.1914691e-07
   1.0000000e+00   1.1838446e-01   1.6932825e-02  -1.3581530e+00   7.7350823e-03  -1.1777181e-03   5.2320307e-03   1.4014880e-02   2.8672056e-04   1.8445796e+00   5.9831498e-05   1.3870199e-06   2.7374145e-05   3.2016800e-03  -4.3844064e-02   3.1290030e-01  -2.7493797e-03  -1.2000058e-03   4.9645840e-04   1.0250755e-05   1.9223019e-03   9.7906598e-02   7.5590887e-06   1.4400140e-06   2.4647094e-07
   1.0000000e+00   1.0597237e-01   4.8078043e-02  -1.4307614e+00   9.4850217e-03  -6.8689050e-04   4.9727996e-03   1.1230143e-02   2.3114982e-03   2.0470782e+00   8.9965637e-05   4.7181856e-07   2.4728736e-05  -1.2412090e-02   3.1145218e-02  -7.2608400e-02   1.7499394e-03   4.9082760e-04  -2.5923110e-04   1.5405998e-04   9.7002460e-04   5.2719798e-03   3.0622879e-06   2.4091173e-07   6.7200763e-08
   1.0000000e+00   1.1082370e-01  -1.6349013e-02  -1.2367948e+00   7.8048161e-03  -1.0827521e-03   5.0509445e-03   1.2281892e-02   2.6729023e-04   1.5296614e+00   6.0915154e-05   1.1723521e-06   2.5512040e-05   4.8513300e-03  -6.4427056e-02   1.9396660e-01  -1.6802056e-03  -3.9586160e-04   7.8144900e-05   2.3535403e-05   4.1508455e-03   3.7623042e-02   2.8230909e-06   1.5670641e-07   6.1066254e-09
   1.0000000e+00   7.6570545e-02   2.9614814e-02  -1.3420140e+00   8.4366590e-03  -4.1778086e-04   4.7757873e-03   5.8630484e-03   8.7703721e-04   1.8010016e+00   7.1177215e-05   1.7454085e-07   2.2808144e-05  -3.4253155e-02   4.5963827e-02  -1.0521920e-01   6.3184290e-04   6.6497124e-04  -2.7515720e-04   1.1732786e-03   2.1126734e-03   1.1071080e-02   3.9922545e-07   4.4218675e-07   7.5711485e-08
   1.0000000e+00  -1.9332046e-02   3.0386623e-02  -1.5188035e+00   8.6238899e-03  -5.1819960e-04   4.5459593e-03   3.7372800e-04   9.2334686e-04   2.3067641e+00   7.4371477e-05   2.6853083e-07   2.0665746e-05  -9.5902591e-02   7.7180900e-04  -1.7678950e-01   1.8723090e-04  -1.0041874e-04  -2.2982800e-04   9.1973070e-03   5.9568913e-07   3.1254527e-02   3.5055410e-08   1.0083923e-08   5.2820910e-08
   1.0000000e+00  -1.0830828e-02   3.1051177e-02  -1.4229103e+00   8.4144528e-03  -1.6150671e-03   4.2624203e-03   1.1730684e-04   9.6417559e-04   2.0246737e+00   7.0803016e-05   2.6084417e-06   1.8168227e-05   8.5012180e-03   6.6455400e-04   9.5893200e-02  -2.0943710e-04  -1.0968675e-03  -2.8353900e-04   7.2270707e-05   4.4163202e-07   9.1955058e-03   4.3863899e-08   1.2031183e-06   8.0394365e-08
   1.0000000e+00  -4.8407186e-02   1.1376270e-02  -1.3635143e+00   8.5494183e-03  -1.6052643e-03   3.7249248e-03   2.3432557e-03   1.2941952e-04   1.8591712e+00   7.3092553e-05   2.5768735e-06   1.3875065e-05  -3.7576358e-02  -1.9674907e-02   5.9396000e-02   1.3496550e-04   9.8028000e-06  -5.3749550e-04   1.4119827e-03   3.8710197e-04   3.5278848e-03   1.8215686e-08   9.6094888e-11   2.8890141e-07
   1.0000000e+00  -1.8156171e-02  -1.6463501e-03  -1.3228996e+00   8.8179815e-03  -1.1500316e-03   4.1296801e-03   3.2964655e-04   2.7104687e-06   1.7500634e+00   7.7756798e-05   1.3225727e-06   1.7054258e-05   3.0251015e-02  -1.3022620e-02   4.0614700e-02   2.6856320e-04   4.5523270e-04   4.0475530e-04   9.1512391e-04   1.6958863e-04   1.6495539e-03   7.2126192e-08   2.0723681e-07   1.6382685e-07
   1.0000000e+00  -7.0930510e-02   6.6857861e-02  -1.4528641e+00   9.9735049e-03  -1.4582796e-03   4.0325877e-03   5.0311372e-03   4.4699736e-03   2.1108141e+00   9.9470800e-05   2.1265794e-06   1.6261764e-05  -5.2774339e-02   6.8504211e-02  -1.2996450e-01   1.1555234e-03  -3.0824800e-04  -9.7092400e-05   2.7851309e-03   4.6928269e-03   1.6890771e-02   1.3352343e-06   9.5016830e-08   9.4269341e-09
   1.0000000e+00  -8.8371004e-02   7.8614921e-02  -1.4644952e+00   1.1788886e-02  -1.4184333e-03   3.2976440e-03   7.8094343e-03   6.1803058e-03   2.1447462e+00   1.3897783e-04   2.0119530e-06   1.0874456e-05  -1.7440494e-02   1.1757060e-02  -1.1631100e-02   1.8153811e-03   3.9846300e-05  -7.3494370e-04   3.0417083e-04   1.3822846e-04   1.3528249e-04   3.2956085e-06   1.5877276e-09   5.4014224e-07
   1.0000000e+00  -4.5322518e-02   7.8934571e-02  -1.5080744e+00   1.2352981e-02  -1.0974795e-03   3.5729116e-03   2.0541306e-03   6.2306665e-03   2.2742884e+00   1.5259614e-04   1.2044613e-06   1.2765697e-05   4.3048486e-02   3.1965000e-04  -4.3579200e-02   5.6409500e-04   3.2095380e-04   2.7526760e-04   1.8531721e-03   1.0217612e-07   1.8991467e-03   3.1820317e-07   1.0301134e-07   7.5772252e-08
   1.0000000e+00  -5.5138954e-02   5.9246048e-02  -1.4788629e+00   1.1081234e-02  -1.3606513e-03   3.7151429e-03   3.0403042e-03   3.5100942e-03   2.1870355e+00   1.2279375e-04   1.8513720e-06   1.3802287e-05  -9.8164360e-03  -1.9688523e-02   2.9211500e-02  -1.2717470e-03  -2.6317180e-04   1.4223130e-04   9.6362416e-05   3.8763794e-04   8.5331173e-04   1.6173404e-06   6.9259396e-08   2.0229743e-08
   1.0000000e+00  -5.7370660e-02   8.4812969e-02  -1.4850040e+00   1.1724856e-02  -1.1017638e-03   4.0902151e-03   3.2913926e-03   7.1932397e-03   2.2052369e+00   1.3747225e-04   1.2138835e-06   1.6729860e-05  -2.2317060e-03   2.5566921e-02  -6.1411000e-03   6.4362200e-04   2.5888750e-04   3.7507220e-04   4.9805117e-06   6.5366745e-04   3.7713109e-05   4.1424928e-07   6.7022738e-08   1.4067916e-07
   1.0000000e+00  -5.8347725e-02   5.7123816e-02  -1.5216027e+00   1.1699904e-02  -1.4715907e-03   3.3072644e-03   3.4044570e-03   3.2631304e-03   2.3152748e+00   1.3688775e-04   2.1655792e-06   1.0937998e-05  -9.7706500e-04  -2.7689153e-02  -3.6598700e-02  -2.4952000e-05  -3.6982690e-04  -7.8295070e-04   9.5465601e-07   7.6668919e-04   1.3394648e-03   6.2260230e-10   1.3677194e-07   6.1301180e-07
   1.0000000e+00  -1.0912864e-01   7.5246846e-02  -1.5309161e+00   1.0935163e-02  -1.7940746e-03   2.4216813e-03   1.1909060e-02   5.6620878e-03   2.3437041e+00   1.1957779e-04   3.2187037e-06   5.8645403e-06  -5.0780915e-02   1.8123030e-02  -9.3134000e-03  -7.6474100e-04  -3.2248390e-04  -8.8558310e-04   2.5787013e-03   3.2844422e-04   8.6739420e-05   5.8482880e-07   1.0399587e-07   7.8425743e-07
   1.0000000e+00  -7.9345390e-02   9.6964816e-03  -1.3741430e+00   1.1070597e-02  -1.8388150e-03   3.3627787e-03   6.2956909e-03   9.4021755e-05   1.8882690e+00   1.2255812e-04   3.3812406e-06   1.1308281e-05   2.9783250e-02  -6.5550364e-02   1.5677310e-01   1.3543400e-04  -4.4740400e-05   9.4109740e-04   8.8704198e-04   4.2968503e-03   2.4577805e-02   1.8342368e-08   2.0017034e-09   8.8566432e-07
   1.0000000e+00  -7.8923012e-02   1.3699165e-02  -1.4001904e+00   1.0341734e-02  -1.6605457e-03   3.4815992e-03   6.2288418e-03   1.8766712e-04   1.9605332e+00   1.0695146e-04   2.7574120e-06   1.2121533e-05   4.2237800e-04   4.0026834e-03  -2.6047400e-02  -7.2886300e-04   1.7826930e-04   1.1882050e-04   1.7840317e-07   1.6021474e-05   6.7846705e-04   5.3124127e-07   3.1779943e-08   1.4118311e-08
   1.0000000e+00  -7.7790248e-02   7.5222102e-04  -1.3520795e+00   1.1015426e-02  -1.6794600e-03   3.4906047e-03   6.0513227e-03   5.6583646e-07   1.8281190e+00   1.2133961e-04   2.8205859e-06   1.2184321e-05   1.1327640e-03  -1.2946944e-02   4.8110900e-02   6.7369200e-04  -1.8914300e-05   9.0055000e-06   1.2831543e-06   1.6762336e-04   2.3146587e-03   4.5386091e-07   3.5775074e-10   8.1099030e-11
   1.0000000e+00  -6.6574440e-02  -2.7001899e-02  -1.3824964e+00   9.9373230e-03  -1.4026531e-03   3.8825217e-03   4.4321561e-03   7.2910255e-04   1.9112963e+00   9.8750388e-05   1.9674357e-06   1.5073975e-05   1.1215808e-02  -2.7754120e-02  -3.0416900e-02  -1.0781030e-03   2.7680690e-04   3.9191700e-04   1.2579435e-04   7.7029118e-04   9.2518781e-04   1.1623061e-06   7.6622060e-08   1.5359893e-07
   1.0000000e+00  -7.7585619e-02  -2.3271788e-02  -1.3220141e+00   9.7268370e-03  -1.4416652e-03   3.5383339e-03   6.0195283e-03   5.4157612e-04   1.7477213e+00   9.4611358e-05   2.0783985e-06   1.2519807e-05  -1.1011179e-02   3.7301110e-03   6.0482300e-02  -2.1048600e-04  -3.9012100e-05  -3.4418780e-04   1.2124606e-04   1.3913728e-05   3.6581086e-03   4.4304356e-08   1.5219439e-09   1.1846524e-07
   1.0000000e+00  -1.0199872e-01  -1.3539787e-02  -1.4795837e+00   1.0512994e-02  -2.2058722e-03   3.2897062e-03   1.0403739e-02   1.8332583e-04   2.1891679e+00   1.1052304e-04   4.8658722e-06   1.0822167e-05  -2.4413101e-02   9.7320010e-03  -1.5756960e-01   7.8615700e-04  -7.6420700e-04  -2.4862770e-04   5.9599950e-04   9.4711843e-05   2.4828179e-02   6.1804283e-07   5.8401234e-07   6.1815733e-08
   1.0000000e+00  -7.0353130e-02   5.6702173e-02  -1.3939485e+00   9.6579856e-03  -2.3337097e-03   3.8452655e-03   4.9495629e-03   3.2151364e-03   1.9430924e+00   9.3276686e-05   5.4462010e-06   1.4786067e-05   3.1645590e-02   7.0241960e-02   8.5635200e-02  -8.5500840e-04  -1.2783750e-04   5.5555930e-04   1.0014434e-03   4.9339329e-03   7.3333875e-03   7.3103936e-07   1.6342426e-08   3.0864614e-07
   1.0000000e+00   1.3195705e-01  -1.1711791e-01  -9.0701340e-01   9.2435881e-04  -1.0170795e-03   5.2669853e-03   1.7412663e-02   1.3716605e-02   8.2267331e-01   8.5443921e-07   1.0344507e-06   2.7741134e-05   2.0231018e-01  -1.7382008e-01   4.8693510e-01  -8.7336268e-03   1.3166302e-03   1.4217198e-03   4.0929409e-02   3.0213421e-02   2.3710579e-01   7.6276237e-05   1.7335151e-06   2.0212872e-06
   1.0000000e+00   9.3349769e-02  -6.1090882e-02  -1.1364697e+00   2.6197912e-03  -1.7215442e-03   6.0329832e-03   8.7141794e-03   3.7320959e-03   1.2915634e+00   6.8633059e-06   2.9637144e-06   3.6396886e-05  -3.8607281e-02   5.6027028e-02  -2.2945630e-01   1.6954324e-03  -7.0446470e-04   7.6599790e-04   1.4905221e-03   3.1390279e-03   5.2650194e-02   2.8744910e-06   4.9627051e-07   5.8675278e-07
   1.0000000e+00   3.6048680e-02  -3.3505254e-02  -1.1343471e+00   5.6774930e-03  -2.9503275e-03   5.6414963e-03   1.2995073e-03   1.1226020e-03   1.2867433e+00   3.2233927e-05   8.7044324e-06   3.1826481e-05  -5.7301089e-02   2.7585628e-02   2.1226000e-03   3.0577018e-03  -1.2287833e-03  -3.9148690e-04   3.2834148e-03   7.6096687e-04   4.5054308e-06   9.3495403e-06   1.5099084e-06   1.5326199e-07
   1.0000000e+00   1.0781194e-01  -1.0192703e-02  -1.1246591e+00   4.0582208e-03  -2.0935128e-03   5.6184037e-03   1.1623414e-02   1.0389119e-04   1.2648581e+00   1.6469156e-05   4.3827958e-06   3.1566460e-05   7.1763260e-02   2.3312551e-02   9.6880000e-03  -1.6192722e-03   8.5681470e-04  -2.3092600e-05   5.1499655e-03   5.4347503e-04   9.3857344e-05   2.6220425e-06   7.3413143e-07   5.3326817e-10
   1.0000000e+00   8.1255419e-02   1.9999046e-02  -1.1896563e+00   4.9142484e-03  -7.6283063e-04   5.3665947e-03   6.6024431e-03   3.9996184e-04   1.4152821e+00   2.4149837e-05   5.8191057e-07   2.8800339e-05  -2.6556521e-02   3.0191749e-02  -6.4997200e-02   8.5602760e-04   1.3306822e-03  -2.5180900e-04   7.0524881e-04   9.1154171e-04   4.2246360e-03   7.3278325e-07   1.7707150e-06   6.3407772e-08
   1.0000000e+00   9.2066873e-02  -3.4873730e-02  -1.1478554e+00   3.2692210e-03  -2.0238347e-03   6.2354703e-03   8.4763091e-03   1.2161770e-03   1.3175720e+00   1.0687806e-05   4.0959069e-06   3.8881090e-05   1.0811454e-02  -5.4872776e-02   4.1800900e-02  -1.6450274e-03  -1.2610041e-03   8.6887560e-04   1.1688754e-04   3.0110215e-03   1.7473152e-03   2.7061151e-06   1.5901313e-06   7.5494481e-07
   1.0000000e+00   2.2268507e-01  -1.6705041e-03  -1.2187179e+00   4.8639812e-03  -5.5269039e-04   8.1033388e-03   4.9588640e-02   2.7905839e-06   1.4852733e+00   2.3658313e-05   3.0546667e-07   6.5664100e-05   1.3061820e-01   3.3203226e-02  -7.0862500e-02   1.5947602e-03   1.4711443e-03   1.8678685e-03   1.7061113e-02   1.1024542e-03   5.0214939e-03   2.5432601e-06   2.1642656e-06   3.4889327e-06
   1.0000000e+00   2.0579891e-01  -2.7516759e-02  -1.1457514e+00   3.8572985e-03  -5.3198898e-04   7.9949846e-03   4.2353191e-02   7.5717203e-04   1.3127463e+00   1.4878752e-05   2.8301227e-07   6.3919779e-05  -1.6886160e-02  -2.5846255e-02   7.2966500e-02  -1.0066827e-03   2.0701410e-05  -1.0835420e-04   2.8514240e-04   6.6802889e-04   5.3241101e-03   1.0134101e-06   4.2854838e-10   1.1740633e-08
   1.0000000e+00   1.4131243e-01   6.7516901e-03  -1.1746400e+00   4.9199077e-03  -1.2811147e-03   7.3621823e-03   1.9969203e-02   4.5585319e-05   1.3797791e+00   2.4205492e-05   1.6412549e-06   5.4201728e-05  -6.4486480e-02   3.4268449e-02  -2.8888600e-02   1.0626092e-03  -7.4912572e-04  -6.3280230e-04   4.1585061e-03   1.1743266e-03   8.3455121e-04   1.1291383e-06   5.6118934e-07   4.0043875e-07
   1.0000000e+00   4.6323459e-01  -2.0230426e-01  -6.9616115e-01  -1.1719659e-03   2.3499734e-03   1.0543856e-02   2.1458629e-01   4.0927014e-02   4.8464035e-01   1.3735041e-06   5.5223750e-06   1.1117290e-04   3.2192216e-01  -2.0905595e-01   4.7847885e-01  -6.0918736e-03   3.6310881e-03   3.1816737e-03   1.0363388e-01   4.3704390e-02   2.2894201e-01   3.7110924e-05   1.3184801e-05   1.0123048e-05
   1.0000000e+00   4.4857428e-01  -2.5162968e-01  -5.0899314e-01  -4.7475567e-03   1.2071140e-04   1.0743077e-02   2.0121888e-01   6.3317496e-02   2.5907402e-01   2.2539295e-05   1.4571242e-08   1.1541370e-04  -1.4660310e-02  -4.9325420e-02   1.8716801e-01  -3.5755908e-03  -2.2292620e-03   1.9922100e-04   2.1492469e-04   2.4329971e-03   3.5031864e-02   1.2784850e-05   4.9696091e-06   3.9689007e-08
   1.0000000e+00   3.1084812e-01  -1.0118620e-01  -7.5753531e-01  -8.0965147e-04  -1.7843989e-03   1.0220858e-02   9.6626554e-02   1.0238647e-02   5.7385975e-01   6.5553550e-07   3.1840794e-06   1.0446594e-04  -1.3772616e-01   1.5044348e-01  -2.4854217e-01   3.9379052e-03  -1.9051103e-03  -5.2221900e-04   1.8968495e-02   2.2633241e-02   6.1773210e-02   1.5507098e-05   3.6294453e-06   2.7271268e-07
   1.0000000e+00   3.5053114e-01  -9.9165691e-02  -5.2584504e-01  -1.6080341e-03  -1.4084474e-03   1.0616910e-02   1.2287208e-01   9.8338343e-03   2.7651301e-01   2.5857737e-06   1.9837241e-06   1.1271878e-04   3.9683020e-02   2.0205090e-03   2.3169027e-01  -7.9838263e-04   3.7595150e-04   3.9605200e-04   1.5747421e-03   4.0824566e-06   5.3680381e-02   6.3741482e-07   1.4133953e-07   1.5685719e-07
   1.0000000e+00   2.3626132e-01  -1.3729746e-01  -3.9763168e-01  -4.4927522e-04  -3.1689518e-03   9.3828848e-03   5.5819411e-02   1.8850593e-02   1.5811095e-01   2.0184822e-07   1.0042256e-05   8.8038527e-05  -1.1426982e-01  -3.8131769e-02   1.2821336e-01   1.1587589e-03  -1.7605044e-03  -1.2340252e-03   1.3057592e-02   1.4540318e-03   1.6438666e-02   1.3427221e-06   3.0993757e-06   1.5228182e-06
   1.0000000e+00   2.6621159e-01  -1.4980976e-01  -4.1027119e-01  -2.4561744e-03  -2.4225421e-03   9.8596499e-03   7.0868611e-02   2.2442964e-02   1.6832245e-01   6.0327927e-06   5.8687102e-06   9.7212696e-05   2.9950270e-02  -1.2512300e-02  -1.2639510e-02  -2.0068992e-03   7.4640970e-04   4.7676510e-04   8.9701867e-04   1.5655765e-04   1.5975721e-04   4.0276443e-06   5.5712744e-07   2.2730496e-07
   1.0000000e+00   1.0906646e-01  -8.6273154e-02  -8.3315517e-01   1.5186862e-03  -3.4626636e-03   8.5579341e-03   1.1895493e-02   7.4430571e-03   6.9414754e-01   2.3064078e-06   1.1990039e-05   7.3238236e-05  -1.5714513e-01   6.3536606e-02  -4.2288398e-01   3.9748606e-03  -1.0401215e-03  -1.3017158e-03   2.4694592e-02   4.0369003e-03   1.7883086e-01   1.5799517e-05   1.0818527e-06   1.6944640e-06
   1.0000000e+00   9.8879775e-02  -1.0370476e-01  -1.1570475e+00   2.8810273e-03  -2.7286747e-03   8.5774895e-03   9.7772099e-03   1.0754677e-02   1.3387589e+00   8.3003183e-06   7.4456656e-06   7.3573326e-05  -1.0186685e-02  -1.7431606e-02  -3.2389233e-01   1.3623411e-03   7.3398890e-04   1.9555400e-05   1.0376855e-04   3.0386089e-04   1.0490624e-01   1.8559733e-06   5.3873971e-07   3.8241367e-10
   1.0000000e+00   1.0637629e-01  -6.6182406e-02  -9.9059494e-01   2.6903426e-03  -2.3428266e-03   8.2297810e-03   1.1315915e-02   4.3801109e-03   9.8127834e-01   7.2379433e-06   5.4888365e-06   6.7729295e-05   7.4965150e-03   3.7522354e-02   1.6645256e-01  -1.9068470e-04   3.8584810e-04  -3.4770850e-04   5.6197737e-05   1.4079270e-03   2.7706455e-02   3.6360655e-08   1.4887876e-07   1.2090120e-07
   1.0000000e+00   1.3334932e-01  -7.8094893e-02  -8.9005638e-01   2.0562403e-03  -2.6792868e-03   8.5476624e-03   1.7782041e-02   6.0988123e-03   7.9220036e-01   4.2281242e-06   7.1785778e-06   7.3062533e-05   2.6973030e-02  -1.1912487e-02   1.0053856e-01  -6.3410230e-04  -3.3646020e-04   3.1788140e-04   7.2754435e-04   1.4190735e-04   1.0108002e-02   4.0208573e-07   1.1320547e-07   1.0104858e-07
   1.0000000e+00   1.1442199e-01  -9.3378374e-02  -8.9675256e-01   1.7773182e-03  -2.2496481e-03   8.5426990e-03   1.3092392e-02   8.7195207e-03   8.0416515e-01   3.1588600e-06   5.0609166e-06   7.2977706e-05  -1.8927330e-02  -1.5283481e-02  -6.6961800e-03  -2.7892210e-04   4.2963870e-04  -4.9634000e-06   3.5824382e-04   2.3358479e-04   4.4838827e-05   7.7797538e-08   1.8458941e-07   2.4635340e-11
   1.0000000e+00   1.1367594e-01  -8.8978849e-02  -9.0986214e-01   2.0521690e-03  -2.5360944e-03   8.4056379e-03   1.2922219e-02   7.9172356e-03   8.2784911e-01   4.2113976e-06   6.4317748e-06   7.0654749e-05  -7.4605000e-04   4.3995250e-03  -1.3109580e-02   2.7485080e-04  -2.8644630e-04  -1.3706110e-04   5.5659060e-07   1.9355820e-05   1.7186109e-04   7.5542962e-08   8.2051483e-08   1.8785745e-08
   1.0000000e+00   1.2733676e-01  -1.1335308e-01  -8.7691187e-01   1.4196404e-03  -2.3504632e-03   8.5572285e-03   1.6214650e-02   1.2848921e-02   7.6897443e-01   2.0153789e-06   5.5246773e-06   7.3226160e-05   1.3660820e-02  -2.4374231e-02   3.2950270e-02  -6.3252860e-04   1.8563120e-04   1.5159060e-04   1.8661800e-04   5.9410314e-04   1.0857203e-03   4.0009243e-07   3.4458942e-08   2.2979710e-08
   1.0000000e+00   1.6027453e-01  -9.0139726e-02  -8.7688197e-01   1.7585595e-03  -2.4675229e-03   8.7017074e-03   2.5687925e-02   8.1251702e-03   7.6892199e-01   3.0925315e-06   6.0886693e-06   7.5719712e-05   3.2937770e-02   2.3213354e-02   2.9900000e-05   3.3891910e-04  -1.1705970e-04   1.4447890e-04   1.0848967e-03   5.3885980e-04   8.9401000e-10   1.1486616e-07   1.3702973e-08   2.0874153e-08
   1.0000000e+00   1.7764644e-01  -1.5775733e-01  -8.3727412e-01   9.3408657e-04  -2.4105599e-03   9.1981427e-03   3.1558258e-02   2.4887375e-02   7.0102795e-01   8.7251772e-07   5.8107990e-06   8.4605829e-05   1.7371910e-02  -6.7617604e-02   3.9607850e-02  -8.2447293e-04   5.6963000e-05   4.9643530e-04   3.0178326e-04   4.5721404e-03   1.5687818e-03   6.7975561e-07   3.2447834e-09   2.4644801e-07
   1.0000000e+00   1.5465188e-01  -9.3368789e-02  -8.7759717e-01   1.5161993e-03  -2.3850104e-03   8.9815949e-03   2.3917204e-02   8.7177308e-03   7.7017679e-01   2.2988603e-06   5.6882746e-06   8.0669047e-05  -2.2994560e-02   6.4388541e-02  -4.0323050e-02   5.8211273e-04   2.5549500e-05  -2.1654780e-04   5.2874979e-04   4.1458842e-03   1.6259484e-03   3.3885523e-07   6.5277695e-10   4.6892950e-08
   1.0000000e+00   1.6111458e-01  -1.3521257e-01  -8.7453600e-01   1.8844475e-03  -2.4685759e-03   9.0460625e-03   2.5957908e-02   1.8282439e-02   7.6481322e-01   3.5511424e-06   6.0938670e-06   8.1831247e-05   6.4627000e-03  -4.1843781e-02   3.0611700e-03   3.6824820e-04  -8.3565500e-05   6.4467600e-05   4.1766491e-05   1.7509020e-03   9.3707618e-06   1.3560674e-07   6.9831928e-09   4.1560714e-09
   1.0000000e+00   1.5814117e-01  -1.0557835e-01  -8.9270403e-01   1.6433022e-03  -2.9367425e-03   9.0574743e-03   2.5008630e-02   1.1146788e-02   7.9692049e-01   2.7004421e-06   8.6244565e-06   8.2037841e-05  -2.9734100e-03   2.9634220e-02  -1.8168030e-02  -2.4114530e-04  -4.6816660e-04   1.1411800e-05   8.8411670e-06   8.7818700e-04   3.3007731e-04   5.8151056e-08   2.1917997e-07   1.3022918e-10
   1.0000000e+00   1.4857696e-01  -1.2345792e-01  -8.6529292e-01   2.1432333e-03  -3.0991103e-03   8.7201600e-03   2.2075113e-02   1.5241858e-02   7.4873184e-01   4.5934490e-06   9.6044847e-06   7.6041190e-05  -9.5642100e-03  -1.7879570e-02   2.7411110e-02   4.9993110e-04  -1.6236780e-04  -3.3731430e-04   9.1474113e-05   3.1967902e-04   7.5136895e-04   2.4993110e-07   2.6363302e-08   1.1378094e-07
   1.0000000e+00   1.1426445e-01  -1.1933582e-01  -9.3091054e-01   1.9527544e-03  -3.6726444e-03   7.9209236e-03   1.3056365e-02   1.4241038e-02   8.6659443e-01   3.8132497e-06   1.3488317e-05   6.2741031e-05  -3.4312510e-02   4.1221000e-03  -6.5617620e-02  -1.9047890e-04  -5.7353410e-04  -7.9923640e-04   1.1773483e-03   1.6991708e-05   4.3056721e-03   3.6282211e-08   3.2894136e-07   6.3877882e-07
   1.0000000e+00   9.1228613e-02  -8.6778708e-02  -9.8040491e-01   2.9254838e-03  -3.3534105e-03   7.3881249e-03   8.3226598e-03   7.5305442e-03   9.6119379e-01   8.5584555e-06   1.1245362e-05   5.4584390e-05  -2.3035837e-02   3.2557112e-02  -4.9494370e-02   9.7272940e-04   3.1923390e-04  -5.3279870e-04   5.3064979e-04   1.0599655e-03   2.4496927e-03   9.4620249e-07   1.0191028e-07   2.8387445e-07
   1.0000000e+00   9.3316006e-02  -1.2389389e-01  -9.6988964e-01   2.6891677e-03  -3.6424082e-03   7.9248939e-03   8.7078770e-03   1.5349696e-02   9.4068591e-01   7.2316229e-06   1.3267137e-05   6.2803943e-05   2.0873930e-03  -3.7115182e-02   1.0515270e-02  -2.3631610e-04  -2.8899770e-04   5.3676900e-04   4.3572095e-06   1.3775367e-03   1.1057090e-04   5.5845299e-08   8.3519671e-08   2.8812096e-07
   1.0000000e+00   1.4225267e-01  -1.2634828e-01  -9.2593664e-01   1.5956936e-03  -2.8790761e-03   8.2065891e-03   2.0235822e-02   1.5963888e-02   8.5735866e-01   2.5462381e-06   8.2890792e-06   6.7348105e-05   4.8936664e-02  -2.4543900e-03   4.3953000e-02  -1.0934741e-03   7.6333210e-04   2.8169520e-04   2.3947971e-03   6.0240303e-06   1.9318662e-03   1.1956856e-06   5.8267589e-07   7.9352186e-08
   1.0000000e+00   8.0825855e-02  -1.2799364e-01  -1.0106756e+00   5.0485636e-03  -4.2959556e-03   7.4153317e-03   6.5328188e-03   1.6382372e-02   1.0214652e+00   2.5487994e-05   1.8455235e-05   5.4987144e-05  -6.1426815e-02  -1.6453600e-03  -8.4738960e-02   3.4528700e-03  -1.4168795e-03  -7.9125740e-04   3.7732536e-03   2.7072095e-06   7.1806913e-03   1.1922311e-05   2.0075475e-06   6.2608827e-07
   1.0000000e+00   8.4584967e-02  -6.2943998e-02  -1.2495018e+00   8.8925361e-03  -4.0387467e-03   6.6955768e-03   7.1546166e-03   3.9619469e-03   1.5612547e+00   7.9077198e-05   1.6311475e-05   4.4830749e-05   3.7591120e-03   6.5049642e-02  -2.3882620e-01   3.8439725e-03   2.5720890e-04  -7.1975490e-04   1.4130923e-05   4.2314559e-03   5.7037954e-02   1.4776125e-05   6.6156418e-08   5.1804712e-07
   1.0000000e+00   1.5733151e-01  -1.0982649e-01  -7.9267174e-01   2.5951641e-03  -2.3831889e-03   8.0351299e-03   2.4753204e-02   1.2061858e-02   6.2832849e-01   6.7348767e-06   5.6795893e-06   6.4563313e-05   7.2746543e-02  -4.6882492e-02   4.5683006e-01  -6.2973720e-03   1.6555578e-03   1.3395531e-03   5.2920595e-03   2.1979681e-03   2.0869370e-01   3.9656894e-05   2.7408716e-06   1.7944025e-06
   1.0000000e+00   2.3967999e-01  -3.6584284e-02  -9.8472239e-01   3.8384901e-03  -6.7973433e-04   8.9802097e-03   5.7446498e-02   1.3384098e-03   9.6967819e-01   1.4734006e-05   4.6203876e-07   8.0644166e-05   8.2348480e-02   7.3242206e-02  -1.9205065e-01   1.2433260e-03   1.7034546e-03   9.4507980e-04   6.7812722e-03   5.3644207e-03   3.6883452e-02   1.5458595e-06   2.9017575e-06   8.9317583e-07
   1.0000000e+00   1.6758168e-01  -1.4700391e-01  -8.5864415e-01   1.6708787e-03  -2.8860922e-03   8.7312816e-03   2.8083619e-02   2.1610150e-02   7.3726978e-01   2.7918356e-06   8.3295282e-06   7.6235278e-05  -7.2098310e-02  -1.1041963e-01   1.2607824e-01  -2.1676114e-03  -2.2063579e-03  -2.4892810e-04   5.1981663e-03   1.2192494e-02   1.5895723e-02   4.6985392e-06   4.8680151e-06   6.1965199e-08
   1.0000000e+00   1.1625280e-01  -5.9474170e-02  -9.0089412e-01   4.3970950e-03  -2.5834729e-03   8.4992169e-03   1.3514714e-02   3.5371769e-03   8.1161022e-01   1.9334444e-05   6.6743322e-06   7.2236688e-05  -5.1328880e-02   8.7529740e-02  -4.2249970e-02   2.7262163e-03   3.0261930e-04  -2.3206470e-04   2.6346539e-03   7.6614554e-03   1.7850600e-03   7.4322553e-06   9.1578441e-08   5.3854025e-08
   1.0000000e+00   2.5881635e-01  -9.5248160e-02  -7.6599795e-01   4.6388067e-04  -2.1924362e-03   8.3162450e-03   6.6985903e-02   9.0722120e-03   5.8675286e-01   2.1518528e-07   4.8067765e-06   6.9159931e-05   1.4256355e-01  -3.5773990e-02   1.3489617e-01  -3.9332143e-03   3.9103670e-04  -1.8297190e-04   2.0324366e-02   1.2797784e-03   1.8196977e-02   1.5470175e-05   1.5290970e-07   3.3478716e-08
   1.0000000e+00   6.9970657e-01  -1.0800223e-01  -7.6878149e-01  -5.6211758e-03   6.4006900e-04   1.2719972e-02   4.8958928e-01   1.1664482e-02   5.9102498e-01   3.1597617e-05   4.0968832e-07   1.6179769e-04   4.4089022e-01  -1.2754070e-02  -2.7835400e-03  -6.0850565e-03   2.8325052e-03   4.4037270e-03   1.9438419e-01   1.6266630e-04   7.7480949e-06   3.7027912e-05   8.0230857e-06   1.9392811e-05
   1.0000000e+00   5.6538929e-01  -1.6099140e-01  -1.1986934e+00   3.0080823e-03   1.7650910e-03   1.1407605e-02   3.1966505e-01   2.5918231e-02   1.4368659e+00   9.0485591e-06   3.1155462e-06   1.3013345e-04  -1.3431728e-01  -5.2989170e-02  -4.2991191e-01   8.6292581e-03   1.1250220e-03  -1.3123670e-03   1.8041132e-02   2.8078521e-03   1.8482425e-01   7.4464095e-05   1.2656745e-06   1.7223071e-06
   1.0000000e+00   4.9310168e-01  -1.3354914e-01  -1.1408322e+00   1.5828557e-03   8.9044139e-04   1.1308975e-02   2.4314927e-01   1.7835373e-02   1.3014981e+00   2.5054322e-06   7.9288587e-07   1.2789292e-04  -7.2287610e-02   2.7442260e-02   5.7861200e-02  -1.4252266e-03  -8.7464961e-04  -9.8630000e-05   5.2254986e-03   7.5307763e-04   3.3479185e-03   2.0312709e-06   7.6501194e-07   9.7278769e-09
   1.0000000e+00   5.1456746e-01  -1.8710690e-01  -9.3138034e-01   1.7447600e-03   6.7580326e-04   1.1545711e-02   2.6477967e-01   3.5008992e-02   8.6746934e-01   3.0441875e-06   4.5671005e-07   1.3330344e-04   2.1465780e-02  -5.3557760e-02   2.0945186e-01   1.6190430e-04  -2.1463813e-04   2.3673600e-04   4.6077971e-04   2.8684337e-03   4.3870082e-02   2.6213002e-08   4.6069527e-08   5.6043934e-08
   1.0000000e+00   6.9258880e-01  -2.0876931e-01  -6.7283936e-01  -1.0661563e-03   2.1068507e-03   1.3792909e-02   4.7967925e-01   4.3584625e-02   4.5271280e-01   1.1366893e-06   4.4388199e-06   1.9024434e-04   1.7802134e-01  -2.1662410e-02   2.5854098e-01  -2.8109163e-03   1.4310474e-03   2.2471980e-03   3.1691597e-02   4.6926001e-04   6.6843438e-02   7.9012504e-06   2.0478968e-06   5.0498989e-06
   1.0000000e+00   4.2652166e-01  -1.6637936e-01  -1.0968905e+00   2.4494935e-03   1.5341643e-03   1.1596076e-02   1.8192073e-01   2.7682091e-02   1.2031688e+00   6.0000184e-06   2.3536601e-06   1.3446898e-04  -2.6606714e-01   4.2389950e-02  -4.2405114e-01   3.5156498e-03  -5.7268640e-04  -2.1968330e-03   7.0791723e-02   1.7969079e-03   1.7981937e-01   1.2359794e-05   3.2796971e-07   4.8260752e-06
   1.0000000e+00   3.6393180e-01  -1.8425625e-01  -1.0075885e+00   1.4681467e-03   1.7565214e-05   9.4433831e-03   1.3244636e-01   3.3950366e-02   1.0152346e+00   2.1554547e-06   3.0853674e-10   8.9177484e-05  -6.2589860e-02  -1.7876890e-02   8.9302000e-02  -9.8134680e-04  -1.5165991e-03  -2.1526929e-03   3.9174906e-03   3.1958320e-04   7.9748472e-03   9.6304154e-07   2.3000728e-06   4.6340867e-06
   1.0000000e+00   4.0800288e-01  -1.6021219e-01  -9.4914073e-01   2.9311680e-03   8.8584516e-04   9.9353530e-03   1.6646635e-01   2.5667946e-02   9.0086813e-01   8.5917458e-06   7.8472165e-07   9.8711239e-05   4.4071080e-02   2.4044060e-02   5.8447770e-02   1.4630213e-03   8.6827995e-04   4.9196990e-04   1.9422601e-03   5.7811682e-04   3.4161418e-03   2.1404313e-06   7.5391006e-07   2.4203438e-07
   1.0000000e+00   4.8684476e-01  -1.8722300e-01  -9.3469666e-01   1.2524051e-03   1.3383240e-03   1.1530520e-02   2.3701782e-01   3.5052452e-02   8.7365785e-01   1.5685185e-06   1.7911111e-06   1.3295289e-04   7.8841880e-02  -2.7010810e-02   1.4444070e-02  -1.6787629e-03   4.5247884e-04   1.5951670e-03   6.2160420e-03   7.2958386e-04   2.0863116e-04   2.8182449e-06   2.0473710e-07   2.5445578e-06
   1.0000000e+00   4.4805222e-01  -1.3062183e-01  -1.0633474e+00   3.0844985e-03   1.2635613e-03   1.0498861e-02   2.0075079e-01   1.7062062e-02   1.1307077e+00   9.5141310e-06   1.5965872e-06   1.1022608e-04  -3.8792540e-02   5.6601170e-02  -1.2865074e-01   1.8320934e-03  -7.4762700e-05  -1.0316590e-03   1.5048612e-03   3.2036924e-03   1.6551013e-02   3.3565662e-06   5.5894613e-09   1.0643203e-06
   1.0000000e+00   3.9220597e-01  -1.3683336e-01  -1.0435641e+00   2.3921122e-03  -5.8114475e-05   1.0647529e-02   1.5382552e-01   1.8723368e-02   1.0890260e+00   5.7222008e-06   3.3772922e-09   1.1336987e-04  -5.5846250e-02  -6.2115300e-03   1.9783300e-02  -6.9238630e-04  -1.3216758e-03   1.4866800e-04   3.1188036e-03   3.8583105e-05   3.9137896e-04   4.7939879e-07   1.7468269e-06   2.2102174e-08
   1.0000000e+00   3.5874070e-01  -1.1850655e-01  -1.0444662e+00   3.1737387e-03   1.4846035e-04   1.0371852e-02   1.2869489e-01   1.4043802e-02   1.0909096e+00   1.0072617e-05   2.2040476e-08   1.0757531e-04  -3.3465270e-02   1.8326810e-02  -9.0210000e-04   7.8162650e-04   2.0657483e-04  -2.7567700e-04   1.1199243e-03   3.3587196e-04   8.1378441e-07   6.1093999e-07   4.2673158e-08   7.5997808e-08
   1.0000000e+00   3.5974783e-01  -1.3278137e-01  -1.1014409e+00   3.0223341e-03  -2.0472189e-04   1.0078764e-02   1.2941850e-01   1.7630892e-02   1.2131721e+00   9.1345034e-06   4.1911052e-08   1.0158148e-04   1.0071300e-03  -1.4274820e-02  -5.6974700e-02  -1.5140460e-04  -3.5318224e-04  -2.9308800e-04   1.0143108e-06   2.0377049e-04   3.2461164e-03   2.2923353e-08   1.2473769e-07   8.5900576e-08
   1.0000000e+00   3.9978004e-01  -1.8190714e-01  -9.7114353e-01   1.8395702e-03   9.9197619e-05   1.0751318e-02   1.5982408e-01   3.3090208e-02   9.4311976e-01   3.3840185e-06   9.8401676e-09   1.1559084e-04   4.0032210e-02  -4.9125770e-02   1.3029737e-01  -1.1827639e-03   3.0391951e-04   6.7255400e-04   1.6025778e-03   2.4133413e-03   1.6977405e-02   1.3989304e-06   9.2367068e-08   4.5232888e-07
   1.0000000e+00   3.7972584e-01  -1.8053474e-01  -1.0796511e+00   1.5441414e-03  -2.7970128e-04   1.0640235e-02   1.4419171e-01   3.2592792e-02   1.1656465e+00   2.3843727e-06   7.8232806e-08   1.1321460e-04  -2.0054200e-02   1.3724000e-03  -1.0850757e-01  -2.9542880e-04  -3.7889890e-04  -1.1108300e-04   4.0217094e-04   1.8834818e-06   1.1773893e-02   8.7278176e-08   1.4356438e-07   1.2339433e-08
   1.0000000e+00   4.0085784e-01  -1.4348430e-01  -1.0449407e+00   8.0980314e-04   1.0064817e-03   1.0910789e-02   1.6068701e-01   2.0587744e-02   1.0919011e+00   6.5578113e-07   1.0130054e-06   1.1904532e-04   2.1132000e-02   3.7050440e-02   3.4710400e-02  -7.3433826e-04   1.2861830e-03   2.7055400e-04   4.4656142e-04   1.3727351e-03   1.2048119e-03   5.3925268e-07   1.6542667e-06   7.3199467e-08
   1.0000000e+00   3.9779506e-01  -1.8161908e-01  -1.0013231e+00   2.4989086e-03   3.1726890e-04   1.0981509e-02   1.5824091e-01   3.2985490e-02   1.0026480e+00   6.2445442e-06   1.0065955e-07   1.2059354e-04  -3.0627800e-03  -3.8134780e-02   4.3617600e-02   1.6891055e-03  -6.8921280e-04   7.0720000e-05   9.3806213e-06   1.4542614e-03   1.9024950e-03   2.8530773e-06   4.7501428e-07   5.0013184e-09
   1.0000000e+00   4.3705495e-01  -1.9981017e-01  -9.8487043e-01   1.4642842e-03   6.4531317e-04   1.1784624e-02   1.9101703e-01   3.9924104e-02   9.6996976e-01   2.1441282e-06   4.1642909e-07   1.3887736e-04   3.9259890e-02  -1.8191090e-02   1.6452670e-02  -1.0346244e-03   3.2804427e-04   8.0311500e-04   1.5413390e-03   3.3091576e-04   2.7069035e-04   1.0704476e-06   1.0761304e-07   6.4499370e-07
   1.0000000e+00   4.1772773e-01  -1.6291121e-01  -1.0334486e+00   2.3975576e-03   3.1955283e-04   1.1406978e-02   1.7449646e-01   2.6540062e-02   1.0680160e+00   5.7482824e-06   1.0211401e-07   1.3011915e-04  -1.9327220e-02   3.6898960e-02  -4.8578170e-02   9.3327340e-04  -3.2576034e-04  -3.7764600e-04   3.7354143e-04   1.3615332e-03   2.3598386e-03   8.7099924e-07   1.0611980e-07   1.4261650e-07
   1.0000000e+00   4.3461900e-01  -1.8851801e-01  -1.0039138e+00   1.7703310e-03   5.4623914e-04   1.1729526e-02   1.8889368e-01   3.5539040e-02   1.0078429e+00   3.1340718e-06   2.9837720e-07   1.3758178e-04   1.6891270e-02  -2.5606800e-02   2.9534800e-02  -6.2722660e-04   2.2668631e-04   3.2254800e-04   2.8531500e-04   6.5570821e-04   8.7230441e-04   3.9341321e-07   5.1386683e-08   1.0403721e-07
   1.0000000e+00   4.2431997e-01  -1.7136057e-01  -9.8566168e-01   1.8541461e-03   7.3203870e-04   1.1643979e-02   1.8004744e-01   2.9364445e-02   9.7152895e-01   3.4378578e-06   5.3588066e-07   1.3558225e-04  -1.0299030e-02   1.7157440e-02   1.8252120e-02   8.3815100e-05   1.8579956e-04  -8.5547000e-05   1.0607002e-04   2.9437775e-04   3.3313988e-04   7.0249710e-09   3.4521476e-08   7.3182892e-09
   1.0000000e+00   4.4813367e-01  -2.0787246e-01  -9.9131016e-01   1.6101061e-03   7.4523564e-04   1.1782178e-02   2.0082379e-01   4.3210960e-02   9.8269583e-01   2.5924417e-06   5.5537616e-07   1.3881972e-04   2.3813700e-02  -3.6511890e-02  -5.6484800e-03  -2.4404000e-04   1.3196940e-05   1.3819900e-04   5.6709231e-04   1.3331181e-03   3.1905326e-05   5.9555522e-08   1.7415923e-10   1.9098964e-08
   1.0000000e+00   4.8195519e-01  -1.8479042e-01  -9.8217921e-01   1.1626440e-03   1.1612891e-03   1.2120373e-02   2.3228081e-01   3.4147499e-02   9.6467600e-01   1.3517411e-06   1.3485924e-06   1.4690344e-04   3.3821520e-02   2.3082040e-02   9.1309500e-03  -4.4746210e-04   4.1605346e-04   3.3819500e-04   1.1438952e-03   5.3278057e-04   8.3374248e-05   2.0022233e-07   1.7310048e-07   1.1437586e-07
   1.0000000e+00   4.4512510e-01  -2.1352107e-01  -9.9093311e-01   1.9524381e-03   4.6923433e-04   1.2049730e-02   1.9813635e-01   4.5591247e-02   9.8194843e-01   3.8120145e-06   2.2018086e-07   1.4519599e-04  -3.6830090e-02  -2.8730650e-02  -8.7539000e-03   7.8979410e-04  -6.9205477e-04  -7.0643000e-05   1.3564555e-03   8.2545025e-04   7.6630765e-05   6.2377472e-07   4.7893980e-07   4.9904334e-09
   1.0000000e+00   4.6053194e-01  -2.0509779e-01  -9.5911394e-01   8.7268516e-04   7.0408523e-04   1.2157832e-02   2.1208967e-01   4.2065103e-02   9.1989955e-01   7.6157939e-07   4.9573601e-07   1.4781288e-04   1.5406840e-02   8.4232800e-03   3.1819170e-02  -1.0797529e-03   2.3485090e-04   1.0810200e-04   2.3737072e-04   7.0951646e-05   1.0124596e-03   1.1658664e-06   5.5154945e-08   1.1686042e-08
   1.0000000e+00   4.5080630e-01  -2.0863978e-01  -9.3148064e-01   1.7324673e-03   9.2160838e-04   1.2092449e-02   2.0322632e-01   4.3530558e-02   8.6765618e-01   3.0014429e-06   8.4936201e-07   1.4622732e-04  -9.7256400e-03  -3.5419900e-03   2.7633300e-02   8.5978214e-04   2.1752315e-04  -6.5383000e-05   9.4588073e-05   1.2545693e-05   7.6359927e-04   7.3922533e-07   4.7316321e-08   4.2749367e-09
   1.0000000e+00   4.5224612e-01  -2.2700587e-01  -9.8172465e-01   9.8733397e-04   6.3530019e-04   1.1943686e-02   2.0452655e-01   5.1531665e-02   9.6378329e-01   9.7482837e-07   4.0360633e-07   1.4265164e-04   1.4398200e-03  -1.8366090e-02  -5.0244010e-02  -7.4513333e-04  -2.8630819e-04  -1.4876300e-04   2.0730816e-06   3.3731326e-04   2.5244605e-03   5.5522368e-07   8.1972380e-08   2.2130430e-08
   1.0000000e+00   4.4690694e-01  -1.9601152e-01  -9.9565329e-01   2.1742000e-03   1.2182654e-03   1.1936982e-02   1.9972581e-01   3.8420516e-02   9.9132547e-01   4.7271456e-06   1.4841706e-06   1.4249154e-04  -5.3391800e-03   3.0994350e-02  -1.3928640e-02   1.1868660e-03   5.8296521e-04  -6.7040000e-06   2.8506843e-05   9.6064973e-04   1.9400701e-04   1.4086510e-06   3.3984844e-07   4.4943616e-11
   1.0000000e+00   4.3905646e-01  -2.3109887e-01  -1.0002329e+00   1.4573859e-03   4.8169674e-04   1.1694187e-02   1.9277058e-01   5.3406688e-02   1.0004659e+00   2.1239737e-06   2.3203175e-07   1.3675401e-04  -7.8504800e-03  -3.5087350e-02  -4.5796100e-03  -7.1681410e-04  -7.3656866e-04  -2.4279500e-04   6.1630036e-05   1.2311221e-03   2.0972828e-05   5.1382245e-07   5.4253339e-07   5.8949412e-08
   1.0000000e+00   4.2444649e-01  -1.9600482e-01  -1.0369324e+00   2.8933637e-03   1.5343728e-03   1.1111384e-02   1.8015482e-01   3.8417889e-02   1.0752288e+00   8.3715535e-06   2.3542999e-06   1.2346285e-04  -1.4609970e-02   3.5094050e-02  -3.6699500e-02   1.4359778e-03   1.0526761e-03  -5.8280300e-04   2.1345122e-04   1.2315923e-03   1.3468533e-03   2.0620322e-06   1.1081269e-06   3.3965934e-07
   1.0000000e+00   4.3277998e-01  -2.1198411e-01  -9.2369603e-01   7.4873458e-04   6.1378273e-04   1.1004288e-02   1.8729851e-01   4.4937263e-02   8.5321436e-01   5.6060347e-07   3.7672924e-07   1.2109435e-04   8.3334900e-03  -1.5979290e-02   1.1323637e-01  -2.1446291e-03  -9.2059007e-04  -1.0709600e-04   6.9447056e-05   2.5533771e-04   1.2822475e-02   4.5994341e-06   8.4748608e-07   1.1469553e-08
   1.0000000e+00   4.5502874e-01  -2.2565450e-01  -9.5116271e-01   1.3127775e-03   8.0416885e-04   1.1601016e-02   2.0705115e-01   5.0919953e-02   9.0471050e-01   1.7233848e-06   6.4668754e-07   1.3458357e-04   2.2248760e-02  -1.3670390e-02  -2.7466680e-02   5.6404292e-04   1.9038612e-04   5.9672800e-04   4.9500732e-04   1.8687956e-04   7.5441851e-04   3.1814442e-07   3.6246875e-08   3.5608431e-07
   1.0000000e+00   4.9772323e-01  -1.8545483e-01  -1.0156396e+00  -3.3631104e-03   1.0034344e-03   1.1803828e-02   2.4772841e-01   3.4393494e-02   1.0315238e+00   1.1310512e-05   1.0068806e-06   1.3933036e-04   4.2694490e-02   4.0199670e-02  -6.4476890e-02  -4.6758879e-03   1.9926555e-04   2.0281200e-04   1.8228195e-03   1.6160135e-03   4.1572693e-03   2.1863928e-05   3.9706759e-08   4.1132707e-08
   1.0000000e+00   4.0463654e-01  -1.1263864e-01  -9.5534476e-01  -1.2276840e-02  -1.4539751e-03   1.1303715e-02   1.6373073e-01   1.2687463e-02   9.1268361e-01   1.5072080e-04   2.1140436e-06   1.2777397e-04  -9.3086690e-02   7.2816190e-02   6.0294840e-02  -8.9137296e-03  -2.4574095e-03  -5.0011300e-04   8.6651319e-03   5.3021975e-03   3.6354677e-03   7.9454575e-05   6.0388615e-06   2.5011301e-07
   1.0000000e+00   3.3908077e-01  -2.2289924e-01  -9.4818004e-01  -3.5870996e-03  -1.8192239e-03   1.0280874e-02   1.1497577e-01   4.9684071e-02   8.9904539e-01   1.2867284e-05   3.3095756e-06   1.0569637e-04  -6.5555770e-02  -1.1026060e-01   7.1647200e-03   8.6897404e-03  -3.6524880e-04  -1.0228410e-03   4.2975590e-03   1.2157400e-02   5.1333213e-05   7.5511588e-05   1.3340669e-07   1.0462037e-06
   1.0000000e+00   3.9372327e-01  -2.7439351e-01  -9.0641564e-01  -7.0761748e-03  -3.7866212e-04   1.1212294e-02   1.5501801e-01   7.5291798e-02   8.2158931e-01   5.0072250e-05   1.4338500e-07   1.2571554e-04   5.4642500e-02  -5.1494270e-02   4.1764400e-02  -3.4890752e-03   1.4405618e-03   9.3142000e-04   2.9858028e-03   2.6516598e-03   1.7442651e-03   1.2173646e-05   2.0752182e-06   8.6754322e-07
   1.0000000e+00   3.8896768e-01  -2.2082909e-01  -9.2234141e-01  -3.4911588e-03  -1.1584030e-03   1.1058738e-02   1.5129586e-01   4.8765487e-02   8.5071368e-01   1.2188190e-05   1.3418975e-06   1.2229569e-04  -4.7555900e-03   5.3564420e-02  -1.5925770e-02   3.5850160e-03  -7.7974088e-04  -1.5355600e-04   2.2615636e-05   2.8691471e-03   2.5363015e-04   1.2852340e-05   6.0799584e-07   2.3579445e-08
   1.0000000e+00   3.1287987e-01  -2.1539736e-01  -1.2553902e+00  -3.3789888e-03  -1.2361296e-03   8.8128243e-03   9.7893813e-02   4.6396023e-02   1.5760046e+00   1.1417565e-05   1.5280164e-06   7.7665872e-05  -7.6087810e-02   5.4317300e-03  -3.3304879e-01   1.1217000e-04  -7.7726600e-05  -2.2459137e-03   5.7893548e-03   2.9503691e-05   1.1092150e-01   1.2582109e-08   6.0414243e-09   5.0441283e-06
   1.0000000e+00   3.4890353e-01  -1.9222879e-01  -1.1627491e+00  -4.0064575e-03   9.9533472e-05   9.8374066e-03   1.2173367e-01   3.6951908e-02   1.3519855e+00   1.6051702e-05   9.9069120e-09   9.6774569e-05   3.6023660e-02   2.3168570e-02   9.2641100e-02  -6.2746870e-04   1.3356631e-03   1.0245823e-03   1.2977041e-03   5.3678264e-04   8.5823734e-03   3.9371697e-07   1.7839958e-06   1.0497689e-06
   1.0000000e+00   3.6247710e-01  -2.5695892e-01  -9.6222172e-01  -3.3059416e-03  -3.9823826e-04   1.0265205e-02   1.3138965e-01   6.6027887e-02   9.2587064e-01   1.0929250e-05   1.5859371e-07   1.0537443e-04   1.3573570e-02  -6.4730130e-02   2.0052738e-01   7.0051590e-04  -4.9777173e-04   4.2779840e-04   1.8424180e-04   4.1899897e-03   4.0211230e-02   4.9072253e-07   2.4777670e-07   1.8301147e-07
   1.0000000e+00   3.2684518e-01  -2.2926315e-01  -9.7040411e-01  -3.0308643e-03  -6.0138906e-04   9.9343806e-03   1.0682777e-01   5.2561592e-02   9.4168414e-01   9.1861384e-06   3.6166880e-07   9.8691918e-05  -3.5631920e-02   2.7695770e-02  -8.1823900e-03   2.7507730e-04  -2.0315080e-04  -3.3082440e-04   1.2696337e-03   7.6705568e-04   6.6951506e-05   7.5667521e-08   4.1270248e-08   1.0944478e-07
   1.0000000e+00   3.6288333e-01  -2.8758532e-01  -9.8411386e-01  -3.9708440e-03  -3.9441142e-04   1.0405734e-02   1.3168431e-01   8.2705316e-02   9.6848009e-01   1.5767602e-05   1.5556037e-07   1.0827930e-04   3.6038150e-02  -5.8322170e-02  -1.3709750e-02  -9.3997970e-04   2.0697764e-04   4.7135340e-04   1.2987483e-03   3.4014755e-03   1.8795725e-04   8.8356184e-07   4.2839743e-08   2.2217403e-07
   1.0000000e+00   3.1456341e-01  -2.8055262e-01  -9.5281114e-01  -3.8156427e-03  -1.2326749e-03   9.8748076e-03   9.8950139e-02   7.8709773e-02   9.0784907e-01   1.4559129e-05   1.5194874e-06   9.7511825e-05  -4.8319920e-02   7.0327000e-03   3.1302720e-02   1.5520130e-04  -8.3826348e-04  -5.3092640e-04   2.3348147e-03   4.9458869e-05   9.7986028e-04   2.4087444e-08   7.0268566e-07   2.8188284e-07
   1.0000000e+00   3.7177435e-01  -2.6628795e-01  -1.0674266e+00  -3.8599529e-03   1.0402442e-03   1.0712974e-02   1.3821617e-01   7.0909272e-02   1.1393995e+00   1.4899236e-05   1.0821080e-06   1.1476781e-04   5.7210940e-02   1.4264670e-02  -1.1461546e-01  -4.4310200e-05   2.2729191e-03   8.3816640e-04   3.2730917e-03   2.0348081e-04   1.3136704e-02   1.9633938e-09   5.1661612e-06   7.0252291e-07
   1.0000000e+00  -2.1911415e-01  -2.2688296e-01  -1.0717715e+00  -2.2404220e-03  -1.1749302e-02   5.6393169e-03   4.8011011e-02   5.1475878e-02   1.1486941e+00   5.0194907e-06   1.3804610e-04   3.1801895e-05  -5.9088850e-01   3.9404990e-02  -4.3449000e-03   1.6195309e-03  -1.2789546e-02  -5.0736571e-03   3.4914922e-01   1.5527532e-03   1.8878156e-05   2.6228803e-06   1.6357249e-04   2.5741996e-05
   1.0000000e+00  -4.3109581e-01  -2.2805086e-01  -1.1202480e+00  -2.7971534e-04  -1.7440551e-02   2.4550329e-03   1.8584360e-01   5.2007195e-02   1.2549556e+00   7.8240671e-08   3.0417282e-04   6.0271865e-06  -2.1198166e-01  -1.1679000e-03  -4.8476500e-02   1.9607067e-03  -5.6912490e-03  -3.1842840e-03   4.4936224e-02   1.3639904e-06   2.3499711e-03   3.8443706e-06   3.2390315e-05   1.0139665e-05
   1.0000000e+00  -3.0159188e-01  -2.0875393e-01  -1.0757514e+00  -1.0188739e-03  -1.2480286e-02   3.7290227e-03   9.0957662e-02   4.3578203e-02   1.1572411e+00   1.0381040e-06   1.5575754e-04   1.3905610e-05   1.2950393e-01   1.9296930e-02   4.4496600e-02  -7.3915856e-04   4.9602650e-03   1.2739898e-03   1.6771268e-02   3.7237151e-04   1.9799474e-03   5.4635538e-07   2.4604229e-05   1.6230500e-06
   1.0000000e+00  -3.1932982e-01  -1.7397147e-01  -1.3708017e+00  -1.1946498e-03  -1.2828328e-02   3.9379110e-03   1.0197153e-01   3.0266072e-02   1.8790973e+00   1.4271881e-06   1.6456600e-04   1.5507143e-05  -1.7737940e-02   3.4782460e-02  -2.9505030e-01  -1.7577590e-04  -3.4804200e-04   2.0888830e-04   3.1463452e-04   1.2098195e-03   8.7054680e-02   3.0897167e-08   1.2113323e-07   4.3634322e-08
